0,0,4,0,13
0,1,4,0,15
0,2,4,0,5
0,3,1,4,23
0,4,1,0,23
0,5,1,0,22
0,6,1,0,19
0,7,1,0,21
0,8,1,0,22
0,9,1,0,22
0,10,1,0,15
0,11,1,0,3
0,12,1,0,2
0,13,1,0,19
0,14,1,0,6
0,15,1,0,10
0,16,1,0,14
0,17,1,0,15
0,18,1,0,6
0,19,1,0,11
0,20,1,0,2
0,21,1,0,1
0,22,1,0,12
0,23,1,0,23
0,24,1,0,15
0,25,1,0,2
0,26,1,0,8
0,27,1,0,22
0,28,1,0,15
0,29,1,0,13
0,30,1,0,21
0,31,1,0,5
0,32,1,0,1
0,33,1,0,0
0,34,1,0,8
0,35,1,0,4
0,36,1,0,2
0,37,1,0,16
0,38,1,0,15
0,39,1,0,11
0,40,1,0,19
0,41,1,0,24
0,42,1,0,3
0,43,1,0,10
0,44,1,0,24
0,45,1,0,11
0,46,1,0,6
0,47,1,0,20
0,48,1,0,16
0,49,1,0,4
0,50,1,0,24
0,51,1,0,8
0,52,1,0,8
0,53,1,0,24
0,54,1,0,20
0,55,1,0,22
0,56,1,0,9
0,57,1,0,9
0,58,1,0,14
0,59,1,0,17
0,60,1,0,4
0,61,1,0,24
0,62,1,0,5
0,63,1,0,11
0,64,1,0,15
0,65,1,0,12
0,66,1,0,6
0,67,1,0,1
0,68,1,0,11
0,69,1,0,3
0,70,1,0,19
0,71,1,4,18
0,72,4,0,1
0,73,4,0,3
0,74,4,0,3
0,75,4,0,22
0,76,4,0,6
0,77,4,0,2
0,78,4,0,13
0,79,4,0,0
1,0,4,0,19
1,1,4,0,19
1,2,4,0,22
1,3,1,4,24
1,4,1,0,24
1,5,1,0,10
1,6,1,0,2
1,7,1,0,14
1,8,1,0,21
1,9,1,0,14
1,10,1,0,18
1,11,1,0,21
1,12,1,0,4
1,13,1,0,7
1,14,1,0,5
1,15,1,0,10
1,16,1,0,0
1,17,1,0,12
1,18,1,0,21
1,19,1,0,17
1,20,1,0,8
1,21,1,0,12
1,22,1,0,22
1,23,1,0,2
1,24,1,0,9
1,25,1,0,20
1,26,1,0,21
1,27,1,0,7
1,28,1,0,18
1,29,1,0,18
1,30,1,0,18
1,31,1,0,1
1,32,1,0,6
1,33,1,0,5
1,34,1,0,4
1,35,1,0,0
1,36,1,0,3
1,37,1,0,18
1,38,1,0,3
1,39,1,0,1
1,40,1,0,17
1,41,1,0,19
1,42,1,0,1
1,43,1,0,16
1,44,1,0,15
1,45,1,0,12
1,46,1,0,19
1,47,1,0,11
1,48,1,0,4
1,49,1,0,1
1,50,1,0,12
1,51,1,0,6
1,52,1,0,3
1,53,1,0,15
1,54,1,0,0
1,55,1,0,21
1,56,1,0,11
1,57,1,0,1
1,58,1,0,1
1,59,1,0,10
1,60,1,0,5
1,61,1,0,16
1,62,1,0,18
1,63,1,0,15
1,64,1,0,10
1,65,1,0,12
1,66,1,0,8
1,67,1,0,4
1,68,1,0,1
1,69,1,0,13
1,70,1,4,0
1,71,4,0,12
1,72,4,0,8
1,73,4,0,0
1,74,4,0,1
1,75,4,0,8
1,76,4,0,16
1,77,4,0,4
1,78,4,0,17
2,0,4,0,1
2,1,4,0,24
2,2,1,4,6
2,3,1,0,18
2,4,1,0,12
2,5,1,0,1
2,6,1,0,20
2,7,1,0,6
2,8,1,0,10
2,9,1,0,12
2,10,1,0,10
2,11,1,0,9
2,12,1,0,5
2,13,1,0,6
2,14,1,0,6
2,15,1,0,2
2,16,1,0,22
2,17,1,0,22
2,18,1,0,1
2,19,1,0,8
2,20,1,0,24
2,21,1,0,22
2,22,1,0,15
2,23,1,0,9
2,24,1,0,20
2,25,1,0,4
2,26,1,0,8
2,27,1,0,10
2,28,1,0,18
2,29,1,0,10
2,30,1,0,16
2,31,1,0,3
2,32,1,0,0
2,33,1,0,14
2,34,1,0,9
2,35,1,0,15
2,36,1,0,16
2,37,1,0,10
2,38,1,0,2
2,39,1,0,18
2,40,1,0,20
2,41,1,0,8
2,42,1,0,10
2,43,1,0,2
2,44,1,0,7
2,45,1,0,1
2,46,1,0,16
2,47,1,0,24
2,48,1,0,0
2,49,1,0,24
2,50,1,0,12
2,51,1,0,20
2,52,1,0,19
2,53,1,0,12
2,54,1,0,0
2,55,1,0,17
2,56,1,0,0
2,57,1,0,18
2,58,1,0,20
2,59,1,0,24
2,60,1,0,7
2,61,1,0,19
2,62,1,0,2
2,63,1,0,15
2,64,1,0,22
2,65,1,0,3
2,66,1,0,10
2,67,1,0,6
2,68,1,0,11
2,69,1,0,24
2,70,1,4,3
2,71,4,0,18
2,72,4,0,18
2,73,4,0,8
2,74,4,0,21
2,75,4,0,1
2,76,4,0,22
2,77,4,0,19
2,78,4,0,7
3,0,4,0,12
3,1,4,0,7
3,2,1,4,7
3,3,1,0,0
3,4,1,0,1
3,5,1,0,4
3,6,1,0,22
3,7,1,0,5
3,8,1,0,20
3,9,1,0,8
3,10,1,0,6
3,11,1,0,3
3,12,1,0,21
3,13,1,0,15
3,14,1,0,17
3,15,1,0,13
3,16,1,0,21
3,17,1,0,20
3,18,1,0,23
3,19,1,0,23
3,20,1,0,6
3,21,1,0,16
3,22,1,0,24
3,23,1,0,9
3,24,1,0,2
3,25,1,0,7
3,26,1,0,9
3,27,1,0,20
3,28,1,0,14
3,29,1,0,10
3,30,1,0,11
3,31,1,0,20
3,32,1,0,14
3,33,1,0,18
3,34,1,0,22
3,35,1,0,10
3,36,1,0,15
3,37,1,0,9
3,38,1,0,23
3,39,1,0,8
3,40,1,0,15
3,41,1,0,21
3,42,1,0,19
3,43,1,0,16
3,44,1,0,0
3,45,1,0,21
3,46,1,0,10
3,47,1,0,24
3,48,1,0,2
3,49,1,0,17
3,50,1,0,21
3,51,1,0,8
3,52,1,0,17
3,53,1,0,11
3,54,1,0,22
3,55,1,0,13
3,56,1,0,24
3,57,1,0,22
3,58,1,0,0
3,59,1,0,4
3,60,1,0,21
3,61,1,0,17
3,62,1,0,23
3,63,1,0,12
3,64,1,0,20
3,65,1,0,18
3,66,1,0,13
3,67,1,0,14
3,68,1,0,0
3,69,1,0,15
3,70,1,4,18
3,71,4,0,10
3,72,4,0,2
3,73,4,0,8
3,74,4,0,4
3,75,4,0,21
3,76,4,0,15
3,77,4,0,1
3,78,4,0,19
4,0,4,0,1
4,1,4,0,18
4,2,1,4,7
4,3,1,0,12
4,4,1,0,4
4,5,1,0,14
4,6,1,0,1
4,7,1,0,23
4,8,1,0,6
4,9,1,0,13
4,10,1,0,1
4,11,1,0,8
4,12,1,0,2
4,13,1,0,14
4,14,1,0,11
4,15,1,0,1
4,16,1,0,12
4,17,1,0,21
4,18,1,0,12
4,19,1,0,7
4,20,1,0,21
4,21,1,0,23
4,22,1,0,15
4,23,1,0,0
4,24,1,0,17
4,25,1,0,10
4,26,1,0,3
4,27,1,0,12
4,28,1,0,20
4,29,1,0,0
4,30,1,0,16
4,31,1,0,13
4,32,1,0,17
4,33,1,0,20
4,34,1,0,1
4,35,1,0,0
4,36,1,0,13
4,37,1,0,2
4,38,1,0,8
4,39,1,0,4
4,40,1,0,14
4,41,1,0,10
4,42,1,0,17
4,43,1,0,22
4,44,1,0,14
4,45,1,0,8
4,46,1,0,24
4,47,1,0,4
4,48,1,0,8
4,49,1,0,24
4,50,1,0,8
4,51,1,0,23
4,52,1,0,17
4,53,1,0,22
4,54,1,0,17
4,55,1,0,2
4,56,1,0,7
4,57,1,0,3
4,58,1,0,10
4,59,1,0,8
4,60,1,4,20
4,61,1,0,3
4,62,1,0,10
4,63,1,0,16
4,64,1,0,16
4,65,1,0,17
4,66,1,0,23
4,67,1,0,3
4,68,1,0,10
4,69,1,4,0
4,70,4,0,2
4,71,4,0,15
4,72,4,0,8
4,73,4,0,19
4,74,4,0,0
4,75,4,0,11
4,76,4,0,0
4,77,4,0,10
4,78,4,0,8
5,0,4,0,15
5,1,4,0,17
5,2,1,4,24
5,3,1,0,9
5,4,1,0,2
5,5,1,0,23
5,6,1,0,6
5,7,1,0,15
5,8,1,0,3
5,9,1,0,2
5,10,1,0,24
5,11,1,0,5
5,12,1,0,14
5,13,1,0,18
5,14,1,0,19
5,15,1,0,16
5,16,1,0,24
5,17,1,0,18
5,18,1,0,7
5,19,1,0,17
5,20,1,0,2
5,21,1,0,13
5,22,1,0,3
5,23,1,0,3
5,24,1,0,9
5,25,1,0,18
5,26,1,0,14
5,27,1,0,13
5,28,1,0,16
5,29,1,0,14
5,30,1,0,20
5,31,1,0,19
5,32,1,0,4
5,33,1,0,16
5,34,1,0,24
5,35,1,0,1
5,36,1,0,24
5,37,1,0,22
5,38,1,0,9
5,39,1,0,1
5,40,1,0,21
5,41,1,0,9
5,42,1,0,1
5,43,1,0,10
5,44,1,0,13
5,45,1,0,2
5,46,1,0,12
5,47,1,0,1
5,48,1,0,2
5,49,1,0,20
5,50,1,0,11
5,51,1,0,6
5,52,1,0,11
5,53,1,0,14
5,54,1,0,11
5,55,1,0,12
5,56,1,0,5
5,57,1,0,0
5,58,1,0,12
5,59,1,4,5
5,60,1,4,7
5,61,1,4,20
5,62,1,0,24
5,63,1,0,20
5,64,1,0,15
5,65,1,0,15
5,66,1,0,15
5,67,1,0,20
5,68,1,0,10
5,69,1,4,18
5,70,4,0,4
5,71,4,0,12
5,72,4,0,17
5,73,4,0,13
5,74,4,0,17
5,75,4,0,18
5,76,1,4,16
5,77,1,4,16
5,78,4,0,5
6,0,4,0,24
6,1,1,4,6
6,2,1,0,10
6,3,1,0,8
6,4,1,0,0
6,5,1,0,0
6,6,1,0,2
6,7,1,0,19
6,8,1,0,6
6,9,1,0,3
6,10,1,0,15
6,11,1,0,12
6,12,1,0,11
6,13,1,0,9
6,14,1,0,21
6,15,1,0,2
6,16,1,0,16
6,17,1,0,15
6,18,1,0,20
6,19,1,0,7
6,20,1,0,5
6,21,1,0,21
6,22,1,0,3
6,23,1,0,1
6,24,1,0,17
6,25,1,0,1
6,26,1,0,1
6,27,1,0,5
6,28,1,0,17
6,29,1,0,16
6,30,1,0,13
6,31,1,0,20
6,32,1,0,6
6,33,1,0,18
6,34,1,0,14
6,35,1,0,11
6,36,1,0,2
6,37,1,0,11
6,38,1,0,23
6,39,1,0,22
6,40,1,0,21
6,41,1,0,20
6,42,1,0,22
6,43,1,0,20
6,44,1,0,8
6,45,1,0,9
6,46,1,0,8
6,47,1,0,24
6,48,1,0,23
6,49,1,0,15
6,50,1,0,19
6,51,1,0,10
6,52,1,0,4
6,53,1,0,8
6,54,1,0,2
6,55,1,0,1
6,56,1,0,1
6,57,1,0,16
6,58,1,4,0
6,59,4,0,13
6,60,1,4,8
6,61,1,4,7
6,62,1,4,20
6,63,1,0,1
6,64,1,0,17
6,65,1,0,19
6,66,1,0,9
6,67,1,0,21
6,68,1,4,0
6,69,4,0,4
6,70,4,0,8
6,71,4,0,18
6,72,4,0,11
6,73,4,0,14
6,74,4,0,19
6,75,1,4,6
6,76,1,4,4
6,77,1,4,2
6,78,4,0,4
7,0,4,0,3
7,1,1,4,23
7,2,1,0,1
7,3,1,0,6
7,4,1,0,13
7,5,1,0,4
7,6,1,0,8
7,7,1,0,16
7,8,1,0,2
7,9,1,0,20
7,10,1,0,5
7,11,1,0,16
7,12,1,0,4
7,13,1,0,17
7,14,1,0,0
7,15,1,0,8
7,16,1,0,14
7,17,1,0,18
7,18,1,0,6
7,19,1,0,17
7,20,1,0,10
7,21,1,0,8
7,22,1,0,6
7,23,1,0,0
7,24,1,0,5
7,25,1,0,24
7,26,1,0,10
7,27,1,0,1
7,28,1,0,10
7,29,1,0,14
7,30,1,0,12
7,31,1,0,23
7,32,1,0,17
7,33,1,0,14
7,34,1,0,8
7,35,1,0,0
7,36,1,0,20
7,37,1,0,19
7,38,1,0,9
7,39,1,0,4
7,40,1,0,11
7,41,1,0,15
7,42,1,0,24
7,43,1,0,20
7,44,1,0,3
7,45,1,0,20
7,46,1,0,10
7,47,1,0,16
7,48,1,0,18
7,49,1,0,20
7,50,1,0,15
7,51,1,0,15
7,52,1,0,2
7,53,1,0,16
7,54,1,0,10
7,55,1,0,16
7,56,1,0,3
7,57,1,0,23
7,58,1,4,18
7,59,4,0,11
7,60,4,0,9
7,61,1,4,8
7,62,1,4,23
7,63,1,4,20
7,64,1,0,23
7,65,1,0,15
7,66,1,0,14
7,67,1,0,19
7,68,1,4,3
7,69,4,0,9
7,70,4,0,17
7,71,4,0,20
7,72,4,0,11
7,73,4,0,18
7,74,4,0,4
7,75,1,4,24
7,76,1,0,15
7,77,1,4,1
7,78,4,0,19
8,0,4,0,0
8,1,1,4,7
8,2,1,0,19
8,3,1,0,3
8,4,1,0,11
8,5,1,0,15
8,6,1,0,7
8,7,1,0,5
8,8,1,0,8
8,9,1,0,11
8,10,1,0,10
8,11,1,0,10
8,12,1,0,17
8,13,1,0,14
8,14,1,0,21
8,15,1,0,10
8,16,1,0,1
8,17,1,0,21
8,18,1,0,2
8,19,1,0,5
8,20,1,0,6
8,21,1,0,20
8,22,1,0,19
8,23,1,0,11
8,24,1,0,21
8,25,1,0,4
8,26,1,0,16
8,27,1,0,9
8,28,1,0,11
8,29,1,0,1
8,30,1,0,19
8,31,1,0,2
8,32,1,0,17
8,33,1,0,10
8,34,1,0,17
8,35,1,0,17
8,36,1,0,1
8,37,1,0,1
8,38,1,0,9
8,39,1,0,7
8,40,1,0,3
8,41,1,0,21
8,42,1,0,15
8,43,1,0,2
8,44,1,0,0
8,45,1,0,6
8,46,1,0,1
8,47,1,0,3
8,48,1,0,22
8,49,1,0,20
8,50,1,0,22
8,51,1,0,24
8,52,1,0,18
8,53,1,0,3
8,54,1,0,19
8,55,1,0,6
8,56,1,0,6
8,57,1,4,0
8,58,4,0,2
8,59,4,0,1
8,60,4,0,24
8,61,4,0,18
8,62,1,4,8
8,63,1,4,21
8,64,1,4,20
8,65,1,0,9
8,66,1,0,2
8,67,1,0,12
8,68,1,4,18
8,69,4,0,11
8,70,4,0,16
8,71,4,0,15
8,72,4,0,4
8,73,4,0,3
8,74,1,4,6
8,75,1,0,4
8,76,1,0,24
8,77,1,4,1
8,78,4,0,0
9,0,4,0,5
9,1,1,4,22
9,2,1,0,4
9,3,1,0,12
9,4,1,0,9
9,5,1,0,7
9,6,1,0,18
9,7,1,0,20
9,8,1,0,1
9,9,1,0,18
9,10,1,0,11
9,11,1,0,10
9,12,1,0,13
9,13,1,0,7
9,14,1,0,12
9,15,1,0,7
9,16,1,0,22
9,17,1,0,11
9,18,1,0,12
9,19,1,0,10
9,20,1,0,12
9,21,1,0,2
9,22,1,0,1
9,23,1,0,5
9,24,1,0,5
9,25,1,0,16
9,26,1,0,21
9,27,1,0,17
9,28,1,0,7
9,29,1,0,20
9,30,1,0,6
9,31,1,0,12
9,32,1,0,12
9,33,1,0,4
9,34,1,0,11
9,35,1,0,10
9,36,1,0,19
9,37,1,0,13
9,38,1,0,17
9,39,1,0,0
9,40,1,0,5
9,41,1,0,18
9,42,1,0,14
9,43,1,0,12
9,44,1,0,7
9,45,1,0,6
9,46,1,0,2
9,47,1,0,14
9,48,1,0,21
9,49,1,0,4
9,50,1,0,8
9,51,1,0,22
9,52,1,0,1
9,53,1,0,14
9,54,1,0,7
9,55,1,0,2
9,56,1,0,5
9,57,1,4,1
9,58,4,0,11
9,59,4,0,12
9,60,4,0,15
9,61,4,0,22
9,62,4,0,11
9,63,1,4,8
9,64,1,4,7
9,65,1,0,18
9,66,1,0,12
9,67,1,4,0
9,68,4,0,18
9,69,4,0,2
9,70,4,0,10
9,71,4,0,14
9,72,4,0,23
9,73,4,0,19
9,74,1,4,24
9,75,1,0,6
9,76,1,0,19
9,77,1,4,18
9,78,4,0,11
10,0,4,0,21
10,1,1,4,23
10,2,1,0,20
10,3,1,0,12
10,4,1,0,16
10,5,1,0,24
10,6,1,0,19
10,7,1,0,21
10,8,1,0,19
10,9,1,0,15
10,10,1,0,11
10,11,1,0,18
10,12,1,0,17
10,13,1,0,4
10,14,1,0,1
10,15,1,0,5
10,16,1,0,20
10,17,1,0,15
10,18,1,0,11
10,19,1,0,4
10,20,1,0,24
10,21,1,0,8
10,22,1,0,17
10,23,1,0,10
10,24,1,0,1
10,25,1,0,5
10,26,1,0,23
10,27,1,0,1
10,28,1,0,3
10,29,1,0,13
10,30,1,0,11
10,31,1,0,9
10,32,1,0,13
10,33,1,0,10
10,34,1,0,10
10,35,1,0,9
10,36,1,0,17
10,37,1,0,22
10,38,1,0,20
10,39,1,0,24
10,40,1,0,7
10,41,1,0,21
10,42,1,0,21
10,43,1,0,8
10,44,1,0,7
10,45,1,0,23
10,46,1,0,11
10,47,1,0,13
10,48,1,0,10
10,49,1,0,11
10,50,1,0,18
10,51,1,0,24
10,52,1,0,1
10,53,1,0,14
10,54,1,0,22
10,55,1,0,23
10,56,1,0,7
10,57,1,4,3
10,58,4,0,1
10,59,4,0,6
10,60,4,0,3
10,61,4,0,11
10,62,4,0,5
10,63,4,0,14
10,64,1,4,22
10,65,1,4,20
10,66,1,4,20
10,67,1,4,18
10,68,4,0,3
10,69,4,0,2
10,70,4,0,15
10,71,4,0,10
10,72,4,0,23
10,73,1,4,14
10,74,1,0,21
10,75,1,0,12
10,76,1,4,0
10,77,4,0,10
10,78,4,0,19
11,0,4,0,16
11,1,1,4,7
11,2,1,4,20
11,3,1,0,13
11,4,1,0,8
11,5,1,0,20
11,6,1,0,16
11,7,1,0,13
11,8,1,0,5
11,9,1,0,8
11,10,1,0,0
11,11,1,0,2
11,12,1,0,16
11,13,1,0,21
11,14,1,0,14
11,15,1,0,6
11,16,1,0,20
11,17,1,0,22
11,18,1,0,15
11,19,1,0,12
11,20,1,0,13
11,21,1,0,19
11,22,1,0,13
11,23,1,0,23
11,24,1,0,17
11,25,1,0,16
11,26,1,0,2
11,27,1,0,19
11,28,1,0,5
11,29,1,0,6
11,30,1,0,23
11,31,1,0,21
11,32,1,0,20
11,33,1,0,14
11,34,1,0,15
11,35,1,0,23
11,36,1,0,6
11,37,1,0,1
11,38,1,0,20
11,39,1,0,7
11,40,1,0,7
11,41,1,0,15
11,42,1,0,5
11,43,1,0,5
11,44,1,0,23
11,45,1,0,1
11,46,1,0,18
11,47,1,0,18
11,48,1,0,16
11,49,1,0,19
11,50,1,0,16
11,51,1,0,7
11,52,1,0,11
11,53,1,0,6
11,54,1,0,6
11,55,1,0,23
11,56,1,0,19
11,57,1,4,18
11,58,4,0,12
11,59,4,0,2
11,60,4,0,17
11,61,4,0,23
11,62,4,0,14
11,63,4,0,4
11,64,1,4,8
11,65,1,4,8
11,66,1,4,21
11,67,1,4,16
11,68,1,4,16
11,69,4,0,19
11,70,4,0,9
11,71,4,0,7
11,72,1,4,11
11,73,1,0,9
11,74,1,0,11
11,75,1,0,2
11,76,1,4,2
11,77,4,0,5
11,78,4,0,2
12,0,4,0,18
12,1,1,4,8
12,2,1,4,23
12,3,1,0,0
12,4,1,0,10
12,5,1,0,7
12,6,1,0,2
12,7,1,0,13
12,8,1,0,16
12,9,1,0,3
12,10,1,0,14
12,11,1,0,8
12,12,1,0,7
12,13,1,0,20
12,14,1,0,20
12,15,1,0,12
12,16,1,0,7
12,17,1,0,15
12,18,1,0,18
12,19,1,0,2
12,20,1,0,2
12,21,1,0,10
12,22,1,0,9
12,23,1,0,16
12,24,1,0,11
12,25,1,0,7
12,26,1,0,20
12,27,1,0,16
12,28,1,0,8
12,29,1,0,23
12,30,1,0,4
12,31,1,0,0
12,32,1,0,12
12,33,1,0,8
12,34,1,0,8
12,35,1,0,1
12,36,1,0,9
12,37,1,0,16
12,38,1,0,21
12,39,1,0,4
12,40,1,0,8
12,41,1,0,18
12,42,1,0,1
12,43,1,0,12
12,44,1,0,24
12,45,1,0,3
12,46,1,0,5
12,47,1,0,7
12,48,1,0,14
12,49,1,0,24
12,50,1,0,9
12,51,1,0,4
12,52,1,0,19
12,53,1,0,23
12,54,1,0,9
12,55,1,0,6
12,56,1,4,0
12,57,4,0,4
12,58,4,0,20
12,59,4,0,12
12,60,4,0,3
12,61,4,0,23
12,62,4,0,3
12,63,4,0,13
12,64,4,0,23
12,65,4,0,4
12,66,1,4,21
12,67,1,4,4
12,68,4,0,16
12,69,4,0,15
12,70,4,0,21
12,71,1,4,14
12,72,1,0,8
12,73,1,0,11
12,74,1,0,24
12,75,1,0,9
12,76,1,4,17
12,77,4,0,3
12,78,4,0,4
13,0,4,0,22
13,1,4,0,21
13,2,1,4,21
13,3,1,4,20
13,4,1,4,20
13,5,1,4,20
13,6,1,4,20
13,7,1,0,23
13,8,1,0,23
13,9,1,0,6
13,10,1,0,13
13,11,1,0,23
13,12,1,0,18
13,13,1,0,15
13,14,1,0,23
13,15,1,0,6
13,16,1,0,1
13,17,1,0,18
13,18,1,0,5
13,19,1,0,3
13,20,1,0,22
13,21,1,0,10
13,22,1,0,9
13,23,1,0,22
13,24,1,0,11
13,25,1,0,8
13,26,1,0,1
13,27,1,0,9
13,28,1,0,5
13,29,1,0,14
13,30,1,0,9
13,31,1,0,18
13,32,1,0,8
13,33,1,0,23
13,34,1,0,15
13,35,1,0,7
13,36,1,0,6
13,37,1,0,0
13,38,1,0,20
13,39,1,0,15
13,40,1,0,18
13,41,1,0,23
13,42,1,0,22
13,43,1,0,18
13,44,1,0,17
13,45,1,0,21
13,46,1,0,16
13,47,1,0,17
13,48,1,0,18
13,49,1,0,8
13,50,1,0,2
13,51,1,0,24
13,52,1,0,22
13,53,1,0,16
13,54,1,0,19
13,55,1,0,7
13,56,1,4,17
13,57,4,0,8
13,58,4,0,3
13,59,4,0,11
13,60,4,0,10
13,61,4,0,16
13,62,4,0,24
13,63,4,0,6
13,64,4,0,21
13,65,4,0,19
13,66,1,4,23
13,67,4,0,20
13,68,4,0,24
13,69,1,4,16
13,70,1,4,9
13,71,1,0,8
13,72,1,0,7
13,73,1,0,21
13,74,1,0,0
13,75,1,0,10
13,76,1,4,2
13,77,4,0,12
13,78,4,0,15
14,0,4,0,12
14,1,4,0,20
14,2,1,4,8
14,3,1,4,8
14,4,1,4,8
14,5,1,4,8
14,6,1,4,23
14,7,1,4,20
14,8,1,0,2
14,9,1,0,12
14,10,1,0,7
14,11,1,0,4
14,12,1,0,16
14,13,1,0,11
14,14,1,0,6
14,15,1,0,18
14,16,1,0,14
14,17,1,0,6
14,18,1,0,13
14,19,1,0,18
14,20,1,0,2
14,21,1,0,4
14,22,1,0,12
14,23,1,0,8
14,24,1,0,8
14,25,1,0,21
14,26,1,0,21
14,27,1,0,14
14,28,1,0,3
14,29,1,0,2
14,30,1,0,20
14,31,1,0,11
14,32,1,0,20
14,33,1,0,7
14,34,1,0,9
14,35,1,0,11
14,36,1,0,21
14,37,1,0,12
14,38,1,0,24
14,39,1,0,24
14,40,1,0,22
14,41,1,0,9
14,42,1,0,24
14,43,1,0,2
14,44,1,0,19
14,45,1,0,0
14,46,1,0,18
14,47,1,0,18
14,48,1,0,6
14,49,1,0,13
14,50,1,0,10
14,51,1,0,21
14,52,1,0,21
14,53,1,0,14
14,54,1,0,12
14,55,1,0,23
14,56,1,4,18
14,57,4,0,24
14,58,4,0,9
14,59,4,0,22
14,60,4,0,19
14,61,4,0,6
14,62,4,0,17
14,63,4,0,3
14,64,4,0,24
14,65,4,0,7
14,66,4,0,20
14,67,4,0,6
14,68,1,4,11
14,69,1,4,4
14,70,1,0,22
14,71,1,0,20
14,72,1,0,21
14,73,1,0,21
14,74,1,0,7
14,75,1,0,16
14,76,1,4,1
14,77,4,0,19
14,78,4,0,20
15,0,4,0,12
15,1,4,0,14
15,2,4,0,2
15,3,4,0,4
15,4,4,0,0
15,5,4,0,18
15,6,1,4,8
15,7,1,4,7
15,8,1,0,14
15,9,1,0,24
15,10,1,0,23
15,11,1,0,0
15,12,1,0,8
15,13,1,0,23
15,14,1,0,10
15,15,1,0,8
15,16,1,0,13
15,17,1,0,20
15,18,1,0,19
15,19,1,0,13
15,20,1,0,10
15,21,1,0,22
15,22,1,0,20
15,23,1,0,23
15,24,1,0,7
15,25,1,0,8
15,26,1,0,20
15,27,1,0,21
15,28,1,0,15
15,29,1,0,8
15,30,1,0,12
15,31,1,0,0
15,32,1,0,9
15,33,1,0,4
15,34,1,0,0
15,35,1,0,10
15,36,1,0,14
15,37,1,0,1
15,38,1,0,7
15,39,1,0,24
15,40,1,0,8
15,41,1,0,4
15,42,1,0,6
15,43,1,0,0
15,44,1,0,18
15,45,1,0,6
15,46,1,0,19
15,47,1,0,4
15,48,1,0,19
15,49,1,0,17
15,50,1,0,16
15,51,1,0,0
15,52,1,0,24
15,53,1,0,12
15,54,1,0,16
15,55,1,4,0
15,56,4,0,8
15,57,4,0,13
15,58,4,0,4
15,59,4,0,15
15,60,4,0,19
15,61,4,0,23
15,62,4,0,22
15,63,4,0,3
15,64,4,0,7
15,65,4,0,4
15,66,1,4,16
15,67,1,4,14
15,68,1,0,20
15,69,1,0,15
15,70,1,0,20
15,71,1,0,24
15,72,1,0,5
15,73,1,0,12
15,74,1,0,19
15,75,1,0,22
15,76,1,4,3
15,77,4,0,7
15,78,4,0,23
16,0,4,0,6
16,1,4,0,1
16,2,4,0,13
16,3,4,0,10
16,4,4,0,9
16,5,4,0,14
16,6,4,0,17
16,7,1,4,24
16,8,1,0,13
16,9,1,0,20
16,10,1,0,19
16,11,1,0,23
16,12,1,0,21
16,13,1,0,23
16,14,1,0,0
16,15,1,0,8
16,16,1,0,14
16,17,1,0,21
16,18,1,0,19
16,19,1,0,8
16,20,1,0,16
16,21,1,0,16
16,22,1,0,4
16,23,1,0,17
16,24,1,0,11
16,25,1,0,18
16,26,1,0,21
16,27,1,0,3
16,28,1,0,21
16,29,1,0,6
16,30,1,0,14
16,31,1,0,3
16,32,1,0,7
16,33,1,0,20
16,34,1,0,18
16,35,1,0,9
16,36,1,0,7
16,37,1,0,12
16,38,1,0,7
16,39,1,0,1
16,40,1,0,23
16,41,1,0,23
16,42,1,0,15
16,43,1,0,3
16,44,1,0,19
16,45,1,0,16
16,46,1,0,4
16,47,1,0,3
16,48,1,0,9
16,49,1,0,3
16,50,1,0,5
16,51,1,0,7
16,52,1,0,21
16,53,1,0,1
16,54,1,0,12
16,55,1,4,1
16,56,4,0,11
16,57,4,0,1
16,58,4,0,5
16,59,4,0,19
16,60,4,0,11
16,61,4,0,22
16,62,4,0,8
16,63,4,0,1
16,64,4,0,13
16,65,1,4,6
16,66,1,4,4
16,67,1,0,4
16,68,1,0,0
16,69,1,0,2
16,70,1,0,8
16,71,1,0,9
16,72,1,0,13
16,73,1,0,22
16,74,1,0,3
16,75,1,0,9
16,76,1,4,3
16,77,4,0,24
16,78,4,0,15
17,0,4,0,22
17,1,4,0,0
17,2,4,0,2
17,3,4,0,6
17,4,4,0,6
17,5,4,0,13
17,6,1,4,6
17,7,1,0,13
17,8,1,0,16
17,9,1,0,24
17,10,1,0,12
17,11,1,0,13
17,12,1,0,2
17,13,1,0,18
17,14,1,0,24
17,15,1,0,7
17,16,1,0,18
17,17,1,0,21
17,18,1,0,7
17,19,1,0,6
17,20,1,0,16
17,21,1,0,2
17,22,1,0,9
17,23,1,0,17
17,24,1,0,4
17,25,1,0,4
17,26,1,0,1
17,27,1,0,23
17,28,1,0,14
17,29,1,0,15
17,30,1,0,23
17,31,1,0,5
17,32,1,0,15
17,33,1,0,23
17,34,1,0,3
17,35,1,0,9
17,36,1,0,10
17,37,1,0,21
17,38,1,0,21
17,39,1,0,20
17,40,1,0,23
17,41,1,0,16
17,42,1,0,11
17,43,1,0,22
17,44,1,0,6
17,45,1,0,8
17,46,1,0,23
17,47,1,0,24
17,48,1,0,1
17,49,1,0,13
17,50,1,0,22
17,51,1,0,4
17,52,1,0,22
17,53,1,0,23
17,54,1,0,17
17,55,1,4,18
17,56,4,0,8
17,57,4,0,14
17,58,4,0,14
17,59,4,0,20
17,60,4,0,24
17,61,4,0,14
17,62,4,0,23
17,63,4,0,9
17,64,4,0,20
17,65,1,4,24
17,66,1,0,1
17,67,1,0,18
17,68,1,0,12
17,69,1,0,23
17,70,1,0,17
17,71,1,0,24
17,72,1,0,20
17,73,1,0,3
17,74,1,0,10
17,75,1,0,3
17,76,1,4,17
17,77,4,0,6
17,78,4,0,0
18,0,4,0,16
18,1,4,0,9
18,2,4,0,22
18,3,4,0,16
18,4,4,0,21
18,5,4,0,15
18,6,1,4,24
18,7,1,0,5
18,8,1,0,17
18,9,1,0,10
18,10,1,0,14
18,11,1,0,19
18,12,1,0,13
18,13,1,0,20
18,14,1,0,15
18,15,1,0,5
18,16,1,0,21
18,17,1,0,15
18,18,1,0,8
18,19,1,0,17
18,20,1,0,20
18,21,1,0,15
18,22,1,0,16
18,23,1,0,24
18,24,1,0,22
18,25,1,0,15
18,26,1,0,3
18,27,1,0,5
18,28,1,0,4
18,29,1,0,1
18,30,1,0,15
18,31,1,0,6
18,32,1,0,1
18,33,1,0,6
18,34,1,0,19
18,35,1,0,20
18,36,1,0,18
18,37,1,0,0
18,38,1,0,9
18,39,1,0,2
18,40,1,0,5
18,41,1,0,2
18,42,1,0,3
18,43,1,0,8
18,44,1,0,16
18,45,1,0,12
18,46,1,0,1
18,47,1,0,7
18,48,1,0,24
18,49,1,0,0
18,50,1,0,0
18,51,1,0,0
18,52,1,0,13
18,53,1,0,9
18,54,1,4,0
18,55,4,0,21
18,56,4,0,21
18,57,4,0,13
18,58,4,0,15
18,59,4,0,22
18,60,4,0,24
18,61,4,0,5
18,62,4,0,8
18,63,4,0,22
18,64,1,4,6
18,65,1,0,18
18,66,1,0,6
18,67,1,0,20
18,68,1,0,22
18,69,1,0,10
18,70,1,0,10
18,71,1,0,8
18,72,1,0,23
18,73,1,0,8
18,74,1,0,17
18,75,1,0,12
18,76,1,4,2
18,77,4,0,24
18,78,4,0,23
19,0,4,0,15
19,1,4,0,23
19,2,4,0,14
19,3,4,0,17
19,4,4,0,7
19,5,1,4,6
19,6,1,0,8
19,7,1,0,0
19,8,1,0,23
19,9,1,0,12
19,10,1,0,17
19,11,1,0,11
19,12,1,0,3
19,13,1,0,2
19,14,1,0,4
19,15,1,0,20
19,16,1,0,14
19,17,1,0,10
19,18,1,0,14
19,19,1,0,8
19,20,1,0,20
19,21,1,0,22
19,22,1,0,22
19,23,1,0,0
19,24,1,0,4
19,25,1,0,0
19,26,1,0,1
19,27,1,0,7
19,28,1,0,20
19,29,1,0,23
19,30,1,0,13
19,31,1,0,3
19,32,1,0,0
19,33,1,0,3
19,34,1,0,14
19,35,1,0,0
19,36,1,0,22
19,37,1,0,4
19,38,1,0,5
19,39,1,0,8
19,40,1,0,7
19,41,1,0,2
19,42,1,0,17
19,43,1,0,6
19,44,1,0,2
19,45,1,0,6
19,46,1,0,14
19,47,1,0,16
19,48,1,0,0
19,49,1,0,22
19,50,1,0,6
19,51,1,0,8
19,52,1,0,20
19,53,1,0,12
19,54,1,4,18
19,55,4,0,2
19,56,4,0,24
19,57,4,0,10
19,58,4,0,13
19,59,4,0,13
19,60,4,0,6
19,61,4,0,23
19,62,4,0,0
19,63,4,0,22
19,64,1,4,24
19,65,1,0,4
19,66,1,0,21
19,67,1,0,6
19,68,1,0,23
19,69,1,0,9
19,70,1,0,7
19,71,1,0,16
19,72,1,0,11
19,73,1,0,0
19,74,1,0,15
19,75,1,0,3
19,76,1,4,17
19,77,4,0,15
19,78,4,0,21
20,0,4,0,22
20,1,4,0,22
20,2,4,0,3
20,3,4,0,15
20,4,4,0,19
20,5,1,4,23
20,6,1,0,23
20,7,1,0,10
20,8,1,0,22
20,9,1,0,17
20,10,1,0,15
20,11,1,0,5
20,12,1,0,6
20,13,1,0,9
20,14,1,0,21
20,15,1,0,12
20,16,1,0,1
20,17,1,0,0
20,18,1,0,19
20,19,1,0,5
20,20,1,0,24
20,21,1,0,18
20,22,1,0,17
20,23,1,0,0
20,24,1,0,3
20,25,1,0,21
20,26,1,0,2
20,27,1,0,13
20,28,1,0,21
20,29,1,0,6
20,30,1,0,6
20,31,1,0,17
20,32,1,0,23
20,33,1,0,12
20,34,1,0,18
20,35,1,0,19
20,36,1,0,19
20,37,1,0,2
20,38,1,0,2
20,39,1,0,10
20,40,1,0,8
20,41,1,0,4
20,42,1,0,4
20,43,1,0,2
20,44,1,0,1
20,45,1,0,20
20,46,1,0,15
20,47,1,0,4
20,48,1,0,10
20,49,1,0,9
20,50,1,0,9
20,51,1,0,7
20,52,1,0,3
20,53,1,4,0
20,54,4,0,7
20,55,4,0,3
20,56,4,0,18
20,57,4,0,16
20,58,4,0,9
20,59,4,0,8
20,60,4,0,18
20,61,1,4,16
20,62,1,4,16
20,63,1,4,19
20,64,1,0,1
20,65,1,0,11
20,66,1,0,2
20,67,1,0,12
20,68,1,0,10
20,69,1,0,12
20,70,1,0,8
20,71,1,0,3
20,72,1,0,18
20,73,1,0,9
20,74,1,0,11
20,75,1,0,24
20,76,1,4,18
20,77,4,0,15
20,78,4,0,16
21,0,4,0,10
21,1,4,0,5
21,2,4,0,23
21,3,4,0,4
21,4,4,0,14
21,5,1,4,24
21,6,1,0,4
21,7,1,0,8
21,8,1,0,15
21,9,1,0,1
21,10,1,0,10
21,11,1,0,17
21,12,1,0,16
21,13,1,0,24
21,14,1,0,17
21,15,1,0,21
21,16,1,0,23
21,17,1,0,4
21,18,1,0,3
21,19,1,0,11
21,20,1,0,9
21,21,1,0,22
21,22,1,0,12
21,23,1,0,2
21,24,1,0,10
21,25,1,0,14
21,26,1,0,13
21,27,1,0,21
21,28,1,0,7
21,29,1,0,12
21,30,1,0,16
21,31,1,0,19
21,32,1,0,8
21,33,1,0,24
21,34,1,0,0
21,35,1,0,19
21,36,1,0,14
21,37,1,0,13
21,38,1,0,18
21,39,1,0,10
21,40,1,0,15
21,41,1,0,12
21,42,1,0,19
21,43,1,0,1
21,44,1,0,18
21,45,1,0,23
21,46,1,0,20
21,47,1,0,3
21,48,1,0,4
21,49,1,0,18
21,50,1,0,3
21,51,1,0,8
21,52,1,0,21
21,53,1,4,2
21,54,4,0,9
21,55,4,0,5
21,56,4,0,2
21,57,4,0,13
21,58,4,0,18
21,59,4,0,8
21,60,1,4,9
21,61,1,4,4
21,62,1,4,4
21,63,1,0,11
21,64,1,0,9
21,65,1,0,11
21,66,1,0,11
21,67,1,0,3
21,68,1,0,19
21,69,1,0,0
21,70,1,0,15
21,71,1,0,10
21,72,1,0,14
21,73,1,0,20
21,74,1,0,15
21,75,1,4,0
21,76,4,0,17
21,77,4,0,14
21,78,4,0,21
22,0,4,0,24
22,1,4,0,14
22,2,4,0,19
22,3,4,0,7
22,4,1,4,6
22,5,1,0,11
22,6,1,0,8
22,7,1,0,6
22,8,1,0,20
22,9,1,0,1
22,10,1,0,23
22,11,1,0,21
22,12,1,0,7
22,13,1,0,12
22,14,1,0,8
22,15,1,0,3
22,16,1,0,14
22,17,1,0,22
22,18,1,0,22
22,19,1,0,14
22,20,1,0,19
22,21,1,0,22
22,22,1,0,10
22,23,1,0,15
22,24,1,0,20
22,25,1,0,2
22,26,1,0,12
22,27,1,0,9
22,28,1,0,21
22,29,1,0,3
22,30,1,0,5
22,31,1,0,23
22,32,1,0,20
22,33,1,0,21
22,34,1,0,17
22,35,1,0,12
22,36,1,0,19
22,37,1,0,15
22,38,1,0,22
22,39,1,0,19
22,40,1,0,6
22,41,1,0,12
22,42,1,0,20
22,43,1,0,5
22,44,1,0,16
22,45,1,0,7
22,46,1,0,15
22,47,1,0,13
22,48,1,0,12
22,49,1,0,16
22,50,1,0,17
22,51,1,0,10
22,52,1,0,24
22,53,1,4,18
22,54,4,0,8
22,55,4,0,17
22,56,4,0,2
22,57,4,0,21
22,58,4,0,5
22,59,1,4,9
22,60,1,0,15
22,61,1,0,21
22,62,1,0,23
22,63,1,0,12
22,64,1,0,9
22,65,1,0,2
22,66,1,0,1
22,67,1,0,22
22,68,1,0,20
22,69,1,0,6
22,70,1,0,14
22,71,1,0,0
22,72,1,0,7
22,73,1,0,11
22,74,1,0,3
22,75,1,4,18
22,76,4,0,21
22,77,4,0,14
22,78,4,0,22
23,0,4,0,20
23,1,4,0,5
23,2,4,0,20
23,3,4,0,5
23,4,1,4,22
23,5,1,0,13
23,6,1,0,10
23,7,1,0,23
23,8,1,0,9
23,9,1,0,14
23,10,1,0,17
23,11,1,0,20
23,12,1,0,4
23,13,1,0,2
23,14,1,0,9
23,15,1,0,2
23,16,1,0,21
23,17,1,0,22
23,18,1,0,4
23,19,1,0,8
23,20,1,0,13
23,21,1,0,16
23,22,1,0,6
23,23,1,0,22
23,24,1,0,14
23,25,1,0,9
23,26,1,0,9
23,27,1,0,12
23,28,1,0,13
23,29,1,0,21
23,30,1,0,3
23,31,1,0,7
23,32,1,0,16
23,33,1,0,2
23,34,1,0,14
23,35,1,0,19
23,36,1,0,7
23,37,1,0,8
23,38,1,0,11
23,39,1,0,13
23,40,1,0,12
23,41,1,0,22
23,42,1,0,0
23,43,1,0,21
23,44,1,0,21
23,45,1,0,10
23,46,1,0,6
23,47,1,0,17
23,48,1,0,4
23,49,1,0,19
23,50,1,0,5
23,51,1,0,14
23,52,1,4,0
23,53,4,0,17
23,54,4,0,5
23,55,4,0,1
23,56,4,0,23
23,57,4,0,1
23,58,1,4,6
23,59,1,0,23
23,60,1,0,7
23,61,1,0,1
23,62,1,0,14
23,63,1,0,24
23,64,1,0,19
23,65,1,0,19
23,66,1,0,17
23,67,1,0,18
23,68,1,0,9
23,69,1,0,20
23,70,1,0,14
23,71,1,0,22
23,72,1,0,19
23,73,1,0,8
23,74,1,4,0
23,75,4,0,14
23,76,4,0,3
23,77,4,0,0
23,78,4,0,13
24,0,4,0,1
24,1,4,0,23
24,2,4,0,7
24,3,4,0,0
24,4,1,4,21
24,5,1,0,23
24,6,1,0,14
24,7,1,0,19
24,8,1,0,4
24,9,1,0,2
24,10,1,0,15
24,11,1,0,2
24,12,1,0,16
24,13,1,0,12
24,14,1,0,18
24,15,1,0,5
24,16,1,0,23
24,17,1,0,24
24,18,1,0,16
24,19,1,0,17
24,20,1,0,9
24,21,1,0,2
24,22,1,0,21
24,23,1,0,7
24,24,1,0,2
24,25,1,0,1
24,26,1,0,9
24,27,1,0,3
24,28,1,0,5
24,29,1,0,18
24,30,1,0,11
24,31,1,0,17
24,32,1,0,13
24,33,1,0,17
24,34,1,0,17
24,35,1,0,4
24,36,1,0,7
24,37,1,0,13
24,38,1,0,9
24,39,1,0,2
24,40,1,0,21
24,41,1,0,0
24,42,1,0,14
24,43,1,0,21
24,44,1,0,2
24,45,1,0,2
24,46,1,0,10
24,47,1,0,24
24,48,1,0,2
24,49,1,0,3
24,50,1,0,10
24,51,1,0,16
24,52,1,4,3
24,53,4,0,11
24,54,4,0,14
24,55,4,0,7
24,56,4,0,7
24,57,4,0,16
24,58,1,4,24
24,59,1,0,11
24,60,1,0,10
24,61,1,0,12
24,62,1,0,7
24,63,1,0,18
24,64,1,0,21
24,65,1,0,24
24,66,1,0,21
24,67,1,0,6
24,68,1,0,17
24,69,1,0,0
24,70,1,0,17
24,71,1,0,22
24,72,1,0,9
24,73,1,0,23
24,74,1,4,3
24,75,4,0,22
24,76,4,0,18
24,77,4,0,24
24,78,4,0,4
25,0,4,0,13
25,1,4,0,9
25,2,4,0,23
25,3,4,0,15
25,4,1,4,22
25,5,1,0,17
25,6,1,0,12
25,7,1,0,7
25,8,1,0,19
25,9,1,0,20
25,10,1,0,13
25,11,1,0,16
25,12,1,0,7
25,13,1,0,14
25,14,1,0,10
25,15,1,0,16
25,16,1,0,20
25,17,1,0,20
25,18,1,0,19
25,19,1,0,4
25,20,1,0,24
25,21,1,0,19
25,22,1,0,12
25,23,1,0,2
25,24,1,0,7
25,25,1,0,16
25,26,1,0,6
25,27,1,0,20
25,28,1,0,12
25,29,1,0,9
25,30,1,0,8
25,31,1,0,15
25,32,1,0,17
25,33,1,0,13
25,34,1,0,12
25,35,1,0,8
25,36,1,0,20
25,37,1,0,21
25,38,1,0,16
25,39,1,0,6
25,40,1,0,23
25,41,1,0,22
25,42,1,0,14
25,43,1,0,5
25,44,1,0,23
25,45,1,0,17
25,46,1,0,10
25,47,1,0,6
25,48,1,0,24
25,49,1,0,14
25,50,1,0,8
25,51,1,0,9
25,52,1,4,18
25,53,4,0,16
25,54,4,0,7
25,55,4,0,15
25,56,4,0,18
25,57,1,4,6
25,58,1,0,14
25,59,1,0,13
25,60,1,0,24
25,61,1,0,9
25,62,1,0,8
25,63,1,0,21
25,64,1,0,14
25,65,1,0,5
25,66,1,0,6
25,67,1,0,18
25,68,1,0,4
25,69,1,0,19
25,70,1,0,4
25,71,1,0,19
25,72,1,0,9
25,73,1,0,12
25,74,1,4,17
25,75,4,0,16
25,76,4,0,0
25,77,4,0,7
25,78,4,0,12
26,0,4,0,11
26,1,4,0,15
26,2,4,0,16
26,3,4,0,5
26,4,1,4,24
26,5,1,0,22
26,6,1,0,11
26,7,1,0,15
26,8,1,0,9
26,9,1,0,19
26,10,1,0,14
26,11,1,0,15
26,12,1,0,16
26,13,1,0,17
26,14,1,0,15
26,15,1,0,11
26,16,1,0,21
26,17,1,0,24
26,18,1,0,14
26,19,1,0,17
26,20,1,0,17
26,21,1,0,13
26,22,1,0,1
26,23,1,0,21
26,24,1,0,7
26,25,1,0,4
26,26,1,0,8
26,27,1,0,7
26,28,1,0,3
26,29,1,0,21
26,30,1,0,21
26,31,1,0,7
26,32,1,0,9
26,33,1,0,15
26,34,1,0,0
26,35,1,0,1
26,36,1,0,1
26,37,1,0,12
26,38,1,0,17
26,39,1,0,16
26,40,1,0,22
26,41,1,0,9
26,42,1,0,8
26,43,1,0,13
26,44,1,0,15
26,45,1,0,19
26,46,1,0,20
26,47,1,0,13
26,48,1,0,3
26,49,1,0,15
26,50,1,0,21
26,51,1,4,0
26,52,4,0,8
26,53,4,0,4
26,54,4,0,11
26,55,4,0,11
26,56,4,0,3
26,57,1,4,24
26,58,1,0,24
26,59,1,0,22
26,60,1,0,7
26,61,1,0,22
26,62,1,0,7
26,63,1,0,7
26,64,1,0,23
26,65,1,0,15
26,66,1,0,13
26,67,1,0,20
26,68,1,0,5
26,69,1,0,21
26,70,1,0,1
26,71,1,0,4
26,72,1,0,21
26,73,1,0,4
26,74,1,4,18
26,75,4,0,12
26,76,4,0,6
26,77,4,0,9
26,78,4,0,18
27,0,4,0,11
27,1,4,0,1
27,2,4,0,16
27,3,1,4,6
27,4,1,0,7
27,5,1,0,7
27,6,1,0,9
27,7,1,0,11
27,8,1,0,5
27,9,1,0,0
27,10,1,0,6
27,11,1,0,2
27,12,1,0,8
27,13,1,0,8
27,14,1,0,18
27,15,1,0,20
27,16,1,0,17
27,17,1,0,4
27,18,1,0,2
27,19,1,0,18
27,20,1,0,17
27,21,1,0,12
27,22,1,0,13
27,23,1,0,11
27,24,1,0,5
27,25,1,0,5
27,26,1,0,23
27,27,1,0,19
27,28,1,0,14
27,29,1,0,21
27,30,1,0,9
27,31,1,0,7
27,32,1,0,19
27,33,1,0,22
27,34,1,0,2
27,35,1,0,0
27,36,1,0,21
27,37,1,0,16
27,38,1,0,24
27,39,1,0,15
27,40,1,0,12
27,41,1,0,0
27,42,1,0,17
27,43,1,0,6
27,44,1,0,9
27,45,1,0,8
27,46,1,0,16
27,47,1,0,2
27,48,1,0,21
27,49,1,0,19
27,50,1,0,22
27,51,1,4,2
27,52,4,0,8
27,53,4,0,12
27,54,4,0,17
27,55,1,4,16
27,56,1,4,11
27,57,1,0,7
27,58,1,0,0
27,59,1,0,3
27,60,1,0,18
27,61,1,0,19
27,62,1,0,23
27,63,1,0,1
27,64,1,0,17
27,65,1,0,16
27,66,1,0,20
27,67,1,0,0
27,68,1,0,7
27,69,1,0,21
27,70,1,0,4
27,71,1,0,21
27,72,1,0,8
27,73,1,4,0
27,74,4,0,5
27,75,4,0,5
27,76,4,0,20
27,77,4,0,11
27,78,4,0,13
28,0,4,0,11
28,1,4,0,16
28,2,4,0,20
28,3,1,4,24
28,4,1,0,8
28,5,1,0,22
28,6,1,0,2
28,7,1,0,3
28,8,1,0,12
28,9,1,0,0
28,10,1,0,23
28,11,1,0,18
28,12,1,0,9
28,13,1,0,11
28,14,1,0,20
28,15,1,0,4
28,16,1,0,13
28,17,1,0,24
28,18,1,0,22
28,19,1,0,8
28,20,1,0,24
28,21,1,0,4
28,22,1,0,3
28,23,1,0,18
28,24,1,0,3
28,25,1,0,5
28,26,1,0,9
28,27,1,0,19
28,28,1,0,3
28,29,1,0,18
28,30,1,0,9
28,31,1,0,10
28,32,1,0,14
28,33,1,0,18
28,34,1,0,19
28,35,1,0,2
28,36,1,0,19
28,37,1,0,18
28,38,1,0,2
28,39,1,0,8
28,40,1,0,20
28,41,1,0,7
28,42,1,0,15
28,43,1,0,13
28,44,1,0,9
28,45,1,0,2
28,46,1,0,14
28,47,1,0,9
28,48,1,0,19
28,49,1,0,7
28,50,1,0,22
28,51,1,4,17
28,52,4,0,5
28,53,4,0,5
28,54,1,4,14
28,55,1,4,4
28,56,1,0,2
28,57,1,0,4
28,58,1,0,22
28,59,1,0,2
28,60,1,0,22
28,61,1,0,8
28,62,1,0,15
28,63,1,0,20
28,64,1,0,16
28,65,1,0,23
28,66,1,0,7
28,67,1,0,19
28,68,1,0,18
28,69,1,0,4
28,70,1,0,15
28,71,1,0,22
28,72,1,0,0
28,73,1,4,3
28,74,4,0,4
28,75,4,0,3
28,76,4,0,5
28,77,4,0,18
28,78,4,0,24
29,0,4,0,1
29,1,4,0,16
29,2,1,4,6
29,3,1,0,3
29,4,1,0,0
29,5,1,0,7
29,6,1,0,19
29,7,1,0,16
29,8,1,0,17
29,9,1,0,6
29,10,1,0,4
29,11,1,0,8
29,12,1,0,11
29,13,1,0,21
29,14,1,0,19
29,15,1,0,4
29,16,1,0,3
29,17,1,2,20
29,18,1,2,20
29,19,1,0,1
29,20,1,0,15
29,21,1,0,10
29,22,1,0,0
29,23,1,0,13
29,24,1,0,23
29,25,1,0,24
29,26,1,0,21
29,27,1,0,8
29,28,1,0,4
29,29,1,0,15
29,30,1,0,18
29,31,1,0,14
29,32,1,0,21
29,33,1,0,11
29,34,1,0,14
29,35,1,0,14
29,36,1,0,16
29,37,1,0,11
29,38,1,0,3
29,39,1,0,8
29,40,1,0,2
29,41,1,0,20
29,42,1,0,14
29,43,1,0,13
29,44,1,4,20
29,45,1,0,15
29,46,1,0,10
29,47,1,0,9
29,48,1,0,12
29,49,1,0,22
29,50,1,0,13
29,51,4,0,5
29,52,1,4,16
29,53,1,4,19
29,54,1,0,11
29,55,1,0,23
29,56,1,0,5
29,57,1,0,18
29,58,1,0,9
29,59,1,0,3
29,60,1,0,6
29,61,1,0,17
29,62,1,0,6
29,63,1,0,2
29,64,1,0,1
29,65,1,0,3
29,66,1,0,16
29,67,1,0,4
29,68,1,0,0
29,69,1,0,4
29,70,1,0,4
29,71,1,0,5
29,72,1,0,15
29,73,1,4,18
29,74,4,0,15
29,75,4,0,15
29,76,4,0,19
29,77,4,0,16
29,78,4,0,10
30,0,4,0,8
30,1,4,0,10
30,2,1,4,7
30,3,1,0,12
30,4,1,0,5
30,5,1,0,13
30,6,1,0,0
30,7,1,0,3
30,8,1,0,1
30,9,1,0,23
30,10,1,0,18
30,11,1,0,13
30,12,1,0,1
30,13,1,0,20
30,14,1,0,17
30,15,1,0,10
30,16,1,2,15
30,17,1,2,8
30,18,1,2,24
30,19,1,0,15
30,20,1,0,9
30,21,1,0,8
30,22,1,0,1
30,23,1,0,23
30,24,1,0,16
30,25,1,0,0
30,26,1,0,23
30,27,1,0,13
30,28,1,0,3
30,29,1,0,1
30,30,1,0,12
30,31,1,0,4
30,32,1,0,1
30,33,1,0,12
30,34,1,0,15
30,35,1,0,16
30,36,1,0,17
30,37,1,0,6
30,38,1,0,2
30,39,1,0,23
30,40,1,0,22
30,41,1,0,19
30,42,1,0,7
30,43,1,4,5
30,44,1,4,21
30,45,1,4,20
30,46,1,0,4
30,47,1,0,8
30,48,1,0,18
30,49,1,0,5
30,50,4,0,1
30,51,1,4,6
30,52,1,4,4
30,53,1,0,8
30,54,1,0,8
30,55,1,0,23
30,56,1,0,15
30,57,1,0,20
30,58,1,0,2
30,59,1,0,13
30,60,1,0,9
30,61,1,0,9
30,62,1,0,14
30,63,1,0,22
30,64,1,0,13
30,65,1,0,5
30,66,1,0,20
30,67,1,0,10
30,68,1,0,14
30,69,1,0,13
30,70,1,0,10
30,71,1,0,23
30,72,1,4,0
30,73,4,0,14
30,74,4,0,5
30,75,4,0,13
30,76,4,0,14
30,77,4,0,11
30,78,4,0,13
31,0,4,0,20
31,1,4,0,6
31,2,1,4,7
31,3,1,0,20
31,4,1,0,17
31,5,1,0,3
31,6,1,0,4
31,7,1,0,11
31,8,1,0,9
31,9,1,0,5
31,10,1,0,12
31,11,1,0,11
31,12,1,0,15
31,13,1,0,16
31,14,1,0,15
31,15,1,2,0
31,16,2,0,4
31,17,1,2,6
31,18,1,0,0
31,19,1,0,1
31,20,1,0,1
31,21,1,0,6
31,22,1,0,24
31,23,1,0,12
31,24,1,0,16
31,25,1,0,12
31,26,1,0,14
31,27,1,0,23
31,28,1,0,19
31,29,1,0,21
31,30,1,0,13
31,31,1,0,17
31,32,1,0,6
31,33,1,0,12
31,34,1,0,11
31,35,1,0,23
31,36,1,0,24
31,37,1,0,17
31,38,1,0,14
31,39,1,0,23
31,40,1,0,11
31,41,1,0,6
31,42,1,4,0
31,43,4,0,16
31,44,1,4,8
31,45,1,4,22
31,46,1,4,20
31,47,1,4,20
31,48,1,0,10
31,49,4,0,7
31,50,4,0,16
31,51,1,4,24
31,52,1,0,1
31,53,1,0,22
31,54,1,0,3
31,55,1,0,17
31,56,1,0,19
31,57,1,0,9
31,58,1,0,0
31,59,1,0,17
31,60,1,0,11
31,61,1,0,14
31,62,1,0,8
31,63,1,0,14
31,64,1,0,19
31,65,1,0,4
31,66,1,0,7
31,67,1,0,22
31,68,1,0,6
31,69,1,0,4
31,70,1,0,19
31,71,1,0,21
31,72,1,4,1
31,73,4,0,13
31,74,4,0,20
31,75,4,0,18
31,76,4,0,14
31,77,1,4,16
31,78,1,4,16
32,0,4,0,17
32,1,4,0,21
32,2,1,4,7
32,3,1,0,14
32,4,1,0,14
32,5,1,0,14
32,6,1,0,11
32,7,1,0,18
32,8,1,0,6
32,9,1,0,4
32,10,1,0,2
32,11,1,0,10
32,12,1,0,15
32,13,1,0,12
32,14,1,0,4
32,15,1,2,18
32,16,2,0,13
32,17,1,2,24
32,18,1,0,13
32,19,1,0,11
32,20,1,0,17
32,21,1,0,23
32,22,1,0,13
32,23,1,0,1
32,24,1,0,16
32,25,1,0,4
32,26,1,0,3
32,27,1,0,2
32,28,1,0,6
32,29,1,0,19
32,30,1,0,10
32,31,1,0,3
32,32,1,0,19
32,33,1,0,23
32,34,1,0,5
32,35,1,0,16
32,36,1,0,16
32,37,1,0,22
32,38,1,0,0
32,39,1,0,24
32,40,1,0,0
32,41,1,0,16
32,42,1,4,18
32,43,4,0,5
32,44,4,0,12
32,45,1,4,8
32,46,1,4,8
32,47,1,4,21
32,48,4,0,12
32,49,4,0,12
32,50,1,4,19
32,51,1,0,24
32,52,1,0,3
32,53,1,0,14
32,54,1,0,24
32,55,1,0,14
32,56,1,0,12
32,57,1,0,12
32,58,1,0,17
32,59,1,0,19
32,60,1,0,17
32,61,1,0,4
32,62,1,0,8
32,63,1,0,16
32,64,1,0,21
32,65,1,0,10
32,66,1,0,5
32,67,1,0,15
32,68,1,0,0
32,69,1,0,22
32,70,1,0,13
32,71,1,0,5
32,72,1,4,18
32,73,4,0,9
32,74,4,0,5
32,75,4,0,1
32,76,1,4,6
32,77,1,4,4
32,78,1,4,18
33,0,4,0,9
33,1,4,0,12
33,2,1,4,22
33,3,1,0,22
33,4,1,0,3
33,5,1,0,5
33,6,1,0,10
33,7,1,0,11
33,8,1,0,9
33,9,1,0,2
33,10,1,0,15
33,11,1,0,3
33,12,1,0,24
33,13,1,0,24
33,14,1,2,0
33,15,2,0,16
33,16,1,2,6
33,17,1,0,21
33,18,1,0,21
33,19,1,0,22
33,20,1,0,15
33,21,1,0,20
33,22,1,0,13
33,23,1,0,23
33,24,1,0,2
33,25,1,0,19
33,26,1,0,10
33,27,1,0,5
33,28,1,0,18
33,29,1,0,6
33,30,1,0,11
33,31,1,0,24
33,32,1,0,22
33,33,1,0,14
33,34,1,0,13
33,35,1,0,14
33,36,1,0,17
33,37,1,0,3
33,38,1,0,14
33,39,1,0,2
33,40,1,0,1
33,41,1,4,0
33,42,4,0,17
33,43,4,0,4
33,44,4,0,18
33,45,4,0,6
33,46,4,0,12
33,47,4,0,5
33,48,4,0,17
33,49,1,4,19
33,50,1,0,10
33,51,1,0,17
33,52,1,0,4
33,53,1,0,12
33,54,1,0,12
33,55,1,0,24
33,56,1,0,19
33,57,1,0,11
33,58,1,0,18
33,59,1,0,13
33,60,1,0,5
33,61,1,0,21
33,62,1,0,3
33,63,1,0,10
33,64,1,0,14
33,65,1,0,14
33,66,1,0,24
33,67,1,0,14
33,68,1,0,3
33,69,1,0,14
33,70,1,0,12
33,71,1,4,0
33,72,4,0,2
33,73,4,0,2
33,74,4,0,5
33,75,4,0,6
33,76,1,4,24
33,77,1,4,0
33,78,4,0,19
34,0,4,0,17
34,1,4,0,18
34,2,1,4,22
34,3,1,4,20
34,4,1,4,20
34,5,1,0,17
34,6,1,0,8
34,7,1,0,21
34,8,1,0,11
34,9,1,0,12
34,10,1,0,19
34,11,1,0,19
34,12,1,0,7
34,13,1,0,8
34,14,1,2,18
34,15,2,0,18
34,16,1,2,24
34,17,1,0,15
34,18,1,0,11
34,19,1,0,19
34,20,1,0,11
34,21,1,0,9
34,22,1,0,21
34,23,1,0,4
34,24,1,0,23
34,25,1,0,0
34,26,1,0,9
34,27,1,0,3
34,28,1,0,7
34,29,1,0,13
34,30,1,0,17
34,31,1,0,3
34,32,1,0,2
34,33,1,0,24
34,34,1,0,24
34,35,1,0,18
34,36,1,0,9
34,37,1,0,15
34,38,1,0,1
34,39,1,0,17
34,40,1,0,12
34,41,1,4,18
34,42,4,0,7
34,43,4,0,5
34,44,4,0,7
34,45,4,0,24
34,46,4,0,0
34,47,4,0,1
34,48,1,4,14
34,49,1,0,16
34,50,1,0,1
34,51,1,0,16
34,52,1,0,9
34,53,1,0,21
34,54,1,0,12
34,55,1,0,16
34,56,1,0,2
34,57,1,0,13
34,58,1,0,15
34,59,1,0,6
34,60,1,0,5
34,61,1,0,13
34,62,1,0,9
34,63,1,0,15
34,64,1,0,1
34,65,1,0,16
34,66,1,0,8
34,67,1,0,7
34,68,1,0,24
34,69,1,0,13
34,70,1,0,17
34,71,1,4,2
34,72,4,0,10
34,73,4,0,10
34,74,4,0,23
34,75,1,4,9
34,76,1,0,10
34,77,1,4,3
34,78,4,0,5
35,0,4,0,16
35,1,4,0,11
35,2,1,4,8
35,3,1,4,8
35,4,1,4,23
35,5,1,0,13
35,6,1,0,13
35,7,1,0,6
35,8,1,0,8
35,9,1,0,1
35,10,1,0,19
35,11,1,0,5
35,12,1,0,23
35,13,1,2,0
35,14,2,0,20
35,15,1,2,6
35,16,1,0,24
35,17,1,0,23
35,18,1,0,7
35,19,1,0,11
35,20,1,0,23
35,21,1,0,1
35,22,1,0,5
35,23,1,0,16
35,24,1,0,5
35,25,1,0,4
35,26,1,0,21
35,27,1,0,14
35,28,1,0,17
35,29,1,0,11
35,30,1,0,11
35,31,1,0,20
35,32,1,0,7
35,33,1,0,11
35,34,1,0,22
35,35,1,0,21
35,36,1,0,10
35,37,1,0,12
35,38,1,0,8
35,39,1,0,6
35,40,1,4,0
35,41,4,0,9
35,42,4,0,9
35,43,4,0,12
35,44,1,4,16
35,45,4,0,11
35,46,4,0,10
35,47,1,4,6
35,48,1,0,0
35,49,1,0,20
35,50,1,0,22
35,51,1,0,16
35,52,1,0,24
35,53,1,0,12
35,54,1,0,24
35,55,1,0,14
35,56,1,0,15
35,57,1,0,13
35,58,1,0,3
35,59,1,0,12
35,60,1,0,5
35,61,1,0,7
35,62,1,0,8
35,63,1,0,17
35,64,1,0,23
35,65,1,0,22
35,66,1,0,5
35,67,1,0,21
35,68,1,0,16
35,69,1,0,16
35,70,1,0,3
35,71,1,4,18
35,72,4,0,23
35,73,4,0,0
35,74,1,4,11
35,75,1,0,22
35,76,1,0,2
35,77,1,4,2
35,78,4,0,2
36,0,4,0,20
36,1,4,0,4
36,2,4,0,7
36,3,4,0,5
36,4,1,4,22
36,5,1,4,20
36,6,1,4,20
36,7,1,0,11
36,8,1,0,15
36,9,1,0,17
36,10,1,0,18
36,11,1,0,12
36,12,1,0,19
36,13,1,2,18
36,14,2,0,13
36,15,1,2,24
36,16,1,0,22
36,17,1,0,23
36,18,1,0,23
36,19,1,0,12
36,20,1,0,1
36,21,1,0,1
36,22,1,0,0
36,23,1,0,7
36,24,1,0,7
36,25,1,0,17
36,26,1,0,5
36,27,1,0,5
36,28,1,0,22
36,29,1,0,17
36,30,1,0,21
36,31,1,0,19
36,32,1,0,14
36,33,1,0,24
36,34,1,0,14
36,35,1,0,6
36,36,1,0,23
36,37,1,0,21
36,38,1,0,0
36,39,1,0,5
36,40,1,4,18
36,41,4,0,0
36,42,4,0,24
36,43,1,4,6
36,44,4,0,3
36,45,4,0,14
36,46,4,0,24
36,47,1,4,24
36,48,1,0,13
36,49,1,0,17
36,50,1,0,10
36,51,1,0,3
36,52,1,0,16
36,53,1,0,13
36,54,1,0,1
36,55,1,0,4
36,56,1,0,20
36,57,1,0,16
36,58,1,0,18
36,59,1,0,11
36,60,1,0,20
36,61,1,0,14
36,62,1,0,14
36,63,1,0,2
36,64,1,0,20
36,65,1,0,16
36,66,1,0,6
36,67,1,0,2
36,68,1,0,4
36,69,1,0,2
36,70,1,4,0
36,71,4,0,2
36,72,1,4,16
36,73,1,4,11
36,74,1,0,12
36,75,1,0,20
36,76,1,0,4
36,77,1,4,2
36,78,4,0,21
37,0,4,0,16
37,1,4,0,12
37,2,4,0,3
37,3,4,0,24
37,4,1,4,8
37,5,1,4,8
37,6,1,4,7
37,7,1,0,0
37,8,1,0,11
37,9,1,0,0
37,10,1,0,8
37,11,1,0,23
37,12,1,2,13
37,13,2,0,22
37,14,1,2,19
37,15,1,0,22
37,16,1,0,13
37,17,1,0,23
37,18,1,0,9
37,19,1,0,10
37,20,1,0,11
37,21,1,0,1
37,22,1,0,14
37,23,1,0,6
37,24,1,0,11
37,25,1,0,6
37,26,1,0,10
37,27,1,0,12
37,28,1,0,15
37,29,1,0,5
37,30,1,0,18
37,31,1,0,22
37,32,1,0,18
37,33,1,0,15
37,34,1,0,11
37,35,1,0,24
37,36,1,0,0
37,37,1,0,20
37,38,1,0,3
37,39,1,4,15
37,40,4,0,0
37,41,4,0,19
37,42,4,0,3
37,43,4,0,13
37,44,4,0,8
37,45,4,0,21
37,46,1,4,6
37,47,1,0,19
37,48,1,0,20
37,49,1,0,17
37,50,1,0,18
37,51,1,0,10
37,52,1,0,4
37,53,1,0,12
37,54,1,0,14
37,55,1,0,0
37,56,1,0,15
37,57,1,0,24
37,58,1,0,13
37,59,1,0,10
37,60,1,0,2
37,61,1,0,19
37,62,1,0,13
37,63,1,0,17
37,64,1,0,12
37,65,1,0,6
37,66,1,0,5
37,67,1,0,20
37,68,1,0,10
37,69,1,0,18
37,70,1,4,17
37,71,1,4,9
37,72,1,4,4
37,73,1,0,8
37,74,1,0,8
37,75,1,0,10
37,76,1,0,4
37,77,1,4,18
37,78,4,0,5
38,0,4,0,17
38,1,4,0,22
38,2,4,0,9
38,3,4,0,10
38,4,4,0,24
38,5,4,0,22
38,6,1,4,22
38,7,1,4,20
38,8,1,4,20
38,9,1,4,20
38,10,1,4,20
38,11,1,2,13
38,12,2,0,10
38,13,1,2,6
38,14,1,0,12
38,15,1,0,22
38,16,1,0,12
38,17,1,0,22
38,18,1,0,17
38,19,1,0,6
38,20,1,0,21
38,21,1,0,10
38,22,1,0,14
38,23,1,0,23
38,24,1,0,17
38,25,1,0,15
38,26,1,0,21
38,27,1,0,2
38,28,1,0,0
38,29,1,0,12
38,30,1,0,23
38,31,1,0,0
38,32,1,0,0
38,33,1,0,8
38,34,1,0,4
38,35,1,0,16
38,36,1,0,18
38,37,1,0,10
38,38,1,4,13
38,39,4,0,2
38,40,4,0,24
38,41,4,0,11
38,42,4,0,8
38,43,4,0,13
38,44,4,0,14
38,45,4,0,1
38,46,1,4,24
38,47,1,0,2
38,48,1,0,14
38,49,1,0,24
38,50,1,0,11
38,51,1,0,16
38,52,1,0,1
38,53,1,0,3
38,54,1,0,19
38,55,1,0,22
38,56,1,0,8
38,57,1,0,21
38,58,1,0,17
38,59,1,0,19
38,60,1,0,7
38,61,1,0,12
38,62,1,0,0
38,63,1,0,12
38,64,1,0,21
38,65,1,0,8
38,66,1,0,4
38,67,1,0,24
38,68,1,0,12
38,69,1,0,12
38,70,1,4,4
38,71,1,0,9
38,72,1,0,11
38,73,1,0,24
38,74,1,0,23
38,75,1,0,22
38,76,1,4,0
38,77,4,0,15
38,78,4,0,21
39,0,4,0,20
39,1,4,0,7
39,2,4,0,19
39,3,4,0,4
39,4,4,0,20
39,5,4,0,10
39,6,1,4,8
39,7,1,4,8
39,8,1,4,8
39,9,1,4,8
39,10,1,2,0
39,11,2,0,3
39,12,2,0,1
39,13,1,2,24
39,14,1,0,20
39,15,1,0,16
39,16,1,0,9
39,17,1,0,12
39,18,1,0,6
39,19,1,0,12
39,20,1,0,2
39,21,1,0,22
39,22,1,0,24
39,23,1,0,17
39,24,1,0,3
39,25,1,0,13
39,26,1,0,23
39,27,1,0,7
39,28,1,0,9
39,29,1,0,8
39,30,1,0,16
39,31,1,0,22
39,32,1,0,5
39,33,1,0,1
39,34,1,0,14
39,35,1,0,22
39,36,1,0,10
39,37,1,4,15
39,38,4,0,3
39,39,4,0,15
39,40,4,0,18
39,41,4,0,24
39,42,4,0,23
39,43,4,0,5
39,44,4,0,1
39,45,1,4,6
39,46,1,0,9
39,47,1,0,2
39,48,1,0,6
39,49,1,0,5
39,50,1,0,20
39,51,1,0,19
39,52,1,0,4
39,53,1,0,13
39,54,1,0,5
39,55,1,0,20
39,56,1,0,15
39,57,1,0,5
39,58,1,0,8
39,59,1,0,6
39,60,1,0,8
39,61,1,0,10
39,62,1,0,12
39,63,1,0,5
39,64,1,0,18
39,65,1,0,19
39,66,1,0,12
39,67,1,0,0
39,68,1,0,10
39,69,1,0,22
39,70,1,0,3
39,71,1,0,22
39,72,1,0,0
39,73,1,0,7
39,74,1,0,12
39,75,1,0,1
39,76,1,4,2
39,77,4,0,12
39,78,4,0,13
40,0,4,0,8
40,1,4,0,7
40,2,4,0,4
40,3,4,0,7
40,4,4,0,14
40,5,4,0,14
40,6,4,0,14
40,7,4,0,14
40,8,4,0,16
40,9,4,0,12
40,10,1,2,17
40,11,2,0,7
40,12,1,2,19
40,13,1,0,4
40,14,1,0,14
40,15,1,0,3
40,16,1,0,8
40,17,1,0,8
40,18,1,0,24
40,19,1,0,23
40,20,1,0,17
40,21,1,0,10
40,22,1,0,6
40,23,1,0,7
40,24,1,0,2
40,25,1,0,23
40,26,1,0,1
40,27,1,0,17
40,28,1,0,14
40,29,1,0,11
40,30,1,0,7
40,31,1,0,10
40,32,1,0,5
40,33,1,0,15
40,34,1,0,6
40,35,1,0,10
40,36,1,4,0
40,37,4,0,23
40,38,4,0,18
40,39,4,0,8
40,40,4,0,2
40,41,4,0,10
40,42,1,4,16
40,43,1,4,16
40,44,4,0,6
40,45,1,4,24
40,46,1,0,7
40,47,1,0,21
40,48,1,0,9
40,49,1,0,11
40,50,1,0,16
40,51,1,0,24
40,52,1,0,24
40,53,1,0,10
40,54,1,0,13
40,55,1,0,5
40,56,1,0,13
40,57,1,0,17
40,58,1,0,17
40,59,1,0,8
40,60,1,0,10
40,61,1,0,7
40,62,1,0,8
40,63,1,0,19
40,64,1,0,4
40,65,1,0,21
40,66,1,0,9
40,67,1,0,5
40,68,1,0,2
40,69,1,0,11
40,70,1,0,18
40,71,1,0,19
40,72,1,0,0
40,73,1,0,20
40,74,1,0,20
40,75,1,0,14
40,76,1,4,18
40,77,4,0,13
40,78,4,0,3
41,0,4,0,21
41,1,4,0,24
41,2,4,0,15
41,3,4,0,20
41,4,4,0,14
41,5,4,0,6
41,6,4,0,15
41,7,4,0,21
41,8,4,0,13
41,9,4,0,14
41,10,1,2,17
41,11,1,2,14
41,12,1,0,17
41,13,1,0,6
41,14,1,0,10
41,15,1,0,19
41,16,1,0,5
41,17,1,0,10
41,18,1,0,6
41,19,1,0,15
41,20,1,0,0
41,21,1,0,11
41,22,1,0,9
41,23,1,0,2
41,24,1,0,22
41,25,1,0,11
41,26,1,0,19
41,27,1,0,7
41,28,1,0,4
41,29,1,0,6
41,30,1,0,5
41,31,1,0,5
41,32,1,0,14
41,33,1,0,23
41,34,1,0,18
41,35,1,0,4
41,36,1,4,18
41,37,4,0,11
41,38,4,0,12
41,39,4,0,6
41,40,4,0,18
41,41,1,4,6
41,42,1,4,4
41,43,1,4,17
41,44,1,4,11
41,45,1,0,8
41,46,1,0,1
41,47,1,0,10
41,48,1,0,10
41,49,1,0,21
41,50,1,0,21
41,51,1,0,14
41,52,1,0,8
41,53,1,0,12
41,54,1,0,23
41,55,1,0,5
41,56,1,0,14
41,57,1,0,17
41,58,1,0,21
41,59,1,0,14
41,60,1,0,18
41,61,1,0,7
41,62,1,0,18
41,63,1,0,23
41,64,1,0,20
41,65,1,0,14
41,66,1,0,4
41,67,1,0,0
41,68,1,0,2
41,69,1,0,0
41,70,1,0,14
41,71,1,0,17
41,72,1,0,16
41,73,1,0,22
41,74,1,0,17
41,75,1,4,0
41,76,4,0,10
41,77,4,0,14
41,78,4,0,15
42,0,4,0,16
42,1,4,0,3
42,2,4,0,16
42,3,4,0,12
42,4,4,0,24
42,5,4,0,12
42,6,4,0,24
42,7,4,0,23
42,8,4,0,8
42,9,1,4,14
42,10,1,2,4
42,11,1,0,6
42,12,1,0,18
42,13,1,0,15
42,14,1,0,10
42,15,1,0,18
42,16,1,0,21
42,17,1,0,8
42,18,1,0,4
42,19,1,0,14
42,20,1,0,8
42,21,1,0,17
42,22,1,0,2
42,23,1,0,15
42,24,1,0,13
42,25,1,0,21
42,26,1,0,0
42,27,1,0,18
42,28,1,0,21
42,29,1,0,23
42,30,1,0,14
42,31,1,0,5
42,32,1,0,0
42,33,1,0,17
42,34,1,0,23
42,35,1,4,0
42,36,4,0,20
42,37,4,0,15
42,38,4,0,24
42,39,4,0,18
42,40,4,0,8
42,41,1,4,24
42,42,1,0,11
42,43,1,4,4
42,44,1,0,4
42,45,1,0,6
42,46,1,0,24
42,47,1,0,11
42,48,1,0,8
42,49,1,0,3
42,50,1,0,23
42,51,1,0,19
42,52,1,0,20
42,53,1,0,2
42,54,1,0,20
42,55,1,0,21
42,56,1,0,7
42,57,1,0,3
42,58,1,0,12
42,59,1,0,14
42,60,1,0,3
42,61,1,0,23
42,62,1,0,16
42,63,1,0,5
42,64,1,0,19
42,65,1,0,17
42,66,1,0,6
42,67,1,0,22
42,68,1,0,20
42,69,1,0,17
42,70,1,0,22
42,71,1,0,19
42,72,1,0,8
42,73,1,0,9
42,74,1,0,6
42,75,1,4,3
42,76,4,0,6
42,77,4,0,20
42,78,4,0,19
43,0,4,0,3
43,1,4,0,17
43,2,4,0,0
43,3,4,0,19
43,4,4,0,12
43,5,4,0,14
43,6,4,0,11
43,7,4,0,15
43,8,1,4,6
43,9,1,0,6
43,10,1,0,15
43,11,1,0,2
43,12,1,0,0
43,13,1,0,19
43,14,1,0,18
43,15,1,0,9
43,16,1,0,12
43,17,1,0,23
43,18,1,0,24
43,19,1,0,24
43,20,1,0,14
43,21,1,0,17
43,22,1,0,23
43,23,1,0,7
43,24,1,0,8
43,25,1,0,6
43,26,1,0,21
43,27,1,0,3
43,28,1,0,22
43,29,1,0,23
43,30,1,0,11
43,31,1,0,13
43,32,1,0,14
43,33,1,0,5
43,34,1,0,23
43,35,1,4,18
43,36,4,0,24
43,37,4,0,21
43,38,4,0,5
43,39,4,0,7
43,40,1,4,11
43,41,1,0,16
43,42,1,0,13
43,43,1,0,22
43,44,1,0,16
43,45,1,0,13
43,46,1,0,11
43,47,1,0,5
43,48,1,0,3
43,49,1,0,15
43,50,1,0,13
43,51,1,0,13
43,52,1,0,24
43,53,1,0,22
43,54,1,0,7
43,55,1,0,14
43,56,1,0,13
43,57,1,0,17
43,58,1,0,16
43,59,1,0,23
43,60,1,0,16
43,61,1,0,22
43,62,1,0,22
43,63,1,0,24
43,64,1,0,24
43,65,1,0,7
43,66,1,0,16
43,67,1,0,5
43,68,1,0,13
43,69,1,0,4
43,70,1,0,1
43,71,1,0,4
43,72,1,0,22
43,73,1,0,8
43,74,1,0,1
43,75,1,4,18
43,76,4,0,3
43,77,4,0,23
43,78,4,0,11
44,0,4,0,11
44,1,4,0,1
44,2,4,0,17
44,3,4,0,24
44,4,4,0,5
44,5,4,0,23
44,6,4,0,11
44,7,4,0,9
44,8,1,4,24
44,9,1,0,16
44,10,1,0,11
44,11,1,0,22
44,12,1,0,12
44,13,1,0,0
44,14,1,0,1
44,15,1,0,1
44,16,1,0,12
44,17,1,0,24
44,18,1,0,11
44,19,1,0,9
44,20,1,0,10
44,21,1,0,17
44,22,1,0,21
44,23,1,0,11
44,24,1,0,17
44,25,1,0,9
44,26,1,0,5
44,27,1,0,10
44,28,1,0,19
44,29,1,0,0
44,30,1,0,13
44,31,1,0,18
44,32,1,0,12
44,33,1,0,21
44,34,1,4,10
44,35,4,0,21
44,36,4,0,10
44,37,4,0,24
44,38,4,0,13
44,39,1,4,19
44,40,1,0,7
44,41,1,0,22
44,42,1,0,15
44,43,1,0,16
44,44,1,0,17
44,45,1,0,5
44,46,1,0,14
44,47,1,0,4
44,48,1,0,4
44,49,1,0,11
44,50,1,0,18
44,51,1,0,23
44,52,1,0,0
44,53,1,0,19
44,54,1,0,14
44,55,1,0,8
44,56,1,0,18
44,57,1,0,20
44,58,1,0,19
44,59,1,0,6
44,60,1,0,4
44,61,1,0,15
44,62,1,0,6
44,63,1,0,10
44,64,1,0,18
44,65,1,0,5
44,66,1,0,6
44,67,1,0,8
44,68,1,0,2
44,69,1,0,7
44,70,1,0,12
44,71,1,0,13
44,72,1,0,22
44,73,1,0,11
44,74,1,4,0
44,75,4,0,21
44,76,4,0,21
44,77,4,0,19
44,78,4,0,1
45,0,4,0,9
45,1,4,0,20
45,2,4,0,5
45,3,4,0,11
45,4,4,0,4
45,5,4,0,21
45,6,4,0,7
45,7,1,4,6
45,8,1,0,2
45,9,1,0,19
45,10,1,0,16
45,11,1,0,0
45,12,1,0,9
45,13,1,0,22
45,14,1,0,9
45,15,1,0,9
45,16,1,0,10
45,17,1,0,21
45,18,1,0,8
45,19,1,0,20
45,20,1,0,16
45,21,1,0,6
45,22,1,0,15
45,23,1,0,19
45,24,1,0,2
45,25,1,0,1
45,26,1,0,20
45,27,1,0,18
45,28,1,0,18
45,29,1,0,3
45,30,1,0,12
45,31,1,0,10
45,32,1,0,15
45,33,1,4,5
45,34,4,0,14
45,35,4,0,7
45,36,4,0,22
45,37,4,0,1
45,38,1,4,14
45,39,1,0,23
45,40,1,0,3
45,41,1,0,9
45,42,1,0,13
45,43,1,0,0
45,44,1,0,12
45,45,1,0,11
45,46,1,0,13
45,47,1,0,4
45,48,1,0,8
45,49,1,0,10
45,50,1,0,6
45,51,1,0,19
45,52,1,0,0
45,53,1,0,9
45,54,1,0,22
45,55,1,0,6
45,56,1,0,20
45,57,1,0,17
45,58,1,0,1
45,59,1,0,1
45,60,1,0,6
45,61,1,0,17
45,62,1,0,7
45,63,1,0,4
45,64,1,0,8
45,65,1,0,0
45,66,1,0,10
45,67,1,0,5
45,68,1,0,6
45,69,1,0,8
45,70,1,0,16
45,71,1,0,14
45,72,1,0,24
45,73,1,0,1
45,74,1,4,1
45,75,4,0,3
45,76,4,0,15
45,77,4,0,10
45,78,4,0,1
46,0,4,0,5
46,1,4,0,14
46,2,4,0,21
46,3,4,0,0
46,4,4,0,23
46,5,4,0,6
46,6,4,0,13
46,7,1,4,24
46,8,1,0,5
46,9,1,0,12
46,10,1,0,0
46,11,1,0,16
46,12,1,0,24
46,13,1,0,17
46,14,1,0,3
46,15,1,0,1
46,16,1,0,4
46,17,1,0,20
46,18,1,0,11
46,19,1,0,16
46,20,1,0,14
46,21,1,0,0
46,22,1,0,3
46,23,1,0,21
46,24,1,0,21
46,25,1,0,9
46,26,1,0,8
46,27,1,0,10
46,28,1,0,8
46,29,1,0,2
46,30,1,0,12
46,31,1,0,24
46,32,1,4,15
46,33,4,0,12
46,34,4,0,24
46,35,1,4,16
46,36,1,4,16
46,37,1,4,11
46,38,1,0,4
46,39,1,0,0
46,40,1,0,4
46,41,1,0,15
46,42,1,0,1
46,43,1,0,3
46,44,1,0,22
46,45,1,0,13
46,46,1,0,4
46,47,1,0,24
46,48,1,0,17
46,49,1,0,7
46,50,1,0,17
46,51,1,0,22
46,52,1,0,0
46,53,1,0,12
46,54,1,0,17
46,55,1,0,13
46,56,1,0,18
46,57,1,0,7
46,58,1,0,4
46,59,1,0,13
46,60,1,0,7
46,61,1,0,23
46,62,1,0,3
46,63,1,0,22
46,64,1,0,13
46,65,1,0,2
46,66,1,0,2
46,67,1,0,20
46,68,1,0,20
46,69,1,0,14
46,70,1,0,22
46,71,1,0,11
46,72,1,0,3
46,73,1,0,18
46,74,1,4,18
46,75,4,0,17
46,76,4,0,21
46,77,4,0,13
46,78,4,0,16
47,0,4,0,7
47,1,4,0,0
47,2,4,0,5
47,3,4,0,18
47,4,4,0,14
47,5,4,0,22
47,6,1,4,6
47,7,1,0,19
47,8,1,0,20
47,9,1,0,24
47,10,1,0,15
47,11,1,0,10
47,12,1,0,8
47,13,1,0,9
47,14,1,0,19
47,15,1,0,12
47,16,1,0,2
47,17,1,0,24
47,18,1,0,11
47,19,1,0,21
47,20,1,0,1
47,21,1,0,7
47,22,1,0,11
47,23,1,0,13
47,24,1,0,11
47,25,1,0,3
47,26,1,0,22
47,27,1,0,5
47,28,1,0,23
47,29,1,0,8
47,30,1,0,19
47,31,1,4,13
47,32,4,0,22
47,33,4,0,1
47,34,1,4,9
47,35,1,4,4
47,36,1,4,4
47,37,1,0,14
47,38,1,0,9
47,39,1,0,4
47,40,1,0,4
47,41,1,0,9
47,42,1,0,24
47,43,1,0,24
47,44,1,0,13
47,45,1,0,18
47,46,1,0,4
47,47,1,0,16
47,48,1,0,7
47,49,1,0,9
47,50,1,0,5
47,51,1,0,15
47,52,1,0,11
47,53,1,0,18
47,54,1,0,17
47,55,1,0,0
47,56,1,0,9
47,57,1,0,0
47,58,1,0,8
47,59,1,0,4
47,60,1,0,16
47,61,1,0,4
47,62,1,0,15
47,63,1,0,22
47,64,1,0,17
47,65,1,0,7
47,66,1,0,18
47,67,1,0,23
47,68,1,0,14
47,69,1,0,9
47,70,1,0,16
47,71,1,0,19
47,72,1,0,13
47,73,1,4,0
47,74,4,0,20
47,75,4,0,10
47,76,4,0,10
47,77,4,0,11
47,78,4,0,8
48,0,4,0,11
48,1,4,0,16
48,2,4,0,8
48,3,4,0,15
48,4,4,0,11
48,5,4,0,9
48,6,1,4,22
48,7,1,0,22
48,8,1,0,13
48,9,1,0,3
48,10,1,0,5
48,11,1,0,16
48,12,1,0,15
48,13,1,0,9
48,14,1,0,22
48,15,1,0,12
48,16,1,0,20
48,17,1,0,24
48,18,1,0,4
48,19,1,0,1
48,20,1,0,21
48,21,1,0,18
48,22,1,0,6
48,23,1,0,7
48,24,1,0,17
48,25,1,0,24
48,26,1,0,21
48,27,1,4,20
48,28,1,4,20
48,29,1,4,20
48,30,1,4,10
48,31,4,0,1
48,32,4,0,2
48,33,1,4,6
48,34,1,0,0
48,35,1,0,21
48,36,1,0,16
48,37,1,0,0
48,38,1,0,9
48,39,1,0,14
48,40,1,0,14
48,41,1,0,20
48,42,1,0,19
48,43,1,0,19
48,44,1,0,11
48,45,1,0,19
48,46,1,0,7
48,47,1,0,15
48,48,1,0,8
48,49,1,0,19
48,50,1,0,4
48,51,1,0,2
48,52,1,0,21
48,53,1,0,5
48,54,1,0,14
48,55,1,0,14
48,56,1,0,4
48,57,1,0,11
48,58,1,0,9
48,59,1,0,18
48,60,1,0,22
48,61,1,0,10
48,62,1,0,3
48,63,1,0,13
48,64,1,0,10
48,65,1,0,22
48,66,1,0,20
48,67,1,0,23
48,68,1,0,16
48,69,1,0,10
48,70,1,0,24
48,71,1,0,0
48,72,1,0,15
48,73,1,4,18
48,74,4,0,4
48,75,4,0,1
48,76,4,0,17
48,77,4,0,22
48,78,4,0,2
49,0,4,0,3
49,1,4,0,19
49,2,4,0,16
49,3,4,0,20
49,4,4,0,19
49,5,4,0,14
49,6,1,4,7
49,7,1,0,4
49,8,1,0,24
49,9,1,0,11
49,10,1,0,24
49,11,1,0,11
49,12,1,0,16
49,13,1,0,11
49,14,1,0,8
49,15,1,0,15
49,16,1,0,23
49,17,1,0,15
49,18,1,0,6
49,19,1,0,9
49,20,1,0,11
49,21,1,0,1
49,22,1,0,7
49,23,1,0,14
49,24,1,0,12
49,25,1,0,8
49,26,1,4,5
49,27,1,4,8
49,28,1,4,8
49,29,1,4,8
49,30,4,0,9
49,31,4,0,17
49,32,4,0,20
49,33,1,4,24
49,34,1,0,21
49,35,1,0,1
49,36,1,0,20
49,37,1,0,20
49,38,1,0,3
49,39,1,0,3
49,40,1,0,11
49,41,1,0,8
49,42,1,0,15
49,43,1,0,20
49,44,1,0,15
49,45,1,0,18
49,46,1,0,14
49,47,1,0,4
49,48,1,0,9
49,49,1,0,20
49,50,1,0,18
49,51,1,0,17
49,52,1,0,20
49,53,1,0,11
49,54,1,0,4
49,55,1,0,5
49,56,1,0,18
49,57,1,0,24
49,58,1,0,13
49,59,1,0,20
49,60,1,0,1
49,61,1,0,8
49,62,1,0,23
49,63,1,0,24
49,64,1,0,0
49,65,1,0,11
49,66,1,0,1
49,67,1,0,5
49,68,1,0,14
49,69,1,0,20
49,70,1,0,11
49,71,1,0,21
49,72,1,4,0
49,73,4,0,5
49,74,4,0,18
49,75,4,0,23
49,76,4,0,5
49,77,4,0,9
49,78,4,0,5
50,0,4,0,3
50,1,4,0,1
50,2,4,0,13
50,3,4,0,17
50,4,4,0,23
50,5,4,0,14
50,6,1,4,24
50,7,1,0,24
50,8,1,0,4
50,9,1,0,13
50,10,1,0,11
50,11,1,0,10
50,12,1,0,4
50,13,1,0,23
50,14,1,0,23
50,15,1,0,4
50,16,1,0,5
50,17,1,0,0
50,18,1,0,9
50,19,1,0,10
50,20,1,0,0
50,21,1,0,17
50,22,1,0,9
50,23,1,0,5
50,24,1,0,16
50,25,1,4,0
50,26,4,0,21
50,27,4,0,24
50,28,4,0,22
50,29,4,0,2
50,30,4,0,8
50,31,4,0,10
50,32,1,4,6
50,33,1,0,16
50,34,1,0,6
50,35,1,0,12
50,36,1,0,16
50,37,1,0,2
50,38,1,0,17
50,39,1,0,17
50,40,1,0,18
50,41,1,0,9
50,42,1,0,12
50,43,1,0,10
50,44,1,0,24
50,45,1,0,11
50,46,1,0,10
50,47,1,0,22
50,48,1,0,13
50,49,1,0,16
50,50,1,0,18
50,51,1,0,8
50,52,1,0,18
50,53,1,0,12
50,54,1,0,17
50,55,1,0,22
50,56,1,0,0
50,57,1,0,8
50,58,1,0,12
50,59,1,0,8
50,60,1,0,14
50,61,1,0,3
50,62,1,0,13
50,63,1,0,24
50,64,1,0,24
50,65,1,0,5
50,66,1,0,17
50,67,1,0,23
50,68,1,0,9
50,69,1,0,4
50,70,1,0,6
50,71,1,0,21
50,72,1,4,2
50,73,4,0,19
50,74,4,0,17
50,75,4,0,1
50,76,4,0,2
50,77,4,0,12
50,78,4,0,20
51,0,4,0,1
51,1,4,0,3
51,2,4,0,23
51,3,4,0,17
51,4,4,0,19
51,5,1,4,6
51,6,1,0,23
51,7,1,0,12
51,8,1,0,17
51,9,1,0,4
51,10,1,0,11
51,11,1,0,5
51,12,1,0,14
51,13,1,0,8
51,14,1,0,12
51,15,1,0,0
51,16,1,0,16
51,17,1,0,10
51,18,1,0,13
51,19,1,0,3
51,20,1,0,21
51,21,1,0,16
51,22,1,0,24
51,23,1,0,23
51,24,1,0,10
51,25,1,4,18
51,26,4,0,16
51,27,4,0,18
51,28,4,0,13
51,29,4,0,16
51,30,4,0,1
51,31,4,0,23
51,32,1,4,22
51,33,1,0,21
51,34,1,0,22
51,35,1,0,21
51,36,1,0,20
51,37,1,0,20
51,38,1,0,9
51,39,1,0,0
51,40,1,0,8
51,41,1,0,23
51,42,1,0,2
51,43,1,0,3
51,44,1,0,14
51,45,1,0,16
51,46,1,0,1
51,47,1,0,10
51,48,1,0,4
51,49,1,0,14
51,50,1,0,15
51,51,1,0,11
51,52,1,0,22
51,53,1,0,3
51,54,1,0,21
51,55,1,0,14
51,56,1,0,11
51,57,1,0,14
51,58,1,0,2
51,59,1,0,22
51,60,1,0,13
51,61,1,0,16
51,62,1,0,14
51,63,1,0,10
51,64,1,0,17
51,65,1,0,16
51,66,1,0,7
51,67,1,0,16
51,68,1,0,11
51,69,1,0,9
51,70,1,0,11
51,71,1,0,7
51,72,1,4,1
51,73,4,0,15
51,74,4,0,6
51,75,4,0,9
51,76,4,0,3
51,77,4,0,17
51,78,4,0,0
52,0,4,0,6
52,1,4,0,8
52,2,4,0,22
52,3,4,0,0
52,4,4,0,11
52,5,1,4,24
52,6,1,0,11
52,7,1,0,18
52,8,1,0,3
52,9,1,0,15
52,10,1,0,13
52,11,1,0,15
52,12,1,0,8
52,13,1,0,18
52,14,1,0,2
52,15,1,0,11
52,16,1,0,3
52,17,1,0,12
52,18,1,0,13
52,19,1,0,1
52,20,1,0,23
52,21,1,0,14
52,22,1,0,5
52,23,1,0,22
52,24,1,4,0
52,25,4,0,20
52,26,4,0,21
52,27,4,0,0
52,28,4,0,3
52,29,4,0,11
52,30,4,0,8
52,31,4,0,24
52,32,1,4,24
52,33,1,0,21
52,34,1,0,13
52,35,1,0,15
52,36,1,0,0
52,37,1,0,7
52,38,1,0,6
52,39,1,0,20
52,40,1,0,19
52,41,1,0,9
52,42,1,0,6
52,43,1,0,6
52,44,1,0,10
52,45,1,0,18
52,46,1,0,13
52,47,1,0,15
52,48,1,0,19
52,49,1,0,11
52,50,1,0,18
52,51,1,0,16
52,52,1,0,4
52,53,1,0,8
52,54,1,0,18
52,55,1,0,4
52,56,1,0,12
52,57,1,0,2
52,58,1,0,8
52,59,1,0,10
52,60,1,0,23
52,61,1,0,15
52,62,1,0,21
52,63,1,0,20
52,64,1,0,14
52,65,1,0,11
52,66,1,0,20
52,67,1,0,17
52,68,1,0,19
52,69,1,0,4
52,70,1,0,11
52,71,1,0,4
52,72,1,4,17
52,73,4,0,15
52,74,4,0,4
52,75,4,0,9
52,76,4,0,13
52,77,4,0,21
52,78,4,0,18
53,0,4,0,17
53,1,4,0,15
53,2,4,0,15
53,3,4,0,4
53,4,1,4,6
53,5,1,0,2
53,6,1,0,0
53,7,1,0,23
53,8,1,0,18
53,9,1,0,6
53,10,1,0,8
53,11,1,0,13
53,12,1,0,17
53,13,1,0,13
53,14,1,0,18
53,15,1,0,0
53,16,1,0,5
53,17,1,0,6
53,18,1,0,15
53,19,1,0,19
53,20,1,0,21
53,21,1,0,14
53,22,1,0,11
53,23,1,0,6
53,24,1,4,18
53,25,4,0,7
53,26,4,0,21
53,27,4,0,10
53,28,4,0,12
53,29,4,0,12
53,30,4,0,3
53,31,1,4,6
53,32,1,0,4
53,33,1,0,18
53,34,1,0,20
53,35,1,0,21
53,36,1,0,6
53,37,1,0,12
53,38,1,0,3
53,39,1,0,13
53,40,1,0,3
53,41,1,0,10
53,42,1,0,20
53,43,1,0,8
53,44,1,0,18
53,45,1,0,24
53,46,1,0,7
53,47,1,0,22
53,48,1,0,16
53,49,1,0,14
53,50,1,0,2
53,51,1,0,8
53,52,1,0,5
53,53,1,0,12
53,54,1,0,21
53,55,1,0,23
53,56,1,0,5
53,57,1,0,0
53,58,1,0,1
53,59,1,0,23
53,60,1,0,22
53,61,1,0,7
53,62,1,0,22
53,63,1,0,2
53,64,1,0,6
53,65,1,0,21
53,66,1,0,2
53,67,1,0,0
53,68,1,0,21
53,69,1,0,3
53,70,1,0,4
53,71,1,0,1
53,72,1,2,20
53,73,4,0,16
53,74,4,0,15
53,75,4,0,23
53,76,4,0,2
53,77,4,0,12
53,78,4,0,8
54,0,4,0,22
54,1,4,0,20
54,2,4,0,21
54,3,4,0,18
54,4,1,4,21
54,5,1,0,21
54,6,1,0,4
54,7,1,0,14
54,8,1,0,10
54,9,1,0,1
54,10,1,0,12
54,11,1,0,5
54,12,1,0,9
54,13,1,0,20
54,14,1,0,16
54,15,1,0,11
54,16,1,0,8
54,17,1,0,21
54,18,1,0,19
54,19,1,0,15
54,20,1,0,1
54,21,1,0,10
54,22,1,0,24
54,23,1,4,15
54,24,4,0,3
54,25,1,4,16
54,26,4,0,1
54,27,4,0,23
54,28,4,0,13
54,29,4,0,8
54,30,4,0,15
54,31,1,4,22
54,32,1,0,12
54,33,1,0,17
54,34,1,0,23
54,35,1,0,2
54,36,1,0,21
54,37,1,0,14
54,38,1,0,20
54,39,1,0,4
54,40,1,0,16
54,41,1,0,14
54,42,1,0,22
54,43,1,0,20
54,44,1,0,19
54,45,1,0,13
54,46,1,0,12
54,47,1,0,1
54,48,1,0,1
54,49,1,0,12
54,50,1,0,5
54,51,1,0,7
54,52,1,0,24
54,53,1,0,20
54,54,1,0,9
54,55,1,0,6
54,56,1,0,23
54,57,1,0,21
54,58,1,0,4
54,59,1,0,7
54,60,1,0,21
54,61,1,0,7
54,62,1,0,19
54,63,1,0,12
54,64,1,0,21
54,65,1,0,1
54,66,1,0,17
54,67,1,0,7
54,68,1,0,10
54,69,1,0,20
54,70,1,0,17
54,71,1,2,0
54,72,1,2,16
54,73,1,4,16
54,74,4,0,10
54,75,4,0,16
54,76,4,0,8
54,77,4,0,9
54,78,4,0,19
55,0,4,0,23
55,1,4,0,0
55,2,4,0,16
55,3,4,0,17
55,4,1,4,24
55,5,1,0,8
55,6,1,0,24
55,7,1,0,2
55,8,1,0,2
55,9,1,0,20
55,10,1,0,1
55,11,1,0,17
55,12,1,0,0
55,13,1,0,15
55,14,1,0,0
55,15,1,0,22
55,16,1,0,3
55,17,1,0,12
55,18,1,0,16
55,19,1,0,17
55,20,1,0,1
55,21,1,0,24
55,22,1,4,10
55,23,4,0,10
55,24,1,4,19
55,25,4,0,14
55,26,4,0,15
55,27,4,0,12
55,28,4,0,22
55,29,4,0,11
55,30,4,0,2
55,31,1,4,24
55,32,1,0,14
55,33,1,0,20
55,34,1,0,15
55,35,1,0,8
55,36,1,0,13
55,37,1,0,4
55,38,1,0,7
55,39,1,0,1
55,40,1,0,20
55,41,1,0,17
55,42,1,0,21
55,43,1,0,24
55,44,1,0,15
55,45,1,0,4
55,46,1,0,10
55,47,1,0,6
55,48,1,0,5
55,49,1,0,7
55,50,1,0,9
55,51,1,0,5
55,52,1,0,7
55,53,1,0,10
55,54,1,0,24
55,55,1,0,5
55,56,1,0,0
55,57,1,0,6
55,58,1,0,13
55,59,1,0,14
55,60,1,0,6
55,61,1,0,2
55,62,1,0,0
55,63,1,0,22
55,64,1,0,22
55,65,1,0,7
55,66,1,0,7
55,67,1,0,7
55,68,1,0,8
55,69,1,0,17
55,70,1,0,20
55,71,1,2,4
55,72,1,2,17
55,73,1,2,16
55,74,1,4,16
55,75,1,4,16
55,76,4,0,0
55,77,4,0,19
55,78,4,0,21
56,0,4,0,6
56,1,4,0,15
56,2,4,0,19
56,3,1,4,6
56,4,1,0,0
56,5,1,0,18
56,6,1,0,9
56,7,1,0,19
56,8,1,0,24
56,9,1,0,1
56,10,1,0,14
56,11,1,0,16
56,12,1,0,12
56,13,1,0,18
56,14,1,0,23
56,15,1,0,16
56,16,1,0,11
56,17,1,0,19
56,18,1,0,15
56,19,1,0,18
56,20,1,0,18
56,21,1,4,15
56,22,4,0,4
56,23,1,4,14
56,24,4,0,13
56,25,1,4,16
56,26,1,4,16
56,27,4,0,4
56,28,4,0,11
56,29,4,0,9
56,30,1,4,11
56,31,1,0,19
56,32,1,0,0
56,33,1,0,15
56,34,1,0,0
56,35,1,0,6
56,36,1,0,3
56,37,1,0,7
56,38,1,0,15
56,39,1,0,21
56,40,1,0,7
56,41,1,0,16
56,42,1,0,16
56,43,1,0,22
56,44,1,0,11
56,45,1,0,14
56,46,1,0,5
56,47,1,0,13
56,48,1,0,5
56,49,1,0,7
56,50,1,0,7
56,51,1,0,17
56,52,1,0,15
56,53,1,0,6
56,54,1,0,22
56,55,1,0,23
56,56,1,0,17
56,57,1,0,12
56,58,1,0,13
56,59,1,0,2
56,60,1,0,18
56,61,1,0,14
56,62,1,0,24
56,63,1,0,21
56,64,1,0,10
56,65,1,0,17
56,66,1,0,22
56,67,1,0,2
56,68,1,0,16
56,69,1,0,24
56,70,1,0,14
56,71,1,0,4
56,72,1,2,4
56,73,1,2,4
56,74,1,2,4
56,75,1,4,2
56,76,4,0,23
56,77,4,0,19
56,78,4,0,17
57,0,4,0,10
57,1,4,0,20
57,2,4,0,14
57,3,1,4,23
57,4,1,0,16
57,5,1,0,6
57,6,1,0,9
57,7,1,0,14
57,8,1,0,0
57,9,1,0,0
57,10,1,0,0
57,11,1,0,19
57,12,1,0,10
57,13,1,0,14
57,14,1,0,20
57,15,1,0,6
57,16,1,0,21
57,17,1,0,21
57,18,1,0,17
57,19,1,4,20
57,20,1,4,10
57,21,4,0,13
57,22,1,4,11
57,23,4,0,13
57,24,1,4,19
57,25,1,4,4
57,26,1,4,1
57,27,1,4,16
57,28,1,4,16
57,29,1,4,11
57,30,1,0,15
57,31,1,0,3
57,32,1,0,23
57,33,1,0,24
57,34,1,0,1
57,35,1,0,7
57,36,1,0,24
57,37,1,0,12
57,38,1,0,0
57,39,1,0,7
57,40,1,0,0
57,41,1,0,22
57,42,1,0,15
57,43,1,0,22
57,44,1,0,9
57,45,1,0,1
57,46,1,0,20
57,47,1,0,12
57,48,1,0,20
57,49,1,0,6
57,50,1,0,7
57,51,1,0,13
57,52,1,0,21
57,53,1,0,0
57,54,1,0,21
57,55,1,0,2
57,56,1,0,23
57,57,1,0,20
57,58,1,0,4
57,59,1,0,4
57,60,1,0,0
57,61,1,0,5
57,62,1,0,6
57,63,1,0,16
57,64,1,0,7
57,65,1,0,6
57,66,1,0,11
57,67,1,0,2
57,68,1,0,8
57,69,1,0,6
57,70,1,0,9
57,71,1,0,4
57,72,1,0,24
57,73,1,0,2
57,74,1,0,5
57,75,1,2,3
57,76,1,4,16
57,77,4,0,15
57,78,4,0,11
58,0,4,0,21
58,1,4,0,15
58,2,4,0,5
58,3,1,4,22
58,4,1,0,21
58,5,1,0,6
58,6,1,0,4
58,7,1,0,19
58,8,1,0,3
58,9,1,0,11
58,10,1,0,1
58,11,1,0,22
58,12,1,0,21
58,13,1,0,23
58,14,1,0,12
58,15,1,0,15
58,16,1,0,11
58,17,1,0,8
58,18,1,4,15
58,19,1,4,8
58,20,4,0,13
58,21,1,4,6
58,22,4,0,2
58,23,1,4,6
58,24,1,0,13
58,25,1,0,1
58,26,1,4,4
58,27,1,4,4
58,28,1,4,4
58,29,1,0,10
58,30,1,0,18
58,31,1,0,8
58,32,1,0,6
58,33,1,0,6
58,34,1,0,5
58,35,1,0,5
58,36,1,0,17
58,37,1,0,15
58,38,1,0,4
58,39,1,0,18
58,40,1,0,19
58,41,1,0,4
58,42,1,0,1
58,43,1,0,15
58,44,1,0,18
58,45,1,0,7
58,46,1,0,18
58,47,1,0,18
58,48,1,0,4
58,49,1,0,9
58,50,1,0,18
58,51,1,0,16
58,52,1,0,16
58,53,1,0,4
58,54,1,0,1
58,55,1,0,18
58,56,1,0,10
58,57,1,0,19
58,58,1,0,0
58,59,1,0,3
58,60,1,0,16
58,61,1,0,11
58,62,1,0,13
58,63,1,0,23
58,64,1,0,10
58,65,1,0,15
58,66,1,0,15
58,67,1,0,19
58,68,1,0,21
58,69,1,0,1
58,70,1,0,18
58,71,1,0,18
58,72,1,0,24
58,73,1,0,11
58,74,1,0,0
58,75,1,2,2
58,76,1,2,16
58,77,1,4,16
58,78,1,4,16
59,0,4,0,19
59,1,4,0,21
59,2,4,0,7
59,3,1,4,24
59,4,1,0,16
59,5,1,0,9
59,6,1,0,2
59,7,1,0,24
59,8,1,0,5
59,9,1,0,23
59,10,1,0,23
59,11,1,0,20
59,12,1,0,6
59,13,1,0,16
59,14,1,0,23
59,15,1,0,12
59,16,1,0,22
59,17,1,4,0
59,18,4,0,11
59,19,4,0,5
59,20,4,0,23
59,21,4,0,21
59,22,4,0,23
59,23,1,4,24
59,24,1,0,7
59,25,1,0,9
59,26,1,0,0
59,27,1,0,11
59,28,1,0,11
59,29,1,0,9
59,30,1,0,17
59,31,1,0,23
59,32,1,0,3
59,33,1,0,11
59,34,1,0,18
59,35,1,0,8
59,36,1,0,24
59,37,1,0,13
59,38,1,0,15
59,39,1,0,7
59,40,1,0,20
59,41,1,0,13
59,42,1,0,1
59,43,1,0,10
59,44,1,0,8
59,45,1,0,11
59,46,1,0,24
59,47,1,0,2
59,48,1,0,7
59,49,1,0,19
59,50,1,0,9
59,51,1,0,21
59,52,1,0,3
59,53,1,0,1
59,54,1,0,16
59,55,1,0,11
59,56,1,0,6
59,57,1,0,20
59,58,1,0,19
59,59,1,0,9
59,60,1,0,19
59,61,1,0,15
59,62,1,0,9
59,63,1,0,12
59,64,1,0,24
59,65,1,0,18
59,66,1,0,1
59,67,1,0,12
59,68,1,0,15
59,69,1,0,4
59,70,1,0,20
59,71,1,0,7
59,72,1,0,12
59,73,1,0,1
59,74,1,0,6
59,75,1,2,4
59,76,1,2,2
59,77,1,4,4
59,78,1,4,18
60,0,4,0,7
60,1,4,0,16
60,2,1,4,6
60,3,1,0,23
60,4,1,0,17
60,5,1,0,21
60,6,1,0,15
60,7,1,0,17
60,8,1,0,23
60,9,1,0,9
60,10,1,0,13
60,11,1,0,3
60,12,1,0,8
60,13,1,0,14
60,14,1,0,0
60,15,1,0,17
60,16,1,0,2
60,17,1,4,18
60,18,4,0,16
60,19,4,0,0
60,20,4,0,6
60,21,4,0,24
60,22,1,4,6
60,23,1,0,11
60,24,1,0,21
60,25,1,0,13
60,26,1,0,2
60,27,1,0,1
60,28,1,0,15
60,29,1,0,20
60,30,1,0,1
60,31,1,0,2
60,32,1,0,14
60,33,1,0,10
60,34,1,0,9
60,35,1,0,10
60,36,1,0,24
60,37,1,0,13
60,38,1,0,13
60,39,1,0,22
60,40,1,0,22
60,41,1,0,14
60,42,1,0,2
60,43,1,0,6
60,44,1,0,6
60,45,1,0,6
60,46,1,0,2
60,47,1,0,8
60,48,1,0,6
60,49,1,0,22
60,50,1,0,18
60,51,1,0,2
60,52,1,0,17
60,53,1,0,12
60,54,1,0,23
60,55,1,0,21
60,56,1,0,2
60,57,1,0,18
60,58,1,0,10
60,59,1,0,12
60,60,1,0,12
60,61,1,0,11
60,62,1,0,12
60,63,1,0,20
60,64,1,0,1
60,65,1,0,24
60,66,1,0,5
60,67,1,0,7
60,68,1,0,3
60,69,1,0,0
60,70,1,0,1
60,71,1,0,16
60,72,1,0,13
60,73,1,0,15
60,74,1,0,8
60,75,1,0,5
60,76,1,2,3
60,77,1,4,0
60,78,4,0,4
61,0,4,0,10
61,1,4,0,12
61,2,1,4,21
61,3,1,0,17
61,4,1,0,20
61,5,1,0,2
61,6,1,0,3
61,7,1,0,15
61,8,1,0,1
61,9,1,0,2
61,10,1,0,22
61,11,1,0,2
61,12,1,0,10
61,13,1,0,3
61,14,1,0,2
61,15,1,0,8
61,16,1,4,0
61,17,4,0,23
61,18,4,0,24
61,19,4,0,24
61,20,4,0,3
61,21,4,0,5
61,22,1,4,24
61,23,1,0,8
61,24,1,0,24
61,25,1,0,19
61,26,1,0,13
61,27,1,0,0
61,28,1,0,11
61,29,1,0,17
61,30,1,0,9
61,31,1,0,3
61,32,1,0,2
61,33,1,0,24
61,34,1,0,4
61,35,1,0,0
61,36,1,0,5
61,37,1,0,15
61,38,1,0,17
61,39,1,0,16
61,40,1,0,24
61,41,1,0,22
61,42,1,0,8
61,43,1,0,16
61,44,1,0,10
61,45,1,0,5
61,46,1,0,20
61,47,1,0,16
61,48,1,0,24
61,49,1,0,8
61,50,1,0,7
61,51,1,0,13
61,52,1,0,2
61,53,1,0,0
61,54,1,0,22
61,55,1,0,11
61,56,1,0,20
61,57,1,0,21
61,58,1,0,22
61,59,1,0,18
61,60,1,0,0
61,61,1,0,12
61,62,1,0,11
61,63,1,0,2
61,64,1,0,10
61,65,1,0,1
61,66,1,0,11
61,67,1,0,2
61,68,1,0,5
61,69,1,0,9
61,70,1,0,6
61,71,1,0,24
61,72,1,0,16
61,73,1,0,18
61,74,1,0,10
61,75,1,0,0
61,76,1,2,17
61,77,1,4,18
61,78,4,0,21
62,0,4,0,12
62,1,4,0,10
62,2,1,4,23
62,3,1,0,20
62,4,1,0,11
62,5,1,0,22
62,6,1,0,13
62,7,1,0,19
62,8,1,0,13
62,9,1,0,20
62,10,1,0,12
62,11,1,0,5
62,12,1,0,22
62,13,1,0,9
62,14,1,4,20
62,15,1,4,20
62,16,1,4,18
62,17,4,0,2
62,18,4,0,13
62,19,4,0,5
62,20,4,0,9
62,21,1,4,6
62,22,1,0,10
62,23,1,0,0
62,24,1,0,12
62,25,1,0,5
62,26,1,0,3
62,27,1,0,11
62,28,1,0,23
62,29,1,0,7
62,30,1,0,17
62,31,1,0,12
62,32,1,0,4
62,33,1,0,16
62,34,1,0,6
62,35,1,0,14
62,36,1,0,12
62,37,1,0,14
62,38,1,0,10
62,39,1,0,1
62,40,1,0,20
62,41,1,0,22
62,42,1,0,7
62,43,1,0,6
62,44,1,0,13
62,45,1,0,1
62,46,1,0,15
62,47,1,0,12
62,48,1,0,17
62,49,1,0,3
62,50,1,0,3
62,51,1,0,7
62,52,1,0,16
62,53,1,0,18
62,54,1,0,12
62,55,1,0,20
62,56,1,0,19
62,57,1,0,9
62,58,1,0,21
62,59,1,0,20
62,60,1,0,14
62,61,1,0,5
62,62,1,0,11
62,63,1,0,2
62,64,1,0,3
62,65,1,0,8
62,66,1,0,17
62,67,1,0,4
62,68,1,0,6
62,69,1,0,15
62,70,1,0,23
62,71,1,0,3
62,72,1,0,3
62,73,1,0,10
62,74,1,0,1
62,75,1,0,19
62,76,1,2,18
62,77,4,0,6
62,78,4,0,15
63,0,4,0,5
63,1,4,0,1
63,2,1,4,22
63,3,1,0,20
63,4,1,0,6
63,5,1,0,7
63,6,1,0,7
63,7,1,0,22
63,8,1,0,6
63,9,1,0,3
63,10,1,0,20
63,11,1,0,7
63,12,1,0,21
63,13,1,4,15
63,14,1,4,8
63,15,1,4,8
63,16,4,0,17
63,17,4,0,11
63,18,1,4,16
63,19,1,4,16
63,20,4,0,18
63,21,1,4,24
63,22,1,0,14
63,23,1,0,10
63,24,1,0,10
63,25,1,0,13
63,26,1,0,16
63,27,1,0,20
63,28,1,0,4
63,29,1,0,20
63,30,1,0,12
63,31,1,0,24
63,32,1,0,3
63,33,1,0,4
63,34,1,0,8
63,35,1,0,8
63,36,1,0,19
63,37,1,0,17
63,38,1,0,15
63,39,1,0,23
63,40,1,0,6
63,41,1,0,15
63,42,1,0,14
63,43,1,0,3
63,44,1,0,8
63,45,1,0,16
63,46,1,0,5
63,47,1,0,21
63,48,1,0,22
63,49,1,0,2
63,50,1,0,22
63,51,1,0,24
63,52,1,0,17
63,53,1,0,17
63,54,1,0,15
63,55,1,0,4
63,56,1,0,4
63,57,1,0,10
63,58,1,0,17
63,59,1,0,20
63,60,1,0,10
63,61,1,0,17
63,62,1,0,23
63,63,1,0,11
63,64,1,0,8
63,65,1,0,10
63,66,1,0,17
63,67,1,0,21
63,68,1,0,1
63,69,1,0,0
63,70,1,0,22
63,71,1,0,15
63,72,1,0,14
63,73,1,0,12
63,74,1,0,9
63,75,1,2,0
63,76,1,2,22
63,77,4,0,23
63,78,4,0,4
64,0,4,0,12
64,1,4,0,4
64,2,1,4,7
64,3,1,0,13
64,4,1,0,11
64,5,1,0,12
64,6,1,0,7
64,7,1,0,12
64,8,1,0,13
64,9,1,0,0
64,10,1,0,12
64,11,1,0,21
64,12,1,4,5
64,13,4,0,24
64,14,4,0,6
64,15,4,0,2
64,16,4,0,9
64,17,1,4,9
64,18,1,4,4
64,19,1,4,3
64,20,1,4,14
64,21,1,0,10
64,22,1,0,13
64,23,1,0,11
64,24,1,0,19
64,25,1,0,21
64,26,1,0,9
64,27,1,0,8
64,28,1,0,1
64,29,1,0,21
64,30,1,0,13
64,31,1,0,23
64,32,1,0,11
64,33,1,0,8
64,34,1,0,4
64,35,1,0,16
64,36,1,0,2
64,37,1,0,11
64,38,1,0,8
64,39,1,0,18
64,40,1,0,7
64,41,1,0,6
64,42,1,0,2
64,43,1,0,1
64,44,1,0,8
64,45,1,0,24
64,46,1,0,23
64,47,1,0,22
64,48,1,0,22
64,49,1,0,16
64,50,1,0,1
64,51,1,0,0
64,52,1,0,17
64,53,1,0,23
64,54,1,0,4
64,55,1,0,15
64,56,1,0,1
64,57,1,0,11
64,58,1,0,5
64,59,1,0,8
64,60,1,0,8
64,61,1,0,16
64,62,1,0,3
64,63,1,0,18
64,64,1,0,22
64,65,1,0,15
64,66,1,0,3
64,67,1,0,22
64,68,1,0,19
64,69,1,0,17
64,70,1,0,6
64,71,1,0,4
64,72,1,0,23
64,73,1,0,17
64,74,1,0,16
64,75,1,2,1
64,76,1,2,24
64,77,4,0,13
64,78,4,0,23
65,0,4,0,4
65,1,4,0,17
65,2,1,4,7
65,3,1,0,13
65,4,1,0,3
65,5,1,0,19
65,6,1,0,20
65,7,1,0,6
65,8,1,0,15
65,9,1,0,11
65,10,1,0,16
65,11,1,4,0
65,12,4,0,16
65,13,4,0,11
65,14,4,0,14
65,15,4,0,19
65,16,1,4,6
65,17,1,0,19
65,18,1,0,9
65,19,1,4,4
65,20,1,0,9
65,21,1,0,23
65,22,1,0,14
65,23,1,0,11
65,24,1,0,20
65,25,1,0,18
65,26,1,0,2
65,27,1,0,0
65,28,1,0,11
65,29,1,0,21
65,30,1,0,8
65,31,1,0,14
65,32,1,0,10
65,33,1,0,0
65,34,1,0,13
65,35,1,0,4
65,36,1,0,11
65,37,1,0,2
65,38,1,0,16
65,39,1,0,21
65,40,1,0,1
65,41,1,0,10
65,42,1,0,10
65,43,1,0,6
65,44,1,0,14
65,45,1,0,24
65,46,1,0,10
65,47,1,0,4
65,48,1,0,10
65,49,1,0,22
65,50,1,0,2
65,51,1,0,24
65,52,1,0,16
65,53,1,0,20
65,54,1,0,0
65,55,1,0,6
65,56,1,0,23
65,57,1,0,22
65,58,1,0,7
65,59,1,0,0
65,60,1,0,2
65,61,1,0,4
65,62,1,0,21
65,63,1,0,17
65,64,1,0,18
65,65,1,0,5
65,66,1,0,10
65,67,1,0,18
65,68,1,0,10
65,69,1,0,2
65,70,1,0,13
65,71,1,0,23
65,72,1,0,13
65,73,1,0,2
65,74,1,0,21
65,75,1,2,18
65,76,4,0,19
65,77,4,0,13
65,78,4,0,2
66,0,4,0,8
66,1,4,0,3
66,2,1,4,7
66,3,1,4,20
66,4,1,0,9
66,5,1,0,14
66,6,1,0,21
66,7,1,0,11
66,8,1,0,8
66,9,1,0,15
66,10,1,0,7
66,11,1,4,18
66,12,4,0,18
66,13,4,0,12
66,14,4,0,7
66,15,4,0,0
66,16,1,4,24
66,17,1,0,18
66,18,1,0,20
66,19,1,0,6
66,20,1,0,16
66,21,1,0,4
66,22,1,0,2
66,23,1,0,10
66,24,1,0,22
66,25,1,0,18
66,26,1,0,5
66,27,1,0,1
66,28,1,0,0
66,29,1,0,16
66,30,1,0,2
66,31,1,0,9
66,32,1,0,0
66,33,1,0,17
66,34,1,0,12
66,35,1,0,9
66,36,1,0,5
66,37,1,0,7
66,38,1,0,20
66,39,1,0,19
66,40,1,0,4
66,41,1,0,20
66,42,1,0,24
66,43,1,0,20
66,44,1,0,0
66,45,1,0,19
66,46,1,0,11
66,47,1,0,0
66,48,1,0,14
66,49,1,0,4
66,50,1,0,4
66,51,1,0,14
66,52,1,0,4
66,53,1,0,18
66,54,1,0,14
66,55,1,0,23
66,56,1,0,22
66,57,1,0,15
66,58,1,0,5
66,59,1,0,2
66,60,1,0,17
66,61,1,0,24
66,62,1,0,7
66,63,1,0,22
66,64,1,0,4
66,65,1,0,23
66,66,1,0,12
66,67,1,0,21
66,68,1,0,4
66,69,1,0,24
66,70,1,0,0
66,71,1,0,17
66,72,1,0,23
66,73,1,0,6
66,74,1,2,0
66,75,1,2,24
66,76,4,0,6
66,77,4,0,21
66,78,4,0,21
67,0,4,0,1
67,1,4,0,19
67,2,1,4,8
67,3,1,4,7
67,4,1,0,2
67,5,1,0,23
67,6,1,0,7
67,7,1,0,3
67,8,1,0,0
67,9,1,0,24
67,10,1,4,0
67,11,4,0,6
67,12,4,0,3
67,13,4,0,11
67,14,4,0,22
67,15,1,4,6
67,16,1,0,6
67,17,1,0,6
67,18,1,0,21
67,19,1,0,19
67,20,1,0,13
67,21,1,0,6
67,22,1,0,11
67,23,1,0,24
67,24,1,0,15
67,25,1,0,5
67,26,1,0,12
67,27,1,0,1
67,28,1,0,6
67,29,1,0,15
67,30,1,0,24
67,31,1,0,3
67,32,1,0,12
67,33,1,0,15
67,34,1,0,0
67,35,1,0,20
67,36,1,0,24
67,37,1,0,20
67,38,1,0,6
67,39,1,0,11
67,40,1,0,13
67,41,1,0,0
67,42,1,0,13
67,43,1,0,4
67,44,1,0,7
67,45,1,0,8
67,46,1,0,6
67,47,1,0,5
67,48,1,0,14
67,49,1,0,20
67,50,1,0,12
67,51,1,0,7
67,52,1,0,0
67,53,1,0,16
67,54,1,0,6
67,55,1,0,7
67,56,1,0,15
67,57,1,0,14
67,58,1,0,11
67,59,1,0,17
67,60,1,0,10
67,61,1,0,8
67,62,1,0,22
67,63,1,0,0
67,64,1,0,19
67,65,1,0,15
67,66,1,0,19
67,67,1,0,14
67,68,1,0,20
67,69,1,0,20
67,70,1,0,0
67,71,1,0,7
67,72,1,0,23
67,73,1,0,9
67,74,1,2,17
67,75,1,4,17
67,76,4,0,9
67,77,4,0,19
67,78,4,0,5
68,0,4,0,1
68,1,4,0,0
68,2,4,0,6
68,3,1,4,22
68,4,1,4,20
68,5,1,4,20
68,6,1,0,24
68,7,1,0,4
68,8,1,0,6
68,9,1,0,2
68,10,1,4,18
68,11,4,0,21
68,12,4,0,20
68,13,4,0,14
68,14,4,0,17
68,15,1,4,7
68,16,1,0,16
68,17,1,0,24
68,18,1,0,9
68,19,1,0,23
68,20,1,0,13
68,21,1,0,18
68,22,1,0,24
68,23,1,0,0
68,24,1,0,15
68,25,1,0,14
68,26,1,0,1
68,27,1,0,9
68,28,1,0,17
68,29,1,0,2
68,30,1,0,13
68,31,1,0,5
68,32,1,0,2
68,33,1,0,5
68,34,1,0,23
68,35,1,0,1
68,36,1,0,8
68,37,1,0,7
68,38,1,0,7
68,39,1,0,21
68,40,1,0,23
68,41,1,0,12
68,42,1,0,11
68,43,1,0,8
68,44,1,0,8
68,45,1,0,23
68,46,1,0,20
68,47,1,0,16
68,48,1,0,11
68,49,1,0,5
68,50,1,0,5
68,51,1,0,5
68,52,1,0,0
68,53,1,0,17
68,54,1,0,3
68,55,1,0,15
68,56,1,0,14
68,57,1,0,24
68,58,1,0,7
68,59,1,0,13
68,60,1,0,9
68,61,1,0,13
68,62,1,0,21
68,63,1,0,7
68,64,1,0,16
68,65,1,0,1
68,66,1,0,10
68,67,1,0,8
68,68,1,0,21
68,69,1,0,7
68,70,1,0,6
68,71,1,0,5
68,72,1,0,15
68,73,1,0,18
68,74,1,2,1
68,75,1,4,18
68,76,4,0,18
68,77,4,0,12
68,78,4,0,9
69,0,4,0,16
69,1,4,0,15
69,2,4,0,15
69,3,1,4,8
69,4,1,4,8
69,5,1,4,23
69,6,1,4,20
69,7,1,4,20
69,8,1,4,20
69,9,1,4,13
69,10,4,0,22
69,11,4,0,23
69,12,4,0,21
69,13,4,0,4
69,14,4,0,22
69,15,1,4,24
69,16,1,0,12
69,17,1,0,12
69,18,1,0,18
69,19,1,0,11
69,20,1,0,1
69,21,1,0,0
69,22,1,0,6
69,23,1,0,23
69,24,1,0,3
69,25,1,0,2
69,26,1,0,10
69,27,1,0,22
69,28,1,0,13
69,29,1,0,5
69,30,1,0,3
69,31,1,0,12
69,32,1,0,19
69,33,1,0,16
69,34,1,0,19
69,35,1,0,0
69,36,1,0,18
69,37,1,0,20
69,38,1,0,3
69,39,1,0,9
69,40,1,0,15
69,41,1,0,23
69,42,1,0,3
69,43,1,0,1
69,44,1,0,21
69,45,1,0,11
69,46,1,0,17
69,47,1,0,17
69,48,1,0,14
69,49,1,0,1
69,50,1,0,16
69,51,1,0,5
69,52,1,0,2
69,53,1,0,12
69,54,1,0,22
69,55,1,0,21
69,56,1,0,11
69,57,1,0,13
69,58,1,0,14
69,59,1,0,23
69,60,1,0,15
69,61,1,0,18
69,62,1,0,17
69,63,1,0,4
69,64,1,0,11
69,65,1,0,16
69,66,1,0,21
69,67,1,0,17
69,68,1,0,8
69,69,1,0,20
69,70,1,0,9
69,71,1,0,2
69,72,1,0,14
69,73,1,0,22
69,74,1,2,18
69,75,4,0,8
69,76,4,0,17
69,77,4,0,5
69,78,4,0,5
70,0,4,0,10
70,1,4,0,5
70,2,4,0,13
70,3,4,0,6
70,4,4,0,21
70,5,1,4,8
70,6,1,4,8
70,7,1,4,8
70,8,1,4,8
70,9,4,0,15
70,10,4,0,10
70,11,4,0,13
70,12,4,0,12
70,13,4,0,17
70,14,1,4,6
70,15,1,0,3
70,16,1,0,5
70,17,1,0,5
70,18,1,0,15
70,19,1,0,6
70,20,1,0,3
70,21,1,0,15
70,22,1,0,19
70,23,1,0,23
70,24,1,0,6
70,25,1,0,15
70,26,1,0,18
70,27,1,0,2
70,28,1,0,6
70,29,1,0,15
70,30,1,0,9
70,31,1,0,13
70,32,1,0,0
70,33,1,0,12
70,34,1,0,9
70,35,1,0,9
70,36,1,0,0
70,37,1,0,17
70,38,1,0,20
70,39,1,0,14
70,40,1,0,18
70,41,1,0,1
70,42,1,0,0
70,43,1,0,22
70,44,1,0,5
70,45,1,0,0
70,46,1,0,1
70,47,1,0,9
70,48,1,0,21
70,49,1,0,15
70,50,1,0,19
70,51,1,0,7
70,52,1,0,10
70,53,1,0,19
70,54,1,0,23
70,55,1,0,18
70,56,1,0,12
70,57,1,0,23
70,58,1,0,14
70,59,1,0,24
70,60,1,0,17
70,61,1,0,9
70,62,1,0,17
70,63,1,0,20
70,64,1,0,10
70,65,1,0,18
70,66,1,0,22
70,67,1,0,0
70,68,1,0,2
70,69,1,0,19
70,70,1,0,11
70,71,1,0,7
70,72,1,0,19
70,73,1,2,0
70,74,1,4,17
70,75,4,0,14
70,76,4,0,9
70,77,4,0,5
70,78,4,0,21
71,0,4,0,21
71,1,4,0,1
71,2,4,0,10
71,3,4,0,0
71,4,4,0,7
71,5,4,0,23
71,6,4,0,9
71,7,4,0,12
71,8,4,0,8
71,9,4,0,19
71,10,4,0,12
71,11,4,0,19
71,12,4,0,20
71,13,4,0,5
71,14,1,4,23
71,15,1,0,14
71,16,1,0,18
71,17,1,0,13
71,18,1,0,3
71,19,1,0,10
71,20,1,0,11
71,21,1,0,17
71,22,1,0,20
71,23,1,0,12
71,24,1,0,7
71,25,1,0,21
71,26,1,0,14
71,27,1,0,17
71,28,1,0,24
71,29,1,0,8
71,30,1,0,7
71,31,1,0,1
71,32,1,0,12
71,33,1,0,24
71,34,1,0,24
71,35,1,0,24
71,36,1,0,19
71,37,1,0,21
71,38,1,0,7
71,39,1,0,20
71,40,1,0,9
71,41,1,0,20
71,42,1,0,19
71,43,1,0,3
71,44,1,0,22
71,45,1,0,3
71,46,1,0,10
71,47,1,0,17
71,48,1,0,9
71,49,1,0,8
71,50,1,0,0
71,51,1,0,23
71,52,1,0,15
71,53,1,0,9
71,54,1,0,16
71,55,1,0,5
71,56,1,0,21
71,57,1,0,23
71,58,1,0,10
71,59,1,0,21
71,60,1,0,16
71,61,1,0,21
71,62,1,0,23
71,63,1,0,19
71,64,1,0,5
71,65,1,0,1
71,66,1,0,1
71,67,1,0,2
71,68,1,0,16
71,69,1,0,4
71,70,1,0,19
71,71,1,0,3
71,72,1,0,4
71,73,1,2,2
71,74,1,4,17
71,75,4,0,24
71,76,4,0,1
71,77,4,0,3
71,78,4,0,11
72,0,4,0,21
72,1,4,0,16
72,2,4,0,12
72,3,4,0,15
72,4,4,0,0
72,5,4,0,5
72,6,4,0,22
72,7,4,0,8
72,8,4,0,15
72,9,4,0,12
72,10,4,0,1
72,11,4,0,16
72,12,4,0,1
72,13,4,0,5
72,14,1,4,24
72,15,1,0,13
72,16,1,0,20
72,17,1,0,12
72,18,1,0,21
72,19,1,0,2
72,20,1,0,5
72,21,1,0,14
72,22,1,0,0
72,23,1,0,20
72,24,1,0,18
72,25,1,0,20
72,26,1,0,16
72,27,1,0,12
72,28,1,0,21
72,29,1,0,21
72,30,1,0,22
72,31,1,0,3
72,32,1,0,10
72,33,1,0,10
72,34,1,0,18
72,35,1,0,19
72,36,1,0,1
72,37,1,0,13
72,38,1,0,7
72,39,1,0,10
72,40,1,0,0
72,41,1,0,9
72,42,1,0,7
72,43,1,0,18
72,44,1,0,11
72,45,1,0,13
72,46,1,0,14
72,47,1,0,8
72,48,1,0,11
72,49,1,0,4
72,50,1,0,5
72,51,1,0,16
72,52,1,0,19
72,53,1,0,23
72,54,1,0,18
72,55,1,0,16
72,56,1,0,12
72,57,1,0,19
72,58,1,0,5
72,59,1,0,19
72,60,1,0,4
72,61,1,0,15
72,62,1,0,19
72,63,1,0,16
72,64,1,0,17
72,65,1,0,8
72,66,1,0,23
72,67,1,0,10
72,68,1,0,21
72,69,1,0,20
72,70,1,0,0
72,71,1,0,3
72,72,1,0,14
72,73,1,2,18
72,74,1,4,18
72,75,4,0,24
72,76,4,0,19
72,77,4,0,7
72,78,4,0,14
73,0,4,0,20
73,1,4,0,6
73,2,4,0,6
73,3,4,0,12
73,4,4,0,16
73,5,4,0,22
73,6,4,0,23
73,7,4,0,11
73,8,4,0,8
73,9,4,0,9
73,10,4,0,13
73,11,4,0,17
73,12,4,0,6
73,13,1,4,6
73,14,1,0,0
73,15,1,0,0
73,16,1,0,3
73,17,1,0,15
73,18,1,0,20
73,19,1,0,23
73,20,1,0,1
73,21,1,0,19
73,22,1,0,11
73,23,1,0,24
73,24,1,0,15
73,25,1,0,3
73,26,1,0,12
73,27,1,0,14
73,28,1,0,0
73,29,1,0,14
73,30,1,0,17
73,31,1,0,5
73,32,1,0,12
73,33,1,0,10
73,34,1,0,24
73,35,1,0,23
73,36,1,0,2
73,37,1,0,6
73,38,1,0,12
73,39,1,0,4
73,40,1,0,11
73,41,1,0,18
73,42,1,0,18
73,43,1,0,15
73,44,1,0,13
73,45,1,0,15
73,46,1,0,19
73,47,1,0,15
73,48,1,0,12
73,49,1,0,5
73,50,1,0,7
73,51,1,0,16
73,52,1,0,11
73,53,1,0,4
73,54,1,0,16
73,55,1,0,21
73,56,1,0,20
73,57,1,0,21
73,58,1,0,3
73,59,1,0,5
73,60,1,0,17
73,61,1,0,11
73,62,1,0,9
73,63,1,0,9
73,64,1,0,15
73,65,1,0,16
73,66,1,0,8
73,67,1,0,2
73,68,1,0,4
73,69,1,0,11
73,70,1,0,18
73,71,1,0,8
73,72,1,2,0
73,73,1,4,0
73,74,4,0,8
73,75,4,0,6
73,76,4,0,7
73,77,4,0,23
73,78,4,0,15
74,0,4,0,9
74,1,4,0,13
74,2,4,0,21
74,3,4,0,11
74,4,4,0,13
74,5,4,0,11
74,6,4,0,22
74,7,4,0,21
74,8,4,0,19
74,9,4,0,17
74,10,4,0,16
74,11,4,0,18
74,12,4,0,5
74,13,1,4,21
74,14,1,0,17
74,15,1,0,23
74,16,1,0,16
74,17,1,0,22
74,18,1,0,10
74,19,1,0,1
74,20,1,0,21
74,21,1,0,12
74,22,1,0,4
74,23,1,0,19
74,24,1,0,6
74,25,1,0,7
74,26,1,0,1
74,27,1,0,15
74,28,1,0,3
74,29,1,0,12
74,30,1,0,23
74,31,1,0,24
74,32,1,0,1
74,33,1,0,16
74,34,1,0,3
74,35,1,0,21
74,36,1,0,18
74,37,1,0,23
74,38,1,0,20
74,39,1,0,21
74,40,1,0,13
74,41,1,0,7
74,42,1,0,4
74,43,1,0,6
74,44,1,0,21
74,45,1,0,24
74,46,1,0,11
74,47,1,0,21
74,48,1,0,0
74,49,1,0,18
74,50,1,0,14
74,51,1,0,1
74,52,1,0,14
74,53,1,0,5
74,54,1,0,13
74,55,1,0,9
74,56,1,0,21
74,57,1,0,24
74,58,1,0,14
74,59,1,0,0
74,60,1,0,23
74,61,1,0,16
74,62,1,0,17
74,63,1,0,18
74,64,1,0,7
74,65,1,0,18
74,66,1,0,10
74,67,1,0,19
74,68,1,0,13
74,69,1,0,6
74,70,1,0,13
74,71,1,0,17
74,72,1,2,3
74,73,1,4,18
74,74,4,0,5
74,75,4,0,6
74,76,4,0,21
74,77,4,0,8
74,78,4,0,20
75,0,1,4,16
75,1,4,0,17
75,2,4,0,10
75,3,4,0,21
75,4,4,0,5
75,5,4,0,11
75,6,1,4,16
75,7,1,4,16
75,8,4,0,12
75,9,4,0,12
75,10,4,0,10
75,11,4,0,19
75,12,4,0,1
75,13,1,4,24
75,14,1,0,16
75,15,1,0,3
75,16,1,0,18
75,17,1,0,5
75,18,1,0,9
75,19,1,0,9
75,20,1,0,8
75,21,1,0,21
75,22,1,0,3
75,23,1,0,0
75,24,1,0,4
75,25,1,0,20
75,26,1,0,10
75,27,1,0,16
75,28,1,0,20
75,29,1,0,4
75,30,1,0,18
75,31,1,0,17
75,32,1,0,3
75,33,1,0,4
75,34,1,0,13
75,35,1,0,19
75,36,1,0,1
75,37,1,0,13
75,38,1,0,10
75,39,1,0,18
75,40,1,0,17
75,41,1,0,16
75,42,1,0,10
75,43,1,0,9
75,44,1,0,6
75,45,1,0,12
75,46,1,0,1
75,47,1,0,18
75,48,1,0,10
75,49,1,0,3
75,50,1,0,11
75,51,1,0,24
75,52,1,0,14
75,53,1,0,4
75,54,1,0,7
75,55,1,0,7
75,56,1,0,15
75,57,1,0,19
75,58,1,0,7
75,59,1,0,5
75,60,1,0,20
75,61,1,0,4
75,62,1,0,13
75,63,1,0,24
75,64,1,0,22
75,65,1,0,8
75,66,1,0,8
75,67,1,0,8
75,68,1,0,0
75,69,1,0,18
75,70,1,0,9
75,71,1,0,18
75,72,1,2,18
75,73,4,0,3
75,74,4,0,24
75,75,4,0,11
75,76,4,0,23
75,77,4,0,18
75,78,4,0,7
76,0,1,4,18
76,1,4,0,10
76,2,4,0,23
76,3,4,0,12
76,4,4,0,19
76,5,1,4,11
76,6,1,4,4
76,7,1,4,17
76,8,1,4,16
76,9,1,4,16
76,10,4,0,8
76,11,4,0,6
76,12,1,4,6
76,13,1,0,2
76,14,1,0,1
76,15,1,0,14
76,16,1,0,21
76,17,1,0,21
76,18,1,0,8
76,19,1,0,5
76,20,1,0,14
76,21,1,0,12
76,22,1,0,13
76,23,1,0,13
76,24,1,0,10
76,25,1,0,8
76,26,1,0,5
76,27,1,0,1
76,28,1,0,12
76,29,1,0,14
76,30,1,0,10
76,31,1,0,19
76,32,1,0,15
76,33,1,0,0
76,34,1,0,12
76,35,1,0,3
76,36,1,0,23
76,37,1,0,23
76,38,1,0,11
76,39,1,0,5
76,40,1,0,17
76,41,1,0,23
76,42,1,0,5
76,43,1,0,23
76,44,1,0,7
76,45,1,0,21
76,46,1,0,10
76,47,1,0,13
76,48,1,0,21
76,49,1,0,14
76,50,1,0,11
76,51,1,0,2
76,52,1,0,6
76,53,1,0,8
76,54,1,0,4
76,55,1,0,10
76,56,1,0,9
76,57,1,0,11
76,58,1,0,9
76,59,1,0,4
76,60,1,0,9
76,61,1,0,19
76,62,1,0,17
76,63,1,0,3
76,64,1,0,13
76,65,1,0,17
76,66,1,0,21
76,67,1,0,9
76,68,1,0,12
76,69,1,0,17
76,70,1,0,7
76,71,1,2,0
76,72,1,2,24
76,73,4,0,7
76,74,4,0,18
76,75,4,0,20
76,76,4,0,15
76,77,4,0,5
76,78,4,0,19
77,0,4,0,4
77,1,4,0,21
77,2,4,0,16
77,3,4,0,8
77,4,1,4,14
77,5,1,0,9
77,6,1,0,5
77,7,1,4,4
77,8,1,4,4
77,9,1,4,3
77,10,1,4,16
77,11,4,0,4
77,12,1,4,24
77,13,1,0,11
77,14,1,0,19
77,15,1,0,24
77,16,1,0,7
77,17,1,0,20
77,18,1,0,11
77,19,1,0,22
77,20,1,0,16
77,21,1,0,20
77,22,1,0,14
77,23,1,0,11
77,24,1,0,2
77,25,1,0,21
77,26,1,0,10
77,27,1,0,10
77,28,1,0,6
77,29,1,0,6
77,30,1,0,21
77,31,1,0,1
77,32,1,0,2
77,33,1,0,22
77,34,1,0,13
77,35,1,0,12
77,36,1,0,4
77,37,1,0,17
77,38,1,0,5
77,39,1,0,19
77,40,1,0,14
77,41,1,0,11
77,42,1,0,9
77,43,1,0,11
77,44,1,0,3
77,45,1,0,2
77,46,1,0,11
77,47,1,0,8
77,48,1,0,3
77,49,1,0,2
77,50,1,0,2
77,51,1,0,10
77,52,1,0,8
77,53,1,0,15
77,54,1,0,16
77,55,1,0,23
77,56,1,0,5
77,57,1,0,13
77,58,1,0,1
77,59,1,0,23
77,60,1,0,7
77,61,1,0,14
77,62,1,0,19
77,63,1,0,11
77,64,1,0,16
77,65,1,0,6
77,66,1,0,14
77,67,1,0,10
77,68,1,0,9
77,69,1,0,17
77,70,1,0,7
77,71,1,2,1
77,72,1,4,18
77,73,4,0,19
77,74,4,0,6
77,75,4,0,0
77,76,4,0,11
77,77,4,0,5
77,78,4,0,8
78,0,4,0,15
78,1,4,0,0
78,2,4,0,17
78,3,1,4,6
78,4,1,0,22
78,5,1,0,19
78,6,1,0,1
78,7,1,0,0
78,8,1,0,15
78,9,1,4,4
78,10,1,4,1
78,11,1,4,9
78,12,1,0,12
78,13,1,0,15
78,14,1,0,2
78,15,1,0,11
78,16,1,0,22
78,17,1,0,9
78,18,1,0,10
78,19,1,0,10
78,20,1,0,0
78,21,1,0,17
78,22,1,0,11
78,23,1,0,13
78,24,1,0,16
78,25,1,0,7
78,26,1,0,13
78,27,1,0,16
78,28,1,0,8
78,29,1,0,17
78,30,1,0,24
78,31,1,0,13
78,32,1,0,1
78,33,1,0,12
78,34,1,0,20
78,35,1,0,0
78,36,1,0,13
78,37,1,0,0
78,38,1,0,12
78,39,1,0,4
78,40,1,0,4
78,41,1,0,20
78,42,1,0,13
78,43,1,0,16
78,44,1,0,20
78,45,1,0,12
78,46,1,0,3
78,47,1,0,0
78,48,1,0,22
78,49,1,0,20
78,50,1,0,4
78,51,1,0,2
78,52,1,0,16
78,53,1,0,16
78,54,1,0,2
78,55,1,0,11
78,56,1,0,16
78,57,1,0,18
78,58,1,0,8
78,59,1,0,22
78,60,1,0,15
78,61,1,0,4
78,62,1,0,18
78,63,1,0,2
78,64,1,0,12
78,65,1,0,24
78,66,1,0,0
78,67,1,0,7
78,68,1,0,22
78,69,1,0,11
78,70,1,0,16
78,71,1,2,3
78,72,4,0,15
78,73,4,0,14
78,74,4,0,12
78,75,4,0,21
78,76,4,0,4
78,77,4,0,1
78,78,4,0,24
79,0,4,0,20
79,1,4,0,12
79,2,4,0,0
79,3,1,4,24
79,4,1,0,4
79,5,1,0,2
79,6,1,0,18
79,7,1,0,10
79,8,1,0,12
79,9,1,0,20
79,10,1,4,4
79,11,1,0,3
79,12,1,0,10
79,13,1,0,19
79,14,1,0,6
79,15,1,0,15
79,16,1,0,7
79,17,1,0,16
79,18,1,0,16
79,19,1,0,2
79,20,1,0,4
79,21,1,0,1
79,22,1,0,11
79,23,1,0,15
79,24,1,0,24
79,25,1,0,9
79,26,1,0,13
79,27,1,0,16
79,28,1,0,15
79,29,1,0,0
79,30,1,0,6
79,31,1,0,2
79,32,1,0,10
79,33,1,0,12
79,34,1,0,5
79,35,1,0,1
79,36,1,0,22
79,37,1,0,10
79,38,1,0,12
79,39,1,0,9
79,40,1,0,14
79,41,1,0,1
79,42,1,0,7
79,43,1,0,17
79,44,1,0,24
79,45,1,0,20
79,46,1,0,24
79,47,1,0,0
79,48,1,0,16
79,49,1,0,2
79,50,1,0,11
79,51,1,0,8
79,52,1,0,18
79,53,1,0,7
79,54,1,0,23
79,55,1,0,22
79,56,1,0,14
79,57,1,0,4
79,58,1,0,10
79,59,1,0,23
79,60,1,0,14
79,61,1,0,22
79,62,1,0,18
79,63,1,0,17
79,64,1,0,22
79,65,1,0,21
79,66,1,0,6
79,67,1,0,0
79,68,1,0,23
79,69,1,0,6
79,70,1,0,22
79,71,1,4,18
79,72,4,0,0
79,73,4,0,15
79,74,4,0,5
79,75,4,0,19
79,76,4,0,17
79,77,4,0,4
79,78,4,0,10
80,0,4,0,6
80,1,4,0,16
80,2,1,4,6
80,3,1,0,20
80,4,1,0,22
80,5,1,0,19
80,6,1,0,11
80,7,1,0,3
80,8,1,0,3
80,9,1,0,14
80,10,1,0,12
80,11,1,0,12
80,12,1,0,14
80,13,1,0,10
80,14,1,0,1
80,15,1,0,13
80,16,1,0,4
80,17,1,0,2
80,18,1,0,3
80,19,1,0,7
80,20,1,0,18
80,21,1,0,17
80,22,1,0,22
80,23,1,0,18
80,24,1,0,14
80,25,1,0,18
80,26,1,0,7
80,27,1,0,22
80,28,1,0,17
80,29,1,0,24
80,30,1,0,24
80,31,1,0,13
80,32,1,0,1
80,33,1,0,15
80,34,1,0,7
80,35,1,0,4
80,36,1,0,2
80,37,1,0,9
80,38,1,0,4
80,39,1,0,0
80,40,1,0,15
80,41,1,0,19
80,42,1,0,19
80,43,1,0,4
80,44,1,0,22
80,45,1,0,21
80,46,1,0,10
80,47,1,0,22
80,48,1,0,18
80,49,1,0,5
80,50,1,0,19
80,51,1,0,5
80,52,1,0,5
80,53,1,0,13
80,54,1,0,6
80,55,1,0,21
80,56,1,0,24
80,57,1,0,15
80,58,1,0,14
80,59,1,0,7
80,60,1,0,13
80,61,1,0,10
80,62,1,0,23
80,63,1,0,15
80,64,1,0,13
80,65,1,0,1
80,66,1,0,3
80,67,1,0,1
80,68,1,0,16
80,69,1,0,17
80,70,1,4,0
80,71,4,0,0
80,72,4,0,24
80,73,4,0,9
80,74,4,0,2
80,75,4,0,13
80,76,4,0,1
80,77,4,0,15
80,78,4,0,0
