0,0,105,0,0
0,1,105,0,3
0,2,113,0,0
0,3,113,0,3
0,4,105,0,0
0,5,113,0,1
0,6,113,0,0
0,7,113,0,3
0,8,113,0,0
0,9,113,0,3
0,10,113,0,2
0,11,113,0,2
0,12,113,0,0
0,13,113,0,3
0,14,113,0,0
0,15,113,0,3
0,16,113,0,0
0,17,113,0,3
0,18,113,0,1
0,19,113,0,3
0,20,113,0,0
0,21,113,0,3
0,22,113,0,2
0,23,113,0,1
0,24,113,0,0
0,25,113,0,3
0,26,113,0,0
0,27,113,0,3
0,28,105,0,0
0,29,105,0,3
1,0,105,0,1
1,1,105,0,2
1,2,113,0,1
1,3,113,0,2
1,4,113,0,2
1,5,113,0,2
1,6,113,0,1
1,7,113,0,2
1,8,113,0,1
1,9,113,0,0
1,10,113,0,0
1,11,113,0,3
1,12,113,0,1
1,13,113,0,2
1,14,113,0,1
1,15,113,0,2
1,16,113,0,1
1,17,113,0,2
1,18,113,0,1
1,19,113,0,2
1,20,113,0,1
1,21,113,0,0
1,22,113,0,3
1,23,113,0,2
1,24,113,0,1
1,25,113,0,2
1,26,113,0,1
1,27,113,0,2
1,28,105,0,1
1,29,105,0,2
2,0,105,0,0
2,1,105,0,3
2,2,113,0,0
2,3,113,0,3
2,4,113,0,0
2,5,113,0,3
2,6,113,0,0
2,7,113,0,3
2,8,113,0,2
2,9,113,0,1
2,10,113,0,1
2,11,113,0,3
2,12,113,0,0
2,13,113,0,3
2,14,113,0,0
2,15,113,0,3
2,16,113,0,0
2,17,113,0,3
2,18,113,0,0
2,19,113,0,3
2,20,113,0,2
2,21,113,0,1
2,22,113,0,0
2,23,113,0,3
2,24,113,0,0
2,25,113,0,3
2,26,113,0,0
2,27,113,0,3
2,28,105,0,0
2,29,105,0,3
3,0,105,0,1
3,1,105,0,2
3,2,113,0,1
3,3,113,0,2
3,4,113,0,1
3,5,113,0,2
3,6,113,0,1
3,7,113,0,0
3,8,113,0,3
3,9,113,0,2
3,10,113,0,1
3,11,113,0,2
3,12,113,0,1
3,13,113,0,2
3,14,113,0,1
3,15,113,0,2
3,16,113,0,1
3,17,113,0,2
3,18,113,0,1
3,19,113,0,0
3,20,113,0,3
3,21,113,0,2
3,22,113,0,1
3,23,113,0,2
3,24,113,0,1
3,25,105,0,0
3,26,113,0,2
3,27,113,0,2
3,28,105,0,1
3,29,105,0,2
4,0,105,0,0
4,1,105,0,3
4,2,113,0,0
4,3,113,0,3
4,4,113,0,0
4,5,113,0,3
4,6,113,0,2
4,7,113,0,1
4,8,113,0,0
4,9,113,0,3
4,10,113,0,0
4,11,113,0,3
4,12,113,0,0
4,13,113,0,3
4,14,113,0,0
4,15,113,0,3
4,16,113,0,0
4,17,113,0,3
4,18,105,0,0
4,19,113,0,2
4,20,113,0,0
4,21,113,0,3
4,22,113,0,0
4,23,113,0,3
4,24,113,0,2
4,25,113,0,0
4,26,113,0,0
4,27,113,0,3
4,28,105,0,0
4,29,105,0,3
5,0,105,0,1
5,1,105,0,2
5,2,113,0,1
5,3,113,0,2
5,4,113,0,1
5,5,113,0,0
5,6,113,0,3
5,7,113,0,2
5,8,113,0,1
5,9,113,0,2
5,10,113,0,1
5,11,105,0,0
5,12,113,0,1
5,13,113,0,2
5,14,113,0,1
5,15,113,0,2
5,16,113,0,1
5,17,113,0,2
5,18,113,0,0
5,19,113,0,3
5,20,113,0,1
5,21,113,0,2
5,22,113,0,1
5,23,113,0,0
5,24,113,0,3
5,25,113,0,2
5,26,113,0,1
5,27,105,0,2
5,28,105,0,1
6,0,105,0,0
6,1,105,0,3
6,2,113,0,0
6,3,113,0,3
6,4,105,0,0
6,5,113,0,1
6,6,113,0,0
6,7,113,0,3
6,8,113,0,0
6,9,113,0,3
6,10,113,0,2
6,11,113,0,2
6,12,113,0,0
6,13,113,0,3
6,14,113,0,0
6,15,113,0,3
6,16,113,0,0
6,17,113,0,3
6,18,113,0,1
6,19,113,0,3
6,20,113,0,0
6,21,113,0,3
6,22,113,0,2
6,23,113,0,1
6,24,113,0,0
6,25,113,0,3
6,26,105,0,0
6,27,105,0,3
6,28,105,0,2
7,0,105,0,1
7,1,105,0,2
7,2,113,0,1
7,3,113,0,2
7,4,113,0,0
7,5,113,0,2
7,6,113,0,1
7,7,113,0,2
7,8,113,0,1
7,9,113,0,0
7,10,113,0,0
7,11,113,0,3
7,12,113,0,1
7,13,113,0,2
7,14,113,0,1
7,15,113,0,2
7,16,113,0,1
7,17,113,0,2
7,18,113,0,1
7,19,113,0,2
7,20,113,0,1
7,21,113,0,0
7,22,113,0,3
7,23,113,0,2
7,24,113,0,1
7,25,105,0,2
7,26,105,0,1
7,27,105,0,0
7,28,105,0,3
8,0,105,0,0
8,1,105,0,3
8,2,113,0,0
8,3,113,0,3
8,4,113,0,0
8,5,113,0,3
8,6,113,0,0
8,7,113,0,3
8,8,113,0,2
8,9,113,0,1
8,10,113,0,1
8,11,113,0,3
8,12,113,0,0
8,13,113,0,3
8,14,113,0,0
8,15,113,0,3
8,16,113,0,0
8,17,113,0,3
8,18,113,0,0
8,19,113,0,3
8,20,113,0,2
8,21,113,0,1
8,22,113,0,0
8,23,113,0,3
8,24,105,0,0
8,25,105,0,3
8,26,105,0,2
8,27,105,0,1
8,28,105,0,2
9,0,105,0,1
9,1,105,0,2
9,2,113,0,1
9,3,113,0,2
9,4,113,0,1
9,5,113,0,2
9,6,113,0,1
9,7,113,0,0
9,8,113,0,3
9,9,113,0,2
9,10,113,0,1
9,11,113,0,2
9,12,113,0,1
9,13,113,0,2
9,14,113,0,1
9,15,113,0,2
9,16,113,0,1
9,17,113,0,2
9,18,113,0,1
9,19,113,0,0
9,20,113,0,3
9,21,113,0,2
9,22,113,0,1
9,23,105,0,2
9,24,105,0,1
9,25,105,0,0
9,26,105,0,3
9,27,105,0,0
9,28,105,0,3
10,0,105,0,0
10,1,105,0,3
10,2,113,0,0
10,3,113,0,3
10,4,113,0,0
10,5,113,0,3
10,6,113,0,2
10,7,113,0,1
10,8,113,0,0
10,9,113,0,3
10,10,113,0,0
10,11,113,0,3
10,12,113,0,0
10,13,113,0,3
10,14,113,0,0
10,15,113,0,3
10,16,113,0,0
10,17,113,0,3
10,18,105,0,0
10,19,113,0,1
10,20,113,0,0
10,21,113,0,3
10,22,105,0,0
10,23,105,0,3
10,24,105,0,2
10,25,105,0,1
10,26,113,0,2
10,27,105,0,1
10,28,105,0,2
11,0,105,0,1
11,1,105,0,2
11,2,113,0,1
11,3,113,0,2
11,4,113,0,1
11,5,113,0,0
11,6,113,0,3
11,7,113,0,2
11,8,113,0,1
11,9,113,0,2
11,10,113,0,1
11,11,105,0,0
11,12,113,0,2
11,13,113,0,2
11,14,113,0,1
11,15,113,0,2
11,16,113,0,1
11,17,113,0,2
11,18,113,0,2
11,19,113,0,2
11,20,113,0,1
11,21,105,0,2
11,22,105,0,1
11,23,105,0,0
11,24,105,0,3
11,25,113,0,0
11,26,113,0,3
11,27,105,0,0
11,28,105,0,3
12,0,105,0,0
12,1,105,0,3
12,2,113,0,0
12,3,113,0,3
12,4,105,0,0
12,5,113,0,1
12,6,113,0,0
12,7,113,0,3
12,8,113,0,0
12,9,113,0,3
12,10,113,0,2
12,11,113,0,0
12,12,113,0,3
12,13,113,0,3
12,14,113,0,0
12,15,113,0,3
12,16,113,0,0
12,17,113,0,0
12,18,113,0,0
12,19,113,0,3
12,20,105,0,0
12,21,105,0,3
12,22,105,0,2
12,23,105,0,1
12,24,113,0,2
12,25,113,0,1
12,26,113,0,2
12,27,105,0,1
12,28,105,0,2
13,0,105,0,1
13,1,105,0,2
13,2,113,0,1
13,3,113,0,2
13,4,113,0,0
13,5,113,0,2
13,6,113,0,1
13,7,113,0,2
13,8,113,0,1
13,9,113,0,0
13,10,113,0,3
13,11,113,0,1
13,12,113,0,1
13,13,113,0,2
13,14,113,0,1
13,15,113,0,2
13,16,113,0,1
13,17,113,0,1
13,18,113,0,1
13,19,105,0,2
13,20,105,0,1
13,21,105,0,0
13,22,105,0,3
13,23,113,0,0
13,24,113,0,3
13,25,113,0,0
13,26,113,0,3
13,27,105,0,0
13,28,105,0,3
14,0,105,0,0
14,1,105,0,3
14,2,113,0,0
14,3,113,0,3
14,4,113,0,0
14,5,113,0,3
14,6,113,0,0
14,7,113,0,3
14,8,113,0,2
14,9,113,0,1
14,10,113,0,0
14,11,113,0,3
14,12,113,0,0
14,13,113,0,3
14,14,113,0,0
14,15,113,0,3
14,16,113,0,0
14,17,113,0,3
14,18,105,0,0
14,19,105,0,3
14,20,105,0,2
14,21,105,0,1
14,22,113,0,2
14,23,113,0,1
14,24,105,0,0
14,25,113,0,1
14,26,113,0,2
14,27,105,0,1
14,28,105,0,2
15,0,105,0,1
15,1,105,0,2
15,2,113,0,1
15,3,113,0,2
15,4,113,0,1
15,5,113,0,2
15,6,113,0,1
15,7,113,0,0
15,8,113,0,3
15,9,113,0,2
15,10,113,0,1
15,11,113,0,2
15,12,113,0,1
15,13,113,0,2
15,14,113,0,1
15,15,113,0,2
15,16,113,0,1
15,17,105,0,2
15,18,105,0,1
15,19,105,0,0
15,20,105,0,3
15,21,113,0,0
15,22,113,0,3
15,23,113,0,2
15,24,113,0,2
15,25,113,0,0
15,26,113,0,3
15,27,105,0,0
15,28,105,0,3
16,0,105,0,0
16,1,105,0,3
16,2,113,0,0
16,3,113,0,3
16,4,113,0,0
16,5,113,0,3
16,6,113,0,2
16,7,113,0,1
16,8,113,0,0
16,9,113,0,3
16,10,113,0,0
16,11,113,0,3
16,12,113,0,0
16,13,113,0,3
16,14,113,0,0
16,15,113,0,3
16,16,105,0,0
16,17,105,0,3
16,18,105,0,2
16,19,105,0,1
16,20,113,0,2
16,21,113,0,1
16,22,113,0,0
16,23,113,0,0
16,24,113,0,0
16,25,113,0,1
16,26,113,0,2
16,27,105,0,1
16,28,105,0,2
17,0,105,0,1
17,1,105,0,2
17,2,113,0,1
17,3,113,0,2
17,4,113,0,1
17,5,113,0,0
17,6,113,0,3
17,7,113,0,2
17,8,113,0,1
17,9,113,0,2
17,10,113,0,1
17,11,105,0,0
17,12,113,0,1
17,13,113,0,2
17,14,113,0,1
17,15,105,0,2
17,16,105,0,1
17,17,105,0,0
17,18,105,0,3
17,19,113,0,0
17,20,113,0,3
17,21,113,0,2
17,22,113,0,1
17,23,113,0,1
17,24,113,0,1
17,25,113,0,0
17,26,113,0,3
17,27,105,0,0
17,28,105,0,3
18,0,105,0,0
18,1,105,0,3
18,2,113,0,0
18,3,113,0,3
18,4,105,0,0
18,5,113,0,1
18,6,113,0,0
18,7,113,0,3
18,8,113,0,0
18,9,113,0,3
18,10,113,0,2
18,11,113,0,2
18,12,113,0,0
18,13,113,0,3
18,14,105,0,0
18,15,105,0,3
18,16,105,0,2
18,17,105,0,1
18,18,113,0,2
18,19,113,0,1
18,20,113,0,0
18,21,113,0,3
18,22,113,0,0
18,23,113,0,3
18,24,113,0,2
18,25,113,0,1
18,26,113,0,2
18,27,105,0,1
18,28,105,0,2
19,0,105,0,1
19,1,105,0,2
19,2,113,0,1
19,3,113,0,2
19,4,113,0,0
19,5,113,0,2
19,6,113,0,1
19,7,113,0,2
19,8,113,0,1
19,9,113,0,0
19,10,113,0,0
19,11,113,0,3
19,12,113,0,1
19,13,105,0,2
19,14,105,0,1
19,15,105,0,0
19,16,105,0,3
19,17,113,0,0
19,18,113,0,3
19,19,113,0,2
19,20,113,0,1
19,21,113,0,2
19,22,113,0,1
19,23,113,0,0
19,24,113,0,3
19,25,113,0,0
19,26,113,0,3
19,27,105,0,0
19,28,105,0,3
20,0,105,0,0
20,1,105,0,3
20,2,113,0,0
20,3,113,0,3
20,4,113,0,0
20,5,113,0,3
20,6,113,0,0
20,7,113,0,3
20,8,113,0,2
20,9,113,0,1
20,10,113,0,1
20,11,113,0,3
20,12,105,0,0
20,13,105,0,3
20,14,105,0,2
20,15,105,0,1
20,16,113,0,2
20,17,113,0,1
20,18,113,0,0
20,19,113,0,3
20,20,113,0,0
20,21,113,0,3
20,22,113,0,2
20,23,113,0,1
20,24,105,0,0
20,25,113,0,1
20,26,113,0,2
20,27,105,0,1
20,28,105,0,2
21,0,105,0,1
21,1,105,0,2
21,2,113,0,1
21,3,113,0,2
21,4,113,0,1
21,5,113,0,2
21,6,113,0,1
21,7,113,0,0
21,8,113,0,3
21,9,113,0,2
21,10,113,0,1
21,11,105,0,2
21,12,105,0,1
21,13,105,0,0
21,14,105,0,3
21,15,113,0,0
21,16,113,0,3
21,17,105,0,0
21,18,113,0,1
21,19,113,0,2
21,20,113,0,1
21,21,113,0,0
21,22,113,0,3
21,23,113,0,2
21,24,113,0,2
21,25,113,0,0
21,26,113,0,3
21,27,105,0,0
21,28,105,0,3
22,0,105,0,0
22,1,105,0,3
22,2,113,0,0
22,3,113,0,3
22,4,113,0,0
22,5,113,0,3
22,6,113,0,2
22,7,113,0,1
22,8,113,0,0
22,9,113,0,3
22,10,105,0,0
22,11,105,0,3
22,12,105,0,2
22,13,105,0,1
22,14,113,0,2
22,15,113,0,1
22,16,113,0,2
22,17,113,0,2
22,18,113,0,0
22,19,113,0,3
22,20,113,0,2
22,21,113,0,1
22,22,113,0,0
22,23,113,0,0
22,24,113,0,2
22,25,113,0,1
22,26,113,0,2
22,27,105,0,1
22,28,105,0,2
23,0,105,0,1
23,1,105,0,2
23,2,113,0,1
23,3,113,0,2
23,4,113,0,1
23,5,113,0,0
23,6,113,0,3
23,7,113,0,2
23,8,113,0,1
23,9,105,0,2
23,10,105,0,1
23,11,105,0,0
23,12,105,0,3
23,13,113,0,0
23,14,113,0,3
23,15,113,0,0
23,16,113,0,0
23,17,113,0,2
23,18,113,0,1
23,19,113,0,0
23,20,113,0,3
23,21,113,0,2
23,22,113,0,1
23,23,113,0,0
23,24,113,0,3
23,25,113,0,0
23,26,113,0,3
23,27,105,0,0
23,28,105,0,3
24,0,105,0,0
24,1,105,0,3
24,2,113,0,0
24,3,113,0,3
24,4,105,0,0
24,5,113,0,1
24,6,113,0,0
24,7,113,0,3
24,8,105,0,0
24,9,105,0,3
24,10,105,0,2
24,11,105,0,1
24,12,113,0,2
24,13,113,0,1
24,14,113,0,2
24,15,113,0,1
24,16,113,0,0
24,17,113,0,3
24,18,113,0,2
24,19,113,0,1
24,20,113,0,0
24,21,113,0,3
24,22,113,0,2
24,23,113,0,1
24,24,113,0,2
24,25,113,0,1
24,26,113,0,2
24,27,105,0,1
24,28,105,0,2
25,0,105,0,1
25,1,105,0,2
25,2,113,0,1
25,3,113,0,2
25,4,113,0,0
25,5,113,0,2
25,6,113,0,1
25,7,105,0,2
25,8,105,0,1
25,9,105,0,0
25,10,105,0,3
25,11,113,0,0
25,12,113,0,3
25,13,113,0,0
25,14,113,0,3
25,15,113,0,0
25,16,113,0,1
25,17,113,0,0
25,18,113,0,3
25,19,113,0,2
25,20,113,0,1
25,21,113,0,0
25,22,113,0,3
25,23,113,0,0
25,24,113,0,3
25,25,113,0,0
25,26,113,0,3
25,27,105,0,0
25,28,105,0,3
26,0,105,0,0
26,1,105,0,3
26,2,113,0,0
26,3,113,0,3
26,4,113,0,0
26,5,113,0,3
26,6,105,0,0
26,7,105,0,3
26,8,105,0,2
26,9,105,0,1
26,10,113,0,2
26,11,113,0,1
26,12,113,0,2
26,13,113,0,1
26,14,113,0,2
26,15,113,0,1
26,16,113,0,2
26,17,113,0,1
26,18,113,0,0
26,19,113,0,3
26,20,113,0,2
26,21,113,0,1
26,22,113,0,2
26,23,113,0,1
26,24,105,0,0
26,25,113,0,2
26,26,113,0,2
26,27,105,0,1
26,28,105,0,2
27,0,105,0,1
27,1,105,0,2
27,2,113,0,1
27,3,113,0,2
27,4,113,0,1
27,5,105,0,2
27,6,105,0,1
27,7,105,0,0
27,8,105,0,3
27,9,113,0,0
27,10,113,0,3
27,11,113,0,0
27,12,113,0,3
27,13,113,0,0
27,14,113,0,3
27,15,113,0,0
27,16,113,0,3
27,17,105,0,0
27,18,113,0,2
27,19,113,0,0
27,20,113,0,3
27,21,113,0,0
27,22,113,0,3
27,23,113,0,2
27,24,113,0,0
27,25,113,0,3
27,26,113,0,3
27,27,105,0,0
27,28,105,0,3
28,0,105,0,0
28,1,105,0,3
28,2,113,0,0
28,3,113,0,3
28,4,105,0,0
28,5,105,0,3
28,6,105,0,2
28,7,105,0,1
28,8,113,0,2
28,9,113,0,1
28,10,105,0,0
28,11,113,0,1
28,12,113,0,2
28,13,113,0,1
28,14,113,0,2
28,15,113,0,1
28,16,113,0,2
28,17,113,0,0
28,18,113,0,2
28,19,113,0,1
28,20,113,0,2
28,21,113,0,1
28,22,113,0,0
28,23,113,0,3
28,24,113,0,1
28,25,113,0,1
28,26,113,0,2
28,27,105,0,1
28,28,105,0,2
29,0,105,0,1
29,1,105,0,2
29,2,113,0,1
29,3,105,0,2
29,4,105,0,1
29,5,105,0,0
29,6,105,0,3
29,7,113,0,0
29,8,113,0,3
29,9,113,0,2
29,10,113,0,2
29,11,113,0,0
29,12,113,0,3
29,13,113,0,0
29,14,113,0,3
29,15,113,0,0
29,16,113,0,3
29,17,113,0,0
29,18,113,0,3
29,19,113,0,0
29,20,113,0,3
29,21,113,0,2
29,22,113,0,1
29,23,113,0,0
29,24,113,0,3
29,25,113,0,0
29,26,113,0,3
29,27,105,0,0
29,28,105,0,3
30,0,105,0,0
30,1,105,0,3
30,2,105,0,0
30,3,105,0,3
30,4,105,0,2
30,5,105,0,1
30,6,113,0,2
30,7,113,0,1
30,8,113,0,0
30,9,113,0,0
30,10,113,0,2
30,11,113,0,1
30,12,113,0,2
30,13,113,0,1
30,14,113,0,2
30,15,113,0,1
30,16,113,0,2
30,17,113,0,1
30,18,113,0,2
30,19,113,0,1
30,20,113,0,0
30,21,113,0,3
30,22,113,0,2
30,23,113,0,1
30,24,113,0,2
30,25,113,0,1
30,26,113,0,2
30,27,105,0,1
30,28,105,0,2
31,0,105,0,1
31,1,105,0,2
31,2,105,0,1
31,3,105,0,0
31,4,105,0,3
31,5,113,0,0
31,6,113,0,3
31,7,113,0,2
31,8,113,0,1
31,9,113,0,0
31,10,113,0,3
31,11,113,0,0
31,12,113,0,3
31,13,113,0,0
31,14,113,0,3
31,15,113,0,0
31,16,113,0,3
31,17,113,0,0
31,18,113,0,3
31,19,113,0,2
31,20,113,0,1
31,21,113,0,0
31,22,113,0,3
31,23,113,0,0
31,24,113,0,3
31,25,113,0,0
31,26,113,0,3
31,27,105,0,0
31,28,105,0,3
32,0,105,0,0
32,1,105,0,3
32,2,105,0,2
32,3,105,0,1
32,4,113,0,2
32,5,113,0,1
32,6,113,0,0
32,7,113,0,3
32,8,113,0,2
32,9,113,0,1
32,10,113,0,2
32,11,113,0,1
32,12,113,0,2
32,13,113,0,1
32,14,113,0,2
32,15,113,0,1
32,16,113,0,2
32,17,113,0,1
32,18,113,0,0
32,19,113,0,3
32,20,113,0,2
32,21,113,0,1
32,22,113,0,2
32,23,113,0,1
32,24,105,0,0
32,25,113,0,2
32,26,113,0,2
32,27,105,0,1
32,28,105,0,2
33,0,105,0,1
33,1,105,0,0
33,2,105,0,3
33,3,113,0,0
33,4,113,0,3
33,5,113,0,2
33,6,113,0,1
33,7,113,0,0
33,8,113,0,3
33,9,113,0,0
33,10,113,0,3
33,11,113,0,0
33,12,113,0,3
33,13,113,0,0
33,14,113,0,3
33,15,113,0,0
33,16,113,0,3
33,17,105,0,0
33,18,113,0,2
33,19,113,0,0
33,20,113,0,3
33,21,113,0,0
33,22,113,0,3
33,23,113,0,2
33,24,113,0,0
33,25,113,0,3
33,26,113,0,3
33,27,105,0,0
33,28,105,0,3
34,0,105,0,2
34,1,105,0,1
34,2,113,0,2
34,3,113,0,1
34,4,113,0,0
34,5,113,0,3
34,6,113,0,2
34,7,113,0,1
34,8,113,0,2
34,9,113,0,1
34,10,105,0,0
34,11,113,0,1
34,12,113,0,2
34,13,113,0,1
34,14,113,0,2
34,15,113,0,1
34,16,113,0,2
34,17,113,0,0
34,18,113,0,3
34,19,113,0,1
34,20,113,0,2
34,21,113,0,1
34,22,113,0,0
34,23,113,0,3
34,24,113,0,1
34,25,113,0,1
34,26,113,0,2
34,27,105,0,1
34,28,105,0,2
