0,0,3,0,10
0,1,3,0,13
0,2,3,0,10
0,3,3,0,0
0,4,3,0,5
0,5,3,0,0
0,6,2,3,7
0,7,2,0,20
0,8,2,0,4
0,9,2,0,3
0,10,2,0,20
0,11,2,0,13
0,12,2,0,17
0,13,2,0,21
0,14,2,0,22
0,15,2,0,19
0,16,2,0,24
0,17,2,0,8
0,18,2,0,3
0,19,2,0,23
0,20,2,0,24
0,21,2,0,9
0,22,2,0,11
0,23,2,0,19
0,24,2,0,9
0,25,2,0,12
0,26,2,0,18
0,27,2,0,3
0,28,2,0,20
0,29,2,0,1
0,30,2,0,0
0,31,2,0,15
0,32,2,0,11
0,33,2,0,16
0,34,2,0,4
0,35,2,0,14
0,36,2,0,19
0,37,2,0,9
0,38,2,0,17
0,39,2,0,24
0,40,2,0,9
0,41,2,0,11
0,42,2,0,4
0,43,2,0,12
0,44,2,0,17
0,45,2,0,17
0,46,2,0,5
0,47,2,0,17
0,48,2,0,6
0,49,2,0,0
0,50,2,0,4
0,51,2,3,2
0,52,3,0,24
0,53,3,0,1
0,54,3,0,23
0,55,3,0,19
0,56,3,0,12
0,57,3,0,13
0,58,3,0,15
0,59,3,0,1
1,0,3,0,11
1,1,3,0,1
1,2,3,0,4
1,3,3,0,8
1,4,3,0,11
1,5,3,0,15
1,6,2,3,23
1,7,2,0,12
1,8,2,0,21
1,9,2,0,8
1,10,2,0,16
1,11,2,0,8
1,12,2,0,1
1,13,2,0,6
1,14,2,0,15
1,15,2,0,10
1,16,2,0,15
1,17,2,0,1
1,18,2,0,11
1,19,2,0,5
1,20,2,0,17
1,21,2,0,15
1,22,2,0,18
1,23,2,0,9
1,24,2,0,12
1,25,2,0,19
1,26,2,0,5
1,27,2,0,7
1,28,2,0,7
1,29,2,0,13
1,30,2,0,10
1,31,2,0,6
1,32,2,0,8
1,33,2,0,17
1,34,2,0,23
1,35,2,0,15
1,36,2,0,24
1,37,2,0,10
1,38,2,0,10
1,39,2,0,1
1,40,2,0,19
1,41,2,0,20
1,42,2,0,2
1,43,2,0,16
1,44,2,0,0
1,45,2,0,18
1,46,2,0,16
1,47,2,0,17
1,48,2,0,8
1,49,2,0,11
1,50,2,0,15
1,51,2,3,1
1,52,3,0,17
1,53,3,0,6
1,54,3,0,21
1,55,3,0,13
1,56,3,0,21
1,57,3,0,8
1,58,3,0,11
2,0,3,0,21
2,1,3,0,24
2,2,3,0,3
2,3,3,0,0
2,4,3,0,5
2,5,3,0,6
2,6,2,3,23
2,7,2,0,18
2,8,2,0,6
2,9,2,0,16
2,10,2,0,4
2,11,2,0,6
2,12,2,0,13
2,13,2,0,17
2,14,2,0,20
2,15,2,0,9
2,16,2,0,6
2,17,2,0,0
2,18,2,0,9
2,19,2,0,8
2,20,2,0,0
2,21,2,0,17
2,22,2,0,6
2,23,2,0,16
2,24,2,0,11
2,25,2,0,7
2,26,2,0,10
2,27,2,0,11
2,28,2,0,5
2,29,2,0,20
2,30,2,0,23
2,31,2,0,4
2,32,2,0,20
2,33,2,0,0
2,34,2,0,22
2,35,2,0,8
2,36,2,0,19
2,37,2,0,22
2,38,2,0,16
2,39,2,0,14
2,40,2,0,14
2,41,2,0,0
2,42,2,0,20
2,43,2,0,7
2,44,2,0,24
2,45,2,0,22
2,46,2,0,4
2,47,2,0,17
2,48,2,0,22
2,49,2,0,7
2,50,2,0,23
2,51,2,3,3
2,52,3,0,22
2,53,3,0,6
2,54,3,0,21
2,55,3,0,4
2,56,3,0,22
2,57,3,0,19
2,58,3,0,5
3,0,3,0,3
3,1,3,0,16
3,2,3,0,23
3,3,3,0,12
3,4,3,0,16
3,5,3,0,12
3,6,2,3,7
3,7,2,0,4
3,8,2,0,10
3,9,2,0,9
3,10,2,0,20
3,11,2,0,6
3,12,2,0,21
3,13,2,0,4
3,14,2,0,23
3,15,2,0,6
3,16,2,0,10
3,17,2,0,13
3,18,2,0,15
3,19,2,0,5
3,20,2,0,13
3,21,2,0,2
3,22,2,0,8
3,23,2,0,8
3,24,2,0,4
3,25,2,0,5
3,26,2,0,19
3,27,2,0,16
3,28,2,0,16
3,29,2,0,14
3,30,2,0,12
3,31,2,0,1
3,32,2,0,16
3,33,2,0,15
3,34,2,0,20
3,35,2,0,9
3,36,2,0,6
3,37,2,0,6
3,38,2,0,3
3,39,2,0,24
3,40,2,0,0
3,41,2,0,8
3,42,2,0,21
3,43,2,0,12
3,44,2,0,5
3,45,2,0,20
3,46,2,0,12
3,47,2,0,1
3,48,2,0,11
3,49,2,0,18
3,50,2,0,20
3,51,2,3,18
3,52,3,0,18
3,53,3,0,11
3,54,3,0,20
3,55,3,0,21
3,56,3,0,18
3,57,3,0,4
3,58,3,0,17
4,0,3,0,24
4,1,3,0,14
4,2,3,0,24
4,3,3,0,24
4,4,3,0,6
4,5,3,0,2
4,6,2,3,22
4,7,2,0,16
4,8,2,0,24
4,9,2,0,0
4,10,2,0,24
4,11,2,0,21
4,12,2,0,16
4,13,2,0,16
4,14,2,0,15
4,15,2,0,12
4,16,2,0,17
4,17,2,0,19
4,18,2,0,20
4,19,2,0,0
4,20,2,0,23
4,21,2,0,20
4,22,2,0,24
4,23,2,0,16
4,24,2,0,18
4,25,2,0,15
4,26,2,0,9
4,27,2,0,18
4,28,2,0,5
4,29,2,0,15
4,30,2,0,1
4,31,2,0,16
4,32,2,0,21
4,33,2,0,17
4,34,2,0,18
4,35,2,0,6
4,36,2,0,23
4,37,2,0,20
4,38,2,0,16
4,39,2,0,24
4,40,2,0,4
4,41,2,0,1
4,42,2,0,20
4,43,2,0,9
4,44,2,0,15
4,45,2,0,0
4,46,2,0,14
4,47,2,0,22
4,48,2,0,19
4,49,2,0,23
4,50,2,3,5
4,51,3,0,4
4,52,3,0,11
4,53,3,0,3
4,54,3,0,18
4,55,3,0,5
4,56,3,0,17
4,57,3,0,11
4,58,3,0,10
5,0,3,0,5
5,1,3,0,6
5,2,3,0,24
5,3,3,0,7
5,4,3,0,5
5,5,3,0,6
5,6,2,3,21
5,7,2,0,24
5,8,2,0,5
5,9,2,0,7
5,10,2,0,12
5,11,2,0,6
5,12,2,0,20
5,13,2,0,23
5,14,2,0,0
5,15,2,0,24
5,16,2,0,5
5,17,2,0,9
5,18,2,0,23
5,19,2,0,21
5,20,2,0,10
5,21,2,0,23
5,22,2,0,13
5,23,2,0,2
5,24,2,0,7
5,25,2,0,24
5,26,2,0,22
5,27,2,0,23
5,28,2,0,21
5,29,2,0,7
5,30,2,0,20
5,31,2,0,17
5,32,2,0,6
5,33,2,0,11
5,34,2,0,18
5,35,2,0,19
5,36,2,0,21
5,37,2,0,2
5,38,2,0,16
5,39,2,0,12
5,40,2,0,5
5,41,2,0,12
5,42,2,0,6
5,43,2,0,17
5,44,2,0,13
5,45,2,0,23
5,46,2,0,11
5,47,2,0,4
5,48,2,0,12
5,49,2,3,13
5,50,3,0,8
5,51,3,0,23
5,52,3,0,9
5,53,3,0,3
5,54,3,0,0
5,55,3,0,22
5,56,3,0,5
5,57,3,0,9
5,58,3,0,22
6,0,3,0,22
6,1,3,0,12
6,2,3,0,16
6,3,3,0,18
6,4,3,0,13
6,5,3,0,0
6,6,2,3,22
6,7,2,0,17
6,8,2,0,19
6,9,2,0,17
6,10,2,0,1
6,11,2,0,17
6,12,2,0,19
6,13,2,0,20
6,14,2,0,9
6,15,2,0,4
6,16,2,0,10
6,17,2,0,4
6,18,2,0,23
6,19,2,0,11
6,20,2,0,20
6,21,2,0,15
6,22,2,0,8
6,23,2,0,2
6,24,2,0,0
6,25,2,0,23
6,26,2,0,19
6,27,2,0,12
6,28,2,0,10
6,29,2,0,23
6,30,2,0,5
6,31,2,0,22
6,32,2,0,2
6,33,2,0,12
6,34,2,0,19
6,35,2,0,16
6,36,2,0,23
6,37,2,0,21
6,38,2,0,7
6,39,2,0,14
6,40,2,0,4
6,41,2,0,17
6,42,2,0,2
6,43,2,0,9
6,44,2,0,18
6,45,2,0,24
6,46,2,0,23
6,47,2,0,20
6,48,2,3,10
6,49,3,0,1
6,50,3,0,21
6,51,3,0,22
6,52,3,0,15
6,53,3,0,23
6,54,3,0,19
6,55,3,0,5
6,56,3,0,10
6,57,3,0,4
6,58,3,0,1
7,0,3,0,8
7,1,3,0,10
7,2,3,0,24
7,3,3,0,1
7,4,3,0,18
7,5,3,0,15
7,6,2,3,22
7,7,2,0,24
7,8,2,0,3
7,9,2,0,3
7,10,2,0,16
7,11,2,0,16
7,12,2,0,18
7,13,2,0,0
7,14,2,0,0
7,15,2,0,13
7,16,2,0,12
7,17,2,0,4
7,18,2,0,5
7,19,2,0,3
7,20,2,0,19
7,21,2,0,13
7,22,2,0,9
7,23,2,0,0
7,24,2,0,16
7,25,2,0,21
7,26,2,0,21
7,27,2,0,23
7,28,2,0,21
7,29,2,0,10
7,30,2,0,21
7,31,2,0,4
7,32,2,0,9
7,33,2,0,0
7,34,2,0,12
7,35,2,0,16
7,36,2,0,11
7,37,2,0,16
7,38,2,0,12
7,39,2,0,9
7,40,2,0,10
7,41,2,0,21
7,42,2,0,22
7,43,2,0,14
7,44,2,0,5
7,45,2,0,5
7,46,2,0,5
7,47,2,3,5
7,48,3,0,3
7,49,3,0,9
7,50,3,0,24
7,51,3,0,18
7,52,3,0,19
7,53,3,0,10
7,54,3,0,20
7,55,3,0,3
7,56,3,0,14
7,57,3,0,22
7,58,3,0,18
8,0,3,0,15
8,1,3,0,4
8,2,3,0,9
8,3,3,0,5
8,4,3,0,8
8,5,3,0,17
8,6,2,3,21
8,7,2,0,18
8,8,2,0,13
8,9,2,0,0
8,10,2,0,4
8,11,2,0,13
8,12,2,0,24
8,13,2,0,0
8,14,2,0,6
8,15,2,0,17
8,16,2,0,17
8,17,2,0,0
8,18,2,0,12
8,19,2,0,19
8,20,2,0,18
8,21,2,0,9
8,22,2,0,14
8,23,2,0,22
8,24,2,0,3
8,25,2,0,6
8,26,2,0,11
8,27,2,0,10
8,28,2,0,10
8,29,2,0,12
8,30,2,0,8
8,31,2,0,4
8,32,2,0,15
8,33,2,0,17
8,34,2,0,22
8,35,2,0,5
8,36,2,0,16
8,37,2,0,7
8,38,2,0,15
8,39,2,0,6
8,40,2,0,2
8,41,2,0,9
8,42,2,0,23
8,43,2,0,0
8,44,2,0,24
8,45,2,0,0
8,46,2,3,10
8,47,3,0,10
8,48,3,0,13
8,49,3,0,24
8,50,3,0,1
8,51,3,0,9
8,52,3,0,22
8,53,3,0,7
8,54,3,0,2
8,55,3,0,21
8,56,3,0,24
8,57,3,0,11
8,58,3,0,7
9,0,3,0,18
9,1,3,0,2
9,2,3,0,7
9,3,3,0,18
9,4,3,0,21
9,5,3,0,18
9,6,2,3,7
9,7,2,0,8
9,8,2,0,1
9,9,2,0,22
9,10,2,0,2
9,11,2,0,6
9,12,2,0,12
9,13,2,0,5
9,14,2,0,15
9,15,2,0,13
9,16,2,0,5
9,17,2,0,10
9,18,2,0,10
9,19,2,0,24
9,20,2,0,11
9,21,2,0,5
9,22,2,0,10
9,23,2,0,19
9,24,2,0,1
9,25,2,0,11
9,26,2,0,9
9,27,2,0,6
9,28,2,0,1
9,29,2,0,1
9,30,2,0,17
9,31,2,0,14
9,32,2,0,13
9,33,2,0,4
9,34,2,0,24
9,35,2,0,7
9,36,2,0,6
9,37,2,0,12
9,38,2,0,2
9,39,2,0,20
9,40,2,0,3
9,41,2,0,10
9,42,2,0,4
9,43,2,0,9
9,44,2,0,12
9,45,2,3,13
9,46,3,0,16
9,47,3,0,8
9,48,3,0,3
9,49,3,0,3
9,50,3,0,13
9,51,3,0,6
9,52,3,0,24
9,53,3,0,20
9,54,3,0,21
9,55,3,0,8
9,56,3,0,9
9,57,3,0,6
9,58,3,0,18
10,0,3,0,17
10,1,3,0,19
10,2,3,0,23
10,3,3,0,14
10,4,3,0,10
10,5,3,0,12
10,6,2,3,22
10,7,2,0,1
10,8,2,0,9
10,9,2,0,3
10,10,2,0,23
10,11,2,0,20
10,12,2,0,22
10,13,2,0,2
10,14,2,0,18
10,15,2,0,2
10,16,2,0,12
10,17,2,0,13
10,18,2,0,8
10,19,2,0,23
10,20,2,0,14
10,21,2,0,2
10,22,2,0,19
10,23,2,0,12
10,24,2,0,15
10,25,2,0,13
10,26,2,0,0
10,27,2,0,23
10,28,2,0,23
10,29,2,0,18
10,30,2,0,24
10,31,2,0,8
10,32,2,0,1
10,33,2,0,13
10,34,2,0,18
10,35,2,0,17
10,36,2,0,15
10,37,2,0,16
10,38,2,0,2
10,39,2,0,11
10,40,2,0,15
10,41,2,0,13
10,42,2,0,9
10,43,2,0,0
10,44,2,3,10
10,45,3,0,17
10,46,3,0,23
10,47,3,0,21
10,48,3,0,13
10,49,3,0,1
10,50,3,0,14
10,51,3,0,5
10,52,3,0,23
10,53,3,0,9
10,54,3,0,1
10,55,3,0,20
10,56,3,0,12
10,57,3,0,15
10,58,3,0,18
11,0,3,0,12
11,1,3,0,23
11,2,3,0,3
11,3,3,0,1
11,4,3,0,7
11,5,3,0,7
11,6,2,3,21
11,7,2,0,4
11,8,2,0,14
11,9,2,0,2
11,10,2,0,5
11,11,2,0,23
11,12,2,0,21
11,13,2,0,10
11,14,2,0,23
11,15,2,0,7
11,16,2,0,24
11,17,2,0,22
11,18,2,0,2
11,19,2,0,4
11,20,2,0,17
11,21,2,0,6
11,22,2,0,22
11,23,2,0,9
11,24,2,0,19
11,25,2,0,18
11,26,2,0,10
11,27,2,0,13
11,28,2,0,3
11,29,2,0,22
11,30,2,0,10
11,31,2,0,2
11,32,2,0,17
11,33,2,0,24
11,34,2,0,24
11,35,2,0,12
11,36,2,0,20
11,37,2,0,0
11,38,2,0,17
11,39,2,0,0
11,40,2,0,22
11,41,2,0,3
11,42,2,0,20
11,43,2,3,5
11,44,3,0,8
11,45,3,0,8
11,46,3,0,9
11,47,3,0,20
11,48,3,0,19
11,49,3,0,23
11,50,3,0,6
11,51,3,0,23
11,52,3,0,5
11,53,3,0,5
11,54,3,0,1
11,55,3,0,15
11,56,3,0,13
11,57,3,0,0
11,58,3,0,13
12,0,3,0,20
12,1,3,0,20
12,2,3,0,6
12,3,3,0,11
12,4,3,0,15
12,5,3,0,9
12,6,2,3,23
12,7,2,0,3
12,8,2,0,20
12,9,2,0,1
12,10,2,0,20
12,11,2,0,20
12,12,2,0,15
12,13,2,0,2
12,14,2,0,8
12,15,2,0,12
12,16,2,0,18
12,17,2,0,7
12,18,2,0,13
12,19,2,0,1
12,20,2,0,5
12,21,2,0,15
12,22,2,0,9
12,23,2,0,21
12,24,2,0,12
12,25,2,0,19
12,26,2,0,10
12,27,2,0,17
12,28,2,0,9
12,29,2,0,3
12,30,2,0,22
12,31,2,0,6
12,32,2,0,1
12,33,2,0,8
12,34,2,0,17
12,35,2,0,9
12,36,2,0,15
12,37,2,0,4
12,38,2,0,6
12,39,2,0,0
12,40,2,0,16
12,41,2,0,7
12,42,2,3,15
12,43,3,0,11
12,44,3,0,15
12,45,3,0,1
12,46,3,0,13
12,47,3,0,12
12,48,3,0,8
12,49,3,0,11
12,50,3,0,10
12,51,3,0,4
12,52,3,0,20
12,53,3,0,10
12,54,3,0,3
12,55,3,0,6
12,56,3,0,5
12,57,3,0,22
12,58,3,0,3
13,0,3,0,0
13,1,3,0,12
13,2,3,0,20
13,3,3,0,14
13,4,3,0,7
13,5,3,0,24
13,6,2,3,22
13,7,2,0,2
13,8,2,0,15
13,9,2,0,3
13,10,2,0,18
13,11,2,0,9
13,12,2,0,22
13,13,2,0,5
13,14,2,0,23
13,15,2,0,21
13,16,2,0,19
13,17,2,0,7
13,18,2,0,24
13,19,2,0,18
13,20,2,0,23
13,21,2,0,4
13,22,2,0,15
13,23,2,0,8
13,24,2,0,9
13,25,2,0,4
13,26,2,0,6
13,27,2,0,12
13,28,2,0,18
13,29,2,0,24
13,30,2,0,2
13,31,2,0,2
13,32,2,0,3
13,33,2,0,19
13,34,2,0,3
13,35,2,0,24
13,36,2,0,3
13,37,2,0,22
13,38,2,0,19
13,39,2,0,0
13,40,2,0,17
13,41,2,3,13
13,42,3,0,19
13,43,3,0,20
13,44,3,0,4
13,45,3,0,7
13,46,3,0,0
13,47,3,0,22
13,48,3,0,2
13,49,3,0,24
13,50,3,0,3
13,51,3,0,24
13,52,3,0,6
13,53,3,0,16
13,54,3,0,16
13,55,3,0,8
13,56,3,0,18
13,57,3,0,15
13,58,3,0,12
14,0,3,0,10
14,1,3,0,3
14,2,3,0,5
14,3,3,0,11
14,4,3,0,2
14,5,3,0,24
14,6,2,3,7
14,7,2,0,6
14,8,2,0,12
14,9,2,0,10
14,10,2,0,18
14,11,2,0,14
14,12,2,0,12
14,13,2,0,2
14,14,2,0,9
14,15,2,0,23
14,16,2,0,24
14,17,2,0,7
14,18,2,0,23
14,19,2,0,4
14,20,2,0,7
14,21,2,0,21
14,22,2,0,8
14,23,2,0,12
14,24,2,0,7
14,25,2,0,14
14,26,2,0,8
14,27,2,0,13
14,28,2,0,23
14,29,2,0,24
14,30,2,0,3
14,31,2,0,17
14,32,2,0,7
14,33,2,0,22
14,34,2,0,4
14,35,2,0,23
14,36,2,0,10
14,37,2,0,24
14,38,2,0,6
14,39,2,0,9
14,40,2,3,5
14,41,3,0,3
14,42,3,0,1
14,43,3,0,1
14,44,3,0,15
14,45,3,0,4
14,46,3,0,16
14,47,3,0,13
14,48,3,0,2
14,49,3,0,21
14,50,3,0,18
14,51,3,0,21
14,52,3,0,17
14,53,3,0,11
14,54,3,0,11
14,55,3,0,10
14,56,3,0,24
14,57,3,0,21
14,58,3,0,16
15,0,3,0,7
15,1,3,0,16
15,2,3,0,4
15,3,3,0,20
15,4,3,0,22
15,5,3,0,18
15,6,2,3,21
15,7,2,0,9
15,8,2,0,17
15,9,2,0,21
15,10,2,0,13
15,11,2,0,18
15,12,2,0,19
15,13,2,0,7
15,14,2,0,0
15,15,2,0,3
15,16,2,0,19
15,17,2,0,19
15,18,2,0,16
15,19,2,0,8
15,20,2,0,9
15,21,2,0,14
15,22,2,0,11
15,23,2,0,10
15,24,2,0,12
15,25,2,0,22
15,26,2,0,22
15,27,2,0,7
15,28,2,0,17
15,29,2,0,5
15,30,2,0,7
15,31,2,0,21
15,32,2,0,11
15,33,2,0,5
15,34,2,0,22
15,35,2,0,11
15,36,2,0,10
15,37,2,0,12
15,38,2,0,15
15,39,2,3,13
15,40,3,0,9
15,41,3,0,8
15,42,3,0,0
15,43,3,0,2
15,44,3,0,19
15,45,3,0,17
15,46,3,0,1
15,47,3,0,10
15,48,3,0,3
15,49,3,0,3
15,50,2,3,16
15,51,3,0,21
15,52,3,0,14
15,53,3,0,17
15,54,3,0,6
15,55,3,0,18
15,56,3,0,3
15,57,3,0,18
15,58,3,0,2
16,0,3,0,22
16,1,3,0,19
16,2,3,0,16
16,3,3,0,5
16,4,3,0,5
16,5,3,0,23
16,6,2,3,21
16,7,2,0,9
16,8,2,0,17
16,9,2,0,1
16,10,2,0,12
16,11,2,0,20
16,12,2,0,19
16,13,2,0,8
16,14,2,0,8
16,15,2,0,6
16,16,2,0,10
16,17,2,0,17
16,18,2,0,21
16,19,2,0,0
16,20,2,0,2
16,21,2,0,14
16,22,2,0,1
16,23,2,0,21
16,24,2,0,6
16,25,2,0,2
16,26,2,0,16
16,27,2,0,2
16,28,2,0,11
16,29,2,0,6
16,30,2,0,24
16,31,2,0,17
16,32,2,0,6
16,33,2,0,8
16,34,2,0,14
16,35,2,0,23
16,36,2,0,18
16,37,2,0,19
16,38,2,3,13
16,39,3,0,7
16,40,3,0,18
16,41,3,0,9
16,42,3,0,6
16,43,3,0,15
16,44,3,0,1
16,45,3,0,23
16,46,3,0,10
16,47,3,0,21
16,48,3,0,7
16,49,2,3,14
16,50,2,3,2
16,51,3,0,18
16,52,3,0,1
16,53,3,0,13
16,54,3,0,13
16,55,3,0,3
16,56,3,0,4
16,57,3,0,18
16,58,3,0,6
17,0,3,0,13
17,1,3,0,4
17,2,3,0,18
17,3,3,0,13
17,4,3,0,14
17,5,3,0,4
17,6,2,3,21
17,7,2,0,9
17,8,2,0,10
17,9,2,0,8
17,10,2,0,0
17,11,2,0,19
17,12,2,0,6
17,13,2,0,4
17,14,2,0,14
17,15,2,0,21
17,16,2,0,14
17,17,2,0,10
17,18,2,0,14
17,19,2,0,23
17,20,2,0,4
17,21,2,0,19
17,22,2,0,10
17,23,2,0,13
17,24,2,0,12
17,25,2,0,14
17,26,2,0,0
17,27,2,0,21
17,28,2,0,22
17,29,2,0,6
17,30,2,0,9
17,31,2,0,6
17,32,2,0,13
17,33,2,0,7
17,34,2,0,7
17,35,2,0,2
17,36,2,0,2
17,37,2,3,15
17,38,3,0,17
17,39,3,0,8
17,40,3,0,10
17,41,3,0,17
17,42,3,0,12
17,43,3,0,20
17,44,3,0,14
17,45,3,0,19
17,46,3,0,18
17,47,3,0,5
17,48,2,3,9
17,49,2,0,17
17,50,2,3,3
17,51,3,0,15
17,52,3,0,14
17,53,3,0,21
17,54,3,0,15
17,55,3,0,23
17,56,3,0,1
17,57,3,0,9
17,58,3,0,16
18,0,3,0,23
18,1,3,0,8
18,2,3,0,18
18,3,3,0,13
18,4,3,0,3
18,5,3,0,4
18,6,2,3,23
18,7,2,0,24
18,8,2,0,21
18,9,2,0,5
18,10,2,0,10
18,11,2,0,1
18,12,2,0,4
18,13,2,0,12
18,14,2,0,5
18,15,2,0,15
18,16,2,0,14
18,17,2,0,21
18,18,2,0,4
18,19,2,0,13
18,20,2,0,4
18,21,2,0,1
18,22,2,0,19
18,23,2,0,8
18,24,2,0,14
18,25,2,0,5
18,26,2,0,12
18,27,2,0,13
18,28,2,0,5
18,29,2,0,7
18,30,2,0,8
18,31,2,0,20
18,32,2,0,5
18,33,2,0,8
18,34,2,0,14
18,35,2,0,23
18,36,2,3,13
18,37,3,0,9
18,38,3,0,5
18,39,3,0,12
18,40,3,0,23
18,41,3,0,7
18,42,3,0,0
18,43,3,0,5
18,44,3,0,23
18,45,3,0,17
18,46,3,0,0
18,47,2,3,11
18,48,2,0,13
18,49,2,0,14
18,50,2,3,1
18,51,3,0,16
18,52,3,0,7
18,53,3,0,11
18,54,3,0,4
18,55,3,0,7
18,56,3,0,2
18,57,3,0,8
18,58,3,0,14
19,0,3,0,18
19,1,3,0,23
19,2,3,0,2
19,3,3,0,23
19,4,3,0,24
19,5,3,0,10
19,6,2,3,7
19,7,2,0,13
19,8,2,0,4
19,9,2,0,18
19,10,2,0,1
19,11,2,0,22
19,12,2,0,21
19,13,2,0,12
19,14,2,0,3
19,15,2,0,21
19,16,2,0,17
19,17,2,0,22
19,18,2,0,0
19,19,2,0,20
19,20,2,0,12
19,21,2,0,24
19,22,2,0,23
19,23,2,0,6
19,24,2,0,12
19,25,2,0,11
19,26,2,0,11
19,27,2,0,11
19,28,2,0,8
19,29,2,0,13
19,30,2,0,12
19,31,2,0,22
19,32,2,0,21
19,33,2,0,7
19,34,2,0,15
19,35,2,3,13
19,36,3,0,4
19,37,3,0,9
19,38,3,0,22
19,39,3,0,14
19,40,3,0,18
19,41,3,0,18
19,42,3,0,4
19,43,3,0,13
19,44,3,0,10
19,45,3,0,17
19,46,2,3,11
19,47,2,0,18
19,48,2,0,21
19,49,2,0,14
19,50,2,3,17
19,51,3,0,10
19,52,3,0,11
19,53,3,0,23
19,54,3,0,21
19,55,3,0,24
19,56,3,0,11
19,57,3,0,6
19,58,3,0,0
20,0,3,0,4
20,1,3,0,15
20,2,3,0,3
20,3,3,0,9
20,4,3,0,23
20,5,3,0,21
20,6,2,3,7
20,7,2,0,19
20,8,2,0,20
20,9,2,0,14
20,10,2,0,23
20,11,2,0,12
20,12,2,0,19
20,13,2,0,11
20,14,2,0,22
20,15,2,0,22
20,16,2,0,4
20,17,2,0,22
20,18,2,0,5
20,19,2,0,15
20,20,2,0,6
20,21,2,0,16
20,22,2,0,4
20,23,2,0,18
20,24,2,0,20
20,25,2,0,0
20,26,2,0,13
20,27,2,0,5
20,28,2,0,23
20,29,2,0,22
20,30,2,0,21
20,31,2,0,18
20,32,2,0,7
20,33,2,0,10
20,34,2,3,5
20,35,3,0,23
20,36,3,0,23
20,37,3,0,23
20,38,3,0,3
20,39,3,0,17
20,40,3,0,1
20,41,3,0,19
20,42,3,0,2
20,43,3,0,21
20,44,3,0,9
20,45,2,3,19
20,46,2,0,20
20,47,2,0,11
20,48,2,0,3
20,49,2,0,8
20,50,2,3,3
20,51,3,0,10
20,52,3,0,6
20,53,3,0,24
20,54,3,0,13
20,55,3,0,22
20,56,3,0,5
20,57,3,0,10
20,58,3,0,8
21,0,3,0,8
21,1,3,0,6
21,2,3,0,6
21,3,3,0,13
21,4,3,0,20
21,5,3,0,20
21,6,2,3,22
21,7,2,0,18
21,8,2,0,22
21,9,2,0,21
21,10,2,0,4
21,11,2,0,3
21,12,2,0,22
21,13,2,0,5
21,14,2,0,6
21,15,2,0,0
21,16,2,0,12
21,17,2,0,23
21,18,2,0,6
21,19,2,0,17
21,20,2,0,19
21,21,2,0,22
21,22,2,0,17
21,23,2,0,14
21,24,2,0,12
21,25,2,0,24
21,26,2,0,21
21,27,2,0,14
21,28,2,0,7
21,29,2,0,18
21,30,2,0,17
21,31,2,0,15
21,32,2,0,17
21,33,2,3,15
21,34,3,0,10
21,35,3,0,23
21,36,3,0,22
21,37,3,0,6
21,38,3,0,24
21,39,3,0,24
21,40,3,0,8
21,41,3,0,5
21,42,3,0,17
21,43,3,0,2
21,44,2,3,9
21,45,2,0,10
21,46,2,0,5
21,47,2,0,3
21,48,2,0,13
21,49,2,0,24
21,50,2,3,17
21,51,3,0,4
21,52,3,0,0
21,53,3,0,10
21,54,3,0,11
21,55,3,0,12
21,56,3,0,5
21,57,3,0,1
21,58,3,0,16
22,0,3,0,22
22,1,3,0,10
22,2,3,0,6
22,3,3,0,4
22,4,3,0,12
22,5,3,0,23
22,6,2,3,22
22,7,2,0,9
22,8,2,0,4
22,9,2,0,18
22,10,2,0,15
22,11,2,0,18
22,12,2,0,8
22,13,2,0,14
22,14,2,0,12
22,15,2,0,2
22,16,2,0,15
22,17,2,0,3
22,18,2,0,7
22,19,2,0,15
22,20,2,0,24
22,21,2,0,5
22,22,2,0,21
22,23,2,0,5
22,24,2,0,9
22,25,2,0,24
22,26,2,0,14
22,27,2,0,1
22,28,2,0,0
22,29,2,0,14
22,30,2,0,8
22,31,2,0,17
22,32,2,3,10
22,33,3,0,11
22,34,3,0,10
22,35,3,0,4
22,36,3,0,10
22,37,3,0,9
22,38,3,0,16
22,39,3,0,4
22,40,3,0,11
22,41,3,0,20
22,42,3,0,22
22,43,2,3,9
22,44,2,0,0
22,45,2,0,22
22,46,2,0,15
22,47,2,0,1
22,48,2,0,12
22,49,2,0,12
22,50,2,3,3
22,51,3,0,6
22,52,3,0,2
22,53,3,0,24
22,54,3,0,4
22,55,3,0,16
22,56,3,0,24
22,57,3,0,4
22,58,3,0,23
23,0,3,0,16
23,1,3,0,5
23,2,3,0,8
23,3,3,0,16
23,4,3,0,5
23,5,3,0,5
23,6,2,3,21
23,7,2,0,12
23,8,2,0,0
23,9,2,0,7
23,10,2,0,8
23,11,2,0,22
23,12,2,0,17
23,13,2,0,18
23,14,2,0,2
23,15,2,0,18
23,16,2,0,3
23,17,2,0,4
23,18,2,0,13
23,19,2,0,24
23,20,2,0,2
23,21,2,0,17
23,22,2,0,12
23,23,2,0,7
23,24,2,0,10
23,25,2,0,22
23,26,2,0,12
23,27,2,0,7
23,28,2,0,5
23,29,2,0,13
23,30,2,0,19
23,31,2,3,15
23,32,3,0,20
23,33,3,0,12
23,34,3,0,24
23,35,3,0,6
23,36,3,0,17
23,37,3,0,1
23,38,3,0,15
23,39,3,0,8
23,40,3,0,1
23,41,3,0,22
23,42,2,3,19
23,43,2,0,6
23,44,2,0,9
23,45,2,0,17
23,46,2,0,5
23,47,2,0,24
23,48,2,0,5
23,49,2,0,5
23,50,2,3,17
23,51,3,0,4
23,52,3,0,4
23,53,3,0,7
23,54,3,0,3
23,55,3,0,16
23,56,3,0,4
23,57,3,0,11
23,58,3,0,2
24,0,3,0,9
24,1,3,0,12
24,2,3,0,20
24,3,3,0,7
24,4,3,0,23
24,5,3,0,24
24,6,2,3,21
24,7,2,0,18
24,8,2,0,6
24,9,2,0,23
24,10,2,0,11
24,11,2,0,11
24,12,2,0,18
24,13,2,0,17
24,14,2,0,22
24,15,2,0,0
24,16,2,0,9
24,17,2,0,18
24,18,2,0,11
24,19,2,0,4
24,20,2,0,3
24,21,2,0,15
24,22,2,0,7
24,23,2,0,24
24,24,2,0,17
24,25,2,0,21
24,26,2,0,3
24,27,2,0,9
24,28,2,0,6
24,29,2,0,6
24,30,2,3,10
24,31,3,0,10
24,32,3,0,4
24,33,3,0,17
24,34,3,0,6
24,35,3,0,19
24,36,3,0,7
24,37,3,0,23
24,38,3,0,11
24,39,3,0,3
24,40,3,0,2
24,41,2,3,11
24,42,2,0,15
24,43,2,0,10
24,44,2,0,11
24,45,2,0,8
24,46,2,0,24
24,47,2,0,3
24,48,2,0,10
24,49,2,0,17
24,50,2,3,17
24,51,3,0,24
24,52,3,0,23
24,53,3,0,22
24,54,3,0,16
24,55,3,0,13
24,56,3,0,10
24,57,3,0,13
24,58,3,0,0
25,0,3,0,1
25,1,3,0,14
25,2,3,0,1
25,3,3,0,17
25,4,3,0,18
25,5,3,0,8
25,6,2,3,23
25,7,2,0,13
25,8,2,0,23
25,9,2,0,13
25,10,2,0,14
25,11,2,0,14
25,12,2,0,7
25,13,2,0,15
25,14,2,0,16
25,15,2,0,23
25,16,2,0,16
25,17,2,0,24
25,18,2,0,5
25,19,2,0,7
25,20,2,0,23
25,21,2,0,24
25,22,2,0,13
25,23,2,0,0
25,24,2,0,12
25,25,2,0,3
25,26,2,0,23
25,27,2,0,14
25,28,2,0,11
25,29,2,3,10
25,30,3,0,23
25,31,3,0,13
25,32,3,0,16
25,33,3,0,0
25,34,3,0,10
25,35,3,0,10
25,36,3,0,11
25,37,3,0,8
25,38,3,0,24
25,39,3,0,14
25,40,2,3,14
25,41,2,0,18
25,42,2,0,21
25,43,2,0,21
25,44,2,0,17
25,45,2,0,24
25,46,2,0,2
25,47,2,0,12
25,48,2,0,11
25,49,2,0,20
25,50,2,3,17
25,51,3,0,3
25,52,3,0,8
25,53,3,0,13
25,54,3,0,2
25,55,3,0,23
25,56,3,0,10
25,57,3,0,3
25,58,3,0,0
26,0,3,0,11
26,1,3,0,7
26,2,3,0,15
26,3,3,0,21
26,4,3,0,24
26,5,3,0,0
26,6,2,3,7
26,7,2,0,14
26,8,2,0,17
26,9,2,0,24
26,10,2,0,8
26,11,2,0,4
26,12,2,0,13
26,13,2,0,21
26,14,2,0,24
26,15,2,0,12
26,16,2,0,3
26,17,2,0,1
26,18,2,0,4
26,19,2,0,18
26,20,2,0,20
26,21,2,0,20
26,22,2,0,21
26,23,2,0,18
26,24,2,0,19
26,25,2,0,17
26,26,2,0,13
26,27,2,0,16
26,28,2,3,5
26,29,3,0,7
26,30,3,0,17
26,31,3,0,1
26,32,3,0,3
26,33,3,0,10
26,34,3,0,13
26,35,3,0,13
26,36,3,0,15
26,37,3,0,7
26,38,3,0,10
26,39,2,3,14
26,40,2,0,4
26,41,2,0,12
26,42,2,0,1
26,43,2,0,16
26,44,2,0,15
26,45,2,0,22
26,46,2,0,13
26,47,2,0,18
26,48,2,0,11
26,49,2,0,11
26,50,2,3,3
26,51,3,0,16
26,52,3,0,20
26,53,3,0,14
26,54,3,0,1
26,55,3,0,1
26,56,3,0,18
26,57,3,0,3
26,58,3,0,19
27,0,3,0,20
27,1,3,0,17
27,2,3,0,17
27,3,3,0,21
27,4,3,0,3
27,5,3,0,7
27,6,2,3,7
27,7,2,0,12
27,8,2,0,10
27,9,2,0,1
27,10,2,0,16
27,11,2,0,4
27,12,2,0,9
27,13,2,0,12
27,14,2,0,16
27,15,2,0,11
27,16,2,0,12
27,17,2,0,21
27,18,2,0,8
27,19,2,0,10
27,20,2,0,17
27,21,2,0,9
27,22,2,0,21
27,23,2,0,17
27,24,2,0,10
27,25,2,0,5
27,26,2,0,4
27,27,2,3,10
27,28,3,0,6
27,29,3,0,15
27,30,3,0,8
27,31,3,0,2
27,32,3,0,15
27,33,3,0,15
27,34,3,0,10
27,35,3,0,19
27,36,3,0,24
27,37,3,0,17
27,38,2,3,14
27,39,2,0,10
27,40,2,0,3
27,41,2,0,1
27,42,2,0,12
27,43,2,0,11
27,44,2,0,9
27,45,2,0,14
27,46,2,0,18
27,47,2,0,19
27,48,2,0,18
27,49,2,0,13
27,50,2,3,1
27,51,3,0,4
27,52,3,0,21
27,53,3,0,20
27,54,3,0,18
27,55,3,0,7
27,56,3,0,0
27,57,3,0,3
27,58,3,0,14
28,0,3,0,1
28,1,3,0,13
28,2,3,0,13
28,3,3,0,1
28,4,3,0,22
28,5,3,0,3
28,6,2,3,22
28,7,2,0,17
28,8,2,0,20
28,9,2,0,0
28,10,2,0,2
28,11,2,0,1
28,12,2,0,14
28,13,2,0,10
28,14,2,0,12
28,15,2,0,9
28,16,2,0,11
28,17,2,0,1
28,18,2,0,8
28,19,2,0,23
28,20,2,0,14
28,21,2,0,5
28,22,2,0,9
28,23,2,0,23
28,24,2,0,16
28,25,2,0,8
28,26,2,3,10
28,27,3,0,16
28,28,3,0,11
28,29,3,0,18
28,30,3,0,13
28,31,3,0,20
28,32,3,0,20
28,33,3,0,10
28,34,3,0,11
28,35,3,0,19
28,36,3,0,10
28,37,2,3,14
28,38,2,0,2
28,39,2,0,15
28,40,2,0,24
28,41,2,0,12
28,42,2,0,0
28,43,2,0,7
28,44,2,0,17
28,45,2,0,21
28,46,2,0,6
28,47,2,0,21
28,48,2,0,20
28,49,2,0,10
28,50,2,3,17
28,51,3,0,18
28,52,3,0,7
28,53,3,0,19
28,54,3,0,11
28,55,3,0,12
28,56,3,0,5
28,57,3,0,11
28,58,3,0,9
29,0,3,0,17
29,1,3,0,15
29,2,3,0,12
29,3,3,0,1
29,4,3,0,16
29,5,3,0,9
29,6,2,3,22
29,7,2,0,16
29,8,2,0,15
29,9,2,0,20
29,10,2,0,18
29,11,2,0,8
29,12,2,0,1
29,13,2,0,21
29,14,2,0,12
29,15,2,0,23
29,16,2,0,5
29,17,2,0,4
29,18,2,0,10
29,19,2,0,12
29,20,2,0,2
29,21,2,0,12
29,22,2,0,2
29,23,2,0,24
29,24,2,0,10
29,25,2,3,5
29,26,3,0,7
29,27,3,0,5
29,28,3,0,15
29,29,3,0,24
29,30,3,0,21
29,31,3,0,3
29,32,3,0,23
29,33,3,0,3
29,34,3,0,13
29,35,3,0,17
29,36,2,3,11
29,37,2,0,18
29,38,2,0,18
29,39,2,0,21
29,40,2,0,1
29,41,2,0,21
29,42,2,0,12
29,43,2,0,23
29,44,2,0,9
29,45,2,0,14
29,46,2,0,15
29,47,2,0,24
29,48,2,0,11
29,49,2,0,1
29,50,2,3,17
29,51,3,0,14
29,52,3,0,12
29,53,3,0,18
29,54,3,0,9
29,55,3,0,1
29,56,3,0,21
29,57,3,0,16
29,58,3,0,21
30,0,3,0,14
30,1,3,0,7
30,2,3,0,22
30,3,3,0,3
30,4,3,0,13
30,5,3,0,2
30,6,2,3,22
30,7,2,0,18
30,8,2,0,0
30,9,2,0,4
30,10,2,0,18
30,11,2,0,23
30,12,2,0,1
30,13,2,0,16
30,14,2,0,11
30,15,2,0,2
30,16,2,0,11
30,17,2,0,22
30,18,2,0,6
30,19,2,0,19
30,20,2,0,12
30,21,2,0,17
30,22,2,0,4
30,23,2,0,19
30,24,2,3,13
30,25,3,0,24
30,26,3,0,24
30,27,3,0,5
30,28,3,0,0
30,29,3,0,11
30,30,3,0,17
30,31,3,0,4
30,32,3,0,11
30,33,3,0,2
30,34,3,0,14
30,35,2,3,9
30,36,2,0,23
30,37,2,0,8
30,38,2,0,18
30,39,2,0,10
30,40,2,0,15
30,41,2,0,19
30,42,2,0,9
30,43,2,0,16
30,44,2,0,4
30,45,2,0,19
30,46,2,0,24
30,47,2,0,17
30,48,2,0,19
30,49,2,0,13
30,50,2,3,2
30,51,3,0,4
30,52,3,0,17
30,53,3,0,11
30,54,3,0,17
30,55,3,0,3
30,56,3,0,1
30,57,3,0,18
30,58,3,0,21
31,0,3,0,8
31,1,3,0,9
31,2,3,0,20
31,3,3,0,15
31,4,3,0,20
31,5,3,0,22
31,6,2,3,22
31,7,2,0,3
31,8,2,0,5
31,9,2,0,23
31,10,2,0,8
31,11,2,0,16
31,12,2,0,17
31,13,2,0,0
31,14,2,0,1
31,15,2,0,18
31,16,2,0,4
31,17,2,0,22
31,18,2,0,16
31,19,2,0,0
31,20,2,0,13
31,21,2,0,8
31,22,2,0,18
31,23,2,3,5
31,24,3,0,13
31,25,3,0,20
31,26,3,0,23
31,27,3,0,4
31,28,3,0,13
31,29,3,0,11
31,30,3,0,13
31,31,3,0,22
31,32,3,0,5
31,33,3,0,3
31,34,2,3,14
31,35,2,0,6
31,36,2,0,4
31,37,2,0,16
31,38,2,0,22
31,39,2,0,19
31,40,2,0,23
31,41,2,0,1
31,42,2,0,22
31,43,2,0,17
31,44,2,0,4
31,45,2,0,23
31,46,2,0,10
31,47,2,0,18
31,48,2,0,1
31,49,2,0,18
31,50,2,3,17
31,51,3,0,23
31,52,3,0,14
31,53,3,0,6
31,54,3,0,14
31,55,3,0,1
31,56,3,0,15
31,57,3,0,23
31,58,3,0,22
32,0,3,0,16
32,1,3,0,0
32,2,3,0,4
32,3,3,0,16
32,4,3,0,10
32,5,3,0,21
32,6,2,3,23
32,7,2,0,17
32,8,2,0,23
32,9,2,0,14
32,10,2,0,7
32,11,2,0,10
32,12,2,0,17
32,13,2,0,9
32,14,2,0,15
32,15,2,0,3
32,16,2,0,12
32,17,2,0,24
32,18,2,0,15
32,19,2,0,10
32,20,2,0,13
32,21,2,0,14
32,22,2,3,15
32,23,3,0,18
32,24,3,0,19
32,25,3,0,0
32,26,3,0,0
32,27,3,0,21
32,28,3,0,15
32,29,3,0,6
32,30,3,0,2
32,31,3,0,18
32,32,3,0,9
32,33,2,3,9
32,34,2,0,5
32,35,2,0,2
32,36,2,0,19
32,37,2,0,21
32,38,2,0,23
32,39,2,0,21
32,40,2,0,1
32,41,2,0,13
32,42,2,0,17
32,43,2,0,15
32,44,2,0,23
32,45,2,0,24
32,46,2,0,13
32,47,2,0,10
32,48,2,0,18
32,49,2,0,20
32,50,2,3,3
32,51,3,0,13
32,52,3,0,18
32,53,3,0,13
32,54,3,0,7
32,55,3,0,6
32,56,3,0,16
32,57,3,0,23
32,58,3,0,20
33,0,3,0,3
33,1,3,0,19
33,2,3,0,10
33,3,3,0,6
33,4,3,0,11
33,5,3,0,14
33,6,2,3,21
33,7,2,0,20
33,8,2,0,0
33,9,2,0,11
33,10,2,0,15
33,11,2,0,14
33,12,2,0,9
33,13,2,0,16
33,14,2,0,13
33,15,2,0,2
33,16,2,0,1
33,17,2,0,20
33,18,2,0,4
33,19,2,0,20
33,20,2,0,14
33,21,2,3,13
33,22,3,0,11
33,23,3,0,23
33,24,3,0,20
33,25,3,0,3
33,26,3,0,6
33,27,3,0,3
33,28,3,0,17
33,29,3,0,15
33,30,3,0,11
33,31,3,0,11
33,32,2,3,14
33,33,2,0,10
33,34,2,0,22
33,35,2,0,1
33,36,2,0,14
33,37,2,0,16
33,38,2,0,6
33,39,2,0,11
33,40,2,0,19
33,41,2,0,17
33,42,2,0,23
33,43,2,0,0
33,44,2,0,15
33,45,2,0,18
33,46,2,0,11
33,47,2,0,19
33,48,2,0,9
33,49,2,0,9
33,50,2,3,17
33,51,3,0,6
33,52,3,0,7
33,53,3,0,7
33,54,3,0,13
33,55,3,0,3
33,56,3,0,11
33,57,3,0,23
33,58,3,0,15
34,0,3,0,24
34,1,3,0,22
34,2,3,0,12
34,3,3,0,20
34,4,3,0,24
34,5,3,0,3
34,6,2,3,22
34,7,2,0,22
34,8,2,0,18
34,9,2,0,2
34,10,2,0,17
34,11,2,0,8
34,12,2,0,8
34,13,2,0,4
34,14,2,0,18
34,15,2,0,6
34,16,2,0,5
34,17,2,0,14
34,18,2,0,5
34,19,2,0,3
34,20,2,3,10
34,21,3,0,11
34,22,3,0,8
34,23,3,0,15
34,24,3,0,2
34,25,3,0,12
34,26,3,0,2
34,27,3,0,4
34,28,3,0,23
34,29,3,0,5
34,30,3,0,9
34,31,2,3,11
34,32,2,0,9
34,33,2,0,10
34,34,2,0,15
34,35,2,0,8
34,36,2,0,12
34,37,2,0,0
34,38,2,0,6
34,39,2,0,0
34,40,2,0,7
34,41,2,0,23
34,42,2,0,5
34,43,2,0,18
34,44,2,0,20
34,45,2,0,24
34,46,2,0,23
34,47,2,0,3
34,48,2,0,19
34,49,2,0,5
34,50,2,3,3
34,51,3,0,3
34,52,3,0,15
34,53,3,0,4
34,54,3,0,11
34,55,3,0,20
34,56,3,0,23
34,57,3,0,18
34,58,3,0,9
35,0,3,0,23
35,1,3,0,5
35,2,3,0,7
35,3,3,0,15
35,4,3,0,17
35,5,3,0,11
35,6,2,3,22
35,7,2,0,16
35,8,2,0,17
35,9,2,0,3
35,10,2,0,15
35,11,2,0,8
35,12,2,0,22
35,13,2,0,13
35,14,2,0,20
35,15,2,0,9
35,16,2,0,12
35,17,2,0,22
35,18,2,0,12
35,19,2,3,13
35,20,3,0,14
35,21,3,0,1
35,22,3,0,19
35,23,3,0,10
35,24,3,0,11
35,25,3,0,14
35,26,3,0,24
35,27,3,0,17
35,28,3,0,20
35,29,3,0,4
35,30,2,3,14
35,31,2,0,18
35,32,2,0,11
35,33,2,0,12
35,34,2,0,13
35,35,2,0,24
35,36,2,0,23
35,37,2,0,15
35,38,2,0,13
35,39,2,0,0
35,40,2,0,10
35,41,2,0,14
35,42,2,0,14
35,43,2,0,11
35,44,2,0,18
35,45,2,0,5
35,46,2,0,12
35,47,2,0,15
35,48,2,0,14
35,49,2,0,13
35,50,2,3,1
35,51,3,0,21
35,52,3,0,2
35,53,3,0,15
35,54,3,0,7
35,55,3,0,8
35,56,3,0,17
35,57,3,0,23
35,58,3,0,23
36,0,3,0,12
36,1,3,0,4
36,2,3,0,1
36,3,3,0,24
36,4,3,0,9
36,5,3,0,8
36,6,2,3,23
36,7,2,0,5
36,8,2,0,23
36,9,2,0,13
36,10,2,0,3
36,11,2,0,13
36,12,2,0,12
36,13,2,0,2
36,14,2,0,20
36,15,2,0,18
36,16,2,0,20
36,17,2,0,24
36,18,2,3,15
36,19,3,0,16
36,20,3,0,4
36,21,3,0,13
36,22,3,0,17
36,23,3,0,22
36,24,3,0,16
36,25,3,0,10
36,26,3,0,11
36,27,3,0,0
36,28,3,0,24
36,29,2,3,11
36,30,2,0,24
36,31,2,0,19
36,32,2,0,19
36,33,2,0,9
36,34,2,0,18
36,35,2,0,20
36,36,2,0,13
36,37,2,0,16
36,38,2,0,11
36,39,2,0,5
36,40,2,0,6
36,41,2,0,12
36,42,2,0,3
36,43,2,0,15
36,44,2,0,18
36,45,2,0,17
36,46,2,0,14
36,47,2,0,0
36,48,2,0,10
36,49,2,0,12
36,50,2,3,2
36,51,3,0,0
36,52,3,0,18
36,53,3,0,5
36,54,3,0,18
36,55,3,0,9
36,56,3,0,17
36,57,3,0,22
36,58,3,0,23
37,0,3,0,19
37,1,3,0,20
37,2,3,0,17
37,3,3,0,9
37,4,3,0,13
37,5,3,0,20
37,6,2,3,21
37,7,2,0,5
37,8,2,0,8
37,9,2,0,8
37,10,2,0,21
37,11,2,0,18
37,12,2,0,10
37,13,2,0,3
37,14,2,0,2
37,15,2,0,1
37,16,2,0,23
37,17,2,3,10
37,18,3,0,10
37,19,3,0,17
37,20,3,0,6
37,21,3,0,12
37,22,3,0,16
37,23,3,0,9
37,24,3,0,20
37,25,3,0,18
37,26,3,0,18
37,27,3,0,20
37,28,2,3,9
37,29,2,0,17
37,30,2,0,7
37,31,2,0,12
37,32,2,0,6
37,33,2,0,7
37,34,2,0,12
37,35,2,0,1
37,36,2,0,16
37,37,2,0,4
37,38,2,0,2
37,39,2,0,6
37,40,2,0,20
37,41,2,0,11
37,42,2,0,10
37,43,2,0,13
37,44,2,0,1
37,45,2,0,3
37,46,2,0,9
37,47,2,0,15
37,48,2,0,14
37,49,2,0,6
37,50,2,3,3
37,51,3,0,21
37,52,3,0,22
37,53,3,0,17
37,54,3,0,13
37,55,3,0,18
37,56,3,0,22
37,57,3,0,9
37,58,3,0,23
38,0,3,0,12
38,1,3,0,17
38,2,3,0,15
38,3,3,0,10
38,4,3,0,3
38,5,3,0,7
38,6,2,3,23
38,7,2,0,10
38,8,2,0,12
38,9,2,0,17
38,10,2,0,7
38,11,2,0,2
38,12,2,0,23
38,13,2,0,9
38,14,2,0,18
38,15,2,0,16
38,16,2,3,13
38,17,3,0,19
38,18,3,0,18
38,19,3,0,6
38,20,3,0,9
38,21,3,0,12
38,22,3,0,19
38,23,3,0,12
38,24,3,0,2
38,25,3,0,16
38,26,3,0,19
38,27,2,3,19
38,28,2,0,11
38,29,2,0,18
38,30,2,0,19
38,31,2,0,11
38,32,2,0,5
38,33,2,0,18
38,34,2,0,7
38,35,2,0,22
38,36,2,0,18
38,37,2,0,23
38,38,2,0,15
38,39,2,0,19
38,40,2,0,24
38,41,2,0,23
38,42,2,0,17
38,43,2,0,22
38,44,2,0,22
38,45,2,0,10
38,46,2,0,2
38,47,2,0,1
38,48,2,0,13
38,49,2,0,5
38,50,2,3,17
38,51,3,0,17
38,52,3,0,18
38,53,3,0,0
38,54,3,0,1
38,55,3,0,6
38,56,3,0,7
38,57,3,0,12
38,58,3,0,17
39,0,3,0,20
39,1,3,0,2
39,2,3,0,9
39,3,3,0,10
39,4,3,0,11
39,5,3,0,6
39,6,2,3,7
39,7,2,0,4
39,8,2,0,21
39,9,2,0,5
39,10,2,0,9
39,11,2,0,17
39,12,2,0,9
39,13,2,0,21
39,14,2,0,10
39,15,2,3,10
39,16,3,0,11
39,17,3,0,8
39,18,3,0,20
39,19,3,0,22
39,20,3,0,8
39,21,3,0,24
39,22,3,0,19
39,23,3,0,4
39,24,3,0,17
39,25,3,0,21
39,26,2,3,19
39,27,2,0,21
39,28,2,0,23
39,29,2,0,14
39,30,2,0,7
39,31,2,0,2
39,32,2,0,9
39,33,2,0,6
39,34,2,0,16
39,35,2,0,17
39,36,2,0,12
39,37,2,0,11
39,38,2,0,19
39,39,2,0,6
39,40,2,0,24
39,41,2,0,6
39,42,2,0,14
39,43,2,0,10
39,44,2,0,0
39,45,2,0,24
39,46,2,0,4
39,47,2,0,24
39,48,2,0,3
39,49,2,0,8
39,50,2,3,3
39,51,3,0,11
39,52,3,0,15
39,53,3,0,19
39,54,3,0,6
39,55,3,0,9
39,56,3,0,7
39,57,3,0,11
39,58,3,0,17
40,0,3,0,22
40,1,3,0,16
40,2,3,0,3
40,3,3,0,20
40,4,3,0,4
40,5,3,0,13
40,6,2,3,23
40,7,2,0,3
40,8,2,0,14
40,9,2,0,16
40,10,2,0,0
40,11,2,0,24
40,12,2,0,13
40,13,2,0,15
40,14,2,3,15
40,15,3,0,8
40,16,3,0,14
40,17,3,0,7
40,18,3,0,14
40,19,3,0,22
40,20,3,0,24
40,21,3,0,23
40,22,3,0,11
40,23,3,0,16
40,24,3,0,5
40,25,2,3,19
40,26,2,0,9
40,27,2,0,18
40,28,2,0,1
40,29,2,0,2
40,30,2,0,11
40,31,2,0,5
40,32,2,0,1
40,33,2,0,6
40,34,2,0,15
40,35,2,0,15
40,36,2,0,19
40,37,2,0,2
40,38,2,0,21
40,39,2,0,8
40,40,2,0,7
40,41,2,0,9
40,42,2,0,6
40,43,2,0,23
40,44,2,0,7
40,45,2,0,7
40,46,2,0,3
40,47,2,0,9
40,48,2,0,21
40,49,2,0,16
40,50,2,3,1
40,51,3,0,4
40,52,3,0,24
40,53,3,0,7
40,54,3,0,1
40,55,3,0,3
40,56,3,0,4
40,57,3,0,4
40,58,3,0,11
41,0,3,0,14
41,1,3,0,23
41,2,3,0,4
41,3,3,0,19
41,4,3,0,4
41,5,3,0,7
41,6,2,3,21
41,7,2,0,11
41,8,2,0,5
41,9,2,0,11
41,10,2,0,22
41,11,2,0,19
41,12,2,0,12
41,13,2,3,5
41,14,3,0,5
41,15,3,0,12
41,16,3,0,23
41,17,3,0,1
41,18,3,0,0
41,19,3,0,21
41,20,3,0,7
41,21,3,0,12
41,22,3,0,7
41,23,3,0,20
41,24,2,3,11
41,25,2,0,16
41,26,2,0,23
41,27,2,0,5
41,28,2,0,3
41,29,2,0,21
41,30,2,0,2
41,31,2,0,19
41,32,2,0,0
41,33,2,0,1
41,34,2,0,2
41,35,2,0,17
41,36,2,0,0
41,37,2,0,8
41,38,2,0,22
41,39,2,0,22
41,40,2,0,14
41,41,2,0,24
41,42,2,0,0
41,43,2,0,3
41,44,2,0,18
41,45,2,0,13
41,46,2,0,16
41,47,2,0,14
41,48,2,0,13
41,49,2,0,5
41,50,2,3,1
41,51,3,0,16
41,52,3,0,14
41,53,3,0,24
41,54,3,0,20
41,55,3,0,23
41,56,3,0,13
41,57,3,0,7
41,58,3,0,21
42,0,3,0,8
42,1,3,0,7
42,2,3,0,3
42,3,3,0,8
42,4,3,0,22
42,5,3,0,10
42,6,2,3,23
42,7,2,0,8
42,8,2,0,14
42,9,2,0,1
42,10,2,0,17
42,11,2,0,9
42,12,2,3,10
42,13,3,0,21
42,14,3,0,4
42,15,3,0,3
42,16,3,0,21
42,17,3,0,12
42,18,3,0,18
42,19,3,0,4
42,20,3,0,23
42,21,3,0,11
42,22,3,0,19
42,23,2,3,19
42,24,2,0,5
42,25,2,0,8
42,26,2,0,3
42,27,2,0,19
42,28,2,0,21
42,29,2,0,20
42,30,2,0,9
42,31,2,0,5
42,32,2,0,14
42,33,2,0,19
42,34,2,0,6
42,35,2,0,22
42,36,2,0,6
42,37,2,0,10
42,38,2,0,1
42,39,2,0,12
42,40,2,0,3
42,41,2,0,1
42,42,2,0,13
42,43,2,0,19
42,44,2,0,19
42,45,2,0,22
42,46,2,0,16
42,47,2,0,17
42,48,2,0,9
42,49,2,0,8
42,50,2,3,3
42,51,3,0,12
42,52,3,0,17
42,53,3,0,4
42,54,3,0,19
42,55,3,0,2
42,56,3,0,24
42,57,3,0,4
42,58,3,0,4
43,0,3,0,1
43,1,3,0,7
43,2,3,0,7
43,3,3,0,5
43,4,3,0,0
43,5,3,0,0
43,6,2,3,21
43,7,2,0,24
43,8,2,0,4
43,9,2,0,7
43,10,2,0,14
43,11,2,3,5
43,12,3,0,3
43,13,3,0,17
43,14,3,0,3
43,15,3,0,13
43,16,3,0,4
43,17,3,0,15
43,18,3,0,22
43,19,3,0,6
43,20,3,0,23
43,21,3,0,4
43,22,2,3,9
43,23,2,0,15
43,24,2,0,18
43,25,2,0,22
43,26,2,0,6
43,27,2,0,1
43,28,2,0,5
43,29,2,0,0
43,30,2,0,6
43,31,2,0,18
43,32,2,0,10
43,33,2,0,12
43,34,2,0,24
43,35,2,0,4
43,36,2,0,17
43,37,2,0,22
43,38,2,0,12
43,39,2,0,7
43,40,2,0,21
43,41,2,0,14
43,42,2,0,19
43,43,2,0,10
43,44,2,0,20
43,45,2,0,2
43,46,2,0,13
43,47,2,0,10
43,48,2,0,14
43,49,2,0,19
43,50,2,3,1
43,51,3,0,18
43,52,3,0,24
43,53,3,0,19
43,54,3,0,5
43,55,3,0,1
43,56,3,0,6
43,57,3,0,19
43,58,3,0,7
44,0,3,0,8
44,1,3,0,9
44,2,3,0,22
44,3,3,0,24
44,4,3,0,19
44,5,3,0,14
44,6,2,3,7
44,7,2,0,2
44,8,2,0,17
44,9,2,0,10
44,10,2,3,15
44,11,3,0,21
44,12,3,0,1
44,13,3,0,7
44,14,3,0,16
44,15,3,0,21
44,16,3,0,13
44,17,3,0,18
44,18,3,0,2
44,19,3,0,14
44,20,3,0,1
44,21,2,3,19
44,22,2,0,11
44,23,2,0,23
44,24,2,0,13
44,25,2,0,24
44,26,2,0,0
44,27,2,0,1
44,28,2,0,18
44,29,2,0,8
44,30,2,0,3
44,31,2,0,22
44,32,2,0,12
44,33,2,0,17
44,34,2,0,16
44,35,2,0,14
44,36,2,0,10
44,37,2,0,21
44,38,2,0,1
44,39,2,0,6
44,40,2,0,8
44,41,2,0,24
44,42,2,0,0
44,43,2,0,7
44,44,2,0,24
44,45,2,0,7
44,46,2,0,24
44,47,2,0,0
44,48,2,0,9
44,49,2,0,9
44,50,2,3,2
44,51,3,0,3
44,52,3,0,24
44,53,3,0,4
44,54,3,0,3
44,55,3,0,23
44,56,3,0,2
44,57,3,0,13
44,58,3,0,24
45,0,3,0,21
45,1,3,0,12
45,2,3,0,3
45,3,3,0,7
45,4,3,0,9
45,5,3,0,18
45,6,2,3,22
45,7,2,0,23
45,8,2,0,5
45,9,2,3,15
45,10,3,0,19
45,11,3,0,9
45,12,3,0,21
45,13,3,0,20
45,14,3,0,9
45,15,3,0,16
45,16,3,0,1
45,17,3,0,24
45,18,3,0,4
45,19,3,0,11
45,20,2,3,11
45,21,2,0,6
45,22,2,0,20
45,23,2,0,3
45,24,2,0,4
45,25,2,0,6
45,26,2,0,3
45,27,2,0,13
45,28,2,0,20
45,29,2,0,7
45,30,2,0,24
45,31,2,0,8
45,32,2,0,5
45,33,2,0,7
45,34,2,0,22
45,35,2,0,19
45,36,2,0,22
45,37,2,0,22
45,38,2,0,2
45,39,2,0,20
45,40,2,0,19
45,41,2,0,3
45,42,2,0,3
45,43,2,0,9
45,44,2,0,7
45,45,2,0,14
45,46,2,0,11
45,47,2,0,18
45,48,2,0,24
45,49,2,0,3
45,50,2,3,1
45,51,3,0,12
45,52,3,0,7
45,53,3,0,18
45,54,3,0,0
45,55,3,0,7
45,56,3,0,16
45,57,3,0,20
45,58,3,0,15
46,0,3,0,12
46,1,3,0,8
46,2,3,0,15
46,3,3,0,24
46,4,3,0,6
46,5,3,0,15
46,6,2,3,7
46,7,2,0,6
46,8,2,3,13
46,9,3,0,19
46,10,3,0,17
46,11,3,0,6
46,12,3,0,13
46,13,3,0,12
46,14,3,0,23
46,15,3,0,4
46,16,3,0,10
46,17,3,0,13
46,18,3,0,11
46,19,2,3,19
46,20,2,0,14
46,21,2,0,3
46,22,2,0,18
46,23,2,0,5
46,24,2,0,9
46,25,2,0,8
46,26,2,0,14
46,27,2,0,1
46,28,2,0,19
46,29,2,0,11
46,30,2,0,1
46,31,2,0,24
46,32,2,0,15
46,33,2,0,9
46,34,2,0,24
46,35,2,0,22
46,36,2,0,11
46,37,2,0,2
46,38,2,0,4
46,39,2,0,10
46,40,2,0,8
46,41,2,0,3
46,42,2,0,8
46,43,2,0,22
46,44,2,0,19
46,45,2,0,17
46,46,2,0,22
46,47,2,0,11
46,48,2,0,15
46,49,2,0,12
46,50,2,3,1
46,51,3,0,21
46,52,3,0,10
46,53,3,0,9
46,54,3,0,8
46,55,3,0,22
46,56,3,0,5
46,57,3,0,23
46,58,3,0,23
47,0,3,0,9
47,1,3,0,21
47,2,3,0,17
47,3,3,0,6
47,4,3,0,20
47,5,3,0,4
47,6,2,3,23
47,7,2,3,15
47,8,3,0,16
47,9,3,0,1
47,10,3,0,17
47,11,3,0,9
47,12,3,0,0
47,13,3,0,12
47,14,3,0,8
47,15,3,0,1
47,16,3,0,12
47,17,3,0,3
47,18,2,3,19
47,19,2,0,1
47,20,2,0,18
47,21,2,0,10
47,22,2,0,10
47,23,2,0,23
47,24,2,0,11
47,25,2,0,21
47,26,2,0,7
47,27,2,0,4
47,28,2,0,5
47,29,2,0,18
47,30,2,0,5
47,31,2,0,4
47,32,2,0,23
47,33,2,0,1
47,34,2,0,5
47,35,2,0,6
47,36,2,0,4
47,37,2,0,9
47,38,2,0,5
47,39,2,0,4
47,40,2,0,2
47,41,2,0,22
47,42,2,0,9
47,43,2,0,4
47,44,2,0,14
47,45,2,0,23
47,46,2,0,2
47,47,2,0,17
47,48,2,0,10
47,49,2,0,14
47,50,2,3,17
47,51,3,0,19
47,52,3,0,18
47,53,3,0,8
47,54,3,0,15
47,55,3,0,17
47,56,3,0,13
47,57,3,0,16
47,58,3,0,15
48,0,3,0,0
48,1,3,0,23
48,2,3,0,7
48,3,3,0,2
48,4,3,0,7
48,5,3,0,10
48,6,2,3,8
48,7,3,0,4
48,8,3,0,14
48,9,3,0,12
48,10,3,0,23
48,11,3,0,20
48,12,3,0,10
48,13,3,0,22
48,14,3,0,10
48,15,3,0,21
48,16,3,0,12
48,17,2,3,11
48,18,2,0,3
48,19,2,0,9
48,20,2,0,6
48,21,2,0,0
48,22,2,0,12
48,23,2,0,6
48,24,2,0,11
48,25,2,0,22
48,26,2,0,0
48,27,2,0,0
48,28,2,0,10
48,29,2,0,7
48,30,2,0,14
48,31,2,0,8
48,32,2,0,3
48,33,2,0,4
48,34,2,0,22
48,35,2,0,1
48,36,2,0,13
48,37,2,0,13
48,38,2,0,5
48,39,2,0,21
48,40,2,0,4
48,41,2,0,1
48,42,2,0,7
48,43,2,0,22
48,44,2,0,23
48,45,2,0,4
48,46,2,0,22
48,47,2,0,20
48,48,2,0,7
48,49,2,0,17
48,50,2,3,1
48,51,3,0,23
48,52,3,0,8
48,53,3,0,3
48,54,3,0,21
48,55,3,0,6
48,56,3,0,17
48,57,3,0,21
48,58,3,0,9
49,0,3,0,23
49,1,3,0,24
49,2,3,0,5
49,3,3,0,13
49,4,3,0,3
49,5,3,0,13
49,6,3,0,4
49,7,3,0,7
49,8,3,0,1
49,9,3,0,18
49,10,3,0,17
49,11,3,0,17
49,12,3,0,4
49,13,3,0,2
49,14,3,0,9
49,15,3,0,17
49,16,2,3,11
49,17,2,0,12
49,18,2,0,23
49,19,2,0,7
49,20,2,0,10
49,21,2,0,14
49,22,2,0,15
49,23,2,0,11
49,24,2,0,3
49,25,2,0,22
49,26,2,0,16
49,27,2,0,5
49,28,2,0,12
49,29,2,0,8
49,30,2,0,9
49,31,2,0,5
49,32,2,0,0
49,33,2,0,23
49,34,2,0,15
49,35,2,0,17
49,36,2,0,16
49,37,2,0,1
49,38,2,0,5
49,39,2,0,4
49,40,2,0,6
49,41,2,0,18
49,42,2,0,11
49,43,2,0,23
49,44,2,0,2
49,45,2,0,21
49,46,2,0,15
49,47,2,0,14
49,48,2,0,13
49,49,2,0,17
49,50,2,3,3
49,51,3,0,9
49,52,3,0,19
49,53,3,0,6
49,54,3,0,22
49,55,3,0,2
49,56,3,0,17
49,57,3,0,24
49,58,3,0,24
50,0,3,0,21
50,1,3,0,1
50,2,3,0,22
50,3,3,0,9
50,4,3,0,13
50,5,3,0,12
50,6,3,0,5
50,7,3,0,14
50,8,3,0,10
50,9,3,0,10
50,10,3,0,10
50,11,3,0,12
50,12,3,0,14
50,13,3,0,24
50,14,3,0,18
50,15,2,3,11
50,16,2,0,15
50,17,2,0,5
50,18,2,0,14
50,19,2,0,21
50,20,2,0,20
50,21,2,0,7
50,22,2,0,21
50,23,2,0,8
50,24,2,0,8
50,25,2,0,24
50,26,2,0,2
50,27,2,0,2
50,28,2,0,1
50,29,2,0,22
50,30,2,0,10
50,31,2,0,3
50,32,2,0,21
50,33,2,0,15
50,34,2,0,24
50,35,2,0,21
50,36,2,0,5
50,37,2,0,0
50,38,2,0,0
50,39,2,0,6
50,40,2,0,0
50,41,2,0,2
50,42,2,0,0
50,43,2,0,2
50,44,2,0,1
50,45,2,0,14
50,46,2,0,10
50,47,2,0,3
50,48,2,0,9
50,49,2,0,4
50,50,2,3,2
50,51,3,0,19
50,52,3,0,11
50,53,3,0,7
50,54,3,0,22
50,55,3,0,12
50,56,3,0,23
50,57,3,0,4
50,58,3,0,2
51,0,3,0,9
51,1,3,0,12
51,2,3,0,10
51,3,3,0,10
51,4,3,0,23
51,5,3,0,12
51,6,3,0,11
51,7,3,0,10
51,8,3,0,21
51,9,3,0,17
51,10,3,0,3
51,11,3,0,12
51,12,3,0,9
51,13,3,0,17
51,14,2,3,9
51,15,2,0,2
51,16,2,0,24
51,17,2,0,5
51,18,2,0,17
51,19,2,0,17
51,20,2,0,3
51,21,2,0,20
51,22,2,0,20
51,23,2,0,23
51,24,2,0,20
51,25,2,0,5
51,26,2,0,12
51,27,2,0,7
51,28,2,0,17
51,29,2,0,19
51,30,2,0,19
51,31,2,0,8
51,32,2,0,22
51,33,2,0,8
51,34,2,0,13
51,35,2,0,6
51,36,2,0,0
51,37,2,0,18
51,38,2,0,10
51,39,2,0,18
51,40,2,0,14
51,41,2,0,5
51,42,2,0,13
51,43,2,0,3
51,44,2,0,12
51,45,2,0,22
51,46,2,0,18
51,47,2,0,24
51,48,2,0,21
51,49,2,0,24
51,50,2,3,2
51,51,3,0,0
51,52,3,0,5
51,53,3,0,6
51,54,3,0,13
51,55,3,0,21
51,56,3,0,21
51,57,3,0,22
51,58,3,0,1
52,0,3,0,8
52,1,3,0,15
52,2,3,0,18
52,3,3,0,7
52,4,3,0,3
52,5,3,0,24
52,6,3,0,10
52,7,3,0,19
52,8,3,0,13
52,9,3,0,10
52,10,3,0,10
52,11,3,0,10
52,12,3,0,15
52,13,2,3,9
52,14,2,0,12
52,15,2,0,2
52,16,2,0,5
52,17,2,0,6
52,18,2,0,20
52,19,2,0,23
52,20,2,0,7
52,21,2,0,22
52,22,2,0,6
52,23,2,0,23
52,24,2,0,14
52,25,2,0,23
52,26,2,0,14
52,27,2,0,14
52,28,2,0,9
52,29,2,0,7
52,30,2,0,21
52,31,2,0,6
52,32,2,0,23
52,33,2,0,23
52,34,2,0,19
52,35,2,0,1
52,36,2,0,9
52,37,2,0,0
52,38,2,0,10
52,39,2,0,19
52,40,2,0,15
52,41,2,0,17
52,42,2,0,15
52,43,2,0,6
52,44,2,0,3
52,45,2,0,17
52,46,2,0,1
52,47,2,0,14
52,48,2,0,16
52,49,2,0,8
52,50,2,3,2
52,51,3,0,12
52,52,3,0,3
52,53,3,0,2
52,54,3,0,7
52,55,3,0,21
52,56,3,0,2
52,57,3,0,16
52,58,3,0,11
53,0,3,0,6
53,1,3,0,1
53,2,3,0,9
53,3,3,0,5
53,4,3,0,11
53,5,3,0,22
53,6,3,0,0
53,7,3,0,0
53,8,3,0,15
53,9,3,0,21
53,10,3,0,23
53,11,3,0,14
53,12,2,3,11
53,13,2,0,9
53,14,2,0,8
53,15,2,0,16
53,16,2,0,20
53,17,2,0,19
53,18,2,0,12
53,19,2,0,11
53,20,2,0,22
53,21,2,0,21
53,22,2,0,4
53,23,2,0,6
53,24,2,0,18
53,25,2,0,12
53,26,2,0,9
53,27,2,0,6
53,28,2,0,24
53,29,2,0,0
53,30,2,0,13
53,31,2,0,19
53,32,2,0,9
53,33,2,0,7
53,34,2,0,23
53,35,2,0,0
53,36,2,0,8
53,37,2,0,17
53,38,2,0,12
53,39,2,0,7
53,40,2,0,22
53,41,2,0,2
53,42,2,0,14
53,43,2,0,3
53,44,2,0,8
53,45,2,0,4
53,46,2,0,6
53,47,2,0,15
53,48,2,0,11
53,49,2,0,11
53,50,2,3,3
53,51,3,0,16
53,52,3,0,13
53,53,3,0,20
53,54,3,0,0
53,55,3,0,18
53,56,3,0,6
53,57,3,0,8
53,58,3,0,21
54,0,3,0,23
54,1,3,0,1
54,2,3,0,20
54,3,3,0,4
54,4,3,0,11
54,5,3,0,9
54,6,3,0,4
54,7,3,0,3
54,8,3,0,10
54,9,3,0,18
54,10,3,0,16
54,11,2,3,9
54,12,2,0,7
54,13,2,0,13
54,14,2,0,16
54,15,2,0,17
54,16,2,0,2
54,17,2,0,16
54,18,2,0,6
54,19,2,0,2
54,20,2,0,7
54,21,2,0,9
54,22,2,0,8
54,23,2,0,6
54,24,2,0,15
54,25,2,0,22
54,26,2,0,11
54,27,2,0,4
54,28,2,0,9
54,29,2,0,13
54,30,2,0,23
54,31,2,0,5
54,32,2,0,10
54,33,2,0,11
54,34,2,0,18
54,35,2,0,19
54,36,2,0,1
54,37,2,0,12
54,38,2,0,7
54,39,2,0,12
54,40,2,0,1
54,41,2,0,8
54,42,2,0,24
54,43,2,0,22
54,44,2,0,21
54,45,2,0,16
54,46,2,0,24
54,47,2,0,5
54,48,2,0,12
54,49,2,0,10
54,50,2,3,3
54,51,3,0,3
54,52,3,0,24
54,53,3,0,3
54,54,3,0,21
54,55,3,0,2
54,56,3,0,9
54,57,3,0,15
54,58,3,0,4
55,0,3,0,1
55,1,3,0,24
55,2,3,0,12
55,3,3,0,16
55,4,3,0,16
55,5,3,0,3
55,6,3,0,5
55,7,3,0,15
55,8,3,0,14
55,9,3,0,21
55,10,2,3,11
55,11,2,0,20
55,12,2,0,12
55,13,2,0,5
55,14,2,0,5
55,15,2,0,8
55,16,2,0,5
55,17,2,0,21
55,18,2,0,20
55,19,2,0,2
55,20,2,0,6
55,21,2,0,21
55,22,2,0,19
55,23,2,0,12
55,24,2,0,24
55,25,2,0,2
55,26,2,0,3
55,27,2,0,11
55,28,2,0,1
55,29,2,0,12
55,30,2,0,18
55,31,2,0,16
55,32,2,0,12
55,33,2,0,14
55,34,2,0,14
55,35,2,0,2
55,36,2,0,16
55,37,2,0,16
55,38,2,0,17
55,39,2,0,4
55,40,2,0,7
55,41,2,0,18
55,42,2,0,19
55,43,2,0,18
55,44,2,0,14
55,45,2,0,19
55,46,2,0,24
55,47,2,0,2
55,48,2,0,17
55,49,2,0,20
55,50,2,3,1
55,51,3,0,8
55,52,3,0,24
55,53,3,0,14
55,54,3,0,13
55,55,3,0,1
55,56,3,0,14
55,57,3,0,6
55,58,3,0,11
56,0,3,0,19
56,1,3,0,17
56,2,3,0,1
56,3,3,0,17
56,4,3,0,22
56,5,3,0,5
56,6,3,0,1
56,7,3,0,8
56,8,3,0,8
56,9,2,3,19
56,10,2,0,13
56,11,2,0,0
56,12,2,0,10
56,13,2,0,16
56,14,2,0,1
56,15,2,0,0
56,16,2,0,6
56,17,2,0,10
56,18,2,0,22
56,19,2,0,18
56,20,2,0,22
56,21,2,0,14
56,22,2,0,17
56,23,2,0,8
56,24,2,0,5
56,25,2,0,6
56,26,2,0,22
56,27,2,0,23
56,28,2,0,12
56,29,2,0,5
56,30,2,0,15
56,31,2,0,20
56,32,2,0,15
56,33,2,0,2
56,34,2,0,9
56,35,2,0,18
56,36,2,0,11
56,37,2,0,23
56,38,2,0,22
56,39,2,0,8
56,40,2,0,11
56,41,2,0,6
56,42,2,0,7
56,43,2,0,21
56,44,2,0,1
56,45,2,0,1
56,46,2,0,22
56,47,2,0,13
56,48,2,0,14
56,49,2,0,4
56,50,2,3,1
56,51,3,0,10
56,52,3,0,23
56,53,3,0,21
56,54,3,0,0
56,55,3,0,13
56,56,3,0,1
56,57,3,0,14
56,58,3,0,8
57,0,3,0,2
57,1,3,0,6
57,2,3,0,7
57,3,3,0,14
57,4,3,0,10
57,5,3,0,7
57,6,3,0,20
57,7,3,0,2
57,8,2,3,14
57,9,2,0,23
57,10,2,0,24
57,11,2,0,7
57,12,2,0,9
57,13,2,0,21
57,14,2,0,20
57,15,2,0,13
57,16,2,0,3
57,17,2,0,5
57,18,2,0,14
57,19,2,0,13
57,20,2,0,0
57,21,2,0,19
57,22,2,0,22
57,23,2,0,20
57,24,2,0,19
57,25,2,0,5
57,26,2,0,23
57,27,2,0,24
57,28,2,0,0
57,29,2,0,21
57,30,2,0,5
57,31,2,0,22
57,32,2,0,15
57,33,2,0,11
57,34,2,0,13
57,35,2,0,20
57,36,2,0,11
57,37,2,0,21
57,38,2,0,5
57,39,2,0,5
57,40,2,0,15
57,41,2,0,4
57,42,2,0,7
57,43,2,0,23
57,44,2,0,17
57,45,2,0,11
57,46,2,0,21
57,47,2,0,4
57,48,2,0,5
57,49,2,0,22
57,50,2,3,1
57,51,3,0,23
57,52,3,0,10
57,53,3,0,19
57,54,3,0,7
57,55,3,0,16
57,56,3,0,8
57,57,3,0,13
57,58,3,0,4
58,0,3,0,18
58,1,3,0,7
58,2,3,0,5
58,3,3,0,3
58,4,3,0,22
58,5,3,0,19
58,6,3,0,4
58,7,2,3,19
58,8,2,0,16
58,9,2,0,2
58,10,2,0,24
58,11,2,0,17
58,12,2,0,6
58,13,2,0,11
58,14,2,0,18
58,15,2,0,8
58,16,2,0,14
58,17,2,0,14
58,18,2,0,19
58,19,2,0,10
58,20,2,0,7
58,21,2,0,10
58,22,2,0,1
58,23,2,0,0
58,24,2,0,23
58,25,2,0,22
58,26,2,0,1
58,27,2,0,10
58,28,2,0,23
58,29,2,0,13
58,30,2,0,12
58,31,2,0,11
58,32,2,0,22
58,33,2,0,23
58,34,2,0,17
58,35,2,0,14
58,36,2,0,15
58,37,2,0,19
58,38,2,0,1
58,39,2,0,4
58,40,2,0,21
58,41,2,0,18
58,42,2,0,11
58,43,2,0,5
58,44,2,0,6
58,45,2,0,9
58,46,2,0,19
58,47,2,0,16
58,48,2,0,6
58,49,2,0,7
58,50,2,3,2
58,51,3,0,12
58,52,3,0,22
58,53,3,0,17
58,54,3,0,1
58,55,3,0,1
58,56,3,0,6
58,57,3,0,4
58,58,3,0,5
59,0,3,0,11
59,1,3,0,21
59,2,3,0,17
59,3,3,0,10
59,4,3,0,2
59,5,3,0,17
59,6,2,3,11
59,7,2,0,5
59,8,2,0,6
59,9,2,0,11
59,10,2,0,21
59,11,2,0,21
59,12,2,0,18
59,13,2,0,24
59,14,2,0,7
59,15,2,0,15
59,16,2,0,14
59,17,2,0,18
59,18,2,0,1
59,19,2,0,20
59,20,2,0,18
59,21,2,0,24
59,22,2,0,8
59,23,2,0,17
59,24,2,0,16
59,25,2,0,19
59,26,2,0,19
59,27,2,0,9
59,28,2,0,15
59,29,2,0,11
59,30,2,0,23
59,31,2,0,6
59,32,2,0,17
59,33,2,0,5
59,34,2,0,14
59,35,2,0,17
59,36,2,0,20
59,37,2,0,1
59,38,2,0,7
59,39,2,0,24
59,40,2,0,23
59,41,2,0,16
59,42,2,0,0
59,43,2,0,24
59,44,2,0,23
59,45,2,0,8
59,46,2,0,21
59,47,2,0,0
59,48,2,0,8
59,49,2,0,8
59,50,2,3,1
59,51,3,0,24
59,52,3,0,12
59,53,3,0,9
59,54,3,0,1
59,55,3,0,0
59,56,3,0,6
59,57,3,0,21
59,58,3,0,17
60,0,3,0,14
60,1,3,0,9
60,2,3,0,9
60,3,3,0,14
60,4,3,0,17
60,5,2,3,6
60,6,2,0,4
60,7,2,0,5
60,8,2,0,20
60,9,2,0,6
60,10,2,0,4
60,11,2,0,12
60,12,2,0,6
60,13,2,0,9
60,14,2,0,22
60,15,2,0,9
60,16,2,0,11
60,17,2,0,6
60,18,2,0,23
60,19,2,0,16
60,20,2,0,14
60,21,2,0,0
60,22,2,0,0
60,23,2,0,0
60,24,2,0,5
60,25,2,0,8
60,26,2,0,20
60,27,2,0,4
60,28,2,0,22
60,29,2,0,9
60,30,2,0,2
60,31,2,0,16
60,32,2,0,11
60,33,2,0,21
60,34,2,0,17
60,35,2,0,3
60,36,2,0,7
60,37,2,0,6
60,38,2,0,1
60,39,2,0,18
60,40,2,0,15
60,41,2,0,7
60,42,2,0,1
60,43,2,0,9
60,44,2,0,23
60,45,2,0,2
60,46,2,0,21
60,47,2,0,5
60,48,2,0,20
60,49,2,0,12
60,50,2,3,2
60,51,3,0,13
60,52,3,0,17
60,53,3,0,15
60,54,3,0,9
60,55,3,0,4
60,56,3,0,15
60,57,3,0,23
60,58,3,0,4
