0,0,5,0,24
0,1,5,0,21
0,2,5,0,18
0,3,5,0,15
0,4,5,0,7
0,5,5,4,18
0,6,4,0,13
0,7,4,0,16
0,8,4,0,5
0,9,4,0,24
0,10,4,0,19
0,11,4,0,7
0,12,4,0,5
0,13,4,0,2
0,14,4,0,21
0,15,4,0,0
0,16,4,0,19
0,17,4,0,18
0,18,4,0,10
0,19,4,0,20
0,20,4,0,17
0,21,4,0,13
0,22,4,0,16
0,23,4,0,20
0,24,4,0,3
0,25,4,0,6
0,26,1,4,9
0,27,10,1,14
0,28,10,0,23
0,29,10,1,10
0,30,1,4,5
0,31,4,0,15
0,32,4,0,19
0,33,4,0,11
0,34,4,0,11
0,35,5,4,23
0,36,5,0,12
0,37,5,0,8
0,38,5,0,18
0,39,5,0,10
1,0,5,0,5
1,1,5,0,17
1,2,5,0,14
1,3,5,0,18
1,4,5,4,0
1,5,4,0,6
1,6,4,0,4
1,7,4,0,9
1,8,4,0,22
1,9,4,0,18
1,10,4,0,3
1,11,4,0,8
1,12,4,0,15
1,13,4,0,11
1,14,4,0,21
1,15,4,0,2
1,16,4,0,12
1,17,4,0,3
1,18,4,0,22
1,19,4,0,8
1,20,4,0,13
1,21,4,0,19
1,22,4,0,20
1,23,4,0,23
1,24,4,0,4
1,25,1,4,9
1,26,10,1,14
1,27,10,0,6
1,28,10,1,10
1,29,1,4,5
1,30,4,0,17
1,31,4,0,5
1,32,4,0,21
1,33,4,0,3
1,34,4,0,8
1,35,5,4,21
1,36,5,0,23
1,37,5,0,6
1,38,5,0,17
1,39,5,0,22
2,0,5,0,3
2,1,5,0,14
2,2,5,0,23
2,3,5,0,10
2,4,5,4,1
2,5,4,0,13
2,6,4,0,6
2,7,4,0,9
2,8,4,0,2
2,9,4,0,16
2,10,4,0,14
2,11,4,0,15
2,12,4,0,4
2,13,4,0,1
2,14,4,0,2
2,15,4,0,9
2,16,4,0,5
2,17,4,0,16
2,18,4,0,1
2,19,4,0,19
2,20,4,0,20
2,21,4,0,2
2,22,4,0,22
2,23,4,0,15
2,24,1,4,14
2,25,10,1,9
2,26,10,0,4
2,27,10,1,5
2,28,1,4,15
2,29,4,0,6
2,30,4,0,20
2,31,4,0,0
2,32,4,0,8
2,33,4,0,9
2,34,4,0,3
2,35,5,4,22
2,36,5,0,11
2,37,5,0,0
2,38,5,0,4
2,39,5,0,13
3,0,5,0,21
3,1,5,0,12
3,2,5,0,12
3,3,5,0,22
3,4,5,4,3
3,5,4,0,11
3,6,4,0,5
3,7,4,0,22
3,8,4,0,3
3,9,4,0,13
3,10,4,0,23
3,11,4,0,1
3,12,4,0,23
3,13,4,0,7
3,14,4,0,5
3,15,4,0,18
3,16,4,0,10
3,17,4,0,11
3,18,4,0,1
3,19,4,0,20
3,20,4,0,24
3,21,4,0,14
3,22,4,0,10
3,23,1,4,14
3,24,10,1,14
3,25,10,0,7
3,26,10,1,15
3,27,1,4,5
3,28,4,0,15
3,29,4,0,5
3,30,4,0,19
3,31,4,0,5
3,32,4,0,7
3,33,4,0,1
3,34,4,0,12
3,35,5,4,21
3,36,5,0,15
3,37,5,0,22
3,38,5,0,23
3,39,5,0,2
4,0,5,0,22
4,1,5,0,18
4,2,5,0,0
4,3,5,0,21
4,4,5,4,2
4,5,4,0,4
4,6,4,0,5
4,7,4,0,23
4,8,4,0,19
4,9,4,0,7
4,10,4,0,5
4,11,4,0,21
4,12,4,0,8
4,13,4,0,19
4,14,4,0,18
4,15,4,0,11
4,16,4,0,1
4,17,4,0,5
4,18,4,0,21
4,19,4,0,19
4,20,4,0,13
4,21,4,0,9
4,22,1,4,11
4,23,10,1,11
4,24,10,0,3
4,25,10,1,10
4,26,1,4,10
4,27,4,0,2
4,28,4,0,23
4,29,4,0,22
4,30,4,0,19
4,31,4,0,11
4,32,4,0,19
4,33,4,0,1
4,34,4,0,0
4,35,5,4,23
4,36,5,0,12
4,37,5,0,20
4,38,5,0,6
4,39,5,0,4
5,0,5,0,23
5,1,5,0,18
5,2,5,0,12
5,3,5,0,2
5,4,5,4,17
5,5,4,0,2
5,6,4,0,8
5,7,4,0,20
5,8,4,0,15
5,9,4,0,17
5,10,4,0,1
5,11,4,0,18
5,12,4,0,22
5,13,4,0,8
5,14,4,0,2
5,15,4,0,11
5,16,4,0,0
5,17,4,0,24
5,18,4,0,19
5,19,4,0,9
5,20,4,0,8
5,21,1,4,9
5,22,10,1,19
5,23,10,0,6
5,24,10,1,10
5,25,1,4,15
5,26,4,0,0
5,27,4,0,13
5,28,4,0,5
5,29,4,0,1
5,30,4,0,2
5,31,4,0,22
5,32,4,0,6
5,33,4,0,13
5,34,4,0,1
5,35,5,4,22
5,36,5,0,22
5,37,5,0,8
5,38,5,0,17
5,39,5,0,5
6,0,5,0,2
6,1,5,0,4
6,2,5,0,16
6,3,5,0,20
6,4,5,4,2
6,5,4,0,17
6,6,4,0,7
6,7,4,0,16
6,8,4,0,14
6,9,4,0,23
6,10,4,0,0
6,11,4,0,10
6,12,4,0,14
6,13,4,0,16
6,14,4,0,5
6,15,4,0,7
6,16,4,0,6
6,17,4,0,7
6,18,4,0,14
6,19,4,0,1
6,20,1,4,11
6,21,10,1,14
6,22,10,0,6
6,23,10,1,15
6,24,1,4,13
6,25,4,0,16
6,26,4,0,14
6,27,4,0,14
6,28,4,0,4
6,29,4,0,15
6,30,4,0,23
6,31,4,0,22
6,32,4,0,23
6,33,4,0,13
6,34,4,0,19
6,35,5,4,7
6,36,5,0,11
6,37,5,0,23
6,38,5,0,11
6,39,5,0,0
7,0,5,0,4
7,1,5,0,19
7,2,5,0,3
7,3,5,0,20
7,4,5,4,1
7,5,4,0,17
7,6,4,0,5
7,7,4,0,21
7,8,4,0,18
7,9,4,0,21
7,10,4,0,3
7,11,4,0,13
7,12,4,0,11
7,13,4,0,21
7,14,4,0,22
7,15,4,0,19
7,16,4,0,17
7,17,4,0,19
7,18,4,0,10
7,19,1,4,14
7,20,10,1,11
7,21,10,0,17
7,22,10,1,15
7,23,1,4,10
7,24,4,0,9
7,25,4,0,16
7,26,4,0,19
7,27,4,0,4
7,28,4,0,7
7,29,4,0,11
7,30,4,0,19
7,31,4,0,8
7,32,4,0,14
7,33,4,0,14
7,34,4,0,1
7,35,5,4,22
7,36,5,0,7
7,37,5,0,21
7,38,5,0,5
7,39,5,0,7
8,0,5,0,0
8,1,5,0,21
8,2,5,0,19
8,3,5,0,10
8,4,5,4,2
8,5,4,0,3
8,6,4,0,16
8,7,4,0,20
8,8,4,0,17
8,9,4,0,20
8,10,4,0,5
8,11,4,0,20
8,12,4,0,24
8,13,4,0,14
8,14,4,0,14
8,15,4,0,5
8,16,4,0,12
8,17,4,0,3
8,18,1,4,11
8,19,10,1,11
8,20,10,0,2
8,21,10,1,5
8,22,1,4,15
8,23,4,0,10
8,24,4,0,7
8,25,4,0,14
8,26,4,0,3
8,27,4,0,10
8,28,4,0,1
8,29,4,0,17
8,30,4,0,18
8,31,4,0,12
8,32,4,0,14
8,33,4,0,19
8,34,4,0,22
8,35,5,4,7
8,36,5,0,23
8,37,5,0,17
8,38,5,0,18
8,39,5,0,16
9,0,5,0,19
9,1,5,0,14
9,2,5,0,10
9,3,5,0,16
9,4,5,4,17
9,5,4,0,0
9,6,4,0,11
9,7,4,0,4
9,8,4,0,8
9,9,4,0,18
9,10,4,0,0
9,11,4,0,3
9,12,4,0,5
9,13,4,0,17
9,14,4,0,6
9,15,4,0,8
9,16,4,0,3
9,17,1,4,9
9,18,10,1,14
9,19,10,0,1
9,20,10,1,10
9,21,1,4,10
9,22,4,0,4
9,23,4,0,2
9,24,4,0,20
9,25,4,0,2
9,26,4,0,7
9,27,4,0,6
9,28,4,0,12
9,29,4,0,6
9,30,4,0,15
9,31,4,0,7
9,32,4,0,23
9,33,4,0,9
9,34,4,0,11
9,35,5,4,21
9,36,5,0,5
9,37,5,0,5
9,38,5,0,9
9,39,5,0,17
10,0,5,0,7
10,1,5,0,14
10,2,5,0,7
10,3,5,0,6
10,4,5,4,17
10,5,4,0,0
10,6,4,0,20
10,7,4,0,12
10,8,4,0,3
10,9,4,0,9
10,10,4,0,22
10,11,4,0,13
10,12,4,0,5
10,13,4,0,0
10,14,4,0,19
10,15,4,0,3
10,16,1,4,14
10,17,10,1,9
10,18,10,0,2
10,19,10,1,13
10,20,1,4,5
10,21,4,0,22
10,22,4,0,14
10,23,4,0,9
10,24,4,0,2
10,25,4,0,7
10,26,4,0,16
10,27,4,0,24
10,28,4,0,22
10,29,4,0,6
10,30,4,0,8
10,31,4,0,10
10,32,4,0,3
10,33,4,0,23
10,34,4,0,11
10,35,5,4,22
10,36,5,0,19
10,37,5,0,11
10,38,5,0,18
10,39,5,0,11
11,0,5,0,6
11,1,5,0,4
11,2,5,0,2
11,3,5,0,17
11,4,5,4,2
11,5,4,0,4
11,6,4,0,1
11,7,4,0,11
11,8,4,0,5
11,9,4,0,20
11,10,4,0,10
11,11,4,0,5
11,12,4,0,22
11,13,4,0,12
11,14,4,0,0
11,15,1,4,14
11,16,10,1,11
11,17,10,0,20
11,18,10,1,10
11,19,1,4,10
11,20,4,0,23
11,21,4,0,8
11,22,4,0,24
11,23,4,0,6
11,24,4,0,16
11,25,4,0,20
11,26,4,0,23
11,27,4,0,19
11,28,4,0,18
11,29,4,0,6
11,30,4,0,0
11,31,4,0,4
11,32,4,0,17
11,33,4,0,0
11,34,4,0,17
11,35,5,4,22
11,36,5,0,5
11,37,5,0,20
11,38,5,0,21
11,39,5,0,2
12,0,5,0,20
12,1,5,0,13
12,2,5,0,2
12,3,5,0,24
12,4,5,4,3
12,5,4,0,22
12,6,4,0,20
12,7,4,0,21
12,8,4,0,11
12,9,4,0,16
12,10,4,0,19
12,11,4,0,5
12,12,4,0,24
12,13,4,0,13
12,14,1,4,11
12,15,10,1,19
12,16,10,0,20
12,17,10,1,13
12,18,1,4,13
12,19,4,0,14
12,20,4,0,22
12,21,4,0,11
12,22,4,0,14
12,23,4,0,19
12,24,4,0,7
12,25,4,0,5
12,26,4,0,22
12,27,4,0,8
12,28,4,0,15
12,29,4,0,12
12,30,4,0,15
12,31,4,0,3
12,32,4,0,13
12,33,4,0,6
12,34,4,0,14
12,35,5,4,23
12,36,5,0,13
12,37,5,0,1
12,38,5,0,16
12,39,5,0,9
13,0,5,0,9
13,1,5,0,8
13,2,5,0,0
13,3,5,0,10
13,4,5,4,3
13,5,4,0,6
13,6,4,0,15
13,7,4,0,9
13,8,4,0,2
13,9,4,0,22
13,10,4,0,5
13,11,4,0,20
13,12,4,0,13
13,13,1,4,9
13,14,10,1,19
13,15,10,0,14
13,16,10,1,5
13,17,1,4,13
13,18,4,0,4
13,19,4,0,22
13,20,4,0,16
13,21,4,0,4
13,22,4,0,22
13,23,4,0,15
13,24,4,0,15
13,25,4,0,10
13,26,4,0,9
13,27,4,0,23
13,28,4,0,19
13,29,4,0,11
13,30,4,0,12
13,31,4,0,13
13,32,4,0,3
13,33,4,0,22
13,34,4,0,23
13,35,5,4,21
13,36,5,0,21
13,37,5,0,22
13,38,5,0,6
13,39,5,0,18
14,0,5,0,11
14,1,5,0,5
14,2,5,0,9
14,3,5,0,14
14,4,5,4,3
14,5,4,0,19
14,6,4,0,3
14,7,4,0,12
14,8,4,0,17
14,9,4,0,6
14,10,4,0,13
14,11,4,0,20
14,12,1,4,11
14,13,10,1,19
14,14,10,0,17
14,15,10,1,13
14,16,1,4,10
14,17,4,0,0
14,18,4,0,20
14,19,4,0,9
14,20,4,0,2
14,21,4,0,8
14,22,4,0,10
14,23,4,0,23
14,24,4,0,7
14,25,4,0,4
14,26,4,0,21
14,27,4,0,14
14,28,4,0,21
14,29,4,0,3
14,30,4,0,16
14,31,4,0,4
14,32,4,0,14
14,33,4,0,12
14,34,4,0,24
14,35,5,4,7
14,36,5,0,22
14,37,5,0,16
14,38,5,0,20
14,39,5,0,8
15,0,5,0,21
15,1,5,0,8
15,2,5,0,1
15,3,5,0,14
15,4,5,4,2
15,5,4,0,8
15,6,4,0,16
15,7,4,0,5
15,8,4,0,16
15,9,4,0,18
15,10,4,0,5
15,11,1,4,19
15,12,10,1,14
15,13,10,0,18
15,14,10,1,13
15,15,1,4,15
15,16,4,0,9
15,17,4,0,6
15,18,4,0,9
15,19,4,0,9
15,20,4,0,11
15,21,4,0,4
15,22,4,0,24
15,23,4,0,16
15,24,4,0,1
15,25,4,0,22
15,26,4,0,18
15,27,4,0,19
15,28,4,0,8
15,29,4,0,9
15,30,4,0,2
15,31,4,0,17
15,32,4,0,0
15,33,4,0,21
15,34,4,0,10
15,35,5,4,22
15,36,5,0,22
15,37,5,0,17
15,38,5,0,21
15,39,5,0,23
16,0,5,0,20
16,1,5,0,0
16,2,5,0,14
16,3,5,0,15
16,4,5,4,1
16,5,4,0,11
16,6,4,0,12
16,7,4,0,17
16,8,4,0,24
16,9,4,0,13
16,10,1,4,11
16,11,10,1,19
16,12,10,0,6
16,13,10,1,5
16,14,1,4,5
16,15,4,0,15
16,16,4,0,19
16,17,4,0,14
16,18,4,0,3
16,19,4,0,12
16,20,4,0,12
16,21,4,0,15
16,22,4,0,13
16,23,4,0,8
16,24,4,0,14
16,25,4,0,2
16,26,4,0,8
16,27,4,0,11
16,28,4,0,8
16,29,4,0,20
16,30,4,0,8
16,31,4,0,18
16,32,4,0,15
16,33,4,0,21
16,34,4,0,9
16,35,5,4,7
16,36,5,0,24
16,37,5,0,4
16,38,5,0,15
16,39,5,0,22
17,0,5,0,7
17,1,5,0,22
17,2,5,0,23
17,3,5,0,3
17,4,5,4,2
17,5,4,0,15
17,6,4,0,17
17,7,4,0,20
17,8,4,0,14
17,9,1,4,14
17,10,10,1,19
17,11,10,0,21
17,12,10,1,10
17,13,1,4,15
17,14,4,0,0
17,15,4,0,23
17,16,4,0,17
17,17,4,0,8
17,18,4,0,21
17,19,4,0,24
17,20,4,0,15
17,21,4,0,24
17,22,4,0,7
17,23,4,0,14
17,24,4,0,10
17,25,4,0,15
17,26,4,0,19
17,27,4,0,0
17,28,4,0,1
17,29,4,0,12
17,30,4,0,24
17,31,4,0,19
17,32,4,0,2
17,33,4,0,0
17,34,4,0,0
17,35,5,4,7
17,36,5,0,0
17,37,5,0,21
17,38,5,0,1
17,39,5,0,6
18,0,5,0,15
18,1,5,0,22
18,2,5,0,23
18,3,5,0,2
18,4,5,4,2
18,5,4,0,24
18,6,4,0,19
18,7,4,0,3
18,8,1,4,14
18,9,10,1,14
18,10,10,0,1
18,11,10,1,15
18,12,1,4,15
18,13,4,0,23
18,14,4,0,7
18,15,4,0,14
18,16,4,0,4
18,17,4,0,19
18,18,4,0,2
18,19,4,0,19
18,20,4,0,2
18,21,4,0,7
18,22,4,0,8
18,23,4,0,13
18,24,4,0,15
18,25,4,0,14
18,26,4,0,1
18,27,4,0,17
18,28,4,0,7
18,29,4,0,2
18,30,4,0,22
18,31,4,0,0
18,32,4,0,15
18,33,4,0,13
18,34,4,0,0
18,35,5,4,24
18,36,5,0,19
18,37,5,0,5
18,38,5,0,4
18,39,5,0,13
19,0,5,0,21
19,1,5,0,9
19,2,5,0,15
19,3,5,0,16
19,4,5,4,3
19,5,4,0,12
19,6,4,0,1
19,7,1,4,9
19,8,10,1,19
19,9,10,0,10
19,10,10,1,10
19,11,1,4,15
19,12,4,0,16
19,13,4,0,10
19,14,4,0,0
19,15,4,0,15
19,16,4,0,15
19,17,4,0,12
19,18,4,0,23
19,19,4,0,23
19,20,4,0,15
19,21,4,0,11
19,22,4,0,7
19,23,4,0,10
19,24,4,0,6
19,25,4,0,23
19,26,4,0,13
19,27,4,0,19
19,28,4,0,8
19,29,4,0,14
19,30,4,0,9
19,31,4,0,8
19,32,4,0,4
19,33,4,0,21
19,34,5,4,6
19,35,5,0,9
19,36,5,0,17
19,37,5,0,10
19,38,5,0,7
19,39,5,0,13
20,0,5,0,0
20,1,5,0,23
20,2,5,0,17
20,3,5,0,16
20,4,5,4,1
20,5,4,0,3
20,6,1,4,9
20,7,10,1,14
20,8,10,0,12
20,9,10,1,10
20,10,1,4,10
20,11,4,0,12
20,12,4,0,21
20,13,4,0,22
20,14,4,0,18
20,15,4,0,16
20,16,4,0,17
20,17,4,0,22
20,18,4,0,14
20,19,4,0,13
20,20,4,0,13
20,21,4,0,11
20,22,4,0,3
20,23,4,0,0
20,24,4,0,7
20,25,4,0,8
20,26,4,0,0
20,27,4,0,1
20,28,4,0,9
20,29,4,0,0
20,30,4,0,3
20,31,4,0,3
20,32,4,0,9
20,33,4,0,2
20,34,5,4,24
20,35,5,0,19
20,36,5,0,11
20,37,5,0,24
20,38,5,0,1
20,39,5,0,24
21,0,5,0,24
21,1,5,0,20
21,2,5,0,17
21,3,5,0,8
21,4,5,4,17
21,5,1,4,6
21,6,10,1,6
21,7,10,0,22
21,8,10,1,13
21,9,1,4,5
21,10,4,0,18
21,11,4,0,5
21,12,4,0,23
21,13,4,0,15
21,14,4,0,5
21,15,4,0,6
21,16,4,0,12
21,17,4,0,0
21,18,4,0,11
21,19,4,0,3
21,20,4,0,21
21,21,4,0,19
21,22,4,0,7
21,23,4,0,16
21,24,4,0,24
21,25,4,0,0
21,26,4,0,14
21,27,4,0,20
21,28,4,0,19
21,29,4,0,3
21,30,4,0,20
21,31,4,0,3
21,32,4,0,8
21,33,5,4,19
21,34,5,0,19
21,35,5,0,23
21,36,5,0,10
21,37,5,0,1
21,38,5,0,3
22,0,5,0,2
22,1,5,0,5
22,2,5,0,14
22,3,5,0,1
22,4,5,4,2
22,5,1,4,7
22,6,10,1,7
22,7,10,1,5
22,8,1,4,13
22,9,4,0,18
22,10,4,0,0
22,11,4,0,24
22,12,4,0,7
22,13,4,0,15
22,14,4,0,19
22,15,4,0,12
22,16,4,0,9
22,17,4,0,15
22,18,4,0,19
22,19,4,0,7
22,20,4,0,10
22,21,4,0,7
22,22,4,0,15
22,23,4,0,5
22,24,4,0,23
22,25,4,0,4
22,26,4,0,12
22,27,4,0,10
22,28,4,0,9
22,29,4,0,13
22,30,4,0,15
22,31,4,0,5
22,32,5,4,11
22,33,5,0,0
22,34,5,0,8
22,35,5,0,10
22,36,5,0,16
22,37,5,0,22
22,38,5,0,20
23,0,5,0,15
23,1,5,0,19
23,2,5,0,13
23,3,5,0,17
23,4,5,4,2
23,5,1,4,23
23,6,10,1,8
23,7,1,4,15
23,8,4,0,19
23,9,4,0,20
23,10,4,0,22
23,11,4,0,22
23,12,4,0,4
23,13,4,0,20
23,14,4,0,19
23,15,4,0,17
23,16,4,0,8
23,17,4,0,0
23,18,4,0,15
23,19,4,0,3
23,20,4,0,9
23,21,4,0,17
23,22,4,0,22
23,23,4,0,18
23,24,4,0,5
23,25,4,0,24
23,26,4,0,18
23,27,4,0,24
23,28,4,0,13
23,29,4,0,11
23,30,4,0,13
23,31,5,4,11
23,32,5,0,20
23,33,5,0,7
23,34,5,0,20
23,35,5,0,22
23,36,5,0,12
23,37,5,0,2
23,38,5,0,11
24,0,5,0,13
24,1,5,0,10
24,2,5,0,17
24,3,5,0,21
24,4,5,4,2
24,5,1,4,22
24,6,1,4,15
24,7,4,0,5
24,8,4,0,5
24,9,4,0,10
24,10,4,0,10
24,11,4,0,5
24,12,4,0,21
24,13,4,0,2
24,14,4,0,1
24,15,4,0,23
24,16,4,0,11
24,17,4,0,15
24,18,4,0,24
24,19,4,0,21
24,20,4,0,12
24,21,4,0,21
24,22,4,0,14
24,23,4,0,23
24,24,4,0,20
24,25,4,0,15
24,26,4,0,22
24,27,4,0,4
24,28,4,0,5
24,29,4,0,3
24,30,5,4,9
24,31,5,0,12
24,32,5,0,8
24,33,5,0,9
24,34,5,0,19
24,35,5,0,7
24,36,5,0,21
24,37,5,0,18
24,38,5,0,3
25,0,5,0,12
25,1,5,0,14
25,2,5,0,7
25,3,5,0,17
25,4,5,4,17
25,5,1,4,8
25,6,4,0,7
25,7,4,0,18
25,8,4,0,9
25,9,4,0,23
25,10,4,0,24
25,11,4,0,14
25,12,4,0,6
25,13,4,0,12
25,14,4,0,19
25,15,4,0,16
25,16,4,0,3
25,17,4,0,0
25,18,4,0,0
25,19,4,0,13
25,20,4,0,21
25,21,4,0,11
25,22,4,0,17
25,23,4,0,14
25,24,4,0,20
25,25,4,0,7
25,26,4,0,18
25,27,4,0,10
25,28,4,0,19
25,29,5,4,14
25,30,5,0,8
25,31,5,0,0
25,32,5,0,23
25,33,5,0,10
25,34,5,0,15
25,35,5,0,15
25,36,5,0,22
25,37,5,0,9
25,38,5,0,3
26,0,5,0,10
26,1,5,0,4
26,2,5,0,0
26,3,5,0,20
26,4,5,4,17
26,5,4,0,9
26,6,4,0,24
26,7,4,0,16
26,8,4,0,13
26,9,4,0,21
26,10,4,0,11
26,11,4,0,3
26,12,4,0,2
26,13,4,0,2
26,14,4,0,4
26,15,4,0,22
26,16,4,0,7
26,17,4,0,5
26,18,4,0,10
26,19,4,0,18
26,20,4,0,11
26,21,4,0,20
26,22,4,0,19
26,23,4,0,4
26,24,4,0,4
26,25,4,0,14
26,26,4,0,16
26,27,4,0,7
26,28,5,4,19
26,29,5,0,16
26,30,5,0,22
26,31,5,0,8
26,32,5,0,22
26,33,5,0,17
26,34,5,0,24
26,35,5,0,18
26,36,5,0,19
26,37,5,0,4
26,38,5,0,3
27,0,5,0,22
27,1,5,0,0
27,2,5,0,16
27,3,5,0,21
27,4,5,4,3
27,5,4,0,12
27,6,4,0,23
27,7,4,0,6
27,8,4,0,3
27,9,4,0,2
27,10,4,0,12
27,11,4,0,22
27,12,4,0,6
27,13,4,0,13
27,14,4,0,20
27,15,4,0,22
27,16,4,0,18
27,17,4,0,16
27,18,4,0,7
27,19,4,0,15
27,20,4,0,15
27,21,4,0,1
27,22,4,0,12
27,23,4,0,15
27,24,4,0,24
27,25,4,0,12
27,26,4,0,12
27,27,5,4,9
27,28,5,0,20
27,29,5,0,14
27,30,5,0,8
27,31,5,0,5
27,32,5,0,23
27,33,5,0,12
27,34,5,0,1
27,35,5,0,8
27,36,5,0,24
27,37,5,0,12
27,38,5,0,11
28,0,5,0,6
28,1,5,0,10
28,2,5,0,22
28,3,5,0,19
28,4,5,4,3
28,5,4,0,4
28,6,4,0,4
28,7,4,0,3
28,8,4,0,0
28,9,4,0,3
28,10,4,0,24
28,11,4,0,13
28,12,4,0,8
28,13,4,0,15
28,14,4,0,21
28,15,4,0,22
28,16,4,0,21
28,17,4,0,8
28,18,4,0,1
28,19,4,0,8
28,20,4,0,23
28,21,4,0,15
28,22,4,0,17
28,23,4,0,6
28,24,4,0,11
28,25,4,0,5
28,26,5,4,11
28,27,5,0,2
28,28,5,0,14
28,29,5,0,19
28,30,5,0,12
28,31,5,0,14
28,32,5,0,17
28,33,5,0,17
28,34,5,0,5
28,35,5,0,21
28,36,5,0,23
28,37,5,0,0
28,38,5,0,21
29,0,5,0,23
29,1,5,0,9
29,2,5,0,17
29,3,5,0,13
29,4,5,4,17
29,5,4,0,9
29,6,4,0,3
29,7,4,0,20
29,8,4,0,23
29,9,4,0,9
29,10,4,0,7
29,11,4,0,4
29,12,4,0,4
29,13,4,0,6
29,14,4,0,0
29,15,4,0,14
29,16,4,0,18
29,17,4,0,19
29,18,4,0,9
29,19,4,0,24
29,20,4,0,7
29,21,4,0,11
29,22,4,0,18
29,23,4,0,3
29,24,4,0,6
29,25,5,4,9
29,26,5,0,19
29,27,5,0,11
29,28,5,0,11
29,29,5,0,19
29,30,5,0,24
29,31,5,0,4
29,32,5,0,10
29,33,5,0,9
29,34,5,0,2
29,35,5,0,0
29,36,5,0,12
29,37,5,0,1
29,38,5,0,9
30,0,5,0,8
30,1,5,0,21
30,2,5,0,4
30,3,5,0,12
30,4,5,4,3
30,5,4,0,12
30,6,4,0,2
30,7,4,0,16
30,8,4,0,5
30,9,4,0,19
30,10,4,0,13
30,11,4,0,7
30,12,4,0,4
30,13,4,0,9
30,14,4,0,9
30,15,4,0,5
30,16,4,0,22
30,17,4,0,0
30,18,4,0,19
30,19,4,0,9
30,20,4,0,24
30,21,4,0,17
30,22,4,0,2
30,23,4,0,10
30,24,5,4,6
30,25,5,0,5
30,26,5,0,21
30,27,5,0,5
30,28,5,0,2
30,29,5,0,11
30,30,5,0,12
30,31,5,0,2
30,32,5,0,23
30,33,5,0,0
30,34,5,0,6
30,35,5,0,17
30,36,5,0,15
30,37,5,0,7
30,38,5,0,12
31,0,5,0,14
31,1,5,0,9
31,2,5,0,6
31,3,5,0,18
31,4,5,4,2
31,5,4,0,8
31,6,4,0,2
31,7,4,0,12
31,8,4,0,9
31,9,4,0,0
31,10,4,0,19
31,11,4,0,17
31,12,4,0,8
31,13,4,0,20
31,14,4,0,16
31,15,4,0,10
31,16,4,0,13
31,17,4,0,20
31,18,4,0,17
31,19,4,0,7
31,20,4,0,12
31,21,4,0,23
31,22,4,0,13
31,23,4,0,24
31,24,5,4,24
31,25,5,0,6
31,26,5,0,21
31,27,5,0,14
31,28,5,0,6
31,29,5,0,6
31,30,5,0,12
31,31,5,0,23
31,32,5,0,24
31,33,5,4,20
31,34,5,4,20
31,35,5,0,15
31,36,5,0,24
31,37,5,0,5
31,38,5,0,12
32,0,5,0,16
32,1,5,0,3
32,2,5,0,0
32,3,5,0,11
32,4,5,4,17
32,5,4,0,2
32,6,4,0,8
32,7,4,0,8
32,8,4,0,5
32,9,4,0,10
32,10,4,0,19
32,11,4,0,4
32,12,4,0,11
32,13,4,0,20
32,14,4,0,10
32,15,4,0,7
32,16,4,0,18
32,17,4,0,0
32,18,4,0,12
32,19,4,0,10
32,20,4,0,3
32,21,4,0,10
32,22,4,0,12
32,23,5,4,6
32,24,5,0,5
32,25,5,0,4
32,26,5,0,5
32,27,5,0,19
32,28,5,0,23
32,29,5,0,11
32,30,5,0,12
32,31,5,0,5
32,32,5,4,10
32,33,5,4,8
32,34,5,4,7
32,35,5,0,20
32,36,5,0,6
32,37,5,0,11
32,38,5,0,17
33,0,5,0,24
33,1,5,0,21
33,2,5,0,17
33,3,5,0,2
33,4,5,4,1
33,5,4,0,18
33,6,4,0,24
33,7,4,0,15
33,8,4,0,1
33,9,4,0,14
33,10,4,0,6
33,11,4,0,20
33,12,4,0,14
33,13,4,0,0
33,14,4,0,14
33,15,4,0,2
33,16,4,0,4
33,17,4,0,16
33,18,4,0,20
33,19,4,0,7
33,20,4,0,21
33,21,4,0,15
33,22,4,0,2
33,23,5,4,24
33,24,5,0,24
33,25,5,0,2
33,26,5,0,7
33,27,5,0,3
33,28,5,0,19
33,29,5,0,14
33,30,5,0,2
33,31,5,4,15
33,32,4,0,17
33,33,4,0,0
33,34,5,4,7
33,35,5,0,4
33,36,5,0,14
33,37,5,0,16
33,38,5,0,6
34,0,5,0,6
34,1,5,0,13
34,2,5,0,17
34,3,5,0,0
34,4,5,4,3
34,5,4,0,16
34,6,4,0,21
34,7,4,0,12
34,8,4,0,3
34,9,4,0,20
34,10,4,0,13
34,11,4,0,17
34,12,4,0,5
34,13,4,0,18
34,14,4,0,10
34,15,4,0,24
34,16,4,0,19
34,17,4,0,23
34,18,4,0,24
34,19,4,0,16
34,20,4,0,10
34,21,4,0,16
34,22,5,4,11
34,23,5,0,3
34,24,5,0,7
34,25,5,0,2
34,26,5,0,10
34,27,5,0,7
34,28,5,0,8
34,29,5,0,22
34,30,5,4,5
34,31,4,0,22
34,32,4,0,15
34,33,4,0,1
34,34,5,4,22
34,35,5,0,15
34,36,5,0,4
34,37,5,0,23
34,38,5,0,20
35,0,5,0,6
35,1,5,0,14
35,2,5,0,14
35,3,5,0,14
35,4,5,4,2
35,5,4,0,11
35,6,4,0,14
35,7,4,0,13
35,8,4,0,4
35,9,4,0,4
35,10,4,0,24
35,11,4,0,2
35,12,4,0,0
35,13,4,0,6
35,14,4,0,6
35,15,4,0,24
35,16,4,0,3
35,17,4,0,19
35,18,4,0,16
35,19,4,0,22
35,20,4,0,12
35,21,5,4,9
35,22,5,0,9
35,23,5,0,21
35,24,5,0,13
35,25,5,0,9
35,26,5,0,19
35,27,5,0,19
35,28,5,0,24
35,29,5,4,13
35,30,4,0,21
35,31,4,0,21
35,32,4,0,1
35,33,4,0,23
35,34,5,4,21
35,35,5,0,9
35,36,5,0,13
35,37,5,0,15
35,38,5,0,14
36,0,5,0,6
36,1,5,0,23
36,2,5,0,3
36,3,5,0,7
36,4,5,4,17
36,5,4,0,1
36,6,4,0,19
36,7,4,0,18
36,8,4,0,5
36,9,4,0,7
36,10,4,0,18
36,11,4,0,19
36,12,4,0,5
36,13,4,0,20
36,14,4,0,8
36,15,4,0,17
36,16,4,0,4
36,17,4,0,16
36,18,4,0,4
36,19,4,0,23
36,20,5,4,9
36,21,5,0,14
36,22,5,0,22
36,23,5,0,22
36,24,5,0,12
36,25,5,0,2
36,26,5,0,24
36,27,5,0,15
36,28,5,4,5
36,29,4,0,10
36,30,4,0,20
36,31,4,0,11
36,32,4,0,21
36,33,4,0,22
36,34,5,4,7
36,35,5,0,9
36,36,5,0,10
36,37,5,0,23
36,38,5,0,12
37,0,5,0,22
37,1,5,0,13
37,2,5,0,22
37,3,5,0,1
37,4,5,4,3
37,5,4,0,24
37,6,4,0,17
37,7,4,0,7
37,8,4,0,10
37,9,4,0,4
37,10,4,0,8
37,11,4,0,21
37,12,4,0,11
37,13,4,0,21
37,14,4,0,23
37,15,4,0,21
37,16,4,0,12
37,17,4,0,6
37,18,4,0,8
37,19,5,4,14
37,20,5,0,12
37,21,5,0,10
37,22,5,0,13
37,23,5,0,10
37,24,5,0,24
37,25,5,0,24
37,26,5,0,2
37,27,5,4,10
37,28,4,0,10
37,29,4,0,13
37,30,4,0,13
37,31,4,0,23
37,32,4,0,18
37,33,4,0,21
37,34,5,4,23
37,35,5,0,17
37,36,5,0,15
37,37,5,0,5
37,38,5,0,11
38,0,5,0,20
38,1,5,0,18
38,2,5,0,3
38,3,5,0,13
38,4,5,4,17
38,5,4,0,11
38,6,4,0,23
38,7,4,0,3
38,8,4,0,11
38,9,4,0,24
38,10,4,0,18
38,11,4,0,24
38,12,4,0,15
38,13,4,0,5
38,14,4,0,6
38,15,4,0,23
38,16,4,0,6
38,17,4,0,23
38,18,5,4,19
38,19,5,0,0
38,20,5,0,12
38,21,5,0,17
38,22,5,0,17
38,23,5,0,8
38,24,5,0,22
38,25,5,0,19
38,26,5,4,15
38,27,4,0,15
38,28,4,0,3
38,29,4,0,15
38,30,4,0,17
38,31,4,0,19
38,32,4,0,8
38,33,4,0,2
38,34,5,4,7
38,35,5,0,12
38,36,5,0,12
38,37,5,0,20
38,38,5,0,5
39,0,5,0,4
39,1,5,0,21
39,2,5,0,3
39,3,5,0,10
39,4,5,4,1
39,5,4,0,17
39,6,4,0,7
39,7,4,0,17
39,8,4,0,0
39,9,4,0,9
39,10,4,0,5
39,11,4,0,17
39,12,4,0,20
39,13,4,0,0
39,14,4,0,20
39,15,4,0,5
39,16,4,0,3
39,17,5,4,19
39,18,5,0,22
39,19,5,0,4
39,20,5,0,18
39,21,5,0,21
39,22,5,0,22
39,23,5,4,20
39,24,5,4,20
39,25,5,4,13
39,26,4,0,20
39,27,4,0,16
39,28,4,0,24
39,29,4,0,17
39,30,4,0,21
39,31,4,0,16
39,32,4,0,13
39,33,4,0,2
39,34,5,4,21
39,35,5,0,10
39,36,5,0,0
39,37,5,0,6
39,38,5,0,18
40,0,5,0,19
40,1,5,0,11
40,2,5,0,20
40,3,5,0,12
40,4,5,4,17
40,5,4,0,18
40,6,4,0,23
40,7,4,0,20
40,8,4,0,10
40,9,4,0,0
40,10,4,0,4
40,11,4,0,0
40,12,4,0,17
40,13,4,0,24
40,14,4,0,5
40,15,4,0,4
40,16,5,4,14
40,17,5,0,23
40,18,5,0,14
40,19,5,0,24
40,20,5,0,11
40,21,5,0,13
40,22,5,4,10
40,23,5,4,8
40,24,5,4,8
40,25,4,0,22
40,26,4,0,3
40,27,4,0,23
40,28,4,0,13
40,29,4,0,19
40,30,4,0,24
40,31,4,0,12
40,32,4,0,8
40,33,4,0,24
40,34,5,4,7
40,35,5,0,10
40,36,5,0,0
40,37,5,0,6
40,38,5,0,21
41,0,5,0,6
41,1,5,0,9
41,2,5,0,10
41,3,5,0,23
41,4,5,4,17
41,5,4,0,5
41,6,4,0,15
41,7,4,0,8
41,8,4,0,3
41,9,4,0,1
41,10,4,0,4
41,11,4,0,20
41,12,4,0,5
41,13,4,0,7
41,14,4,0,10
41,15,5,4,9
41,16,5,0,0
41,17,5,0,17
41,18,5,0,17
41,19,5,0,2
41,20,5,0,0
41,21,5,4,10
41,22,4,0,3
41,23,4,0,17
41,24,4,0,15
41,25,4,0,16
41,26,4,0,21
41,27,4,0,19
41,28,4,0,9
41,29,4,0,6
41,30,4,0,5
41,31,4,0,7
41,32,4,0,5
41,33,4,0,10
41,34,5,4,21
41,35,5,0,2
41,36,5,0,1
41,37,5,0,23
41,38,5,0,4
42,0,5,0,5
42,1,5,0,8
42,2,5,0,12
42,3,5,0,14
42,4,5,4,2
42,5,4,0,19
42,6,4,0,18
42,7,4,0,9
42,8,4,0,11
42,9,4,0,15
42,10,4,0,24
42,11,4,0,7
42,12,5,4,16
42,13,5,4,16
42,14,5,4,11
42,15,5,0,22
42,16,5,0,16
42,17,5,0,5
42,18,5,0,8
42,19,5,0,5
42,20,5,4,10
42,21,4,0,17
42,22,4,0,4
42,23,4,0,20
42,24,4,0,6
42,25,4,0,0
42,26,4,0,22
42,27,4,0,9
42,28,4,0,15
42,29,4,0,2
42,30,4,0,16
42,31,4,0,21
42,32,4,0,14
42,33,4,0,1
42,34,5,4,7
42,35,5,0,22
42,36,5,0,1
42,37,5,0,13
42,38,5,0,17
43,0,5,0,15
43,1,5,0,11
43,2,5,0,15
43,3,5,0,5
43,4,5,4,2
43,5,4,0,4
43,6,4,0,15
43,7,4,0,10
43,8,4,0,14
43,9,4,0,17
43,10,4,0,2
43,11,5,4,19
43,12,5,4,4
43,13,5,4,4
43,14,5,0,10
43,15,5,0,11
43,16,5,0,21
43,17,5,0,17
43,18,5,0,21
43,19,5,4,15
43,20,4,0,0
43,21,4,0,3
43,22,4,0,7
43,23,4,0,0
43,24,4,0,17
43,25,4,0,14
43,26,4,0,17
43,27,4,0,3
43,28,4,0,9
43,29,4,0,21
43,30,4,0,17
43,31,4,0,15
43,32,4,0,23
43,33,4,0,9
43,34,5,4,22
43,35,5,0,8
43,36,5,0,6
43,37,5,0,9
43,38,5,0,15
44,0,5,0,8
44,1,5,0,3
44,2,5,0,1
44,3,5,0,8
44,4,5,4,1
44,5,4,0,15
44,6,4,0,0
44,7,4,0,11
44,8,4,0,14
44,9,4,0,9
44,10,5,4,14
44,11,5,0,7
44,12,5,0,14
44,13,5,0,8
44,14,5,0,5
44,15,5,0,23
44,16,5,0,19
44,17,5,0,21
44,18,5,4,10
44,19,4,0,10
44,20,4,0,4
44,21,4,0,22
44,22,4,0,0
44,23,4,0,6
44,24,4,0,7
44,25,4,0,2
44,26,4,0,21
44,27,4,0,10
44,28,4,0,13
44,29,4,0,15
44,30,4,0,15
44,31,4,0,6
44,32,4,0,17
44,33,4,0,0
44,34,5,4,23
44,35,5,0,19
44,36,5,0,12
44,37,5,0,9
44,38,5,0,13
45,0,5,0,0
45,1,5,0,4
45,2,5,0,10
45,3,5,0,11
45,4,5,4,17
45,5,4,0,7
45,6,4,0,12
45,7,4,0,4
45,8,4,0,0
45,9,5,4,14
45,10,5,0,9
45,11,5,0,9
45,12,5,0,13
45,13,5,0,24
45,14,5,0,19
45,15,5,0,3
45,16,5,0,23
45,17,5,4,5
45,18,4,0,4
45,19,4,0,20
45,20,4,0,9
45,21,4,0,7
45,22,4,0,24
45,23,4,0,16
45,24,4,0,10
45,25,4,0,20
45,26,4,0,13
45,27,4,0,6
45,28,4,0,9
45,29,4,0,15
45,30,4,0,8
45,31,4,0,15
45,32,4,0,23
45,33,4,0,13
45,34,5,4,21
45,35,5,0,13
45,36,5,0,19
45,37,5,0,20
45,38,5,0,24
46,0,5,0,17
46,1,5,0,2
46,2,5,0,10
46,3,5,0,4
46,4,5,4,1
46,5,4,0,2
46,6,4,0,1
46,7,4,0,18
46,8,5,4,11
46,9,5,0,4
46,10,5,0,15
46,11,5,0,19
46,12,5,0,19
46,13,5,0,16
46,14,5,0,8
46,15,5,0,23
46,16,5,4,10
46,17,4,0,16
46,18,4,0,16
46,19,4,0,14
46,20,4,0,23
46,21,4,0,5
46,22,4,0,5
46,23,4,0,10
46,24,4,0,2
46,25,4,0,24
46,26,4,0,13
46,27,4,0,19
46,28,4,0,17
46,29,4,0,12
46,30,4,0,15
46,31,4,0,4
46,32,4,0,15
46,33,4,0,4
46,34,5,4,7
46,35,5,0,14
46,36,5,0,23
46,37,5,0,24
46,38,5,0,11
47,0,5,0,16
47,1,5,0,17
47,2,5,0,9
47,3,5,0,4
47,4,5,4,1
47,5,4,0,19
47,6,4,0,10
47,7,5,4,19
47,8,5,0,1
47,9,5,0,23
47,10,5,0,22
47,11,5,0,18
47,12,5,0,22
47,13,5,0,23
47,14,5,0,17
47,15,5,4,5
47,16,4,0,2
47,17,4,0,7
47,18,4,0,7
47,19,4,0,24
47,20,4,0,5
47,21,4,0,13
47,22,4,0,24
47,23,4,0,19
47,24,4,0,2
47,25,4,0,24
47,26,4,0,17
47,27,4,0,21
47,28,4,0,1
47,29,4,0,7
47,30,4,0,12
47,31,4,0,0
47,32,4,0,18
47,33,4,0,21
47,34,5,4,22
47,35,5,0,24
47,36,5,0,7
47,37,5,0,10
47,38,5,0,1
48,0,5,0,19
48,1,5,0,15
48,2,5,0,22
48,3,5,0,24
48,4,5,4,3
48,5,4,0,21
48,6,5,4,9
48,7,5,0,7
48,8,5,0,20
48,9,5,0,18
48,10,5,0,21
48,11,5,0,21
48,12,5,0,12
48,13,5,0,24
48,14,5,4,10
48,15,4,0,21
48,16,4,0,5
48,17,4,0,9
48,18,4,0,11
48,19,4,0,9
48,20,4,0,4
48,21,4,0,21
48,22,4,0,22
48,23,4,0,6
48,24,4,0,2
48,25,4,0,21
48,26,4,0,6
48,27,4,0,7
48,28,4,0,5
48,29,4,0,20
48,30,4,0,23
48,31,4,0,6
48,32,4,0,4
48,33,4,0,18
48,34,5,4,23
48,35,5,0,3
48,36,5,0,1
48,37,5,0,18
48,38,5,0,19
49,0,5,0,17
49,1,5,0,13
49,2,5,0,23
49,3,5,0,24
49,4,5,4,3
49,5,5,4,9
49,6,5,0,5
49,7,5,0,21
49,8,5,0,0
49,9,5,0,6
49,10,5,0,19
49,11,5,0,13
49,12,5,0,16
49,13,5,4,5
49,14,4,0,6
49,15,4,0,0
49,16,4,0,15
49,17,4,0,12
49,18,4,0,23
49,19,4,0,17
49,20,4,0,22
49,21,4,0,13
49,22,4,0,16
49,23,4,0,12
49,24,4,0,3
49,25,4,0,22
49,26,4,0,13
49,27,4,0,23
49,28,4,0,21
49,29,4,0,7
49,30,4,0,2
49,31,4,0,19
49,32,4,0,16
49,33,4,0,0
49,34,5,4,23
49,35,5,0,0
49,36,5,0,14
49,37,5,0,16
49,38,5,0,15
50,0,5,0,5
50,1,5,0,15
50,2,5,0,14
50,3,5,0,6
50,4,5,4,4
50,5,5,0,3
50,6,5,0,14
50,7,5,0,16
50,8,5,0,23
50,9,5,0,0
50,10,5,0,17
50,11,5,0,12
50,12,5,4,0
50,13,4,0,15
50,14,4,0,7
50,15,4,0,20
50,16,4,0,4
50,17,4,0,5
50,18,4,0,15
50,19,4,0,22
50,20,4,0,18
50,21,4,0,18
50,22,4,0,18
50,23,4,0,8
50,24,4,0,20
50,25,4,0,2
50,26,4,0,0
50,27,4,0,11
50,28,4,0,6
50,29,4,0,13
50,30,4,0,3
50,31,4,0,7
50,32,4,0,3
50,33,4,0,23
50,34,5,4,23
50,35,5,0,10
50,36,5,0,4
50,37,5,0,4
50,38,5,0,19
51,0,5,0,10
51,1,5,0,7
51,2,5,0,20
51,3,5,0,11
51,4,5,0,8
51,5,5,0,15
51,6,5,0,10
51,7,5,0,24
51,8,5,0,22
51,9,5,0,13
51,10,5,0,8
51,11,5,0,0
51,12,5,4,18
51,13,4,0,13
51,14,4,0,20
51,15,4,0,11
51,16,4,0,14
51,17,4,0,14
51,18,4,0,16
51,19,4,0,15
51,20,4,0,17
51,21,4,0,9
51,22,4,0,6
51,23,4,0,3
51,24,4,0,7
51,25,4,0,0
51,26,4,0,10
51,27,4,0,21
51,28,4,0,22
51,29,4,0,20
51,30,4,0,9
51,31,4,0,11
51,32,4,0,11
51,33,4,0,24
51,34,5,4,7
51,35,5,0,9
51,36,5,0,23
51,37,5,0,12
51,38,5,0,22
52,0,5,0,16
52,1,5,0,10
52,2,5,0,14
52,3,5,0,4
52,4,5,0,11
52,5,5,0,2
52,6,5,0,12
52,7,5,0,17
52,8,5,0,13
52,9,5,0,24
52,10,5,0,23
52,11,5,4,0
52,12,4,0,9
52,13,4,0,9
52,14,4,0,12
52,15,4,0,7
52,16,4,0,2
52,17,4,0,1
52,18,4,0,3
52,19,4,0,22
52,20,4,0,24
52,21,4,0,17
52,22,4,0,22
52,23,4,0,11
52,24,4,0,13
52,25,4,0,15
52,26,4,0,3
52,27,4,0,12
52,28,4,0,11
52,29,4,0,19
52,30,4,0,23
52,31,4,0,21
52,32,4,0,4
52,33,4,0,5
52,34,5,4,21
52,35,5,0,6
52,36,5,0,16
52,37,5,0,14
52,38,5,0,18
53,0,5,0,20
53,1,5,0,14
53,2,5,0,23
53,3,5,0,17
53,4,5,0,13
53,5,5,0,12
53,6,5,0,18
53,7,5,0,8
53,8,5,0,5
53,9,5,0,16
53,10,5,0,9
53,11,5,4,18
53,12,4,0,9
53,13,4,0,7
53,14,4,0,17
53,15,4,0,19
53,16,4,0,20
53,17,4,0,11
53,18,4,0,17
53,19,4,0,2
53,20,4,0,13
53,21,4,0,4
53,22,4,0,21
53,23,4,0,2
53,24,4,0,19
53,25,4,0,5
53,26,4,0,15
53,27,4,0,13
53,28,4,0,6
53,29,4,0,18
53,30,4,0,9
53,31,4,0,21
53,32,4,0,21
53,33,1,4,16
53,34,5,4,21
53,35,5,0,20
53,36,5,0,23
53,37,5,0,17
53,38,5,0,5
54,0,5,0,10
54,1,5,0,24
54,2,5,0,23
54,3,5,0,13
54,4,5,0,1
54,5,5,0,8
54,6,5,0,11
54,7,5,0,22
54,8,5,0,7
54,9,5,0,14
54,10,5,4,13
54,11,4,0,14
54,12,4,0,23
54,13,4,0,1
54,14,4,0,3
54,15,4,0,20
54,16,4,0,14
54,17,4,0,8
54,18,4,0,7
54,19,4,0,12
54,20,4,0,0
54,21,4,0,21
54,22,4,0,6
54,23,4,0,19
54,24,4,0,2
54,25,4,0,15
54,26,4,0,16
54,27,4,0,16
54,28,4,0,21
54,29,4,0,9
54,30,4,0,16
54,31,4,0,17
54,32,1,4,19
54,33,1,4,3
54,34,5,4,22
54,35,5,0,19
54,36,5,0,21
54,37,5,0,15
54,38,5,0,7
55,0,5,0,13
55,1,5,0,16
55,2,5,0,22
55,3,5,0,6
55,4,5,0,19
55,5,5,0,12
55,6,5,0,20
55,7,5,0,21
55,8,5,0,7
55,9,5,4,15
55,10,4,0,20
55,11,4,0,13
55,12,4,0,18
55,13,4,0,18
55,14,4,0,20
55,15,4,0,14
55,16,4,0,3
55,17,4,0,3
55,18,4,0,11
55,19,4,0,11
55,20,4,0,18
55,21,4,0,14
55,22,4,0,9
55,23,4,0,20
55,24,4,0,19
55,25,4,0,9
55,26,4,0,20
55,27,4,0,9
55,28,4,0,4
55,29,4,0,2
55,30,4,0,15
55,31,1,4,9
55,32,10,1,16
55,33,1,4,1
55,34,5,4,23
55,35,5,0,6
55,36,5,0,0
55,37,5,0,1
55,38,5,0,13
56,0,5,0,12
56,1,5,0,11
56,2,5,0,2
56,3,5,0,11
56,4,5,0,24
56,5,5,0,19
56,6,5,0,11
56,7,5,0,20
56,8,5,4,10
56,9,4,0,22
56,10,4,0,1
56,11,4,0,1
56,12,4,0,3
56,13,4,0,16
56,14,4,0,13
56,15,4,0,11
56,16,4,0,4
56,17,4,0,4
56,18,4,0,15
56,19,4,0,19
56,20,4,0,16
56,21,4,0,11
56,22,4,0,13
56,23,4,0,10
56,24,4,0,6
56,25,4,0,12
56,26,4,0,10
56,27,4,0,1
56,28,4,0,19
56,29,4,0,8
56,30,1,4,19
56,31,10,1,11
56,32,10,1,3
56,33,1,4,17
56,34,5,4,23
56,35,5,0,17
56,36,5,0,1
56,37,5,0,10
56,38,5,0,12
57,0,5,0,0
57,1,5,0,18
57,2,5,0,14
57,3,5,0,12
57,4,5,0,15
57,5,5,0,2
57,6,5,0,11
57,7,5,4,15
57,8,4,0,16
57,9,4,0,16
57,10,4,0,6
57,11,4,0,23
57,12,4,0,4
57,13,4,0,13
57,14,4,0,14
57,15,4,0,0
57,16,4,0,12
57,17,4,0,12
57,18,4,0,9
57,19,4,0,0
57,20,4,0,18
57,21,4,0,6
57,22,4,0,21
57,23,4,0,21
57,24,4,0,13
57,25,4,0,23
57,26,4,0,8
57,27,4,0,5
57,28,4,0,18
57,29,1,4,14
57,30,10,1,19
57,31,10,0,12
57,32,10,1,18
57,33,1,4,18
57,34,5,4,7
57,35,5,0,22
57,36,5,0,5
57,37,5,0,6
57,38,5,0,17
58,0,5,0,4
58,1,5,0,13
58,2,5,0,14
58,3,5,0,3
58,4,5,0,22
58,5,5,0,14
58,6,5,4,15
58,7,4,0,21
58,8,4,0,7
58,9,4,0,18
58,10,4,0,17
58,11,4,0,3
58,12,4,0,14
58,13,4,0,20
58,14,4,0,3
58,15,4,0,6
58,16,4,0,5
58,17,4,0,19
58,18,4,0,6
58,19,4,0,3
58,20,4,0,0
58,21,4,0,10
58,22,4,0,18
58,23,4,0,18
58,24,4,0,1
58,25,4,0,8
58,26,4,0,0
58,27,4,0,15
58,28,1,4,9
58,29,10,1,19
58,30,10,0,0
58,31,10,1,5
58,32,1,4,10
58,33,4,0,5
58,34,5,4,7
58,35,5,0,17
58,36,5,0,6
58,37,5,0,23
58,38,5,0,1
59,0,5,0,15
59,1,5,0,20
59,2,5,0,3
59,3,5,0,22
59,4,5,0,10
59,5,5,4,5
59,6,4,0,8
59,7,4,0,3
59,8,4,0,18
59,9,4,0,23
59,10,4,0,9
59,11,4,0,18
59,12,4,0,11
59,13,4,0,4
59,14,4,0,5
59,15,4,0,19
59,16,4,0,7
59,17,4,0,23
59,18,4,0,9
59,19,4,0,23
59,20,4,0,9
59,21,4,0,11
59,22,4,0,23
59,23,4,0,21
59,24,4,0,9
59,25,4,0,18
59,26,4,0,20
59,27,1,4,14
59,28,10,1,14
59,29,10,0,21
59,30,10,1,15
59,31,1,4,10
59,32,4,0,17
59,33,4,0,7
59,34,5,4,22
59,35,5,0,15
59,36,5,0,12
59,37,5,0,8
59,38,5,0,10
60,0,5,0,19
60,1,5,0,11
60,2,5,0,3
60,3,5,0,8
60,4,5,4,0
60,5,4,0,23
60,6,4,0,5
60,7,4,0,15
60,8,4,0,6
60,9,4,0,18
60,10,4,0,3
60,11,4,0,21
60,12,4,0,17
60,13,4,0,6
60,14,4,0,8
60,15,4,0,7
60,16,4,0,14
60,17,4,0,7
60,18,4,0,1
60,19,4,0,1
60,20,4,0,14
60,21,4,0,23
60,22,4,0,9
60,23,4,0,19
60,24,4,0,23
60,25,4,0,1
60,26,1,4,19
60,27,10,1,14
60,28,10,0,16
60,29,10,1,10
60,30,1,4,13
60,31,4,0,18
60,32,4,0,0
60,33,4,0,24
60,34,5,4,21
60,35,5,0,17
60,36,5,0,16
60,37,5,0,2
60,38,5,0,19
