0,0,4,6,2
0,1,4,6,9
0,2,4,0,3
0,3,4,0,9
0,4,4,0,23
0,5,4,0,11
0,6,4,6,1
0,7,4,6,9
0,8,5,4,6
0,9,5,0,11
0,10,5,0,20
0,11,5,0,24
0,12,5,0,5
0,13,5,0,7
0,14,5,0,15
0,15,5,4,17
0,16,5,4,16
0,17,5,4,16
0,18,4,0,0
0,19,4,0,9
0,20,4,0,0
0,21,5,4,19
0,22,5,0,0
0,23,5,0,18
0,24,5,0,7
0,25,5,0,2
0,26,5,0,13
0,27,5,0,7
0,28,5,0,0
0,29,5,0,24
0,30,5,0,24
0,31,5,0,4
0,32,5,0,2
0,33,5,0,8
0,34,5,0,9
0,35,5,4,0
0,36,4,0,1
0,37,4,0,8
0,38,4,6,13
0,39,4,6,8
0,40,6,0,10
0,41,6,0,12
0,42,4,6,24
0,43,4,0,13
0,44,4,0,20
0,45,4,0,21
0,46,4,6,1
0,47,6,0,4
0,48,6,0,14
0,49,6,0,21
0,50,4,6,24
0,51,5,4,6
0,52,5,0,5
0,53,5,0,13
0,54,5,4,17
0,55,5,4,16
0,56,5,4,11
0,57,5,0,1
0,58,5,0,6
0,59,5,0,2
0,60,5,0,21
0,61,5,0,0
0,62,5,0,2
0,63,5,4,0
0,64,4,0,12
0,65,1,4,24
0,66,1,6,15
0,67,6,0,7
0,68,6,0,21
0,69,6,0,1
0,70,1,6,21
0,71,1,0,16
0,72,1,4,0
0,73,4,0,21
0,74,5,4,22
0,75,5,0,15
0,76,5,0,2
0,77,5,0,0
0,78,5,0,5
0,79,5,0,20
1,0,4,6,4
1,1,4,0,7
1,2,4,0,11
1,3,4,0,20
1,4,4,0,8
1,5,4,0,8
1,6,4,6,4
1,7,5,4,6
1,8,5,4,24
1,9,5,0,4
1,10,5,0,18
1,11,5,0,1
1,12,5,0,10
1,13,5,0,3
1,14,5,0,14
1,15,5,4,4
1,16,5,4,4
1,17,5,4,17
1,18,5,4,16
1,19,5,4,16
1,20,5,4,14
1,21,5,0,22
1,22,5,0,1
1,23,5,0,21
1,24,5,0,21
1,25,5,0,23
1,26,5,0,13
1,27,5,0,3
1,28,5,0,17
1,29,5,0,7
1,30,5,0,0
1,31,5,0,11
1,32,5,0,12
1,33,5,0,11
1,34,5,0,7
1,35,5,4,18
1,36,4,0,7
1,37,4,6,5
1,38,6,0,12
1,39,6,0,12
1,40,6,0,12
1,41,4,6,6
1,42,4,0,4
1,43,4,0,8
1,44,4,0,19
1,45,4,0,18
1,46,4,6,3
1,47,4,6,16
1,48,6,0,10
1,49,4,6,6
1,50,4,0,15
1,51,5,4,7
1,52,5,0,19
1,53,5,0,8
1,54,5,4,4
1,55,5,4,4
1,56,5,0,8
1,57,5,0,17
1,58,5,0,0
1,59,5,0,11
1,60,5,0,14
1,61,5,0,17
1,62,5,0,18
1,63,5,4,18
1,64,1,4,19
1,65,1,6,15
1,66,6,0,1
1,67,6,0,18
1,68,6,0,16
1,69,6,0,23
1,70,1,6,24
1,71,1,0,0
1,72,1,4,17
1,73,4,0,19
1,74,5,4,24
1,75,5,0,24
1,76,5,0,7
1,77,5,0,14
1,78,5,0,1
1,79,5,0,0
2,0,4,0,14
2,1,4,0,22
2,2,4,0,4
2,3,4,0,10
2,4,4,0,22
2,5,4,0,21
2,6,4,0,18
2,7,5,4,24
2,8,5,0,2
2,9,5,0,19
2,10,5,0,7
2,11,5,0,7
2,12,5,0,1
2,13,5,0,3
2,14,5,0,5
2,15,5,0,3
2,16,5,0,17
2,17,5,4,4
2,18,5,4,4
2,19,5,4,4
2,20,5,0,9
2,21,5,0,24
2,22,5,0,4
2,23,5,0,9
2,24,5,0,15
2,25,5,0,19
2,26,5,0,22
2,27,5,0,10
2,28,5,0,16
2,29,5,0,15
2,30,5,4,20
2,31,5,0,21
2,32,5,0,3
2,33,5,0,8
2,34,5,4,10
2,35,4,0,1
2,36,4,6,0
2,37,6,0,14
2,38,6,0,14
2,39,6,0,4
2,40,6,0,15
2,41,4,6,24
2,42,4,0,0
2,43,4,0,7
2,44,4,0,0
2,45,4,0,5
2,46,4,6,4
2,47,4,6,1
2,48,6,0,0
2,49,4,6,24
2,50,4,0,5
2,51,5,4,24
2,52,5,0,15
2,53,5,0,2
2,54,5,0,11
2,55,5,0,14
2,56,5,0,14
2,57,5,0,23
2,58,5,0,24
2,59,5,0,13
2,60,5,0,3
2,61,5,0,0
2,62,5,4,13
2,63,1,4,9
2,64,1,6,0
2,65,6,0,19
2,66,6,0,3
2,67,6,0,17
2,68,1,6,16
2,69,1,6,9
2,70,1,0,2
2,71,1,0,16
2,72,1,4,3
2,73,5,4,6
2,74,5,4,20
2,75,5,4,20
2,76,5,4,20
2,77,5,0,18
2,78,5,0,8
2,79,5,0,5
3,0,4,0,5
3,1,4,0,20
3,2,4,0,18
3,3,4,0,9
3,4,4,0,2
3,5,4,0,19
3,6,5,4,11
3,7,5,0,20
3,8,5,0,18
3,9,5,0,18
3,10,5,0,24
3,11,5,0,19
3,12,5,0,7
3,13,5,0,6
3,14,5,0,8
3,15,5,0,16
3,16,5,0,2
3,17,5,0,16
3,18,5,0,22
3,19,5,0,18
3,20,5,0,1
3,21,5,0,2
3,22,5,0,15
3,23,5,0,20
3,24,5,0,14
3,25,5,0,3
3,26,5,0,7
3,27,5,0,6
3,28,5,0,13
3,29,5,4,5
3,30,5,4,21
3,31,5,0,17
3,32,5,0,15
3,33,5,4,0
3,34,4,0,16
3,35,4,0,13
3,36,4,6,2
3,37,4,6,16
3,38,4,6,16
3,39,6,0,0
3,40,4,6,6
3,41,4,0,16
3,42,4,0,13
3,43,4,6,20
3,44,4,0,21
3,45,4,0,19
3,46,4,0,11
3,47,4,6,1
3,48,4,6,11
3,49,5,4,16
3,50,5,4,14
3,51,5,0,8
3,52,5,0,7
3,53,5,0,15
3,54,5,0,20
3,55,5,0,5
3,56,5,0,11
3,57,5,0,6
3,58,5,0,24
3,59,5,0,17
3,60,5,0,19
3,61,5,4,5
3,62,1,4,6
3,63,1,0,11
3,64,1,6,18
3,65,6,0,22
3,66,6,0,6
3,67,1,6,6
3,68,1,6,4
3,69,1,0,3
3,70,1,0,20
3,71,1,0,8
3,72,1,4,17
3,73,1,4,16
3,74,5,4,8
3,75,5,4,8
3,76,5,4,21
3,77,5,0,5
3,78,5,0,8
3,79,5,0,23
4,0,4,0,15
4,1,4,0,8
4,2,4,0,4
4,3,4,0,13
4,4,4,0,6
4,5,5,4,9
4,6,5,0,16
4,7,5,0,3
4,8,5,0,5
4,9,5,0,13
4,10,5,0,13
4,11,5,0,15
4,12,5,0,20
4,13,5,0,24
4,14,5,0,11
4,15,5,0,14
4,16,5,0,23
4,17,5,0,19
4,18,5,0,7
4,19,5,0,21
4,20,5,0,11
4,21,5,0,17
4,22,5,0,23
4,23,5,0,11
4,24,5,4,20
4,25,5,4,20
4,26,5,0,13
4,27,5,0,8
4,28,5,4,0
4,29,4,0,7
4,30,5,4,21
4,31,5,0,16
4,32,5,0,15
4,33,5,4,18
4,34,4,0,23
4,35,4,0,8
4,36,4,6,4
4,37,4,6,4
4,38,4,6,18
4,39,6,0,13
4,40,4,6,24
4,41,4,0,11
4,42,4,6,13
4,43,4,6,21
4,44,4,0,24
4,45,4,0,1
4,46,4,0,15
4,47,4,6,4
4,48,5,4,11
4,49,5,4,4
4,50,5,0,21
4,51,5,0,2
4,52,5,0,20
4,53,5,0,3
4,54,5,0,23
4,55,5,0,3
4,56,5,0,1
4,57,5,0,23
4,58,5,0,18
4,59,5,0,15
4,60,5,4,10
4,61,4,0,4
4,62,1,4,24
4,63,1,6,5
4,64,6,0,19
4,65,6,0,7
4,66,6,0,3
4,67,1,6,24
4,68,1,0,23
4,69,1,6,20
4,70,1,0,8
4,71,1,0,10
4,72,1,4,4
4,73,1,4,1
4,74,4,0,17
4,75,4,0,12
4,76,5,4,21
4,77,5,4,20
4,78,5,0,6
4,79,5,0,18
5,0,5,4,16
5,1,4,0,14
5,2,4,0,16
5,3,4,0,0
5,4,5,4,19
5,5,5,0,24
5,6,5,0,13
5,7,5,0,12
5,8,5,0,24
5,9,5,0,18
5,10,5,0,16
5,11,5,0,18
5,12,5,0,2
5,13,5,0,11
5,14,5,0,15
5,15,5,0,19
5,16,5,0,4
5,17,5,0,8
5,18,5,0,24
5,19,5,0,0
5,20,5,0,17
5,21,5,0,5
5,22,5,0,0
5,23,5,4,5
5,24,5,4,8
5,25,5,4,24
5,26,5,0,13
5,27,5,0,19
5,28,5,4,18
5,29,4,0,19
5,30,5,4,7
5,31,5,4,20
5,32,5,4,10
5,33,4,0,0
5,34,4,0,4
5,35,4,0,22
5,36,4,6,20
5,37,4,6,0
5,38,6,0,1
5,39,4,6,6
5,40,4,0,4
5,41,4,6,10
5,42,6,0,6
5,43,4,6,24
5,44,4,0,3
5,45,4,0,24
5,46,4,0,15
5,47,5,4,6
5,48,5,0,2
5,49,5,0,12
5,50,5,0,4
5,51,5,0,23
5,52,5,0,13
5,53,5,0,1
5,54,5,0,14
5,55,5,0,7
5,56,5,0,13
5,57,5,0,14
5,58,5,0,1
5,59,5,4,10
5,60,4,0,21
5,61,1,4,14
5,62,1,6,5
5,63,6,0,16
5,64,6,0,24
5,65,6,0,24
5,66,1,6,6
5,67,1,6,20
5,68,1,6,15
5,69,1,6,7
5,70,1,6,20
5,71,1,6,20
5,72,1,0,21
5,73,1,4,1
5,74,4,0,17
5,75,4,0,18
5,76,5,4,8
5,77,5,4,22
5,78,5,0,3
5,79,5,0,20
6,0,5,4,3
6,1,4,0,1
6,2,4,0,21
6,3,5,4,9
6,4,5,0,1
6,5,5,0,13
6,6,5,0,11
6,7,5,0,11
6,8,5,0,15
6,9,5,0,0
6,10,5,0,20
6,11,5,0,18
6,12,5,0,22
6,13,5,0,19
6,14,5,0,0
6,15,5,0,5
6,16,5,0,5
6,17,5,0,23
6,18,5,0,16
6,19,5,0,15
6,20,5,0,24
6,21,5,0,20
6,22,5,4,0
6,23,4,0,4
6,24,5,4,6
6,25,5,0,18
6,26,5,0,17
6,27,5,4,0
6,28,4,0,22
6,29,4,0,8
6,30,5,4,8
6,31,5,4,8
6,32,4,0,2
6,33,4,0,16
6,34,4,0,1
6,35,4,6,13
6,36,4,6,22
6,37,4,6,2
6,38,6,0,17
6,39,4,6,24
6,40,4,6,0
6,41,6,0,2
6,42,4,6,6
6,43,4,0,18
6,44,4,0,18
6,45,4,0,1
6,46,4,0,5
6,47,5,4,24
6,48,5,0,12
6,49,5,0,0
6,50,5,0,17
6,51,5,0,4
6,52,5,0,21
6,53,5,0,7
6,54,5,0,16
6,55,5,0,19
6,56,5,0,11
6,57,5,0,16
6,58,5,4,0
6,59,4,0,10
6,60,1,4,19
6,61,1,6,5
6,62,6,0,7
6,63,1,6,16
6,64,1,6,16
6,65,6,0,5
6,66,1,6,8
6,67,1,6,8
6,68,6,0,4
6,69,1,6,8
6,70,1,6,8
6,71,1,6,7
6,72,1,0,14
6,73,1,4,2
6,74,1,4,16
6,75,4,0,8
6,76,4,0,11
6,77,5,4,24
6,78,5,0,11
6,79,5,0,8
7,0,5,4,1
7,1,4,0,15
7,2,5,4,9
7,3,5,0,5
7,4,5,0,17
7,5,5,0,21
7,6,5,0,24
7,7,5,0,13
7,8,5,0,4
7,9,5,0,22
7,10,5,0,0
7,11,5,0,3
7,12,5,0,15
7,13,5,0,10
7,14,5,0,23
7,15,5,0,6
7,16,5,0,8
7,17,5,0,3
7,18,5,0,13
7,19,5,0,14
7,20,5,0,9
7,21,5,0,1
7,22,5,4,18
7,23,4,0,4
7,24,5,4,24
7,25,5,0,2
7,26,5,0,6
7,27,5,4,17
7,28,4,0,2
7,29,4,0,9
7,30,4,0,24
7,31,4,0,11
7,32,4,0,10
7,33,4,0,6
7,34,4,6,0
7,35,6,0,5
7,36,4,6,7
7,37,4,6,1
7,38,4,6,9
7,39,4,0,4
7,40,4,6,1
7,41,6,0,7
7,42,4,6,23
7,43,4,0,6
7,44,5,4,16
7,45,5,4,16
7,46,5,4,9
7,47,5,0,6
7,48,5,0,5
7,49,5,0,24
7,50,5,0,1
7,51,5,0,18
7,52,5,0,20
7,53,5,0,1
7,54,5,0,19
7,55,5,0,19
7,56,5,0,0
7,57,5,4,20
7,58,5,4,18
7,59,1,4,6
7,60,1,6,0
7,61,6,0,14
7,62,1,6,6
7,63,1,6,4
7,64,1,6,3
7,65,6,0,1
7,66,6,0,14
7,67,6,0,18
7,68,6,0,3
7,69,6,0,17
7,70,6,0,6
7,71,1,6,21
7,72,1,0,15
7,73,1,4,4
7,74,1,4,1
7,75,4,0,23
7,76,5,4,6
7,77,5,0,9
7,78,5,0,7
7,79,5,0,18
8,0,5,4,17
8,1,5,4,14
8,2,5,0,19
8,3,5,0,13
8,4,5,0,13
8,5,5,0,15
8,6,5,0,19
8,7,5,0,18
8,8,5,0,18
8,9,5,0,23
8,10,5,0,12
8,11,5,0,18
8,12,5,0,20
8,13,5,0,9
8,14,5,0,17
8,15,5,0,17
8,16,5,0,6
8,17,5,0,13
8,18,5,0,6
8,19,5,4,20
8,20,5,4,20
8,21,5,4,0
8,22,4,0,2
8,23,5,4,6
8,24,5,0,22
8,25,5,0,23
8,26,5,0,21
8,27,5,4,18
8,28,4,0,8
8,29,4,0,20
8,30,4,0,11
8,31,4,0,0
8,32,4,0,8
8,33,4,0,9
8,34,4,6,18
8,35,6,0,16
8,36,4,6,24
8,37,4,6,4
8,38,4,0,18
8,39,4,0,23
8,40,4,6,1
8,41,6,0,21
8,42,4,6,24
8,43,5,4,6
8,44,5,4,4
8,45,5,4,4
8,46,5,0,1
8,47,5,0,8
8,48,5,0,14
8,49,5,0,6
8,50,5,0,22
8,51,5,0,19
8,52,5,0,5
8,53,5,0,13
8,54,5,0,19
8,55,5,0,17
8,56,5,4,15
8,57,5,4,8
8,58,4,0,20
8,59,1,4,24
8,60,1,6,17
8,61,6,0,5
8,62,1,6,24
8,63,1,0,14
8,64,1,6,18
8,65,6,0,4
8,66,6,0,1
8,67,6,0,6
8,68,6,0,7
8,69,6,0,4
8,70,6,0,5
8,71,1,6,21
8,72,1,0,18
8,73,1,0,4
8,74,1,4,1
8,75,4,0,0
8,76,5,4,21
8,77,5,0,5
8,78,5,0,14
8,79,5,0,10
9,0,5,4,4
9,1,5,0,1
9,2,5,0,16
9,3,5,0,8
9,4,5,0,10
9,5,5,0,16
9,6,5,0,7
9,7,5,0,4
9,8,5,0,15
9,9,5,0,6
9,10,5,0,16
9,11,5,0,0
9,12,5,0,15
9,13,5,0,23
9,14,5,0,15
9,15,5,0,21
9,16,5,0,16
9,17,5,0,10
9,18,5,4,13
9,19,5,4,8
9,20,5,4,20
9,21,5,4,18
9,22,4,0,24
9,23,5,4,23
9,24,5,0,4
9,25,5,0,8
9,26,5,4,0
9,27,4,0,24
9,28,1,6,20
9,29,4,0,9
9,30,4,0,24
9,31,4,0,1
9,32,4,0,16
9,33,4,6,0
9,34,6,0,2
9,35,4,6,6
9,36,4,0,8
9,37,4,0,7
9,38,4,0,1
9,39,4,0,9
9,40,4,6,1
9,41,4,6,19
9,42,4,0,13
9,43,5,4,24
9,44,5,0,3
9,45,5,0,4
9,46,5,0,22
9,47,5,0,7
9,48,5,0,20
9,49,5,0,18
9,50,5,0,18
9,51,5,0,1
9,52,5,0,4
9,53,5,0,19
9,54,5,0,5
9,55,5,4,0
9,56,4,0,5
9,57,4,0,23
9,58,1,4,6
9,59,1,0,2
9,60,1,6,3
9,61,1,6,20
9,62,1,0,4
9,63,1,6,0
9,64,6,0,15
9,65,6,0,13
9,66,6,0,18
9,67,6,0,12
9,68,6,0,1
9,69,6,0,9
9,70,6,0,15
9,71,1,6,23
9,72,1,0,16
9,73,1,0,7
9,74,1,4,2
9,75,4,0,2
9,76,5,4,7
9,77,5,0,8
9,78,5,0,8
9,79,5,0,24
10,0,5,0,7
10,1,5,0,15
10,2,5,0,24
10,3,5,0,11
10,4,5,0,12
10,5,5,0,9
10,6,5,0,0
10,7,5,0,2
10,8,5,0,18
10,9,5,0,23
10,10,5,0,21
10,11,5,0,18
10,12,5,0,5
10,13,5,0,16
10,14,5,0,19
10,15,5,0,0
10,16,5,0,7
10,17,5,4,0
10,18,4,0,7
10,19,5,4,8
10,20,5,4,8
10,21,4,0,20
10,22,4,0,20
10,23,5,4,24
10,24,5,0,22
10,25,5,0,19
10,26,5,4,18
10,27,1,6,5
10,28,1,6,22
10,29,4,0,22
10,30,4,0,7
10,31,4,0,3
10,32,4,0,2
10,33,4,6,3
10,34,6,0,3
10,35,4,6,24
10,36,4,0,4
10,37,4,6,20
10,38,4,0,5
10,39,4,0,20
10,40,4,6,4
10,41,4,0,7
10,42,5,4,6
10,43,5,0,24
10,44,5,0,23
10,45,5,0,13
10,46,5,0,23
10,47,5,0,20
10,48,5,0,12
10,49,5,0,5
10,50,5,0,7
10,51,5,0,18
10,52,5,0,4
10,53,5,0,3
10,54,5,0,19
10,55,5,4,18
10,56,4,0,14
10,57,4,0,11
10,58,1,4,24
10,59,1,0,13
10,60,1,6,10
10,61,1,6,7
10,62,1,0,6
10,63,1,6,17
10,64,6,0,11
10,65,6,0,4
10,66,6,0,3
10,67,6,0,21
10,68,6,0,3
10,69,6,0,16
10,70,6,0,0
10,71,1,6,23
10,72,1,0,20
10,73,1,0,10
10,74,1,4,18
10,75,4,0,5
10,76,5,4,21
10,77,5,0,6
10,78,5,0,21
10,79,5,0,9
11,0,5,0,23
11,1,5,0,9
11,2,5,0,20
11,3,5,0,14
11,4,5,0,13
11,5,5,0,1
11,6,5,0,9
11,7,5,0,6
11,8,5,0,4
11,9,5,0,3
11,10,5,0,19
11,11,5,0,22
11,12,5,0,8
11,13,5,0,19
11,14,5,0,15
11,15,5,0,6
11,16,5,0,23
11,17,5,4,18
11,18,4,0,17
11,19,1,4,16
11,20,1,4,16
11,21,1,4,16
11,22,5,4,6
11,23,5,0,21
11,24,5,0,0
11,25,5,4,0
11,26,1,6,0
11,27,6,0,6
11,28,1,6,21
11,29,4,0,21
11,30,4,0,22
11,31,4,0,1
11,32,4,0,17
11,33,4,6,3
11,34,4,6,19
11,35,4,0,15
11,36,4,6,5
11,37,4,6,22
11,38,4,0,1
11,39,4,0,2
11,40,4,0,19
11,41,4,0,12
11,42,5,4,24
11,43,5,0,17
11,44,5,0,18
11,45,5,0,8
11,46,5,0,8
11,47,5,0,13
11,48,5,0,19
11,49,5,0,19
11,50,5,0,6
11,51,5,0,4
11,52,5,0,2
11,53,5,0,20
11,54,5,4,0
11,55,4,0,2
11,56,4,0,2
11,57,1,4,19
11,58,1,0,3
11,59,1,6,0
11,60,6,0,3
11,61,1,6,24
11,62,1,0,9
11,63,1,6,18
11,64,6,0,2
11,65,6,0,1
11,66,6,0,18
11,67,1,6,16
11,68,6,0,4
11,69,6,0,6
11,70,6,0,0
11,71,1,6,21
11,72,1,0,16
11,73,1,4,0
11,74,4,0,10
11,75,4,0,22
11,76,5,4,24
11,77,5,0,3
11,78,5,0,5
11,79,5,0,18
12,0,5,0,6
12,1,5,0,13
12,2,5,0,6
12,3,5,0,9
12,4,5,0,4
12,5,5,0,15
12,6,5,0,3
12,7,5,0,22
12,8,5,0,16
12,9,5,0,20
12,10,5,0,7
12,11,5,0,7
12,12,5,0,17
12,13,5,0,13
12,14,5,0,13
12,15,5,0,22
12,16,5,4,0
12,17,4,0,9
12,18,1,6,20
12,19,1,4,4
12,20,1,4,4
12,21,1,4,17
12,22,5,4,22
12,23,5,4,20
12,24,5,4,20
12,25,5,4,18
12,26,1,6,18
12,27,6,0,20
12,28,1,6,24
12,29,4,0,24
12,30,4,0,8
12,31,4,0,24
12,32,4,0,0
12,33,4,6,4
12,34,4,0,0
12,35,4,6,0
12,36,6,0,14
12,37,4,6,24
12,38,4,0,1
12,39,4,0,15
12,40,4,0,18
12,41,5,4,6
12,42,5,0,18
12,43,5,0,3
12,44,5,0,7
12,45,5,0,10
12,46,5,0,4
12,47,5,0,0
12,48,5,0,8
12,49,5,0,20
12,50,5,0,3
12,51,5,0,14
12,52,5,0,9
12,53,5,0,11
12,54,5,4,3
12,55,4,0,8
12,56,1,4,6
12,57,1,0,19
12,58,1,0,11
12,59,1,6,18
12,60,1,6,6
12,61,1,0,20
12,62,1,6,0
12,63,6,0,2
12,64,1,6,16
12,65,6,0,17
12,66,1,6,19
12,67,1,6,2
12,68,6,0,9
12,69,6,0,0
12,70,6,0,0
12,71,1,6,24
12,72,1,0,18
12,73,1,4,3
12,74,4,0,8
12,75,5,4,6
12,76,5,4,20
12,77,5,4,20
12,78,5,0,18
12,79,5,0,23
13,0,5,0,17
13,1,5,0,21
13,2,5,0,10
13,3,5,0,3
13,4,5,0,21
13,5,5,0,16
13,6,5,0,16
13,7,5,0,5
13,8,5,0,22
13,9,5,0,16
13,10,5,0,0
13,11,5,0,8
13,12,5,0,21
13,13,5,0,13
13,14,5,0,2
13,15,5,0,6
13,16,5,4,18
13,17,1,6,10
13,18,1,6,21
13,19,1,0,17
13,20,1,0,12
13,21,1,4,18
13,22,5,4,8
13,23,1,4,16
13,24,5,4,8
13,25,1,6,0
13,26,6,0,23
13,27,1,6,6
13,28,4,0,10
13,29,4,0,7
13,30,4,0,7
13,31,4,0,5
13,32,4,0,4
13,33,4,0,15
13,34,4,0,6
13,35,4,6,2
13,36,4,6,9
13,37,4,0,16
13,38,4,0,7
13,39,4,0,1
13,40,4,0,22
13,41,5,4,24
13,42,5,0,6
13,43,5,0,16
13,44,5,0,3
13,45,5,0,17
13,46,5,0,12
13,47,5,0,18
13,48,5,0,12
13,49,5,0,9
13,50,5,0,4
13,51,5,0,6
13,52,5,0,3
13,53,5,0,22
13,54,5,4,18
13,55,4,0,2
13,56,1,4,24
13,57,1,0,16
13,58,1,6,0
13,59,6,0,13
13,60,1,6,24
13,61,1,0,22
13,62,1,6,18
13,63,1,6,19
13,64,1,6,3
13,65,1,6,6
13,66,1,0,19
13,67,1,6,18
13,68,6,0,24
13,69,6,0,8
13,70,1,6,6
13,71,1,0,1
13,72,1,0,14
13,73,1,4,18
13,74,4,0,10
13,75,5,4,8
13,76,5,4,8
13,77,5,4,23
13,78,5,0,22
13,79,5,0,16
14,0,5,0,16
14,1,5,0,6
14,2,5,0,18
14,3,5,0,3
14,4,5,0,4
14,5,5,0,2
14,6,5,0,16
14,7,5,0,2
14,8,5,0,9
14,9,5,0,2
14,10,5,0,13
14,11,5,0,15
14,12,5,0,13
14,13,5,0,24
14,14,5,0,7
14,15,5,4,0
14,16,1,6,0
14,17,6,0,20
14,18,1,6,22
14,19,1,6,20
14,20,1,4,0
14,21,1,4,16
14,22,1,4,11
14,23,1,4,17
14,24,1,4,16
14,25,1,6,18
14,26,6,0,10
14,27,1,6,24
14,28,4,0,6
14,29,4,0,7
14,30,4,0,8
14,31,4,0,22
14,32,4,0,19
14,33,4,0,1
14,34,4,0,23
14,35,4,6,4
14,36,4,0,4
14,37,4,0,9
14,38,5,4,16
14,39,5,4,16
14,40,5,4,19
14,41,5,0,16
14,42,5,0,4
14,43,5,0,13
14,44,5,0,11
14,45,5,0,18
14,46,5,0,21
14,47,5,0,8
14,48,5,0,5
14,49,5,0,11
14,50,5,0,6
14,51,5,0,6
14,52,5,0,21
14,53,5,4,0
14,54,4,0,6
14,55,1,4,9
14,56,1,0,10
14,57,1,6,20
14,58,1,6,2
14,59,1,6,6
14,60,1,0,17
14,61,1,6,0
14,62,1,6,6
14,63,1,0,4
14,64,1,6,18
14,65,1,6,7
14,66,1,6,5
14,67,6,0,24
14,68,6,0,13
14,69,6,0,7
14,70,1,6,21
14,71,1,0,15
14,72,1,4,0
14,73,4,0,21
14,74,4,0,13
14,75,4,0,21
14,76,4,0,8
14,77,5,4,22
14,78,5,0,17
14,79,5,0,14
15,0,5,0,11
15,1,5,0,20
15,2,5,0,12
15,3,5,0,24
15,4,5,0,17
15,5,5,0,20
15,6,5,0,12
15,7,5,0,18
15,8,5,0,2
15,9,5,0,1
15,10,5,0,22
15,11,5,0,21
15,12,5,0,4
15,13,5,0,14
15,14,5,4,20
15,15,5,4,18
15,16,1,6,18
15,17,6,0,18
15,18,1,6,8
15,19,1,6,23
15,20,1,4,4
15,21,1,4,4
15,22,1,0,22
15,23,1,4,4
15,24,1,6,5
15,25,6,0,7
15,26,1,6,6
15,27,1,4,18
15,28,5,4,16
15,29,5,4,16
15,30,4,0,0
15,31,4,0,19
15,32,4,0,21
15,33,4,0,0
15,34,4,0,19
15,35,4,0,23
15,36,4,0,12
15,37,5,4,11
15,38,5,4,4
15,39,5,4,4
15,40,5,0,22
15,41,5,0,18
15,42,5,0,17
15,43,5,0,17
15,44,5,0,8
15,45,5,0,11
15,46,5,0,10
15,47,5,4,20
15,48,5,0,24
15,49,5,0,5
15,50,5,0,20
15,51,5,0,22
15,52,5,0,2
15,53,5,4,18
15,54,1,4,14
15,55,1,0,2
15,56,1,6,10
15,57,1,6,21
15,58,1,6,17
15,59,1,6,21
15,60,1,0,2
15,61,1,6,18
15,62,1,6,23
15,63,1,6,5
15,64,6,0,23
15,65,1,6,8
15,66,6,0,1
15,67,6,0,24
15,68,6,0,9
15,69,6,0,8
15,70,1,6,7
15,71,1,0,24
15,72,1,4,17
15,73,1,4,16
15,74,4,0,7
15,75,4,0,14
15,76,4,0,21
15,77,5,4,22
15,78,5,4,20
15,79,5,0,14
16,0,5,0,4
16,1,5,0,1
16,2,5,0,8
16,3,5,0,0
16,4,5,0,11
16,5,5,0,2
16,6,5,0,0
16,7,5,0,14
16,8,5,0,19
16,9,5,0,18
16,10,5,0,19
16,11,5,0,5
16,12,5,0,22
16,13,5,4,13
16,14,5,4,8
16,15,1,6,0
16,16,6,0,16
16,17,6,0,3
16,18,6,0,11
16,19,1,6,22
16,20,1,0,5
16,21,1,0,9
16,22,1,0,0
16,23,1,6,15
16,24,6,0,13
16,25,6,0,17
16,26,1,6,24
16,27,5,4,6
16,28,5,4,4
16,29,5,4,2
16,30,4,0,23
16,31,4,0,6
16,32,5,4,16
16,33,5,4,16
16,34,4,0,6
16,35,5,4,16
16,36,5,4,14
16,37,5,0,23
16,38,5,0,23
16,39,5,0,13
16,40,5,0,1
16,41,5,0,16
16,42,5,0,19
16,43,5,0,21
16,44,5,0,9
16,45,5,0,19
16,46,5,4,15
16,47,5,4,21
16,48,5,0,22
16,49,5,0,22
16,50,5,0,9
16,51,5,0,6
16,52,5,4,10
16,53,1,4,6
16,54,1,0,23
16,55,1,6,0
16,56,6,0,19
16,57,1,6,24
16,58,1,6,18
16,59,1,6,23
16,60,1,6,15
16,61,6,0,20
16,62,1,6,8
16,63,6,0,3
16,64,6,0,7
16,65,6,0,7
16,66,6,0,22
16,67,6,0,19
16,68,6,0,21
16,69,6,0,1
16,70,1,6,7
16,71,1,0,13
16,72,1,4,4
16,73,1,4,3
16,74,4,0,21
16,75,4,0,0
16,76,4,0,23
16,77,5,4,8
16,78,5,4,23
16,79,5,0,16
17,0,5,0,20
17,1,5,0,16
17,2,5,0,17
17,3,5,0,9
17,4,5,0,0
17,5,5,0,13
17,6,5,0,2
17,7,5,0,11
17,8,5,0,5
17,9,5,0,16
17,10,5,0,16
17,11,5,0,1
17,12,5,4,0
17,13,4,0,23
17,14,1,4,14
17,15,1,6,17
17,16,6,0,11
17,17,6,0,8
17,18,6,0,24
17,19,1,6,22
17,20,1,6,20
17,21,1,6,20
17,22,1,6,13
17,23,6,0,23
17,24,6,0,8
17,25,1,6,11
17,26,1,4,18
17,27,5,4,24
17,28,5,0,20
17,29,5,4,18
17,30,4,0,20
17,31,5,4,6
17,32,5,4,4
17,33,5,4,1
17,34,5,4,19
17,35,5,4,4
17,36,5,0,8
17,37,5,0,2
17,38,5,0,4
17,39,5,0,1
17,40,5,0,13
17,41,5,0,0
17,42,5,0,20
17,43,5,0,9
17,44,5,0,12
17,45,5,4,0
17,46,4,0,24
17,47,5,4,7
17,48,5,0,15
17,49,5,0,13
17,50,5,0,21
17,51,5,4,10
17,52,4,0,18
17,53,1,4,24
17,54,1,0,0
17,55,1,6,18
17,56,1,6,6
17,57,1,6,0
17,58,6,0,18
17,59,1,6,8
17,60,6,0,5
17,61,6,0,9
17,62,6,0,4
17,63,6,0,17
17,64,6,0,19
17,65,6,0,17
17,66,6,0,3
17,67,6,0,18
17,68,6,0,13
17,69,6,0,11
17,70,1,6,24
17,71,1,0,18
17,72,1,0,10
17,73,1,4,18
17,74,4,0,16
17,75,4,0,18
17,76,4,0,8
17,77,4,0,15
17,78,5,4,22
17,79,5,4,20
18,0,5,0,4
18,1,5,0,5
18,2,5,0,11
18,3,5,0,7
18,4,5,0,16
18,5,5,0,6
18,6,5,0,22
18,7,5,0,10
18,8,5,0,18
18,9,5,0,3
18,10,5,0,22
18,11,5,0,4
18,12,5,4,3
18,13,1,4,6
18,14,1,0,7
18,15,1,6,18
18,16,6,0,20
18,17,6,0,23
18,18,6,0,3
18,19,1,6,8
18,20,1,6,8
18,21,1,6,8
18,22,6,0,8
18,23,6,0,15
18,24,1,6,6
18,25,1,4,0
18,26,5,4,6
18,27,5,0,14
18,28,5,4,0
18,29,4,0,2
18,30,4,0,14
18,31,5,4,24
18,32,5,0,20
18,33,5,4,4
18,34,5,0,6
18,35,5,0,6
18,36,5,0,9
18,37,5,0,8
18,38,5,0,11
18,39,5,0,8
18,40,5,0,17
18,41,5,0,21
18,42,5,0,8
18,43,5,0,15
18,44,5,0,16
18,45,5,4,18
18,46,4,0,20
18,47,5,4,23
18,48,5,0,19
18,49,5,0,9
18,50,5,4,0
18,51,4,0,22
18,52,1,4,14
18,53,1,0,6
18,54,1,6,13
18,55,6,0,8
18,56,1,6,23
18,57,1,6,3
18,58,6,0,23
18,59,1,6,16
18,60,1,6,16
18,61,6,0,15
18,62,6,0,21
18,63,6,0,12
18,64,6,0,15
18,65,6,0,23
18,66,6,0,20
18,67,6,0,15
18,68,1,6,16
18,69,1,6,19
18,70,1,0,14
18,71,1,0,6
18,72,1,4,0
18,73,4,0,11
18,74,4,6,20
18,75,4,0,1
18,76,4,0,24
18,77,4,0,17
18,78,5,4,8
18,79,5,4,22
19,0,5,0,5
19,1,5,0,11
19,2,5,0,0
19,3,5,0,16
19,4,5,0,14
19,5,5,0,24
19,6,5,0,9
19,7,5,0,10
19,8,5,0,2
19,9,5,0,5
19,10,5,0,7
19,11,5,0,22
19,12,5,4,17
19,13,1,4,22
19,14,1,6,0
19,15,6,0,3
19,16,6,0,3
19,17,6,0,11
19,18,6,0,12
19,19,6,0,7
19,20,6,0,15
19,21,6,0,13
19,22,6,0,17
19,23,6,0,14
19,24,1,6,24
19,25,1,4,18
19,26,5,4,7
19,27,5,0,14
19,28,5,4,2
19,29,4,0,6
19,30,5,4,11
19,31,5,0,17
19,32,5,0,1
19,33,5,0,3
19,34,5,0,17
19,35,5,0,3
19,36,5,0,15
19,37,5,0,2
19,38,5,0,3
19,39,5,0,4
19,40,5,0,11
19,41,5,0,1
19,42,5,0,6
19,43,5,0,2
19,44,5,4,10
19,45,4,0,16
19,46,4,0,0
19,47,5,4,21
19,48,5,0,10
19,49,5,0,19
19,50,5,4,18
19,51,1,4,19
19,52,1,0,24
19,53,1,6,0
19,54,6,0,24
19,55,6,0,21
19,56,1,6,24
19,57,1,6,17
19,58,1,6,14
19,59,1,6,4
19,60,1,6,3
19,61,1,6,16
19,62,1,6,16
19,63,6,0,0
19,64,6,0,20
19,65,1,6,16
19,66,1,6,16
19,67,1,6,19
19,68,1,6,4
19,69,10,1,16
19,70,1,0,7
19,71,1,0,2
19,72,1,4,18
19,73,4,6,15
19,74,4,6,22
19,75,4,6,20
19,76,4,6,20
19,77,4,6,20
19,78,4,6,20
19,79,4,6,10
20,0,5,0,5
20,1,5,0,5
20,2,5,0,21
20,3,5,0,15
20,4,5,0,11
20,5,5,0,3
20,6,5,0,23
20,7,5,0,5
20,8,5,0,19
20,9,5,0,16
20,10,5,0,16
20,11,5,0,8
20,12,5,4,17
20,13,1,4,22
20,14,1,6,2
20,15,6,0,3
20,16,6,0,9
20,17,6,0,7
20,18,6,0,0
20,19,6,0,23
20,20,6,0,9
20,21,6,0,14
20,22,6,0,23
20,23,1,6,6
20,24,1,4,0
20,25,4,0,4
20,26,5,4,22
20,27,5,0,0
20,28,5,4,18
20,29,5,4,6
20,30,5,0,10
20,31,5,0,13
20,32,5,0,19
20,33,5,0,19
20,34,5,0,17
20,35,5,0,14
20,36,5,0,20
20,37,5,0,24
20,38,5,0,17
20,39,5,0,6
20,40,5,0,8
20,41,5,0,10
20,42,5,0,24
20,43,5,4,0
20,44,4,0,13
20,45,4,0,22
20,46,4,0,15
20,47,5,4,24
20,48,5,0,17
20,49,5,4,0
20,50,1,4,6
20,51,1,0,17
20,52,1,0,11
20,53,1,6,17
20,54,1,6,16
20,55,1,6,19
20,56,1,0,24
20,57,1,6,4
20,58,1,0,3
20,59,1,0,22
20,60,1,6,4
20,61,1,6,4
20,62,1,6,17
20,63,6,0,7
20,64,1,6,14
20,65,1,6,4
20,66,1,6,4
20,67,4,10,20
20,68,4,10,15
20,69,10,1,2
20,70,1,0,16
20,71,1,4,10
20,72,4,6,0
20,73,6,0,3
20,74,4,6,8
20,75,4,6,8
20,76,4,6,8
20,77,4,6,8
20,78,4,6,8
20,79,6,0,13
21,0,5,0,23
21,1,5,0,14
21,2,5,0,23
21,3,5,0,4
21,4,5,0,19
21,5,5,0,16
21,6,5,0,24
21,7,5,0,11
21,8,5,0,5
21,9,5,4,20
21,10,5,0,0
21,11,5,0,12
21,12,5,4,4
21,13,1,4,23
21,14,1,6,1
21,15,6,0,18
21,16,6,0,2
21,17,6,0,11
21,18,6,0,10
21,19,6,0,15
21,20,6,0,8
21,21,6,0,12
21,22,6,0,3
21,23,1,6,7
21,24,1,4,17
21,25,4,0,6
21,26,5,4,23
21,27,5,4,0
21,28,4,0,23
21,29,5,4,24
21,30,5,0,10
21,31,5,0,0
21,32,5,0,12
21,33,5,0,8
21,34,5,0,18
21,35,5,0,10
21,36,5,0,24
21,37,5,0,16
21,38,5,0,18
21,39,5,0,24
21,40,5,0,4
21,41,5,0,16
21,42,5,0,14
21,43,5,4,17
21,44,4,0,14
21,45,4,0,21
21,46,5,4,6
21,47,5,4,20
21,48,5,4,20
21,49,5,4,18
21,50,1,4,23
21,51,1,0,13
21,52,10,1,16
21,53,1,6,4
21,54,1,6,4
21,55,1,0,4
21,56,1,4,20
21,57,1,4,20
21,58,1,0,21
21,59,1,0,15
21,60,1,0,0
21,61,1,0,10
21,62,1,6,3
21,63,1,6,11
21,64,1,0,2
21,65,1,0,22
21,66,4,10,13
21,67,4,10,8
21,68,10,0,10
21,69,10,1,3
21,70,1,4,15
21,71,4,0,2
21,72,4,6,2
21,73,6,0,5
21,74,6,0,5
21,75,6,0,20
21,76,6,0,9
21,77,6,0,16
21,78,6,0,16
22,0,5,0,2
22,1,5,0,3
22,2,5,0,23
22,3,5,0,9
22,4,5,0,22
22,5,5,0,24
22,6,5,0,1
22,7,5,0,2
22,8,5,4,5
22,9,5,4,22
22,10,5,0,15
22,11,5,0,22
22,12,5,4,0
22,13,1,4,24
22,14,1,6,1
22,15,6,0,23
22,16,6,0,21
22,17,6,0,14
22,18,6,0,2
22,19,6,0,1
22,20,6,0,12
22,21,6,0,11
22,22,6,0,23
22,23,1,6,24
22,24,1,4,3
22,25,4,0,13
22,26,5,4,24
22,27,5,4,2
22,28,5,4,9
22,29,5,0,4
22,30,5,0,15
22,31,5,0,24
22,32,5,0,9
22,33,5,0,16
22,34,5,0,18
22,35,5,0,4
22,36,5,0,7
22,37,5,0,13
22,38,5,0,19
22,39,5,0,14
22,40,5,0,10
22,41,5,0,12
22,42,5,0,12
22,43,5,4,17
22,44,4,0,9
22,45,4,0,6
22,46,5,4,8
22,47,5,4,8
22,48,5,4,8
22,49,4,0,9
22,50,1,4,23
22,51,10,1,14
22,52,10,1,17
22,53,1,0,8
22,54,1,4,20
22,55,1,4,10
22,56,1,4,8
22,57,1,4,21
22,58,1,4,20
22,59,1,4,20
22,60,1,0,1
22,61,1,0,8
22,62,1,6,4
22,63,1,0,5
22,64,1,0,4
22,65,4,10,0
22,66,10,0,1
22,67,10,0,14
22,68,10,0,24
22,69,10,1,2
22,70,4,0,1
22,71,4,0,3
22,72,4,6,1
22,73,4,6,16
22,74,4,6,16
22,75,4,6,16
22,76,6,0,4
22,77,4,6,16
22,78,5,0,16
23,0,5,0,19
23,1,5,0,13
23,2,5,0,0
23,3,5,0,22
23,4,5,0,19
23,5,5,0,9
23,6,5,0,7
23,7,5,4,0
23,8,4,0,21
23,9,5,4,24
23,10,5,0,4
23,11,5,0,18
23,12,1,4,6
23,13,1,0,2
23,14,1,6,18
23,15,6,0,14
23,16,6,0,24
23,17,6,0,16
23,18,6,0,19
23,19,6,0,7
23,20,6,0,11
23,21,6,0,23
23,22,1,6,14
23,23,1,0,2
23,24,1,4,18
23,25,5,4,6
23,26,5,0,23
23,27,5,4,4
23,28,5,0,11
23,29,5,0,11
23,30,5,0,5
23,31,5,0,3
23,32,5,0,24
23,33,5,0,12
23,34,5,0,15
23,35,5,0,23
23,36,5,0,4
23,37,5,0,15
23,38,5,0,18
23,39,5,0,14
23,40,5,0,4
23,41,5,0,6
23,42,5,0,19
23,43,5,4,18
23,44,4,0,0
23,45,4,0,14
23,46,4,0,6
23,47,1,4,16
23,48,4,0,11
23,49,4,0,16
23,50,10,1,6
23,51,10,0,6
23,52,10,1,18
23,53,1,4,15
23,54,1,4,8
23,55,4,0,12
23,56,4,0,7
23,57,1,4,8
23,58,1,4,8
23,59,1,4,21
23,60,1,0,0
23,61,1,0,3
23,62,1,0,5
23,63,1,0,20
23,64,1,0,2
23,65,4,10,1
23,66,4,10,16
23,67,4,10,16
23,68,10,0,9
23,69,4,10,21
23,70,4,0,18
23,71,4,0,19
23,72,4,6,4
23,73,4,6,4
23,74,4,6,4
23,75,4,6,3
23,76,4,6,19
23,77,5,0,4
23,78,5,0,4
24,0,5,0,20
24,1,5,0,17
24,2,5,0,1
24,3,5,0,23
24,4,5,0,5
24,5,5,0,24
24,6,5,0,3
24,7,5,4,18
24,8,5,4,6
24,9,5,0,24
24,10,5,0,5
24,11,5,4,0
24,12,1,4,24
24,13,1,6,0
24,14,6,0,22
24,15,6,0,6
24,16,6,0,1
24,17,6,0,14
24,18,6,0,5
24,19,6,0,17
24,20,6,0,23
24,21,1,6,9
24,22,1,0,21
24,23,1,4,13
24,24,4,0,22
24,25,5,4,24
24,26,5,0,13
24,27,5,0,20
24,28,5,0,7
24,29,5,0,8
24,30,5,0,23
24,31,5,0,4
24,32,5,0,15
24,33,5,0,9
24,34,5,0,23
24,35,5,0,5
24,36,5,0,5
24,37,5,0,17
24,38,5,0,11
24,39,5,0,3
24,40,5,0,6
24,41,5,0,9
24,42,5,4,0
24,43,4,0,2
24,44,4,0,6
24,45,1,4,16
24,46,1,4,14
24,47,1,4,3
24,48,4,0,8
24,49,1,4,6
24,50,10,1,7
24,51,10,1,15
24,52,1,4,13
24,53,4,0,21
24,54,5,4,16
24,55,5,4,16
24,56,5,4,16
24,57,5,4,16
24,58,4,0,19
24,59,1,4,22
24,60,1,0,7
24,61,1,0,5
24,62,1,0,1
24,63,1,4,20
24,64,1,4,15
24,65,4,10,4
24,66,4,10,4
24,67,10,1,21
24,68,10,0,14
24,69,4,10,21
24,70,4,0,18
24,71,4,0,23
24,72,4,0,20
24,73,4,0,18
24,74,4,0,18
24,75,4,6,4
24,76,5,0,3
24,77,5,0,22
24,78,5,0,17
25,0,5,0,13
25,1,5,0,16
25,2,5,0,0
25,3,5,0,10
25,4,5,0,2
25,5,5,0,17
25,6,5,4,0
25,7,4,0,12
25,8,5,4,21
25,9,5,0,12
25,10,5,0,9
25,11,1,4,6
25,12,1,0,8
25,13,1,6,18
25,14,6,0,21
25,15,6,0,2
25,16,6,0,12
25,17,6,0,13
25,18,6,0,19
25,19,6,0,20
25,20,1,6,6
25,21,1,0,14
25,22,1,4,13
25,23,5,4,16
25,24,5,4,14
25,25,5,0,24
25,26,5,0,19
25,27,5,0,0
25,28,5,0,9
25,29,5,0,2
25,30,5,0,21
25,31,5,0,21
25,32,5,0,12
25,33,5,0,14
25,34,5,0,6
25,35,5,0,11
25,36,5,0,12
25,37,5,0,8
25,38,5,0,24
25,39,5,0,7
25,40,5,0,2
25,41,5,0,20
25,42,5,4,18
25,43,4,0,4
25,44,1,4,11
25,45,1,4,4
25,46,1,0,24
25,47,1,4,3
25,48,1,4,16
25,49,1,4,7
25,50,10,1,8
25,51,1,4,15
25,52,4,0,20
25,53,5,4,14
25,54,5,4,4
25,55,5,4,4
25,56,5,4,4
25,57,5,4,18
25,58,4,0,12
25,59,1,4,24
25,60,1,0,6
25,61,1,0,5
25,62,1,4,10
25,63,1,4,8
25,64,5,4,16
25,65,5,4,16
25,66,4,0,16
25,67,4,10,3
25,68,10,0,11
25,69,4,10,24
25,70,4,0,12
25,71,4,0,8
25,72,4,0,15
25,73,5,4,16
25,74,5,4,16
25,75,5,0,6
25,76,5,0,9
25,77,5,0,1
25,78,5,0,20
26,0,5,0,24
26,1,5,0,14
26,2,5,0,19
26,3,5,0,20
26,4,5,0,19
26,5,5,0,12
26,6,5,4,2
26,7,4,0,12
26,8,5,4,23
26,9,5,4,20
26,10,5,4,15
26,11,1,4,24
26,12,1,6,10
26,13,6,0,11
26,14,6,0,17
26,15,6,0,15
26,16,6,0,14
26,17,6,0,6
26,18,6,0,9
26,19,6,0,2
26,20,1,6,24
26,21,1,4,0
26,22,5,4,6
26,23,5,4,4
26,24,5,0,2
26,25,5,0,22
26,26,5,0,8
26,27,5,0,9
26,28,5,0,22
26,29,5,0,14
26,30,5,0,0
26,31,5,0,1
26,32,5,0,4
26,33,5,0,20
26,34,5,0,3
26,35,5,0,5
26,36,5,0,14
26,37,5,0,6
26,38,5,0,6
26,39,5,0,24
26,40,5,0,15
26,41,5,4,0
26,42,4,0,2
26,43,1,4,6
26,44,1,0,7
26,45,1,0,13
26,46,1,0,24
26,47,1,4,4
26,48,1,4,1
26,49,1,4,23
26,50,1,4,13
26,51,4,0,19
26,52,5,4,19
26,53,5,0,15
26,54,5,0,21
26,55,5,0,24
26,56,5,4,0
26,57,4,0,11
26,58,1,4,6
26,59,1,0,9
26,60,1,0,15
26,61,1,4,0
26,62,4,0,21
26,63,5,4,6
26,64,5,4,4
26,65,5,4,1
26,66,4,0,17
26,67,4,10,2
26,68,4,10,14
26,69,4,0,17
26,70,5,4,16
26,71,5,4,16
26,72,5,4,11
26,73,5,4,4
26,74,5,0,10
26,75,5,0,18
26,76,5,0,13
26,77,5,0,9
26,78,5,0,1
27,0,5,0,4
27,1,5,0,2
27,2,5,0,2
27,3,5,0,16
27,4,5,0,14
27,5,5,0,16
27,6,5,4,1
27,7,4,0,14
27,8,5,4,8
27,9,5,4,8
27,10,1,4,11
27,11,1,6,0
27,12,6,0,13
27,13,6,0,13
27,14,6,0,24
27,15,6,0,16
27,16,6,0,16
27,17,6,0,10
27,18,6,0,4
27,19,1,6,6
27,20,1,0,8
27,21,1,4,18
27,22,5,4,24
27,23,5,0,5
27,24,5,0,19
27,25,5,0,3
27,26,5,0,10
27,27,5,0,16
27,28,5,0,22
27,29,5,0,23
27,30,5,0,4
27,31,5,0,1
27,32,5,0,12
27,33,5,0,1
27,34,5,0,23
27,35,5,0,11
27,36,5,0,13
27,37,5,0,23
27,38,5,0,1
27,39,5,0,7
27,40,5,0,23
27,41,5,4,18
27,42,1,4,16
27,43,1,4,23
27,44,1,0,0
27,45,1,0,13
27,46,1,0,13
27,47,1,0,15
27,48,1,4,18
27,49,1,4,8
27,50,4,0,18
27,51,5,4,6
27,52,5,0,21
27,53,5,0,23
27,54,5,0,0
27,55,5,0,3
27,56,5,4,3
27,57,4,0,3
27,58,1,4,22
27,59,1,0,14
27,60,1,0,20
27,61,1,4,18
27,62,4,0,3
27,63,5,4,24
27,64,5,0,7
27,65,5,4,17
27,66,4,0,8
27,67,4,10,4
27,68,5,4,16
27,69,5,4,14
27,70,5,4,4
27,71,5,4,4
27,72,5,0,19
27,73,5,0,10
27,74,5,0,0
27,75,5,0,8
27,76,5,0,13
27,77,5,0,2
27,78,5,0,10
28,0,5,0,5
28,1,5,0,2
28,2,5,0,15
28,3,5,0,0
28,4,5,0,6
28,5,5,0,22
28,6,5,4,17
28,7,4,0,11
28,8,4,0,4
28,9,1,4,9
28,10,1,0,14
28,11,1,6,18
28,12,6,0,13
28,13,6,0,17
28,14,6,0,2
28,15,6,0,14
28,16,6,0,18
28,17,6,0,11
28,18,6,0,20
28,19,1,6,22
28,20,1,4,0
28,21,5,4,6
28,22,5,0,15
28,23,5,0,23
28,24,5,0,4
28,25,5,0,14
28,26,5,0,18
28,27,5,0,9
28,28,5,0,10
28,29,5,0,20
28,30,5,0,12
28,31,5,0,20
28,32,5,0,1
28,33,5,0,16
28,34,5,0,7
28,35,5,0,8
28,36,5,0,1
28,37,5,0,10
28,38,5,0,3
28,39,5,0,24
28,40,5,4,5
28,41,1,4,9
28,42,1,4,2
28,43,1,4,23
28,44,1,0,10
28,45,1,0,12
28,46,1,4,20
28,47,1,4,10
28,48,4,0,9
28,49,4,0,20
28,50,4,0,16
28,51,5,4,24
28,52,5,0,20
28,53,5,0,24
28,54,5,0,17
28,55,5,0,13
28,56,5,4,18
28,57,4,0,4
28,58,1,4,21
28,59,1,0,8
28,60,1,4,0
28,61,4,0,5
28,62,5,4,6
28,63,5,0,23
28,64,5,0,21
28,65,5,4,1
28,66,4,0,6
28,67,5,4,6
28,68,5,4,4
28,69,5,0,10
28,70,5,0,15
28,71,5,0,7
28,72,5,0,2
28,73,5,0,7
28,74,5,0,21
28,75,5,0,21
28,76,5,0,17
28,77,5,0,9
28,78,5,0,7
29,0,5,0,20
29,1,5,0,1
29,2,5,0,10
29,3,5,0,6
29,4,5,0,8
29,5,5,0,12
29,6,5,4,18
29,7,4,0,9
29,8,1,4,9
29,9,1,6,20
29,10,1,6,10
29,11,6,0,11
29,12,6,0,19
29,13,6,0,4
29,14,6,0,14
29,15,6,0,4
29,16,6,0,1
29,17,6,0,14
29,18,6,0,21
29,19,1,6,24
29,20,1,4,18
29,21,5,4,24
29,22,5,0,24
29,23,5,0,8
29,24,5,0,23
29,25,5,0,9
29,26,5,0,15
29,27,5,0,6
29,28,5,0,2
29,29,5,0,21
29,30,5,0,8
29,31,5,0,22
29,32,5,0,12
29,33,5,0,10
29,34,5,0,6
29,35,5,0,13
29,36,5,0,3
29,37,5,0,11
29,38,5,0,3
29,39,5,4,5
29,40,1,4,6
29,41,1,0,13
29,42,1,4,18
29,43,1,4,21
29,44,1,0,14
29,45,1,4,0
29,46,1,4,8
29,47,4,0,22
29,48,4,0,1
29,49,4,0,18
29,50,5,4,19
29,51,5,0,8
29,52,5,0,23
29,53,5,0,21
29,54,5,0,20
29,55,5,4,0
29,56,4,0,24
29,57,4,0,10
29,58,1,4,22
29,59,1,0,21
29,60,1,4,17
29,61,4,0,16
29,62,5,4,24
29,63,5,0,19
29,64,5,0,21
29,65,5,4,2
29,66,4,0,12
29,67,5,4,24
29,68,5,0,6
29,69,5,0,3
29,70,5,0,6
29,71,5,0,4
29,72,5,0,15
29,73,5,0,8
29,74,5,0,22
29,75,5,0,16
29,76,5,0,21
29,77,5,0,13
29,78,5,0,17
30,0,5,0,6
30,1,5,0,7
30,2,5,0,12
30,3,5,0,18
30,4,5,0,7
30,5,5,4,0
30,6,4,0,8
30,7,1,4,19
30,8,1,6,13
30,9,1,6,8
30,10,6,0,2
30,11,6,0,7
30,12,6,0,6
30,13,6,0,5
30,14,6,0,13
30,15,6,0,24
30,16,6,0,22
30,17,6,0,13
30,18,1,6,11
30,19,1,4,13
30,20,5,4,6
30,21,5,0,11
30,22,5,0,9
30,23,5,0,12
30,24,5,0,23
30,25,5,0,2
30,26,5,0,7
30,27,5,0,1
30,28,5,0,10
30,29,5,0,17
30,30,5,0,11
30,31,5,0,13
30,32,5,0,2
30,33,5,0,21
30,34,5,0,3
30,35,5,0,6
30,36,5,0,13
30,37,5,0,0
30,38,5,4,0
30,39,4,0,7
30,40,1,4,7
30,41,1,4,10
30,42,4,0,3
30,43,1,4,24
30,44,1,0,18
30,45,1,4,18
30,46,4,0,1
30,47,4,0,12
30,48,4,0,17
30,49,5,4,6
30,50,5,0,7
30,51,5,0,22
30,52,5,0,23
30,53,5,0,8
30,54,5,0,15
30,55,5,4,17
30,56,4,0,22
30,57,4,0,22
30,58,1,4,7
30,59,1,0,1
30,60,1,4,18
30,61,5,4,6
30,62,5,0,15
30,63,5,0,22
30,64,5,0,9
30,65,5,4,2
30,66,5,4,19
30,67,5,0,0
30,68,5,0,23
30,69,5,0,5
30,70,5,0,14
30,71,5,0,0
30,72,5,0,3
30,73,5,0,5
30,74,5,0,19
30,75,5,0,0
30,76,5,0,15
30,77,5,0,8
30,78,5,0,6
31,0,5,0,5
31,1,5,0,19
31,2,5,0,1
31,3,5,0,18
31,4,5,0,1
31,5,5,4,3
31,6,1,4,6
31,7,1,6,0
31,8,6,0,6
31,9,6,0,7
31,10,1,6,16
31,11,1,6,16
31,12,1,6,16
31,13,1,6,16
31,14,6,0,8
31,15,6,0,2
31,16,6,0,6
31,17,1,6,14
31,18,1,4,10
31,19,4,0,22
31,20,5,4,23
31,21,5,0,3
31,22,5,0,8
31,23,5,0,17
31,24,5,0,11
31,25,5,0,8
31,26,5,0,19
31,27,5,0,11
31,28,5,0,9
31,29,5,0,12
31,30,5,0,19
31,31,5,0,17
31,32,5,0,17
31,33,5,0,17
31,34,5,0,21
31,35,5,0,18
31,36,5,0,3
31,37,5,0,18
31,38,5,4,18
31,39,1,4,9
31,40,1,4,8
31,41,4,0,16
31,42,1,4,6
31,43,1,0,0
31,44,1,4,0
31,45,1,4,16
31,46,1,4,16
31,47,4,0,21
31,48,4,0,17
31,49,5,4,24
31,50,5,0,23
31,51,5,0,5
31,52,5,0,15
31,53,5,0,20
31,54,5,0,17
31,55,5,4,18
31,56,4,0,1
31,57,4,0,24
31,58,1,4,23
31,59,1,4,15
31,60,4,0,18
31,61,5,4,24
31,62,5,0,12
31,63,5,0,23
31,64,5,0,9
31,65,5,4,4
31,66,5,0,18
31,67,5,0,7
31,68,5,0,19
31,69,5,0,0
31,70,5,0,16
31,71,5,0,14
31,72,5,0,10
31,73,5,0,22
31,74,5,0,20
31,75,5,4,20
31,76,5,0,12
31,77,5,0,20
31,78,5,0,16
32,0,5,0,22
32,1,5,0,11
32,2,5,0,3
32,3,5,0,6
32,4,5,0,19
32,5,5,4,2
32,6,1,4,7
32,7,1,6,1
32,8,1,6,16
32,9,1,6,19
32,10,1,6,4
32,11,1,6,4
32,12,1,6,4
32,13,1,6,17
32,14,1,6,16
32,15,1,6,16
32,16,1,6,14
32,17,1,4,13
32,18,4,0,17
32,19,4,0,23
32,20,5,4,24
32,21,5,0,13
32,22,5,0,0
32,23,5,0,5
32,24,5,0,5
32,25,5,0,7
32,26,5,0,9
32,27,5,0,24
32,28,5,0,20
32,29,5,0,7
32,30,5,0,12
32,31,5,0,8
32,32,5,0,0
32,33,5,0,0
32,34,5,4,20
32,35,5,0,3
32,36,5,0,24
32,37,5,4,0
32,38,1,4,6
32,39,1,0,4
32,40,1,4,18
32,41,4,0,4
32,42,1,4,22
32,43,1,0,18
32,44,1,4,4
32,45,1,4,4
32,46,1,4,2
32,47,4,0,16
32,48,5,4,6
32,49,5,0,4
32,50,5,0,0
32,51,5,0,7
32,52,5,0,14
32,53,5,0,17
32,54,5,4,0
32,55,4,0,14
32,56,4,0,8
32,57,4,0,22
32,58,1,4,8
32,59,4,0,21
32,60,5,4,9
32,61,5,0,19
32,62,5,0,12
32,63,5,0,0
32,64,5,0,9
32,65,5,0,12
32,66,5,0,13
32,67,5,0,10
32,68,5,0,9
32,69,5,0,12
32,70,5,0,23
32,71,5,0,24
32,72,5,0,20
32,73,5,0,9
32,74,5,4,10
32,75,5,4,22
32,76,5,0,14
32,77,5,0,12
32,78,5,0,19
33,0,5,0,23
33,1,5,0,20
33,2,5,0,13
33,3,5,0,22
33,4,5,0,3
33,5,5,4,17
33,6,1,4,21
33,7,1,6,4
33,8,1,6,4
33,9,1,0,12
33,10,1,0,13
33,11,1,4,20
33,12,1,4,20
33,13,1,6,4
33,14,1,6,4
33,15,1,4,1
33,16,1,4,15
33,17,4,0,9
33,18,4,0,2
33,19,5,4,6
33,20,5,0,4
33,21,5,0,4
33,22,5,0,23
33,23,5,0,17
33,24,5,0,18
33,25,5,0,10
33,26,5,0,0
33,27,5,0,7
33,28,5,0,4
33,29,5,0,20
33,30,5,0,8
33,31,5,0,22
33,32,5,0,18
33,33,5,4,10
33,34,5,4,22
33,35,5,0,22
33,36,5,0,0
33,37,5,4,17
33,38,1,4,7
33,39,1,4,16
33,40,4,0,9
33,41,4,0,21
33,42,1,4,24
33,43,1,0,23
33,44,1,0,22
33,45,1,0,24
33,46,1,4,18
33,47,4,0,3
33,48,5,4,24
33,49,5,0,15
33,50,5,0,21
33,51,5,0,17
33,52,5,0,6
33,53,5,0,12
33,54,5,4,3
33,55,4,0,24
33,56,4,0,24
33,57,4,0,2
33,58,5,4,16
33,59,5,4,11
33,60,5,0,19
33,61,5,0,10
33,62,5,0,4
33,63,5,0,22
33,64,5,0,7
33,65,5,0,23
33,66,5,0,20
33,67,5,0,11
33,68,5,0,15
33,69,5,0,13
33,70,5,0,13
33,71,5,0,8
33,72,5,0,17
33,73,5,4,0
33,74,4,0,14
33,75,5,4,21
33,76,5,0,22
33,77,5,0,6
33,78,5,0,15
34,0,5,0,1
34,1,5,0,11
34,2,5,0,1
34,3,5,0,11
34,4,5,0,16
34,5,5,4,2
34,6,1,4,21
34,7,1,0,2
34,8,1,4,20
34,9,1,4,20
34,10,1,4,5
34,11,1,4,8
34,12,1,4,8
34,13,1,4,7
34,14,1,0,8
34,15,1,4,3
34,16,4,0,5
34,17,4,0,22
34,18,4,0,19
34,19,5,4,21
34,20,5,0,12
34,21,5,0,5
34,22,5,0,15
34,23,5,0,2
34,24,5,0,23
34,25,5,0,3
34,26,5,0,17
34,27,5,0,12
34,28,5,0,24
34,29,5,0,6
34,30,5,0,3
34,31,5,0,2
34,32,5,4,0
34,33,4,0,20
34,34,5,4,24
34,35,5,0,9
34,36,5,0,22
34,37,5,4,18
34,38,1,4,14
34,39,1,4,17
34,40,4,0,0
34,41,1,4,6
34,42,1,0,0
34,43,1,0,21
34,44,1,4,20
34,45,1,4,10
34,46,4,0,1
34,47,5,4,6
34,48,5,0,10
34,49,5,0,23
34,50,5,0,24
34,51,5,0,11
34,52,5,0,2
34,53,5,0,21
34,54,5,4,18
34,55,4,0,5
34,56,4,0,15
34,57,5,4,11
34,58,5,4,4
34,59,5,0,14
34,60,5,0,0
34,61,5,0,11
34,62,5,0,17
34,63,5,0,7
34,64,5,0,21
34,65,5,0,11
34,66,5,0,1
34,67,5,0,2
34,68,5,0,17
34,69,5,0,15
34,70,5,0,6
34,71,5,0,23
34,72,5,0,15
34,73,5,4,18
34,74,4,0,19
34,75,5,4,23
34,76,5,0,16
34,77,5,0,13
34,78,5,0,13
35,0,5,0,14
35,1,5,0,24
35,2,5,0,14
35,3,5,0,9
35,4,5,0,3
35,5,5,4,18
35,6,1,4,23
35,7,1,4,13
35,8,1,4,8
35,9,1,4,8
35,10,5,4,16
35,11,5,4,16
35,12,4,0,13
35,13,1,4,24
35,14,1,0,4
35,15,1,4,18
35,16,4,0,24
35,17,4,0,11
35,18,4,0,24
35,19,5,4,21
35,20,5,0,15
35,21,5,0,19
35,22,5,0,11
35,23,5,0,5
35,24,5,0,21
35,25,5,0,20
35,26,5,0,7
35,27,5,0,7
35,28,5,0,16
35,29,5,0,15
35,30,5,0,5
35,31,5,0,21
35,32,5,4,2
35,33,5,4,11
35,34,5,0,4
35,35,5,0,24
35,36,5,4,0
35,37,1,4,6
35,38,1,0,3
35,39,1,4,1
35,40,1,4,16
35,41,1,4,24
35,42,1,0,10
35,43,1,4,0
35,44,1,4,8
35,45,4,0,12
35,46,4,0,8
35,47,5,4,22
35,48,5,0,1
35,49,5,0,5
35,50,5,0,6
35,51,5,0,19
35,52,5,0,19
35,53,5,4,0
35,54,4,0,18
35,55,4,0,2
35,56,5,4,6
35,57,5,0,18
35,58,5,0,5
35,59,5,0,15
35,60,5,0,10
35,61,5,0,14
35,62,5,0,12
35,63,5,0,15
35,64,5,0,22
35,65,5,0,24
35,66,5,0,1
35,67,5,0,18
35,68,5,0,20
35,69,5,4,20
35,70,5,4,20
35,71,5,4,20
35,72,5,4,5
35,73,4,0,21
35,74,4,0,18
35,75,5,4,21
35,76,5,0,13
35,77,5,0,13
35,78,5,0,9
36,0,5,0,14
36,1,5,0,16
36,2,5,0,11
36,3,5,0,3
36,4,5,4,0
36,5,4,0,7
36,6,1,4,8
36,7,5,4,16
36,8,5,4,14
36,9,5,4,4
36,10,5,4,4
36,11,5,4,18
36,12,1,4,6
36,13,1,0,24
36,14,1,4,0
36,15,4,0,20
36,16,4,0,24
36,17,4,0,5
36,18,4,0,20
36,19,5,4,24
36,20,5,0,0
36,21,5,0,21
36,22,5,0,14
36,23,5,0,17
36,24,5,0,13
36,25,5,0,15
36,26,5,0,1
36,27,5,0,3
36,28,5,0,1
36,29,5,0,2
36,30,5,0,7
36,31,5,0,15
36,32,5,4,4
36,33,5,4,22
36,34,5,0,11
36,35,5,0,10
36,36,5,4,17
36,37,1,4,23
36,38,1,0,10
36,39,1,4,4
36,40,1,4,4
36,41,1,0,13
36,42,1,0,9
36,43,1,4,18
36,44,4,0,7
36,45,4,0,20
36,46,4,0,16
36,47,5,4,23
36,48,5,0,7
36,49,5,0,20
36,50,5,0,19
36,51,5,0,6
36,52,5,0,16
36,53,5,4,18
36,54,4,0,21
36,55,4,0,5
36,56,5,4,24
36,57,5,0,19
36,58,5,0,12
36,59,5,0,14
36,60,5,0,9
36,61,5,0,24
36,62,5,0,11
36,63,5,0,19
36,64,5,0,1
36,65,5,0,11
36,66,5,0,23
36,67,5,0,16
36,68,5,4,10
36,69,5,4,8
36,70,5,4,8
36,71,5,4,8
36,72,4,0,7
36,73,4,0,5
36,74,4,0,15
36,75,5,4,24
36,76,5,0,13
36,77,5,0,19
36,78,5,0,24
37,0,5,0,17
37,1,5,0,5
37,2,5,0,7
37,3,5,0,14
37,4,5,4,2
37,5,4,0,10
37,6,5,4,6
37,7,5,4,4
37,8,5,0,22
37,9,5,0,16
37,10,5,4,0
37,11,4,0,5
37,12,1,4,24
37,13,1,0,1
37,14,1,4,18
37,15,4,0,0
37,16,4,0,4
37,17,4,0,12
37,18,5,4,6
37,19,5,0,3
37,20,5,0,10
37,21,5,0,8
37,22,5,0,7
37,23,5,0,15
37,24,5,0,13
37,25,5,0,15
37,26,5,0,5
37,27,5,0,8
37,28,5,0,20
37,29,5,0,16
37,30,5,0,4
37,31,5,4,0
37,32,4,0,11
37,33,5,4,24
37,34,5,0,6
37,35,5,0,23
37,36,5,4,18
37,37,1,4,21
37,38,1,0,3
37,39,1,0,2
37,40,1,0,8
37,41,1,0,6
37,42,1,4,0
37,43,4,0,5
37,44,4,0,18
37,45,1,4,16
37,46,4,0,16
37,47,5,4,23
37,48,5,0,3
37,49,5,0,12
37,50,5,0,23
37,51,5,0,12
37,52,5,4,0
37,53,4,0,6
37,54,4,0,14
37,55,5,4,14
37,56,5,0,7
37,57,5,0,24
37,58,5,0,13
37,59,5,0,22
37,60,5,0,19
37,61,5,0,19
37,62,5,0,13
37,63,5,0,2
37,64,5,0,10
37,65,5,0,15
37,66,5,0,18
37,67,5,4,0
37,68,4,0,11
37,69,4,0,24
37,70,4,0,17
37,71,4,0,0
37,72,1,4,16
37,73,4,0,19
37,74,5,4,6
37,75,5,0,7
37,76,5,0,19
37,77,5,0,2
37,78,5,0,9
38,0,5,0,23
38,1,5,0,2
38,2,5,0,9
38,3,5,0,0
38,4,5,4,2
38,5,4,0,14
38,6,5,4,24
38,7,5,0,23
38,8,5,0,13
38,9,5,0,2
38,10,5,4,18
38,11,1,4,6
38,12,1,0,19
38,13,1,4,0
38,14,4,0,12
38,15,5,4,16
38,16,5,4,16
38,17,4,0,23
38,18,5,4,23
38,19,5,0,4
38,20,5,0,19
38,21,5,0,4
38,22,5,0,21
38,23,5,0,3
38,24,5,0,5
38,25,5,0,11
38,26,5,0,6
38,27,5,0,12
38,28,5,0,9
38,29,5,0,24
38,30,5,4,20
38,31,5,4,18
38,32,5,4,6
38,33,5,0,4
38,34,5,0,2
38,35,5,4,0
38,36,4,0,7
38,37,1,4,7
38,38,1,0,2
38,39,1,0,21
38,40,1,0,12
38,41,1,0,13
38,42,1,4,17
38,43,4,0,4
38,44,1,4,11
38,45,1,4,1
38,46,1,4,16
38,47,5,4,21
38,48,5,0,5
38,49,5,0,7
38,50,5,0,17
38,51,5,0,7
38,52,5,4,18
38,53,4,0,7
38,54,5,4,9
38,55,5,0,20
38,56,5,0,9
38,57,5,0,22
38,58,5,0,23
38,59,5,0,24
38,60,5,0,20
38,61,5,0,21
38,62,5,0,22
38,63,5,0,24
38,64,5,0,3
38,65,5,0,14
38,66,5,4,20
38,67,5,4,18
38,68,4,0,1
38,69,4,0,5
38,70,4,0,18
38,71,1,4,19
38,72,1,4,17
38,73,4,0,17
38,74,5,4,22
38,75,5,0,11
38,76,5,0,9
38,77,5,0,22
38,78,5,0,22
39,0,5,0,5
39,1,5,0,5
39,2,5,0,9
39,3,5,0,11
39,4,5,4,17
39,5,5,4,9
39,6,5,0,23
39,7,5,0,20
39,8,5,0,5
39,9,5,4,0
39,10,4,0,10
39,11,4,10,20
39,12,1,0,21
39,13,1,4,18
39,14,5,4,9
39,15,5,4,4
39,16,5,4,1
39,17,4,0,6
39,18,5,4,24
39,19,5,0,6
39,20,5,0,22
39,21,5,0,2
39,22,5,0,12
39,23,5,0,6
39,24,5,0,11
39,25,5,0,15
39,26,5,4,20
39,27,5,0,16
39,28,5,0,12
39,29,5,4,13
39,30,5,4,8
39,31,4,0,19
39,32,5,4,23
39,33,5,0,11
39,34,5,0,23
39,35,5,4,3
39,36,4,0,14
39,37,1,4,7
39,38,1,0,3
39,39,1,0,10
39,40,1,0,2
39,41,1,0,18
39,42,1,4,18
39,43,1,4,6
39,44,1,0,5
39,45,1,4,18
39,46,1,4,1
39,47,5,4,24
39,48,5,0,23
39,49,5,0,1
39,50,5,0,10
39,51,5,4,0
39,52,4,0,23
39,53,5,4,6
39,54,5,0,12
39,55,5,0,0
39,56,5,0,3
39,57,5,0,7
39,58,5,0,16
39,59,5,0,23
39,60,5,0,6
39,61,5,0,7
39,62,5,0,5
39,63,5,0,19
39,64,5,0,19
39,65,5,4,15
39,66,5,4,8
39,67,4,0,18
39,68,4,0,19
39,69,4,0,7
39,70,1,4,6
39,71,1,0,0
39,72,1,4,2
39,73,4,0,9
39,74,5,4,23
39,75,5,0,2
39,76,5,0,10
39,77,5,0,1
39,78,5,0,8
40,0,5,0,23
40,1,5,0,19
40,2,5,0,12
40,3,5,0,3
40,4,5,4,4
40,5,5,0,22
40,6,5,0,19
40,7,5,0,11
40,8,5,0,3
40,9,5,4,18
40,10,4,10,15
40,11,4,10,22
40,12,1,4,0
40,13,5,4,6
40,14,5,0,4
40,15,5,0,16
40,16,5,4,3
40,17,5,4,14
40,18,5,0,2
40,19,5,0,1
40,20,5,0,4
40,21,5,0,15
40,22,5,0,24
40,23,5,0,19
40,24,5,0,5
40,25,5,4,10
40,26,5,4,23
40,27,5,0,9
40,28,5,4,0
40,29,4,0,14
40,30,4,0,4
40,31,4,0,17
40,32,5,4,24
40,33,5,0,13
40,34,5,0,4
40,35,5,4,2
40,36,4,0,23
40,37,1,4,21
40,38,1,0,8
40,39,1,0,11
40,40,1,4,20
40,41,1,4,15
40,42,1,4,16
40,43,1,4,7
40,44,1,4,10
40,45,1,0,12
40,46,1,4,18
40,47,5,0,10
40,48,5,0,8
40,49,5,0,2
40,50,5,0,3
40,51,5,4,17
40,52,4,0,15
40,53,5,4,24
40,54,5,0,5
40,55,5,0,21
40,56,5,0,21
40,57,5,0,21
40,58,5,0,11
40,59,5,0,6
40,60,5,0,2
40,61,5,0,5
40,62,5,0,21
40,63,5,0,22
40,64,5,4,0
40,65,4,0,0
40,66,4,0,10
40,67,4,0,22
40,68,4,0,12
40,69,4,0,5
40,70,1,4,22
40,71,1,0,13
40,72,1,4,18
40,73,4,0,3
40,74,5,4,22
40,75,5,4,20
40,76,5,0,22
40,77,5,0,16
40,78,5,0,24
41,0,5,0,8
41,1,5,0,23
41,2,5,0,21
41,3,5,0,19
41,4,5,0,22
41,5,5,0,16
41,6,5,0,8
41,7,5,0,0
41,8,5,4,5
41,9,4,10,10
41,10,10,0,22
41,11,4,10,24
41,12,1,4,18
41,13,5,4,24
41,14,5,0,11
41,15,5,0,15
41,16,5,4,4
41,17,5,0,13
41,18,5,0,4
41,19,5,0,21
41,20,5,0,14
41,21,5,0,18
41,22,5,0,23
41,23,5,0,22
41,24,5,4,0
41,25,4,0,7
41,26,5,4,7
41,27,5,4,20
41,28,5,4,18
41,29,4,0,15
41,30,4,0,10
41,31,5,4,6
41,32,5,0,24
41,33,5,0,16
41,34,5,0,7
41,35,5,4,18
41,36,4,0,9
41,37,1,4,22
41,38,1,0,3
41,39,1,4,0
41,40,1,4,8
41,41,1,4,11
41,42,1,4,17
41,43,1,4,8
41,44,1,4,22
41,45,1,4,5
41,46,5,4,24
41,47,5,0,10
41,48,5,0,9
41,49,5,0,2
41,50,5,0,3
41,51,5,4,2
41,52,5,4,9
41,53,5,0,6
41,54,5,0,15
41,55,5,0,9
41,56,5,0,16
41,57,5,0,16
41,58,5,0,12
41,59,5,0,2
41,60,5,0,24
41,61,5,0,16
41,62,5,0,12
41,63,5,0,0
41,64,5,4,18
41,65,4,0,9
41,66,5,4,16
41,67,5,4,16
41,68,4,0,12
41,69,4,0,13
41,70,1,4,24
41,71,1,4,0
41,72,4,0,6
41,73,4,0,4
41,74,5,4,8
41,75,5,4,21
41,76,5,0,10
41,77,5,0,9
41,78,5,0,0
42,0,5,0,3
42,1,5,0,24
42,2,5,0,14
42,3,5,0,0
42,4,5,0,22
42,5,5,0,10
42,6,5,0,18
42,7,5,4,0
42,8,4,10,0
42,9,10,0,9
42,10,4,10,14
42,11,1,4,13
42,12,5,4,6
42,13,5,0,7
42,14,5,0,7
42,15,5,0,8
42,16,5,0,23
42,17,5,0,20
42,18,5,0,24
42,19,5,0,11
42,20,5,0,21
42,21,5,0,13
42,22,5,0,11
42,23,5,0,9
42,24,5,4,1
42,25,4,0,10
42,26,5,4,8
42,27,5,4,8
42,28,4,0,9
42,29,4,0,12
42,30,4,0,21
42,31,5,4,21
42,32,5,0,14
42,33,5,0,19
42,34,5,4,0
42,35,4,0,10
42,36,4,0,11
42,37,1,4,22
42,38,1,0,10
42,39,1,4,18
42,40,1,4,6
42,41,1,0,9
42,42,1,4,18
42,43,4,0,20
42,44,1,4,8
42,45,5,4,6
42,46,5,0,2
42,47,5,0,8
42,48,5,0,4
42,49,5,0,21
42,50,5,0,8
42,51,5,4,4
42,52,5,0,12
42,53,5,0,0
42,54,5,0,16
42,55,5,0,2
42,56,5,0,20
42,57,5,0,11
42,58,5,0,2
42,59,5,0,15
42,60,5,0,12
42,61,5,0,2
42,62,5,0,15
42,63,5,4,5
42,64,4,0,23
42,65,5,4,6
42,66,5,4,4
42,67,5,4,3
42,68,4,0,21
42,69,1,4,6
42,70,1,0,3
42,71,1,4,18
42,72,4,0,3
42,73,4,0,21
42,74,4,0,1
42,75,5,4,22
42,76,5,0,24
42,77,5,0,2
42,78,5,0,9
43,0,5,0,0
43,1,5,0,21
43,2,5,0,7
43,3,5,0,17
43,4,5,0,7
43,5,5,4,20
43,6,5,4,20
43,7,5,4,18
43,8,4,10,18
43,9,4,10,6
43,10,1,4,8
43,11,4,0,23
43,12,5,4,24
43,13,5,0,17
43,14,5,0,24
43,15,5,0,16
43,16,5,0,14
43,17,5,0,8
43,18,5,0,8
43,19,5,0,14
43,20,5,0,2
43,21,5,0,17
43,22,5,0,12
43,23,5,0,2
43,24,5,4,18
43,25,4,0,12
43,26,4,0,8
43,27,4,0,19
43,28,1,4,16
43,29,4,0,4
43,30,4,0,18
43,31,5,4,21
43,32,5,4,20
43,33,5,4,20
43,34,5,4,18
43,35,4,0,6
43,36,4,0,17
43,37,1,4,24
43,38,1,4,0
43,39,1,4,16
43,40,1,4,24
43,41,1,4,0
43,42,4,0,4
43,43,4,0,13
43,44,4,0,15
43,45,5,4,7
43,46,5,0,1
43,47,5,0,18
43,48,5,0,18
43,49,5,0,14
43,50,5,0,7
43,51,5,0,4
43,52,5,0,13
43,53,5,0,13
43,54,5,0,5
43,55,5,0,8
43,56,5,0,19
43,57,5,0,24
43,58,5,0,4
43,59,5,0,18
43,60,5,0,8
43,61,5,0,23
43,62,5,4,5
43,63,4,0,9
43,64,4,0,8
43,65,5,4,24
43,66,5,0,14
43,67,5,4,18
43,68,4,0,1
43,69,1,4,24
43,70,1,4,0
43,71,4,0,20
43,72,4,0,3
43,73,4,0,24
43,74,4,0,10
43,75,5,4,7
43,76,5,4,20
43,77,5,0,17
43,78,5,0,12
44,0,5,0,10
44,1,5,0,20
44,2,5,0,10
44,3,5,0,12
44,4,5,4,15
44,5,5,4,8
44,6,5,4,8
44,7,4,10,0
44,8,10,0,2
44,9,4,10,24
44,10,4,0,0
44,11,5,4,6
44,12,5,0,17
44,13,5,0,5
44,14,5,0,22
44,15,5,0,24
44,16,5,0,18
44,17,5,0,6
44,18,5,4,20
44,19,5,0,5
44,20,5,0,11
44,21,5,0,22
44,22,5,0,2
44,23,5,4,0
44,24,4,0,24
44,25,4,0,6
44,26,4,0,2
44,27,1,4,11
44,28,1,4,2
44,29,4,0,4
44,30,4,0,24
44,31,5,4,8
44,32,5,4,8
44,33,5,4,8
44,34,4,0,8
44,35,4,0,18
44,36,1,4,6
44,37,1,0,12
44,38,1,4,4
44,39,1,4,4
44,40,1,0,21
44,41,1,4,18
44,42,4,0,19
44,43,4,0,2
44,44,4,0,10
44,45,5,4,24
44,46,5,0,3
44,47,5,0,8
44,48,5,0,3
44,49,5,0,8
44,50,5,0,17
44,51,5,0,20
44,52,5,0,20
44,53,5,0,4
44,54,5,0,12
44,55,5,0,23
44,56,5,0,11
44,57,5,0,18
44,58,5,0,16
44,59,5,0,17
44,60,5,0,19
44,61,5,4,10
44,62,4,0,1
44,63,4,0,10
44,64,5,4,11
44,65,5,0,11
44,66,5,4,0
44,67,4,0,2
44,68,1,4,6
44,69,1,0,9
44,70,1,4,2
44,71,4,0,7
44,72,4,0,21
44,73,4,0,20
44,74,4,0,22
44,75,5,4,8
44,76,5,4,21
44,77,5,0,21
44,78,5,0,11
45,0,5,0,16
45,1,5,0,9
45,2,5,0,15
45,3,5,4,0
45,4,4,0,23
45,5,4,0,7
45,6,4,0,15
45,7,4,10,18
45,8,4,10,6
45,9,4,0,17
45,10,4,0,15
45,11,5,4,7
45,12,5,0,1
45,13,5,0,1
45,14,5,0,15
45,15,5,0,0
45,16,5,0,7
45,17,5,4,5
45,18,5,4,21
45,19,5,4,20
45,20,5,4,20
45,21,5,4,20
45,22,5,4,20
45,23,5,4,18
45,24,4,0,6
45,25,4,0,18
45,26,1,4,14
45,27,1,0,8
45,28,1,4,3
45,29,1,4,16
45,30,4,0,11
45,31,4,0,19
45,32,4,0,1
45,33,4,0,24
45,34,4,0,8
45,35,4,0,6
45,36,1,4,21
45,37,1,0,0
45,38,1,0,12
45,39,1,0,16
45,40,1,4,10
45,41,4,0,4
45,42,4,0,5
45,43,4,0,18
45,44,5,4,19
45,45,5,0,15
45,46,5,0,4
45,47,5,0,21
45,48,5,0,22
45,49,5,0,7
45,50,5,0,10
45,51,5,0,7
45,52,5,0,23
45,53,5,0,13
45,54,5,0,14
45,55,5,0,10
45,56,5,0,8
45,57,5,0,14
45,58,5,0,19
45,59,5,0,0
45,60,5,4,10
45,61,4,0,6
45,62,1,4,16
45,63,5,4,6
45,64,5,0,17
45,65,5,0,14
45,66,5,4,18
45,67,4,0,17
45,68,1,4,24
45,69,1,0,14
45,70,1,4,18
45,71,4,0,13
45,72,4,0,21
45,73,1,4,16
45,74,4,0,7
45,75,4,0,19
45,76,5,4,7
45,77,5,0,8
45,78,5,0,12
46,0,5,0,22
46,1,5,0,4
46,2,5,0,19
46,3,5,4,18
46,4,4,0,18
46,5,4,0,11
46,6,4,10,0
46,7,10,0,24
46,8,4,10,24
46,9,4,0,5
46,10,4,0,15
46,11,5,4,22
46,12,5,0,11
46,13,5,0,0
46,14,5,0,0
46,15,5,0,11
46,16,5,4,0
46,17,4,0,9
46,18,5,4,8
46,19,5,4,8
46,20,5,4,8
46,21,5,4,8
46,22,5,4,8
46,23,4,0,11
46,24,4,0,22
46,25,1,4,19
46,26,1,0,21
46,27,1,0,13
46,28,1,4,18
46,29,1,4,1
46,30,4,0,15
46,31,4,0,15
46,32,1,4,16
46,33,4,0,2
46,34,4,0,1
46,35,4,0,8
46,36,1,4,23
46,37,1,4,20
46,38,1,0,8
46,39,1,4,15
46,40,4,0,1
46,41,4,0,14
46,42,4,0,21
46,43,5,4,9
46,44,5,0,12
46,45,5,0,22
46,46,5,0,12
46,47,5,0,24
46,48,5,0,8
46,49,5,0,20
46,50,5,0,21
46,51,5,0,14
46,52,5,0,22
46,53,5,0,5
46,54,5,0,16
46,55,5,0,1
46,56,5,0,19
46,57,5,0,4
46,58,5,0,10
46,59,5,4,13
46,60,4,0,7
46,61,1,4,9
46,62,1,4,17
46,63,5,4,21
46,64,5,4,20
46,65,5,4,15
46,66,4,0,24
46,67,1,4,6
46,68,1,0,5
46,69,1,4,0
46,70,4,0,19
46,71,4,0,16
46,72,1,4,11
46,73,1,4,17
46,74,4,0,3
46,75,4,0,23
46,76,5,4,7
46,77,5,0,12
46,78,5,0,3
47,0,5,0,18
47,1,5,0,17
47,2,5,4,0
47,3,4,0,11
47,4,4,0,6
47,5,4,0,13
47,6,4,10,18
47,7,4,10,6
47,8,1,4,2
47,9,4,0,4
47,10,4,0,21
47,11,5,4,21
47,12,5,0,19
47,13,5,0,11
47,14,5,0,22
47,15,5,0,6
47,16,5,4,2
47,17,4,0,23
47,18,4,0,11
47,19,4,0,4
47,20,4,0,2
47,21,4,0,11
47,22,4,0,21
47,23,4,0,24
47,24,1,4,11
47,25,1,0,1
47,26,1,4,20
47,27,1,4,10
47,28,1,0,23
47,29,1,4,3
47,30,4,0,12
47,31,1,4,11
47,32,1,4,2
47,33,4,0,2
47,34,4,0,8
47,35,1,4,16
47,36,1,4,8
47,37,1,4,23
47,38,1,4,10
47,39,4,0,19
47,40,4,0,18
47,41,4,0,16
47,42,5,4,6
47,43,5,0,3
47,44,5,0,24
47,45,5,0,23
47,46,5,0,16
47,47,5,0,2
47,48,5,0,16
47,49,5,0,5
47,50,5,0,5
47,51,5,0,19
47,52,5,0,11
47,53,5,0,24
47,54,5,0,23
47,55,5,0,15
47,56,5,0,10
47,57,5,0,20
47,58,5,4,5
47,59,4,0,12
47,60,1,4,6
47,61,1,0,13
47,62,1,4,1
47,63,5,4,8
47,64,5,4,8
47,65,4,0,4
47,66,4,0,13
47,67,1,4,23
47,68,1,0,9
47,69,1,4,1
47,70,4,0,5
47,71,1,4,9
47,72,1,0,13
47,73,1,4,18
47,74,4,0,18
47,75,4,0,17
47,76,5,4,24
47,77,5,0,11
47,78,5,0,24
48,0,5,0,7
48,1,5,0,9
48,2,5,4,2
48,3,4,0,16
48,4,4,0,16
48,5,4,10,0
48,6,10,0,10
48,7,4,10,24
48,8,1,4,2
48,9,4,0,23
48,10,4,0,1
48,11,5,4,24
48,12,5,0,6
48,13,5,0,14
48,14,5,0,23
48,15,5,0,12
48,16,5,4,18
48,17,4,0,15
48,18,4,0,24
48,19,4,10,20
48,20,4,0,17
48,21,4,0,14
48,22,4,0,6
48,23,1,4,6
48,24,1,0,19
48,25,1,4,15
48,26,1,4,8
48,27,1,4,23
48,28,1,0,13
48,29,1,4,18
48,30,1,4,6
48,31,1,0,7
48,32,1,4,17
48,33,4,0,13
48,34,1,4,14
48,35,1,4,2
48,36,4,0,18
48,37,1,4,8
48,38,4,0,15
48,39,4,0,5
48,40,4,0,22
48,41,4,0,0
48,42,5,4,24
48,43,5,0,1
48,44,5,0,24
48,45,5,0,24
48,46,5,0,22
48,47,5,0,12
48,48,5,0,6
48,49,5,0,21
48,50,5,0,13
48,51,5,0,20
48,52,5,0,5
48,53,5,0,1
48,54,5,0,9
48,55,5,0,1
48,56,5,0,0
48,57,5,4,5
48,58,4,0,3
48,59,4,0,5
48,60,1,4,7
48,61,1,0,23
48,62,1,4,2
48,63,4,0,23
48,64,1,4,16
48,65,1,4,16
48,66,1,4,16
48,67,1,4,22
48,68,1,0,8
48,69,1,4,18
48,70,1,4,6
48,71,1,0,20
48,72,1,4,0
48,73,4,0,11
48,74,4,0,20
48,75,5,4,6
48,76,5,0,23
48,77,5,0,20
48,78,5,0,14
49,0,5,0,5
49,1,5,0,22
49,2,5,4,17
49,3,4,0,2
49,4,1,4,9
49,5,4,10,18
49,6,4,10,6
49,7,1,0,14
49,8,1,4,18
49,9,4,0,22
49,10,5,4,6
49,11,5,0,3
49,12,5,0,16
49,13,5,0,3
49,14,5,0,20
49,15,5,4,0
49,16,4,0,9
49,17,4,0,12
49,18,4,10,13
49,19,4,10,22
49,20,4,0,15
49,21,1,4,16
49,22,4,0,21
49,23,1,4,23
49,24,1,4,10
49,25,4,0,12
49,26,4,0,16
49,27,1,4,21
49,28,1,4,5
49,29,4,0,10
49,30,1,4,23
49,31,1,0,6
49,32,1,4,18
49,33,1,4,6
49,34,1,0,12
49,35,1,4,18
49,36,4,0,6
49,37,4,0,21
49,38,5,4,16
49,39,5,4,16
49,40,5,4,16
49,41,5,4,20
49,42,5,0,16
49,43,5,0,9
49,44,5,0,0
49,45,5,0,1
49,46,5,0,21
49,47,5,0,18
49,48,5,0,15
49,49,5,0,12
49,50,5,0,21
49,51,5,0,3
49,52,5,0,11
49,53,5,0,10
49,54,5,0,16
49,55,5,0,20
49,56,5,4,13
49,57,4,0,14
49,58,5,4,16
49,59,5,4,16
49,60,1,4,7
49,61,1,0,21
49,62,1,4,18
49,63,1,4,9
49,64,1,4,4
49,65,1,4,4
49,66,1,4,1
49,67,1,4,21
49,68,1,4,13
49,69,1,4,16
49,70,1,4,22
49,71,1,0,4
49,72,1,4,17
49,73,4,0,15
49,74,4,0,10
49,75,5,4,21
49,76,5,0,0
49,77,5,0,2
49,78,5,0,0
50,0,5,0,5
50,1,5,0,8
50,2,5,4,2
50,3,1,4,6
50,4,4,10,0
50,5,10,0,18
50,6,4,10,7
50,7,1,4,0
50,8,4,0,6
50,9,4,0,20
50,10,5,4,24
50,11,5,0,3
50,12,5,0,3
50,13,5,0,1
50,14,5,0,4
50,15,5,4,18
50,16,1,4,16
50,17,4,10,0
50,18,10,0,2
50,19,4,10,7
50,20,10,1,16
50,21,1,4,17
50,22,4,0,0
50,23,1,4,8
50,24,4,0,4
50,25,4,0,22
50,26,4,0,1
50,27,1,4,8
50,28,4,0,13
50,29,4,0,19
50,30,1,4,23
50,31,1,4,10
50,32,1,4,16
50,33,1,4,23
50,34,1,4,10
50,35,4,0,13
50,36,4,0,21
50,37,5,4,6
50,38,5,4,4
50,39,5,4,4
50,40,5,4,10
50,41,5,4,21
50,42,5,0,0
50,43,5,0,21
50,44,5,0,22
50,45,5,0,8
50,46,5,0,13
50,47,5,0,12
50,48,5,0,23
50,49,5,0,4
50,50,5,0,14
50,51,5,0,6
50,52,5,0,24
50,53,5,0,19
50,54,5,0,1
50,55,5,4,10
50,56,4,0,2
50,57,5,4,14
50,58,5,4,4
50,59,5,4,18
50,60,1,4,24
50,61,1,4,0
50,62,1,4,6
50,63,1,0,11
50,64,1,0,15
50,65,1,0,8
50,66,1,4,18
50,67,1,4,8
50,68,1,4,11
50,69,1,4,1
50,70,1,4,23
50,71,1,0,23
50,72,1,4,1
50,73,1,4,16
50,74,4,0,9
50,75,5,4,22
50,76,5,4,20
50,77,5,0,8
50,78,5,0,3
51,0,5,0,19
51,1,5,0,6
51,2,5,4,18
51,3,1,4,22
51,4,4,10,17
51,5,10,0,17
51,6,4,10,23
51,7,1,4,1
51,8,4,0,15
51,9,5,4,6
51,10,5,4,20
51,11,5,4,20
51,12,5,0,20
51,13,5,0,6
51,14,5,4,15
51,15,1,4,19
51,16,1,4,3
51,17,4,10,3
51,18,10,0,1
51,19,10,1,4
51,20,10,1,17
51,21,1,4,17
51,22,4,0,8
51,23,4,0,2
51,24,1,4,16
51,25,1,4,16
51,26,1,4,16
51,27,1,4,16
51,28,1,4,16
51,29,4,0,5
51,30,1,4,8
51,31,1,4,19
51,32,1,4,17
51,33,1,4,8
51,34,4,0,10
51,35,4,0,22
51,36,4,0,8
51,37,5,4,24
51,38,5,0,3
51,39,5,4,0
51,40,4,0,17
51,41,5,4,22
51,42,5,0,13
51,43,5,0,18
51,44,5,0,12
51,45,5,0,10
51,46,5,0,15
51,47,5,0,5
51,48,5,0,8
51,49,5,0,9
51,50,5,0,11
51,51,5,0,10
51,52,5,0,1
51,53,5,0,12
51,54,5,4,0
51,55,4,0,0
51,56,5,4,9
51,57,5,0,8
51,58,5,4,0
51,59,1,4,6
51,60,1,0,16
51,61,1,4,17
51,62,1,4,22
51,63,1,0,5
51,64,1,4,20
51,65,1,4,5
51,66,4,0,19
51,67,1,4,6
51,68,1,0,20
51,69,1,4,18
51,70,1,4,23
51,71,1,0,13
51,72,1,4,4
51,73,1,4,17
51,74,1,4,16
51,75,5,4,8
51,76,5,4,21
51,77,5,0,24
51,78,5,0,12
52,0,5,0,14
52,1,5,4,0
52,2,4,0,7
52,3,1,4,8
52,4,4,10,1
52,5,10,0,19
52,6,4,10,22
52,7,1,4,2
52,8,4,0,17
52,9,5,4,8
52,10,5,4,8
52,11,5,4,22
52,12,5,4,20
52,13,5,4,15
52,14,1,4,6
52,15,1,0,14
52,16,1,4,18
52,17,4,10,18
52,18,10,0,15
52,19,10,0,20
52,20,10,1,17
52,21,1,4,2
52,22,4,0,14
52,23,1,4,19
52,24,1,4,4
52,25,1,4,4
52,26,1,4,4
52,27,1,4,4
52,28,1,4,3
52,29,4,0,1
52,30,1,4,6
52,31,1,0,3
52,32,1,4,18
52,33,4,0,1
52,34,4,0,8
52,35,4,0,20
52,36,5,4,6
52,37,5,0,10
52,38,5,0,3
52,39,5,4,1
52,40,4,0,3
52,41,5,4,24
52,42,5,0,21
52,43,5,0,21
52,44,5,0,4
52,45,5,0,24
52,46,5,0,15
52,47,5,0,21
52,48,5,0,7
52,49,5,0,3
52,50,5,0,0
52,51,5,0,23
52,52,5,0,0
52,53,5,0,17
52,54,5,4,18
52,55,5,4,6
52,56,5,0,19
52,57,5,0,17
52,58,5,4,2
52,59,1,4,7
52,60,1,0,24
52,61,1,4,1
52,62,1,4,21
52,63,1,4,5
52,64,1,4,8
52,65,4,0,6
52,66,1,4,16
52,67,1,4,24
52,68,1,4,0
52,69,4,0,22
52,70,1,4,21
52,71,1,0,12
52,72,1,0,0
52,73,1,4,11
52,74,1,4,17
52,75,4,0,17
52,76,5,4,24
52,77,5,0,9
52,78,5,0,8
53,0,5,0,2
53,1,5,4,3
53,2,4,0,18
53,3,4,0,1
53,4,4,10,3
53,5,10,0,2
53,6,4,10,21
53,7,1,4,18
53,8,4,0,17
53,9,1,4,16
53,10,4,0,0
53,11,5,4,8
53,12,1,4,16
53,13,4,0,1
53,14,1,4,23
53,15,1,4,15
53,16,4,10,0
53,17,10,0,14
53,18,10,0,4
53,19,10,0,13
53,20,10,1,1
53,21,4,10,20
53,22,1,4,6
53,23,1,0,24
53,24,1,0,5
53,25,1,0,22
53,26,1,0,14
53,27,1,0,12
53,28,1,4,3
53,29,4,0,16
53,30,1,4,21
53,31,1,4,13
53,32,5,4,16
53,33,5,4,16
53,34,4,0,11
53,35,4,0,12
53,36,5,4,7
53,37,5,0,18
53,38,5,0,15
53,39,5,4,17
53,40,5,4,14
53,41,5,0,14
53,42,5,0,0
53,43,5,0,16
53,44,5,0,17
53,45,5,0,11
53,46,5,0,8
53,47,5,0,4
53,48,5,0,9
53,49,5,0,3
53,50,5,0,1
53,51,5,0,9
53,52,5,0,7
53,53,5,4,0
53,54,4,0,4
53,55,5,4,24
53,56,5,0,19
53,57,5,0,10
53,58,5,4,18
53,59,1,4,22
53,60,1,0,19
53,61,1,4,18
53,62,1,4,8
53,63,1,4,16
53,64,1,4,16
53,65,1,4,14
53,66,1,4,4
53,67,1,0,13
53,68,1,4,17
53,69,1,4,16
53,70,1,4,7
53,71,1,4,20
53,72,1,4,6
53,73,1,0,6
53,74,1,4,18
53,75,5,4,6
53,76,5,0,4
53,77,5,0,12
53,78,5,0,8
54,0,5,0,1
54,1,5,4,3
54,2,5,4,16
54,3,4,0,5
54,4,4,10,1
54,5,10,0,5
54,6,10,1,3
54,7,4,0,12
54,8,1,4,19
54,9,1,4,2
54,10,4,10,20
54,11,1,4,9
54,12,1,4,3
54,13,4,10,20
54,14,4,10,20
54,15,4,0,9
54,16,4,10,2
54,17,10,1,20
54,18,10,1,20
54,19,10,0,22
54,20,10,1,4
54,21,4,10,22
54,22,1,4,22
54,23,1,0,20
54,24,1,4,20
54,25,1,4,20
54,26,1,4,20
54,27,1,0,9
54,28,1,4,3
54,29,4,0,3
54,30,1,4,8
54,31,5,4,14
54,32,5,4,4
54,33,5,4,18
54,34,4,0,14
54,35,4,0,1
54,36,5,4,7
54,37,5,0,7
54,38,5,0,20
54,39,5,4,4
54,40,5,0,5
54,41,5,0,13
54,42,5,0,17
54,43,5,0,20
54,44,5,0,1
54,45,5,0,8
54,46,5,0,21
54,47,5,0,6
54,48,5,0,1
54,49,5,0,24
54,50,5,0,10
54,51,5,0,0
54,52,5,0,9
54,53,5,4,2
54,54,5,4,11
54,55,5,0,19
54,56,5,0,13
54,57,5,4,0
54,58,4,0,20
54,59,1,4,24
54,60,1,4,0
54,61,4,0,21
54,62,1,4,19
54,63,1,4,4
54,64,1,4,4
54,65,1,0,12
54,66,1,0,15
54,67,1,0,20
54,68,1,4,4
54,69,1,4,2
54,70,1,4,8
54,71,1,4,8
54,72,1,4,21
54,73,1,4,10
54,74,4,0,0
54,75,5,4,23
54,76,5,0,9
54,77,5,0,21
54,78,5,0,7
55,0,5,0,9
55,1,5,4,4
55,2,5,4,3
55,3,4,0,16
55,4,4,10,17
55,5,10,0,14
55,6,10,1,18
55,7,1,4,14
55,8,4,10,20
55,9,4,10,10
55,10,4,10,23
55,11,1,0,9
55,12,4,10,15
55,13,4,10,8
55,14,4,10,23
55,15,1,4,11
55,16,4,10,4
55,17,10,1,8
55,18,10,1,7
55,19,10,0,13
55,20,10,0,9
55,21,4,10,7
55,22,1,4,21
55,23,1,4,13
55,24,1,4,8
55,25,1,4,8
55,26,1,4,21
55,27,1,0,0
55,28,1,4,18
55,29,4,0,1
55,30,5,4,6
55,31,5,0,23
55,32,5,4,0
55,33,4,0,20
55,34,4,0,15
55,35,4,0,23
55,36,5,4,24
55,37,5,0,16
55,38,5,0,24
55,39,5,0,2
55,40,5,0,24
55,41,5,0,1
55,42,5,0,10
55,43,5,0,18
55,44,5,0,9
55,45,5,4,20
55,46,5,0,19
55,47,5,0,2
55,48,5,0,5
55,49,5,0,24
55,50,5,0,22
55,51,5,0,1
55,52,5,0,20
55,53,5,4,4
55,54,5,0,17
55,55,5,0,3
55,56,5,0,21
55,57,5,4,18
55,58,1,4,6
55,59,1,0,21
55,60,1,4,18
55,61,1,4,6
55,62,1,0,0
55,63,1,0,15
55,64,1,0,1
55,65,1,0,20
55,66,1,0,19
55,67,1,0,12
55,68,1,0,23
55,69,1,4,17
55,70,1,4,16
55,71,1,4,16
55,72,1,4,8
55,73,4,0,15
55,74,4,0,21
55,75,5,4,7
55,76,5,0,2
55,77,5,0,10
55,78,5,0,14
56,0,5,0,8
56,1,5,0,16
56,2,5,4,18
56,3,1,4,6
56,4,4,10,18
56,5,4,10,6
56,6,4,10,20
56,7,4,10,10
56,8,4,10,8
56,9,10,0,15
56,10,4,10,24
56,11,4,10,0
56,12,10,0,17
56,13,10,0,3
56,14,4,10,24
56,15,1,0,6
56,16,1,4,10
56,17,1,4,8
56,18,10,1,21
56,19,4,10,16
56,20,10,0,16
56,21,4,10,24
56,22,1,4,8
56,23,4,0,3
56,24,4,0,16
56,25,4,0,0
56,26,1,4,24
56,27,1,4,0
56,28,4,0,15
56,29,4,0,1
56,30,5,4,24
56,31,5,0,22
56,32,5,4,17
56,33,4,0,17
56,34,4,0,5
56,35,5,4,6
56,36,5,0,14
56,37,5,0,21
56,38,5,0,13
56,39,5,0,23
56,40,5,0,14
56,41,5,0,12
56,42,5,0,19
56,43,5,0,2
56,44,5,4,15
56,45,5,4,7
56,46,5,0,14
56,47,5,0,10
56,48,5,4,20
56,49,5,0,1
56,50,5,0,16
56,51,5,0,18
56,52,5,0,19
56,53,5,0,16
56,54,5,0,15
56,55,5,0,12
56,56,5,4,5
56,57,4,0,5
56,58,1,4,24
56,59,1,4,0
56,60,4,0,23
56,61,1,4,22
56,62,1,0,6
56,63,1,4,20
56,64,1,4,20
56,65,1,0,3
56,66,1,0,22
56,67,1,0,8
56,68,1,0,18
56,69,1,4,4
56,70,1,4,4
56,71,1,4,1
56,72,1,4,16
56,73,4,0,20
56,74,4,0,9
56,75,5,4,22
56,76,5,0,21
56,77,5,0,17
56,78,5,0,20
57,0,5,0,23
57,1,5,4,0
57,2,4,0,11
57,3,4,10,0
57,4,10,0,10
57,5,4,10,8
57,6,4,10,8
57,7,10,0,4
57,8,10,0,9
57,9,4,10,9
57,10,1,4,8
57,11,4,10,2
57,12,10,0,6
57,13,4,10,9
57,14,1,4,24
57,15,1,4,0
57,16,4,0,4
57,17,4,0,9
57,18,10,1,8
57,19,4,10,3
57,20,4,10,14
57,21,4,0,10
57,22,4,0,14
57,23,4,0,1
57,24,4,0,10
57,25,1,4,6
57,26,1,0,19
57,27,1,4,17
57,28,4,0,6
57,29,5,4,6
57,30,5,0,19
57,31,5,0,24
57,32,5,4,1
57,33,5,4,16
57,34,4,0,1
57,35,5,4,24
57,36,5,0,23
57,37,5,0,20
57,38,5,0,22
57,39,5,0,1
57,40,5,0,5
57,41,5,0,12
57,42,5,0,24
57,43,5,4,0
57,44,4,0,2
57,45,5,4,23
57,46,5,4,20
57,47,5,4,10
57,48,5,4,21
57,49,5,0,14
57,50,5,0,19
57,51,5,0,9
57,52,5,0,17
57,53,5,0,5
57,54,5,0,14
57,55,5,4,13
57,56,4,0,16
57,57,1,4,14
57,58,1,0,20
57,59,1,4,18
57,60,4,0,13
57,61,1,4,23
57,62,1,4,13
57,63,1,4,8
57,64,1,4,7
57,65,1,0,13
57,66,1,4,20
57,67,1,4,20
57,68,1,0,13
57,69,1,0,8
57,70,1,0,13
57,71,1,4,4
57,72,1,4,3
57,73,1,4,16
57,74,4,0,2
57,75,5,4,24
57,76,5,0,2
57,77,5,0,6
57,78,5,0,16
58,0,5,0,20
58,1,5,4,18
58,2,4,0,18
58,3,4,10,18
58,4,10,0,23
58,5,10,0,22
58,6,10,0,8
58,7,4,10,16
58,8,4,10,9
58,9,4,0,5
58,10,4,0,16
58,11,4,10,1
58,12,4,10,19
58,13,1,4,6
58,14,1,0,24
58,15,1,4,18
58,16,4,10,20
58,17,4,0,3
58,18,1,4,8
58,19,4,10,4
58,20,4,0,21
58,21,4,0,22
58,22,4,0,17
58,23,4,0,14
58,24,4,0,13
58,25,1,4,7
58,26,1,0,4
58,27,1,4,18
58,28,4,0,2
58,29,5,4,22
58,30,5,4,20
58,31,5,0,21
58,32,5,4,4
58,33,5,4,2
58,34,5,4,19
58,35,5,0,7
58,36,5,0,6
58,37,5,0,11
58,38,5,0,8
58,39,5,0,13
58,40,5,0,5
58,41,5,0,16
58,42,5,0,12
58,43,5,4,17
58,44,4,0,1
58,45,5,4,8
58,46,5,4,8
58,47,4,0,7
58,48,5,4,24
58,49,5,0,13
58,50,5,0,7
58,51,5,0,22
58,52,5,0,6
58,53,5,0,16
58,54,5,4,0
58,55,4,0,1
58,56,1,4,9
58,57,1,0,21
58,58,1,4,13
58,59,4,0,24
58,60,4,0,12
58,61,1,4,8
58,62,4,0,7
58,63,4,0,11
58,64,1,4,24
58,65,1,4,0
58,66,1,4,8
58,67,1,4,21
58,68,1,4,20
58,69,1,0,11
58,70,1,0,11
58,71,1,0,8
58,72,1,4,4
58,73,1,4,3
58,74,5,4,6
58,75,5,4,20
58,76,5,0,4
58,77,5,0,6
58,78,5,0,20
59,0,5,4,0
59,1,4,0,13
59,2,4,10,0
59,3,10,0,13
59,4,10,0,20
59,5,4,10,16
59,6,4,10,9
59,7,4,10,4
59,8,4,0,6
59,9,4,0,13
59,10,4,0,8
59,11,4,10,4
59,12,4,0,16
59,13,1,4,24
59,14,1,4,0
59,15,4,10,15
59,16,4,10,22
59,17,4,0,1
59,18,1,4,16
59,19,4,0,5
59,20,5,4,16
59,21,5,4,16
59,22,4,0,14
59,23,4,0,13
59,24,4,0,4
59,25,1,4,23
59,26,1,4,15
59,27,4,0,21
59,28,4,0,0
59,29,5,4,8
59,30,5,4,7
59,31,5,0,9
59,32,5,0,13
59,33,5,4,4
59,34,5,0,24
59,35,5,0,5
59,36,5,0,5
59,37,5,0,5
59,38,5,0,15
59,39,5,0,6
59,40,5,0,15
59,41,5,0,5
59,42,5,0,21
59,43,5,4,18
59,44,4,0,24
59,45,4,0,4
59,46,4,0,13
59,47,5,4,6
59,48,5,0,14
59,49,5,0,7
59,50,5,0,6
59,51,5,0,2
59,52,5,4,20
59,53,5,4,20
59,54,5,4,18
59,55,1,4,6
59,56,1,0,3
59,57,1,4,13
59,58,5,4,16
59,59,5,4,16
59,60,4,0,8
59,61,4,0,2
59,62,4,0,12
59,63,1,4,6
59,64,1,0,4
59,65,1,4,18
59,66,4,0,7
59,67,1,4,8
59,68,1,4,22
59,69,1,0,19
59,70,1,0,0
59,71,1,0,22
59,72,1,0,21
59,73,1,4,17
59,74,5,4,8
59,75,5,4,23
59,76,5,0,18
59,77,5,0,21
59,78,5,0,0
60,0,5,4,18
60,1,4,0,15
60,2,4,10,17
60,3,4,10,16
60,4,4,10,14
60,5,10,1,8
60,6,1,4,18
60,7,5,4,16
60,8,5,4,16
60,9,5,4,16
60,10,5,4,16
60,11,4,0,18
60,12,1,4,6
60,13,1,0,22
60,14,4,10,13
60,15,10,0,5
60,16,4,10,24
60,17,1,4,9
60,18,1,4,3
60,19,5,4,6
60,20,5,4,4
60,21,5,4,1
60,22,4,0,20
60,23,1,4,16
60,24,4,0,15
60,25,1,4,8
60,26,5,4,16
60,27,5,4,16
60,28,4,0,15
60,29,4,0,24
60,30,5,4,24
60,31,5,0,2
60,32,5,0,8
60,33,5,0,2
60,34,5,0,24
60,35,5,0,16
60,36,5,0,11
60,37,5,0,11
60,38,5,0,23
60,39,5,0,12
60,40,5,0,14
60,41,5,0,17
60,42,5,4,0
60,43,4,0,10
60,44,4,0,8
60,45,4,0,7
60,46,4,0,3
60,47,5,4,21
60,48,5,0,5
60,49,5,0,22
60,50,5,0,24
60,51,5,4,13
60,52,5,4,8
60,53,5,4,8
60,54,4,0,7
60,55,1,4,21
60,56,1,4,13
60,57,5,4,6
60,58,5,4,4
60,59,5,4,18
60,60,4,0,2
60,61,4,0,6
60,62,4,0,16
60,63,1,4,23
60,64,1,4,13
60,65,4,0,4
60,66,4,0,0
60,67,4,0,13
60,68,1,4,23
60,69,1,4,20
60,70,1,0,11
60,71,1,0,7
60,72,1,0,20
60,73,1,4,18
60,74,4,0,20
60,75,5,4,22
60,76,5,0,24
60,77,5,0,22
60,78,5,0,3
61,0,4,0,20
61,1,4,0,23
61,2,4,10,4
61,3,4,10,4
61,4,1,0,17
61,5,1,4,0
61,6,5,4,6
61,7,5,4,4
61,8,5,4,4
61,9,5,4,4
61,10,5,4,3
61,11,4,0,13
61,12,1,4,23
61,13,4,10,0
61,14,10,0,10
61,15,4,10,14
61,16,1,4,6
61,17,1,0,0
61,18,1,4,3
61,19,5,4,24
61,20,5,0,9
61,21,5,4,18
61,22,1,4,11
61,23,1,4,2
61,24,4,0,15
61,25,5,4,6
61,26,5,4,4
61,27,5,4,3
61,28,4,0,20
61,29,5,4,6
61,30,5,0,23
61,31,5,0,21
61,32,5,0,17
61,33,5,0,20
61,34,5,0,11
61,35,5,0,23
61,36,5,0,2
61,37,5,0,13
61,38,5,0,20
61,39,5,0,9
61,40,5,0,14
61,41,5,0,9
61,42,5,4,18
61,43,4,0,21
61,44,4,6,20
61,45,4,0,7
61,46,4,0,16
61,47,5,4,24
61,48,5,0,22
61,49,5,0,6
61,50,5,4,10
61,51,4,0,24
61,52,4,0,10
61,53,4,6,20
61,54,4,0,21
61,55,1,4,8
61,56,4,0,21
61,57,5,4,24
61,58,5,4,0
61,59,4,0,3
61,60,4,0,17
61,61,5,4,16
61,62,5,4,16
61,63,1,4,8
61,64,4,0,2
61,65,4,0,9
61,66,4,0,21
61,67,4,0,12
61,68,1,4,8
61,69,1,4,23
61,70,1,0,21
61,71,1,4,20
61,72,1,4,15
61,73,4,0,4
61,74,4,0,17
61,75,5,4,23
61,76,5,0,23
61,77,5,0,3
61,78,5,4,20
62,0,5,4,16
62,1,5,4,16
62,2,4,0,1
62,3,1,4,23
62,4,1,0,16
62,5,1,4,18
62,6,5,4,24
62,7,5,0,21
62,8,5,0,3
62,9,5,0,15
62,10,5,4,3
62,11,4,0,5
62,12,1,4,8
62,13,4,10,3
62,14,4,10,11
62,15,4,0,12
62,16,1,4,7
62,17,1,0,8
62,18,1,4,18
62,19,5,0,6
62,20,5,4,0
62,21,1,4,6
62,22,1,0,13
62,23,1,4,18
62,24,4,0,14
62,25,5,4,24
62,26,5,0,21
62,27,5,4,18
62,28,4,0,17
62,29,5,4,24
62,30,5,0,8
62,31,5,0,20
62,32,5,0,1
62,33,5,0,1
62,34,5,0,11
62,35,5,0,17
62,36,5,0,10
62,37,5,0,3
62,38,5,0,11
62,39,5,0,14
62,40,5,0,24
62,41,5,4,13
62,42,4,0,13
62,43,4,6,5
62,44,4,6,21
62,45,4,0,21
62,46,5,4,6
62,47,5,0,6
62,48,5,0,6
62,49,5,4,0
62,50,4,0,3
62,51,4,6,20
62,52,4,6,10
62,53,4,6,21
62,54,4,0,1
62,55,4,0,21
62,56,5,4,11
62,57,5,0,18
62,58,5,4,3
62,59,4,0,24
62,60,5,4,9
62,61,5,4,4
62,62,5,4,17
62,63,5,4,16
62,64,4,0,4
62,65,4,0,2
62,66,4,0,10
62,67,4,0,11
62,68,4,0,11
62,69,1,4,7
62,70,1,4,13
62,71,1,4,8
62,72,1,4,1
62,73,1,4,16
62,74,4,0,15
62,75,5,4,7
62,76,5,4,20
62,77,5,4,13
62,78,5,4,7
63,0,5,4,4
63,1,5,4,3
63,2,4,0,13
63,3,1,4,24
63,4,1,4,0
63,5,5,4,6
63,6,5,0,10
63,7,5,0,23
63,8,5,0,14
63,9,5,0,17
63,10,5,4,3
63,11,4,0,9
63,12,5,4,16
63,13,4,10,4
63,14,5,4,16
63,15,4,0,8
63,16,1,4,22
63,17,1,4,5
63,18,5,4,24
63,19,5,0,10
63,20,5,4,3
63,21,1,4,7
63,22,1,4,10
63,23,4,0,16
63,24,5,4,11
63,25,5,0,12
63,26,5,4,0
63,27,4,0,13
63,28,5,4,6
63,29,5,0,14
63,30,5,0,13
63,31,5,0,1
63,32,5,0,2
63,33,5,0,20
63,34,5,0,5
63,35,5,0,20
63,36,5,0,1
63,37,5,0,16
63,38,5,0,18
63,39,5,0,6
63,40,5,4,0
63,41,4,0,5
63,42,4,6,0
63,43,6,0,10
63,44,4,6,22
63,45,4,0,11
63,46,5,4,7
63,47,5,4,20
63,48,5,4,20
63,49,5,4,18
63,50,4,6,13
63,51,4,6,8
63,52,6,0,10
63,53,4,6,23
63,54,4,0,16
63,55,5,4,6
63,56,5,0,14
63,57,5,0,9
63,58,5,4,17
63,59,5,4,19
63,60,5,0,4
63,61,5,0,12
63,62,5,4,4
63,63,5,4,3
63,64,4,0,19
63,65,5,4,16
63,66,5,4,16
63,67,5,4,16
63,68,4,0,14
63,69,1,4,8
63,70,1,4,6
63,71,1,0,13
63,72,1,4,18
63,73,1,4,3
63,74,4,0,20
63,75,5,4,8
63,76,5,4,8
63,77,4,0,11
63,78,5,4,23
64,0,5,0,8
64,1,5,4,18
64,2,1,4,6
64,3,1,0,13
64,4,1,4,18
64,5,5,4,24
64,6,5,0,22
64,7,5,0,6
64,8,5,0,2
64,9,5,0,14
64,10,5,4,18
64,11,5,4,6
64,12,5,4,4
64,13,5,4,4
64,14,5,4,17
64,15,4,0,1
64,16,1,4,8
64,17,5,4,9
64,18,5,0,23
64,19,5,0,24
64,20,5,4,18
64,21,1,4,8
64,22,4,0,22
64,23,5,4,14
64,24,5,0,16
64,25,5,0,3
64,26,5,4,1
64,27,4,0,17
64,28,5,4,24
64,29,5,0,23
64,30,5,0,3
64,31,5,0,3
64,32,5,0,20
64,33,5,0,19
64,34,5,0,3
64,35,5,0,2
64,36,5,0,18
64,37,5,0,3
64,38,5,4,20
64,39,5,4,20
64,40,5,4,18
64,41,4,0,10
64,42,4,6,18
64,43,6,0,9
64,44,4,6,24
64,45,4,0,9
64,46,5,4,8
64,47,5,4,8
64,48,5,4,8
64,49,4,6,5
64,50,6,0,18
64,51,6,0,14
64,52,6,0,18
64,53,4,6,21
64,54,4,0,12
64,55,5,4,24
64,56,5,0,6
64,57,5,0,3
64,58,5,4,4
64,59,5,0,4
64,60,5,0,2
64,61,5,0,0
64,62,5,0,9
64,63,5,4,2
64,64,5,4,14
64,65,5,4,4
64,66,5,4,4
64,67,5,4,3
64,68,4,0,11
64,69,4,0,6
64,70,1,4,7
64,71,1,4,5
64,72,1,0,8
64,73,1,4,18
64,74,4,0,23
64,75,4,0,11
64,76,4,0,0
64,77,4,0,18
64,78,5,4,22
65,0,5,4,0
65,1,4,0,20
65,2,1,4,22
65,3,1,4,15
65,4,5,4,6
65,5,5,0,10
65,6,5,0,6
65,7,5,0,21
65,8,5,0,19
65,9,5,4,0
65,10,4,0,17
65,11,5,4,24
65,12,5,0,13
65,13,5,0,16
65,14,5,4,1
65,15,4,0,1
65,16,5,4,6
65,17,5,0,6
65,18,5,0,0
65,19,5,4,0
65,20,4,0,13
65,21,4,0,13
65,22,5,4,19
65,23,5,0,1
65,24,5,0,2
65,25,5,0,15
65,26,5,4,1
65,27,5,4,14
65,28,5,0,0
65,29,5,0,13
65,30,5,0,17
65,31,5,0,7
65,32,5,0,10
65,33,5,0,15
65,34,5,0,20
65,35,5,0,12
65,36,5,0,21
65,37,5,4,15
65,38,5,4,8
65,39,5,4,8
65,40,4,0,13
65,41,4,6,5
65,42,6,0,21
65,43,4,6,6
65,44,4,0,7
65,45,4,0,14
65,46,4,0,2
65,47,4,0,5
65,48,4,6,13
65,49,6,0,0
65,50,6,0,9
65,51,6,0,17
65,52,6,0,22
65,53,4,6,24
65,54,5,4,6
65,55,5,0,9
65,56,5,0,5
65,57,5,0,0
65,58,5,0,10
65,59,5,0,14
65,60,5,0,21
65,61,5,0,8
65,62,5,0,22
65,63,5,4,4
65,64,5,0,21
65,65,5,0,13
65,66,5,0,13
65,67,5,4,17
65,68,5,4,16
65,69,4,0,10
65,70,1,4,8
65,71,1,4,23
65,72,1,4,13
65,73,1,4,16
65,74,4,0,24
65,75,4,0,17
65,76,4,0,23
65,77,4,0,14
65,78,5,4,21
66,0,5,4,2
66,1,4,0,11
66,2,1,4,8
66,3,4,0,2
66,4,5,4,22
66,5,5,0,4
66,6,5,0,18
66,7,5,0,10
66,8,5,0,10
66,9,5,4,1
66,10,5,4,11
66,11,5,0,18
66,12,5,0,9
66,13,5,0,1
66,14,5,4,18
66,15,4,0,10
66,16,5,4,24
66,17,5,0,14
66,18,5,0,15
66,19,5,4,3
66,20,4,0,23
66,21,5,4,14
66,22,5,0,13
66,23,5,0,5
66,24,5,0,12
66,25,5,0,22
66,26,5,4,4
66,27,5,0,22
66,28,5,0,15
66,29,5,0,9
66,30,5,0,1
66,31,5,0,5
66,32,5,0,15
66,33,5,0,20
66,34,5,0,20
66,35,5,0,22
66,36,5,4,0
66,37,4,0,21
66,38,4,6,20
66,39,4,6,20
66,40,4,6,15
66,41,6,0,12
66,42,6,0,2
66,43,4,6,24
66,44,4,0,12
66,45,4,0,14
66,46,4,0,21
66,47,4,6,0
66,48,6,0,4
66,49,6,0,10
66,50,6,0,12
66,51,6,0,11
66,52,4,6,6
66,53,4,0,21
66,54,5,4,22
66,55,5,0,7
66,56,5,0,12
66,57,5,0,11
66,58,5,0,20
66,59,5,0,2
66,60,5,0,0
66,61,5,0,10
66,62,5,0,24
66,63,5,0,9
66,64,5,0,24
66,65,5,0,3
66,66,5,0,5
66,67,5,4,4
66,68,5,4,2
66,69,4,0,18
66,70,4,0,13
66,71,1,4,8
66,72,1,4,9
66,73,1,4,17
66,74,4,0,7
66,75,4,0,12
66,76,4,0,4
66,77,4,0,20
66,78,5,4,24
67,0,5,4,3
67,1,5,4,16
67,2,5,4,16
67,3,4,0,4
67,4,5,4,24
67,5,5,0,14
67,6,5,0,13
67,7,5,0,20
67,8,5,4,13
67,9,5,4,4
67,10,5,0,12
67,11,5,0,12
67,12,5,0,18
67,13,5,4,0
67,14,4,0,10
67,15,5,4,14
67,16,5,0,4
67,17,5,0,8
67,18,5,0,21
67,19,5,4,1
67,20,5,4,14
67,21,5,0,23
67,22,5,0,15
67,23,5,0,8
67,24,5,0,5
67,25,5,0,13
67,26,5,0,15
67,27,5,0,16
67,28,5,0,17
67,29,5,0,23
67,30,5,0,5
67,31,5,0,10
67,32,5,0,16
67,33,5,0,11
67,34,5,0,10
67,35,5,0,16
67,36,5,4,17
67,37,4,6,13
67,38,4,6,8
67,39,4,6,8
67,40,6,0,22
67,41,1,6,16
67,42,4,6,6
67,43,4,6,20
67,44,4,6,20
67,45,4,6,20
67,46,4,0,16
67,47,4,6,2
67,48,4,6,16
67,49,6,0,24
67,50,6,0,2
67,51,6,0,13
67,52,4,6,23
67,53,4,0,15
67,54,5,4,22
67,55,5,0,6
67,56,5,0,21
67,57,5,0,14
67,58,5,0,20
67,59,5,0,17
67,60,5,0,17
67,61,5,0,21
67,62,5,0,18
67,63,5,0,5
67,64,5,0,5
67,65,5,0,12
67,66,5,0,19
67,67,5,0,9
67,68,5,4,2
67,69,5,4,16
67,70,4,0,9
67,71,1,4,14
67,72,1,0,11
67,73,1,4,18
67,74,5,4,16
67,75,5,4,16
67,76,5,4,16
67,77,5,4,9
67,78,5,0,6
68,0,5,4,4
68,1,5,4,4
68,2,5,4,18
68,3,5,4,6
68,4,5,0,4
68,5,5,0,6
68,6,5,0,20
68,7,5,4,0
68,8,4,0,19
68,9,5,4,24
68,10,5,0,9
68,11,5,0,22
68,12,5,0,24
68,13,5,4,3
68,14,5,4,9
68,15,5,0,9
68,16,5,0,20
68,17,5,0,13
68,18,5,0,5
68,19,5,4,4
68,20,5,0,1
68,21,5,0,7
68,22,5,0,12
68,23,5,0,18
68,24,5,0,20
68,25,5,0,6
68,26,5,0,0
68,27,5,0,7
68,28,5,0,17
68,29,5,0,13
68,30,5,0,9
68,31,5,0,21
68,32,5,0,6
68,33,5,0,9
68,34,5,0,17
68,35,5,0,2
68,36,4,6,0
68,37,6,0,10
68,38,6,0,10
68,39,1,6,16
68,40,1,6,9
68,41,1,6,17
68,42,4,6,8
68,43,4,6,8
68,44,4,6,8
68,45,4,6,23
68,46,4,0,11
68,47,4,6,4
68,48,4,6,18
68,49,6,0,19
68,50,6,0,0
68,51,6,0,23
68,52,4,6,24
68,53,4,0,22
68,54,5,4,24
68,55,5,0,4
68,56,5,0,17
68,57,5,0,0
68,58,5,0,16
68,59,5,0,6
68,60,5,0,24
68,61,5,0,22
68,62,5,0,12
68,63,5,0,9
68,64,5,0,21
68,65,5,0,12
68,66,5,0,17
68,67,5,0,15
68,68,5,4,4
68,69,5,4,18
68,70,1,4,14
68,71,1,0,13
68,72,1,4,10
68,73,5,4,6
68,74,5,4,4
68,75,5,4,4
68,76,5,4,4
68,77,5,0,17
68,78,5,0,18
69,0,5,0,0
69,1,5,4,0
69,2,4,0,18
69,3,5,4,24
69,4,5,0,14
69,5,5,0,17
69,6,5,0,0
69,7,5,4,3
69,8,5,4,19
69,9,5,0,8
69,10,5,0,3
69,11,5,0,12
69,12,5,0,16
69,13,5,4,4
69,14,5,0,19
69,15,5,0,22
69,16,5,0,1
69,17,5,0,17
69,18,5,0,16
69,19,5,0,17
69,20,5,0,8
69,21,5,0,7
69,22,5,0,1
69,23,5,0,18
69,24,5,0,22
69,25,5,0,0
69,26,5,0,16
69,27,5,0,3
69,28,5,0,3
69,29,5,0,18
69,30,5,0,0
69,31,5,0,24
69,32,5,0,22
69,33,5,0,5
69,34,5,0,7
69,35,5,4,0
69,36,4,6,1
69,37,6,0,1
69,38,1,6,9
69,39,1,6,4
69,40,1,0,24
69,41,1,6,18
69,42,6,0,18
69,43,6,0,21
69,44,6,0,12
69,45,4,6,7
69,46,4,0,10
69,47,4,6,0
69,48,6,0,17
69,49,6,0,3
69,50,4,6,16
69,51,4,6,14
69,52,4,0,13
69,53,5,4,6
69,54,5,0,0
69,55,5,0,0
69,56,5,0,20
69,57,5,0,6
69,58,5,0,16
69,59,5,0,2
69,60,5,0,0
69,61,5,0,4
69,62,5,0,3
69,63,5,0,2
69,64,5,0,6
69,65,5,0,23
69,66,5,0,2
69,67,5,0,3
69,68,5,4,0
69,69,1,4,14
69,70,1,0,24
69,71,1,4,15
69,72,4,0,4
69,73,5,4,24
69,74,5,0,1
69,75,5,0,3
69,76,5,0,14
69,77,5,0,10
69,78,5,0,9
70,0,5,0,12
70,1,5,4,3
70,2,5,4,19
70,3,5,0,14
70,4,5,0,18
70,5,5,0,4
70,6,5,0,1
70,7,5,4,4
70,8,5,0,17
70,9,5,0,1
70,10,5,0,24
70,11,5,0,1
70,12,5,0,8
70,13,5,0,22
70,14,5,0,10
70,15,5,0,9
70,16,5,0,4
70,17,5,0,24
70,18,5,0,16
70,19,5,0,20
70,20,5,0,24
70,21,5,0,17
70,22,5,0,2
70,23,5,0,13
70,24,5,0,22
70,25,5,0,9
70,26,5,0,4
70,27,5,0,4
70,28,5,0,22
70,29,5,0,16
70,30,5,0,12
70,31,5,0,0
70,32,5,0,14
70,33,5,0,6
70,34,5,0,19
70,35,5,4,2
70,36,4,6,17
70,37,1,6,6
70,38,1,0,16
70,39,1,0,18
70,40,1,6,0
70,41,6,0,23
70,42,6,0,23
70,43,1,6,16
70,44,6,0,2
70,45,4,6,24
70,46,4,0,12
70,47,4,6,3
70,48,6,0,3
70,49,4,6,19
70,50,4,6,4
70,51,4,0,11
70,52,4,0,15
70,53,5,4,24
70,54,5,0,6
70,55,5,0,5
70,56,5,0,20
70,57,5,0,12
70,58,5,0,2
70,59,5,0,3
70,60,5,0,13
70,61,5,0,2
70,62,5,0,24
70,63,5,0,3
70,64,5,0,11
70,65,5,0,15
70,66,5,0,16
70,67,5,0,12
70,68,1,4,6
70,69,1,0,6
70,70,1,4,13
70,71,4,0,22
70,72,5,4,9
70,73,5,0,9
70,74,5,0,3
70,75,5,0,1
70,76,5,0,13
70,77,5,0,6
70,78,5,0,6
71,0,5,0,11
71,1,5,4,4
71,2,5,0,9
71,3,5,0,6
71,4,5,0,14
71,5,5,0,7
71,6,5,0,3
71,7,5,0,18
71,8,5,0,3
71,9,5,0,5
71,10,5,0,1
71,11,5,0,5
71,12,5,0,7
71,13,5,0,4
71,14,5,0,16
71,15,5,0,24
71,16,5,0,14
71,17,5,0,19
71,18,5,0,20
71,19,5,0,21
71,20,5,0,6
71,21,5,0,19
71,22,5,0,6
71,23,5,0,0
71,24,5,0,0
71,25,5,0,12
71,26,5,0,16
71,27,5,0,1
71,28,5,0,10
71,29,5,0,15
71,30,5,0,21
71,31,5,0,0
71,32,5,0,14
71,33,5,0,14
71,34,5,0,20
71,35,5,4,18
71,36,4,6,18
71,37,1,6,7
71,38,1,6,20
71,39,1,0,9
71,40,1,6,1
71,41,6,0,10
71,42,1,6,11
71,43,1,6,1
71,44,4,6,6
71,45,4,0,17
71,46,4,0,5
71,47,4,6,1
71,48,4,6,11
71,49,4,0,19
71,50,5,4,16
71,51,5,4,16
71,52,5,4,9
71,53,5,0,8
71,54,5,0,8
71,55,5,0,14
71,56,5,0,7
71,57,5,0,18
71,58,5,0,6
71,59,5,0,21
71,60,5,0,20
71,61,5,0,8
71,62,5,0,4
71,63,5,0,13
71,64,5,0,20
71,65,5,0,4
71,66,5,0,18
71,67,5,4,10
71,68,1,4,7
71,69,1,4,10
71,70,4,0,8
71,71,5,4,19
71,72,5,0,14
71,73,5,0,8
71,74,5,0,2
71,75,5,0,10
71,76,5,0,22
71,77,5,0,13
71,78,5,0,20
72,0,5,0,11
72,1,5,0,23
72,2,5,0,16
72,3,5,0,19
72,4,5,0,9
72,5,5,0,12
72,6,5,0,18
72,7,5,0,24
72,8,5,0,0
72,9,5,0,17
72,10,5,0,3
72,11,5,0,14
72,12,5,0,24
72,13,5,0,21
72,14,5,0,10
72,15,5,0,0
72,16,5,0,21
72,17,5,0,8
72,18,5,0,8
72,19,5,0,6
72,20,5,0,12
72,21,5,0,4
72,22,5,0,16
72,23,5,0,3
72,24,5,0,0
72,25,5,0,16
72,26,5,0,16
72,27,5,0,20
72,28,5,0,3
72,29,5,0,9
72,30,5,0,22
72,31,5,0,19
72,32,5,0,17
72,33,5,0,8
72,34,5,4,0
72,35,4,6,0
72,36,6,0,5
72,37,1,6,8
72,38,1,6,22
72,39,1,0,21
72,40,1,6,18
72,41,1,6,11
72,42,1,0,13
72,43,1,6,18
72,44,4,6,22
72,45,4,0,24
72,46,4,0,3
72,47,4,6,4
72,48,4,0,10
72,49,5,4,9
72,50,5,4,4
72,51,5,4,4
72,52,5,0,24
72,53,5,0,5
72,54,5,0,23
72,55,5,0,16
72,56,5,0,21
72,57,5,0,13
72,58,5,0,13
72,59,5,0,20
72,60,5,0,0
72,61,5,0,10
72,62,5,0,13
72,63,5,0,6
72,64,5,0,12
72,65,5,0,20
72,66,5,4,15
72,67,4,0,19
72,68,1,4,8
72,69,4,0,12
72,70,5,4,6
72,71,5,0,5
72,72,5,0,12
72,73,5,0,20
72,74,5,0,11
72,75,5,0,19
72,76,5,0,24
72,77,5,0,20
72,78,5,0,13
73,0,5,0,9
73,1,5,0,3
73,2,5,0,9
73,3,5,0,2
73,4,5,0,19
73,5,5,0,2
73,6,5,0,4
73,7,5,0,5
73,8,5,0,0
73,9,5,0,9
73,10,5,0,6
73,11,5,0,15
73,12,5,0,3
73,13,5,0,18
73,14,5,0,22
73,15,5,0,17
73,16,5,0,12
73,17,5,0,16
73,18,5,0,8
73,19,5,0,3
73,20,5,0,7
73,21,5,0,5
73,22,5,0,7
73,23,5,0,12
73,24,5,0,6
73,25,5,0,22
73,26,5,0,9
73,27,5,0,20
73,28,5,0,18
73,29,5,0,13
73,30,5,0,12
73,31,5,0,22
73,32,5,0,4
73,33,5,0,3
73,34,5,4,17
73,35,4,6,3
73,36,4,6,16
73,37,4,6,16
73,38,1,6,22
73,39,1,6,15
73,40,1,6,19
73,41,1,0,17
73,42,1,6,15
73,43,6,0,4
73,44,4,6,24
73,45,4,0,19
73,46,4,0,0
73,47,4,0,18
73,48,5,4,14
73,49,5,0,3
73,50,5,0,7
73,51,5,0,1
73,52,5,0,23
73,53,5,0,3
73,54,5,0,3
73,55,5,0,6
73,56,5,0,24
73,57,5,0,20
73,58,5,0,17
73,59,5,0,19
73,60,5,4,20
73,61,5,0,18
73,62,5,0,10
73,63,5,0,11
73,64,5,0,20
73,65,5,4,10
73,66,4,0,3
73,67,4,0,18
73,68,4,0,12
73,69,4,0,2
73,70,5,4,24
73,71,5,0,12
73,72,5,0,7
73,73,5,0,22
73,74,5,0,12
73,75,5,0,8
73,76,5,0,5
73,77,5,0,20
73,78,5,0,0
74,0,5,0,1
74,1,5,0,22
74,2,5,0,5
74,3,5,0,1
74,4,5,0,2
74,5,5,0,6
74,6,5,0,16
74,7,5,0,4
74,8,5,0,7
74,9,5,0,23
74,10,5,0,23
74,11,5,0,12
74,12,5,0,8
74,13,5,0,17
74,14,5,0,3
74,15,5,0,9
74,16,5,0,3
74,17,5,0,24
74,18,5,0,11
74,19,5,0,17
74,20,5,0,22
74,21,5,0,1
74,22,5,0,18
74,23,5,0,13
74,24,5,0,4
74,25,5,0,17
74,26,5,0,14
74,27,5,0,23
74,28,5,0,5
74,29,5,0,5
74,30,5,0,1
74,31,5,0,9
74,32,5,0,14
74,33,5,0,15
74,34,5,4,2
74,35,4,6,4
74,36,4,6,4
74,37,4,6,18
74,38,1,6,8
74,39,1,6,6
74,40,1,0,7
74,41,1,6,15
74,42,4,6,16
74,43,4,6,19
74,44,4,0,14
74,45,4,0,1
74,46,4,0,16
74,47,5,4,6
74,48,5,0,22
74,49,5,0,23
74,50,5,0,9
74,51,5,0,13
74,52,5,0,13
74,53,5,0,6
74,54,5,0,19
74,55,5,0,16
74,56,5,0,0
74,57,5,0,0
74,58,5,0,11
74,59,5,4,15
74,60,5,4,21
74,61,5,0,24
74,62,5,0,22
74,63,5,0,19
74,64,5,4,13
74,65,4,0,14
74,66,4,6,20
74,67,4,0,10
74,68,4,0,5
74,69,5,4,6
74,70,5,4,20
74,71,5,0,14
74,72,5,0,1
74,73,5,0,15
74,74,5,0,10
74,75,5,0,2
74,76,5,0,5
74,77,5,0,19
74,78,5,0,16
75,0,5,0,23
75,1,5,0,15
75,2,5,0,9
75,3,5,0,24
75,4,5,0,20
75,5,5,0,2
75,6,5,0,3
75,7,5,0,3
75,8,5,0,3
75,9,5,0,18
75,10,5,0,0
75,11,5,0,12
75,12,5,0,1
75,13,5,0,24
75,14,5,0,23
75,15,5,0,2
75,16,5,0,18
75,17,5,0,8
75,18,5,0,11
75,19,5,0,2
75,20,5,0,0
75,21,5,0,14
75,22,5,0,12
75,23,5,0,18
75,24,5,0,9
75,25,5,0,3
75,26,5,0,1
75,27,5,0,6
75,28,5,0,13
75,29,5,4,20
75,30,5,0,0
75,31,5,0,24
75,32,5,0,10
75,33,5,0,15
75,34,5,4,4
75,35,5,4,18
75,36,4,6,0
75,37,6,0,15
75,38,6,0,8
75,39,1,6,22
75,40,1,6,5
75,41,4,6,11
75,42,4,6,4
75,43,4,0,20
75,44,5,4,16
75,45,5,4,16
75,46,4,0,20
75,47,5,4,24
75,48,5,0,11
75,49,5,0,17
75,50,5,0,1
75,51,5,0,10
75,52,5,0,15
75,53,5,0,4
75,54,5,0,15
75,55,5,4,20
75,56,5,0,8
75,57,5,0,22
75,58,5,4,0
75,59,4,0,0
75,60,5,4,21
75,61,5,0,14
75,62,5,0,20
75,63,5,4,10
75,64,4,0,19
75,65,4,6,10
75,66,4,6,7
75,67,4,0,21
75,68,4,0,10
75,69,5,4,8
75,70,5,4,22
75,71,5,0,6
75,72,5,0,17
75,73,5,0,1
75,74,5,0,13
75,75,5,0,1
75,76,5,0,11
75,77,5,0,19
75,78,5,0,24
76,0,5,0,2
76,1,5,0,19
76,2,5,0,4
76,3,5,0,8
76,4,5,0,8
76,5,5,0,0
76,6,5,0,6
76,7,5,0,12
76,8,5,0,21
76,9,5,0,19
76,10,5,0,12
76,11,5,0,12
76,12,5,0,0
76,13,5,0,8
76,14,5,0,21
76,15,5,0,6
76,16,5,0,12
76,17,5,0,15
76,18,5,0,1
76,19,5,0,16
76,20,5,0,20
76,21,5,0,5
76,22,5,0,23
76,23,5,0,23
76,24,5,0,8
76,25,5,0,4
76,26,5,4,20
76,27,5,4,20
76,28,5,4,5
76,29,5,4,7
76,30,5,4,20
76,31,5,4,20
76,32,5,0,11
76,33,5,0,9
76,34,5,4,0
76,35,4,0,15
76,36,4,6,18
76,37,6,0,3
76,38,6,0,21
76,39,1,6,8
76,40,4,6,6
76,41,4,0,22
76,42,5,4,16
76,43,5,4,11
76,44,5,4,4
76,45,5,4,3
76,46,5,4,11
76,47,5,0,10
76,48,5,0,22
76,49,5,0,15
76,50,5,0,2
76,51,5,0,19
76,52,5,0,7
76,53,5,0,24
76,54,5,4,10
76,55,5,4,7
76,56,5,0,21
76,57,5,0,0
76,58,5,4,18
76,59,4,0,7
76,60,5,4,21
76,61,5,4,20
76,62,5,4,5
76,63,4,0,4
76,64,4,6,13
76,65,6,0,2
76,66,4,6,21
76,67,4,0,11
76,68,4,0,7
76,69,4,0,18
76,70,5,4,23
76,71,5,0,7
76,72,5,0,2
76,73,5,0,14
76,74,5,0,15
76,75,5,0,15
76,76,5,0,2
76,77,5,0,15
76,78,5,0,12
77,0,5,0,8
77,1,5,0,22
77,2,5,0,12
77,3,5,0,6
77,4,5,0,21
77,5,5,0,24
77,6,5,0,12
77,7,5,0,1
77,8,5,0,20
77,9,5,0,17
77,10,5,0,15
77,11,5,0,2
77,12,5,0,15
77,13,5,0,17
77,14,5,0,1
77,15,5,0,21
77,16,5,0,6
77,17,5,0,3
77,18,5,0,15
77,19,5,0,7
77,20,5,0,20
77,21,5,0,2
77,22,5,0,23
77,23,5,0,0
77,24,5,0,8
77,25,5,4,10
77,26,4,6,20
77,27,5,4,8
77,28,4,0,20
77,29,5,4,8
77,30,5,4,8
77,31,5,4,7
77,32,5,4,20
77,33,5,4,20
77,34,5,4,18
77,35,4,6,13
77,36,6,0,1
77,37,6,0,12
77,38,6,0,0
77,39,6,0,18
77,40,4,6,24
77,41,5,4,6
77,42,5,4,4
77,43,5,0,22
77,44,5,0,16
77,45,5,4,4
77,46,5,0,8
77,47,5,0,18
77,48,5,0,6
77,49,5,0,23
77,50,5,0,7
77,51,5,0,24
77,52,5,0,18
77,53,5,4,5
77,54,4,0,5
77,55,5,4,24
77,56,5,0,8
77,57,5,4,15
77,58,4,0,5
77,59,4,0,23
77,60,5,4,8
77,61,5,4,8
77,62,4,6,20
77,63,4,6,10
77,64,6,0,24
77,65,6,0,19
77,66,4,6,23
77,67,4,0,14
77,68,4,0,18
77,69,4,0,1
77,70,5,4,7
77,71,5,0,7
77,72,5,0,6
77,73,5,0,6
77,74,5,0,21
77,75,5,0,10
77,76,5,0,2
77,77,5,0,5
77,78,5,4,20
78,0,5,0,12
78,1,5,0,18
78,2,5,0,15
78,3,5,0,18
78,4,5,0,14
78,5,5,0,17
78,6,5,0,4
78,7,5,0,4
78,8,5,0,9
78,9,5,0,22
78,10,5,0,0
78,11,5,0,20
78,12,5,0,24
78,13,5,0,16
78,14,5,0,3
78,15,5,0,10
78,16,5,0,16
78,17,5,0,11
78,18,5,0,19
78,19,5,0,7
78,20,5,0,12
78,21,5,0,23
78,22,5,0,24
78,23,5,0,15
78,24,5,4,0
78,25,4,6,10
78,26,4,6,7
78,27,4,6,20
78,28,4,6,20
78,29,4,0,2
78,30,4,0,3
78,31,5,4,8
78,32,4,6,4
78,33,5,4,8
78,34,4,6,13
78,35,6,0,3
78,36,4,6,16
78,37,4,6,16
78,38,4,6,16
78,39,4,6,14
78,40,4,0,14
78,41,5,4,24
78,42,5,0,4
78,43,5,0,6
78,44,5,0,7
78,45,5,0,19
78,46,5,0,2
78,47,5,0,0
78,48,5,0,4
78,49,5,0,18
78,50,5,0,0
78,51,5,0,24
78,52,5,4,10
78,53,4,0,22
78,54,5,4,6
78,55,5,4,20
78,56,5,4,10
78,57,4,6,20
78,58,4,6,20
78,59,4,6,20
78,60,4,6,20
78,61,4,6,13
78,62,4,6,8
78,63,1,6,16
78,64,1,6,16
78,65,1,6,16
78,66,4,6,22
78,67,4,0,20
78,68,4,0,6
78,69,4,0,8
78,70,5,4,24
78,71,5,0,16
78,72,5,0,6
78,73,5,0,17
78,74,5,0,14
78,75,5,0,13
78,76,5,0,7
78,77,5,4,15
78,78,5,4,23
79,0,5,0,18
79,1,5,0,6
79,2,5,0,17
79,3,5,0,10
79,4,5,0,18
79,5,5,0,0
79,6,5,0,24
79,7,5,0,22
79,8,5,0,0
79,9,5,0,14
79,10,5,0,1
79,11,5,0,0
79,12,5,0,17
79,13,5,0,4
79,14,5,0,5
79,15,5,0,22
79,16,5,0,17
79,17,5,0,3
79,18,5,0,18
79,19,5,0,11
79,20,5,0,13
79,21,5,0,0
79,22,5,0,1
79,23,5,0,10
79,24,4,6,0
79,25,6,0,1
79,26,4,6,8
79,27,4,6,8
79,28,4,6,22
79,29,4,6,20
79,30,4,0,19
79,31,4,0,13
79,32,4,0,22
79,33,4,6,13
79,34,6,0,11
79,35,4,6,6
79,36,4,6,4
79,37,4,6,4
79,38,4,6,4
79,39,4,0,21
79,40,5,4,6
79,41,5,0,2
79,42,5,0,17
79,43,5,0,7
79,44,5,0,8
79,45,5,0,17
79,46,5,0,24
79,47,5,0,4
79,48,5,0,16
79,49,5,0,4
79,50,5,0,19
79,51,5,4,0
79,52,4,0,20
79,53,4,0,4
79,54,5,4,8
79,55,5,4,8
79,56,4,6,5
79,57,4,6,8
79,58,4,6,8
79,59,4,6,8
79,60,4,6,8
79,61,6,0,5
79,62,1,6,9
79,63,1,6,4
79,64,1,6,4
79,65,1,6,2
79,66,4,6,23
79,67,4,0,19
79,68,4,0,22
79,69,5,4,6
79,70,5,0,21
79,71,5,0,24
79,72,5,0,18
79,73,5,0,9
79,74,5,0,23
79,75,5,0,1
79,76,5,4,0
79,77,4,0,10
79,78,5,4,21
80,0,5,0,24
80,1,5,0,20
80,2,5,0,18
80,3,5,0,3
80,4,5,0,11
80,5,5,0,6
80,6,5,0,12
80,7,5,0,11
80,8,5,0,15
80,9,5,0,7
80,10,5,0,1
80,11,5,0,17
80,12,5,0,20
80,13,5,0,15
80,14,5,0,4
80,15,5,0,22
80,16,5,0,2
80,17,5,0,5
80,18,5,0,7
80,19,5,0,6
80,20,5,0,23
80,21,5,0,19
80,22,5,4,20
80,23,5,4,15
80,24,4,6,18
80,25,6,0,20
80,26,6,0,7
80,27,6,0,5
80,28,4,6,8
80,29,4,6,23
80,30,4,0,15
80,31,4,0,16
80,32,4,6,15
80,33,6,0,2
80,34,6,0,13
80,35,4,6,24
80,36,4,0,20
80,37,5,4,16
80,38,5,4,16
80,39,4,0,17
80,40,5,4,24
80,41,5,0,2
80,42,5,0,17
80,43,5,0,15
80,44,5,0,11
80,45,5,0,4
80,46,5,0,6
80,47,5,0,15
80,48,5,0,8
80,49,5,0,4
80,50,5,0,13
80,51,5,4,18
80,52,4,6,20
80,53,4,0,5
80,54,4,0,3
80,55,4,6,0
80,56,6,0,7
80,57,1,6,16
80,58,6,0,9
80,59,6,0,19
80,60,6,0,2
80,61,1,6,19
80,62,1,0,1
80,63,1,0,22
80,64,1,0,20
80,65,1,6,18
80,66,4,6,23
80,67,4,0,6
80,68,4,0,4
80,69,5,4,23
80,70,5,0,16
80,71,5,0,12
80,72,5,0,16
80,73,5,0,9
80,74,5,0,19
80,75,5,0,8
80,76,5,4,18
80,77,4,0,19
80,78,5,4,24
81,0,5,0,4
81,1,5,0,23
81,2,5,0,11
81,3,5,0,5
81,4,5,0,1
81,5,5,0,13
81,6,5,0,19
81,7,5,0,22
81,8,5,0,17
81,9,5,0,11
81,10,5,0,5
81,11,5,0,21
81,12,5,0,19
81,13,5,0,20
81,14,5,0,16
81,15,5,0,14
81,16,5,0,18
81,17,5,0,8
81,18,5,0,16
81,19,5,0,14
81,20,5,0,18
81,21,5,4,15
81,22,5,4,8
81,23,4,6,0
81,24,6,0,9
81,25,6,0,16
81,26,6,0,11
81,27,6,0,18
81,28,6,0,13
81,29,4,6,24
81,30,4,0,10
81,31,4,6,15
81,32,6,0,2
81,33,6,0,15
81,34,4,6,14
81,35,4,0,20
81,36,5,4,9
81,37,5,4,4
81,38,5,4,1
81,39,5,4,11
81,40,5,0,11
81,41,5,0,19
81,42,5,0,1
81,43,5,0,2
81,44,5,0,18
81,45,5,0,16
81,46,5,0,4
81,47,5,0,6
81,48,5,0,7
81,49,5,0,1
81,50,5,4,10
81,51,4,6,5
81,52,4,6,21
81,53,4,0,5
81,54,4,0,10
81,55,4,6,18
81,56,1,6,14
81,57,1,6,1
81,58,6,0,23
81,59,6,0,2
81,60,1,6,6
81,61,1,0,2
81,62,1,0,21
81,63,1,0,10
81,64,1,6,15
81,65,6,0,22
81,66,4,6,24
81,67,4,0,5
81,68,4,0,21
81,69,5,4,24
81,70,5,0,14
81,71,5,0,5
81,72,5,0,23
81,73,5,0,19
81,74,5,0,13
81,75,5,4,0
81,76,4,0,18
81,77,5,4,6
81,78,5,0,16
82,0,5,0,6
82,1,5,0,6
82,2,5,0,3
82,3,5,0,11
82,4,5,0,8
82,5,5,0,15
82,6,5,0,7
82,7,5,0,6
82,8,5,0,13
82,9,5,0,21
82,10,5,0,2
82,11,5,0,17
82,12,5,0,3
82,13,5,0,13
82,14,5,0,7
82,15,5,0,11
82,16,5,0,21
82,17,5,0,8
82,18,5,0,18
82,19,5,0,2
82,20,5,4,0
82,21,4,0,19
82,22,4,0,23
82,23,4,6,18
82,24,6,0,2
82,25,6,0,22
82,26,1,6,16
82,27,6,0,20
82,28,4,6,6
82,29,4,6,20
82,30,4,6,20
82,31,4,6,18
82,32,6,0,14
82,33,4,6,14
82,34,4,0,16
82,35,5,4,11
82,36,5,0,4
82,37,5,0,6
82,38,5,4,4
82,39,5,0,22
82,40,5,0,22
82,41,5,0,8
82,42,5,0,11
82,43,5,0,17
82,44,5,0,19
82,45,5,0,23
82,46,5,0,19
82,47,5,0,2
82,48,5,0,0
82,49,5,4,10
82,50,4,6,0
82,51,6,0,8
82,52,4,6,24
82,53,4,0,22
82,54,4,6,0
82,55,1,6,6
82,56,1,0,9
82,57,1,6,2
82,58,6,0,0
82,59,6,0,20
82,60,1,6,23
82,61,1,6,20
82,62,1,6,20
82,63,1,6,15
82,64,6,0,3
82,65,4,6,6
82,66,4,0,13
82,67,4,0,20
82,68,5,4,9
82,69,5,0,13
82,70,5,0,20
82,71,5,0,16
82,72,5,0,8
82,73,5,0,10
82,74,5,0,1
82,75,5,4,18
82,76,4,0,16
82,77,5,4,24
82,78,5,0,7
83,0,5,0,2
83,1,5,0,1
83,2,5,0,13
83,3,5,0,4
83,4,5,0,11
83,5,5,0,14
83,6,5,0,1
83,7,5,0,15
83,8,5,0,3
83,9,5,0,8
83,10,5,0,12
83,11,5,0,11
83,12,5,0,1
83,13,5,0,3
83,14,5,0,9
83,15,5,0,5
83,16,5,0,21
83,17,5,0,6
83,18,5,0,21
83,19,5,0,12
83,20,5,4,17
83,21,4,0,24
83,22,4,6,0
83,23,6,0,23
83,24,6,0,2
83,25,1,6,19
83,26,1,6,3
83,27,1,6,16
83,28,1,6,16
83,29,4,6,8
83,30,4,6,8
83,31,6,0,19
83,32,4,6,9
83,33,5,4,16
83,34,5,4,19
83,35,5,0,12
83,36,5,0,16
83,37,5,0,4
83,38,5,0,11
83,39,5,0,7
83,40,5,0,24
83,41,5,0,9
83,42,5,0,1
83,43,5,0,22
83,44,5,0,9
83,45,5,0,18
83,46,5,0,18
83,47,5,4,20
83,48,5,4,5
83,49,4,6,20
83,50,4,6,18
83,51,4,6,6
83,52,4,6,20
83,53,4,6,20
83,54,4,6,18
83,55,1,6,24
83,56,1,0,18
83,57,1,6,18
83,58,6,0,11
83,59,6,0,12
83,60,1,6,8
83,61,1,6,8
83,62,1,6,8
83,63,6,0,23
83,64,6,0,12
83,65,4,6,24
83,66,4,0,19
83,67,5,4,6
83,68,5,0,22
83,69,5,0,8
83,70,5,0,14
83,71,5,0,21
83,72,5,0,15
83,73,5,0,13
83,74,5,4,0
83,75,4,0,19
83,76,5,4,6
83,77,5,0,13
83,78,5,0,7
84,0,5,0,18
84,1,5,0,8
84,2,5,0,10
84,3,5,0,21
84,4,5,0,14
84,5,5,0,4
84,6,5,0,23
84,7,5,0,15
84,8,5,0,11
84,9,5,0,4
84,10,5,0,1
84,11,5,0,21
84,12,5,0,22
84,13,5,0,14
84,14,5,0,17
84,15,5,0,18
84,16,5,0,22
84,17,5,0,3
84,18,5,0,23
84,19,5,0,3
84,20,5,4,18
84,21,4,0,10
84,22,4,6,18
84,23,6,0,15
84,24,1,6,6
84,25,1,0,15
84,26,1,6,4
84,27,1,6,4
84,28,1,6,2
84,29,6,0,23
84,30,6,0,11
84,31,4,6,6
84,32,5,4,6
84,33,5,4,4
84,34,5,0,2
84,35,5,0,7
84,36,5,0,9
84,37,5,0,4
84,38,5,0,8
84,39,5,0,13
84,40,5,0,15
84,41,5,0,24
84,42,5,0,8
84,43,5,0,4
84,44,5,0,22
84,45,5,0,5
84,46,5,4,10
84,47,5,4,8
84,48,4,6,15
84,49,4,6,8
84,50,6,0,20
84,51,4,6,8
84,52,4,6,8
84,53,4,6,8
84,54,1,6,6
84,55,1,0,12
84,56,1,6,0
84,57,6,0,15
84,58,6,0,11
84,59,6,0,11
84,60,6,0,2
84,61,6,0,17
84,62,6,0,15
84,63,4,6,16
84,64,4,6,11
84,65,4,0,21
84,66,4,0,17
84,67,5,4,24
84,68,5,0,14
84,69,5,0,20
84,70,5,0,14
84,71,5,0,16
84,72,5,0,1
84,73,5,0,15
84,74,5,4,18
84,75,4,0,10
84,76,5,4,24
84,77,5,0,0
84,78,5,0,23
85,0,5,0,22
85,1,5,0,7
85,2,5,0,11
85,3,5,0,1
85,4,5,0,16
85,5,5,0,22
85,6,5,0,22
85,7,5,0,4
85,8,5,0,21
85,9,5,0,6
85,10,5,0,10
85,11,5,0,8
85,12,5,0,2
85,13,5,0,15
85,14,5,0,14
85,15,5,0,12
85,16,5,0,23
85,17,5,0,22
85,18,5,0,9
85,19,5,4,0
85,20,4,0,20
85,21,4,6,13
85,22,6,0,1
85,23,6,0,21
85,24,1,6,24
85,25,1,0,23
85,26,1,0,4
85,27,1,0,1
85,28,1,6,18
85,29,6,0,0
85,30,6,0,16
85,31,4,6,24
85,32,5,4,24
85,33,5,0,7
85,34,5,0,16
85,35,5,0,2
85,36,5,0,3
85,37,5,0,8
85,38,5,0,13
85,39,5,0,1
85,40,5,0,10
85,41,5,0,9
85,42,5,0,19
85,43,5,0,2
85,44,5,0,15
85,45,5,4,0
85,46,4,0,2
85,47,4,6,0
85,48,6,0,1
85,49,6,0,21
85,50,6,0,1
85,51,6,0,9
85,52,6,0,14
85,53,6,0,20
85,54,1,6,22
85,55,1,0,12
85,56,1,6,1
85,57,6,0,1
85,58,6,0,2
85,59,6,0,24
85,60,6,0,21
85,61,6,0,10
85,62,4,6,6
85,63,4,6,4
85,64,4,0,1
85,65,5,4,16
85,66,5,4,11
85,67,5,0,8
85,68,5,0,11
85,69,5,0,20
85,70,5,0,3
85,71,5,0,9
85,72,5,0,11
85,73,5,4,0
85,74,4,0,19
85,75,5,4,6
85,76,5,0,0
85,77,5,0,3
85,78,5,0,15
86,0,5,0,4
86,1,5,0,19
86,2,5,0,23
86,3,5,0,15
86,4,5,0,19
86,5,5,0,12
86,6,5,0,9
86,7,5,0,13
86,8,5,0,9
86,9,5,0,8
86,10,5,0,8
86,11,5,0,1
86,12,5,0,6
86,13,5,0,23
86,14,5,0,21
86,15,5,0,8
86,16,5,0,15
86,17,5,0,10
86,18,5,0,13
86,19,5,4,18
86,20,4,6,0
86,21,6,0,23
86,22,6,0,10
86,23,1,6,6
86,24,1,0,14
86,25,1,0,3
86,26,1,6,20
86,27,1,6,15
86,28,6,0,17
86,29,6,0,4
86,30,4,6,6
86,31,4,6,0
86,32,5,0,10
86,33,5,0,8
86,34,5,0,2
86,35,5,0,9
86,36,5,0,14
86,37,5,0,15
86,38,5,0,11
86,39,5,0,13
86,40,5,0,8
86,41,5,0,20
86,42,5,0,3
86,43,5,0,0
86,44,5,0,12
86,45,5,4,18
86,46,4,0,8
86,47,4,6,17
86,48,6,0,4
86,49,6,0,13
86,50,6,0,13
86,51,6,0,6
86,52,6,0,18
86,53,6,0,14
86,54,1,6,24
86,55,1,0,17
86,56,1,6,18
86,57,6,0,1
86,58,6,0,6
86,59,1,6,16
86,60,1,6,16
86,61,6,0,24
86,62,4,6,24
86,63,4,0,13
86,64,5,4,6
86,65,5,4,4
86,66,5,0,10
86,67,5,0,11
86,68,5,0,22
86,69,5,0,13
86,70,5,0,8
86,71,5,0,4
86,72,5,0,11
86,73,5,4,18
86,74,4,0,11
86,75,5,4,24
86,76,5,0,22
86,77,5,0,16
86,78,5,0,20
87,0,5,0,8
87,1,5,0,23
87,2,5,0,0
87,3,5,0,22
87,4,5,0,0
87,5,5,0,21
87,6,5,0,8
87,7,5,0,18
87,8,5,0,3
87,9,5,0,16
87,10,5,0,10
87,11,5,0,0
87,12,5,0,8
87,13,5,0,20
87,14,5,0,10
87,15,5,0,12
87,16,5,0,19
87,17,5,0,16
87,18,5,4,0
87,19,4,0,15
87,20,4,6,3
87,21,4,6,16
87,22,6,0,3
87,23,1,6,24
87,24,1,0,10
87,25,1,6,5
87,26,1,6,8
87,27,6,0,20
87,28,6,0,18
87,29,6,0,2
87,30,4,6,24
87,31,5,4,22
87,32,5,0,21
87,33,5,0,5
87,34,5,0,0
87,35,5,0,10
87,36,5,0,7
87,37,5,0,16
87,38,5,0,8
87,39,5,0,14
87,40,5,0,21
87,41,5,0,21
87,42,5,0,11
87,43,5,0,8
87,44,5,4,0
87,45,4,0,23
87,46,4,0,6
87,47,4,6,17
87,48,4,6,16
87,49,6,0,17
87,50,6,0,18
87,51,6,0,9
87,52,6,0,24
87,53,1,6,6
87,54,1,0,18
87,55,1,6,0
87,56,1,6,16
87,57,1,6,16
87,58,1,6,19
87,59,1,6,4
87,60,1,6,1
87,61,4,6,6
87,62,4,0,7
87,63,4,0,18
87,64,5,4,24
87,65,5,0,16
87,66,5,0,24
87,67,5,0,3
87,68,5,0,12
87,69,5,0,17
87,70,5,0,21
87,71,5,4,20
87,72,5,4,5
87,73,4,0,13
87,74,5,4,6
87,75,5,0,11
87,76,5,0,15
87,77,5,0,6
87,78,5,0,4
88,0,5,0,22
88,1,5,0,0
88,2,5,0,13
88,3,5,0,24
88,4,5,0,9
88,5,5,0,6
88,6,5,0,16
88,7,5,0,11
88,8,5,0,3
88,9,5,0,8
88,10,5,0,2
88,11,5,0,10
88,12,5,0,4
88,13,5,0,6
88,14,5,0,19
88,15,5,0,1
88,16,5,0,0
88,17,5,0,22
88,18,5,4,17
88,19,4,0,8
88,20,4,6,4
88,21,4,6,18
88,22,1,6,6
88,23,1,0,14
88,24,1,6,15
88,25,6,0,15
88,26,6,0,18
88,27,6,0,22
88,28,4,6,16
88,29,4,6,19
88,30,4,0,15
88,31,5,4,24
88,32,5,0,7
88,33,5,0,1
88,34,5,0,3
88,35,5,0,4
88,36,5,0,11
88,37,5,0,23
88,38,5,0,8
88,39,5,0,10
88,40,5,0,0
88,41,5,0,0
88,42,5,0,12
88,43,5,0,2
88,44,5,4,18
88,45,4,0,16
88,46,4,0,20
88,47,4,6,4
88,48,4,6,2
88,49,4,6,16
88,50,6,0,2
88,51,6,0,10
88,52,6,0,14
88,53,1,6,22
88,54,1,0,12
88,55,1,6,4
88,56,1,6,4
88,57,1,6,4
88,58,1,0,0
88,59,1,0,6
88,60,1,6,18
88,61,4,6,21
88,62,4,0,17
88,63,5,4,6
88,64,5,0,20
88,65,5,0,0
88,66,5,0,21
88,67,5,0,14
88,68,5,0,8
88,69,5,0,13
88,70,5,4,0
88,71,5,4,8
88,72,4,0,9
88,73,4,0,11
88,74,5,4,7
88,75,5,0,1
88,76,5,0,22
88,77,5,0,4
88,78,5,0,2
89,0,5,0,15
89,1,5,0,1
89,2,5,0,24
89,3,5,0,20
89,4,5,0,11
89,5,5,0,10
89,6,5,0,20
89,7,5,0,14
89,8,5,0,21
89,9,5,0,22
89,10,5,0,16
89,11,5,0,19
89,12,5,0,22
89,13,5,0,20
89,14,5,0,20
89,15,5,0,13
89,16,5,0,3
89,17,5,0,24
89,18,5,4,18
89,19,4,0,10
89,20,4,6,0
89,21,6,0,19
89,22,1,6,7
89,23,1,6,10
89,24,6,0,20
89,25,6,0,17
89,26,6,0,5
89,27,4,6,14
89,28,4,6,4
89,29,4,0,8
89,30,5,4,6
89,31,5,0,3
89,32,5,0,14
89,33,5,0,1
89,34,5,0,19
89,35,5,0,16
89,36,5,0,7
89,37,5,0,24
89,38,5,0,2
89,39,5,0,12
89,40,5,0,19
89,41,5,0,6
89,42,5,0,11
89,43,5,4,15
89,44,4,0,9
89,45,4,0,20
89,46,4,0,2
89,47,4,0,7
89,48,4,6,4
89,49,4,6,17
89,50,4,6,16
89,51,6,0,18
89,52,6,0,4
89,53,1,6,22
89,54,1,0,12
89,55,1,0,8
89,56,1,0,12
89,57,1,0,15
89,58,1,0,21
89,59,1,6,0
89,60,6,0,22
89,61,4,6,24
89,62,4,0,15
89,63,5,4,23
89,64,5,0,16
89,65,5,0,9
89,66,5,0,7
89,67,5,0,1
89,68,5,0,6
89,69,5,0,5
89,70,5,4,18
89,71,4,0,19
89,72,4,0,6
89,73,4,0,8
89,74,5,4,22
89,75,5,4,20
89,76,5,4,20
89,77,5,0,1
89,78,5,0,0
90,0,5,0,18
90,1,5,0,14
90,2,5,0,24
90,3,5,0,22
90,4,5,0,8
90,5,5,0,20
90,6,5,0,20
90,7,5,0,0
90,8,5,0,17
90,9,5,0,17
90,10,5,0,8
90,11,5,0,9
90,12,5,0,23
90,13,5,0,14
90,14,5,0,23
90,15,5,0,18
90,16,5,0,10
90,17,5,4,0
90,18,4,0,6
90,19,4,0,20
90,20,4,6,18
90,21,6,0,21
90,22,1,6,8
90,23,6,0,22
90,24,6,0,2
90,25,6,0,6
90,26,4,6,6
90,27,4,0,5
90,28,4,0,5
90,29,4,0,9
90,30,5,4,24
90,31,5,0,17
90,32,5,0,11
90,33,5,0,16
90,34,5,0,2
90,35,5,0,14
90,36,5,0,20
90,37,5,0,11
90,38,5,0,1
90,39,5,0,18
90,40,5,0,24
90,41,5,0,5
90,42,5,4,0
90,43,4,0,11
90,44,4,6,20
90,45,4,0,14
90,46,4,0,9
90,47,4,0,15
90,48,4,6,20
90,49,4,6,4
90,50,4,6,1
90,51,6,0,17
90,52,6,0,22
90,53,1,6,21
90,54,1,6,20
90,55,1,6,20
90,56,1,0,24
90,57,1,0,21
90,58,1,0,7
90,59,1,6,18
90,60,4,6,6
90,61,4,0,18
90,62,4,0,8
90,63,5,4,23
90,64,5,0,24
90,65,5,0,6
90,66,5,0,15
90,67,5,0,3
90,68,5,0,13
90,69,5,4,0
90,70,4,0,13
90,71,4,0,17
90,72,1,4,16
90,73,4,0,17
90,74,5,4,8
90,75,5,4,8
90,76,5,4,23
90,77,5,0,4
90,78,5,0,3
91,0,5,0,8
91,1,5,0,15
91,2,5,0,17
91,3,5,0,19
91,4,5,0,23
91,5,5,0,16
91,6,5,0,22
91,7,5,0,20
91,8,5,0,0
91,9,5,0,19
91,10,5,0,19
91,11,5,0,10
91,12,5,0,24
91,13,5,0,2
91,14,5,0,18
91,15,5,0,18
91,16,5,0,23
91,17,5,4,17
91,18,4,0,17
91,19,4,6,0
91,20,6,0,2
91,21,6,0,1
91,22,6,0,0
91,23,4,6,16
91,24,4,6,16
91,25,6,0,14
91,26,4,6,24
91,27,4,0,14
91,28,4,0,1
91,29,5,4,9
91,30,5,0,9
91,31,5,0,17
91,32,5,0,9
91,33,5,0,14
91,34,5,0,20
91,35,5,0,4
91,36,5,0,0
91,37,5,4,20
91,38,5,4,20
91,39,5,0,23
91,40,5,0,24
91,41,5,0,11
91,42,5,4,18
91,43,4,6,10
91,44,4,6,23
91,45,4,0,18
91,46,4,0,23
91,47,4,6,10
91,48,4,6,21
91,49,4,0,4
91,50,4,6,17
91,51,4,6,16
91,52,4,6,16
91,53,1,6,8
91,54,1,6,8
91,55,1,6,21
91,56,1,6,20
91,57,1,6,20
91,58,1,6,5
91,59,6,0,15
91,60,4,6,23
91,61,4,0,6
91,62,4,0,0
91,63,5,4,24
91,64,5,0,0
91,65,5,0,22
91,66,5,0,4
91,67,5,0,13
91,68,5,0,10
91,69,5,4,18
91,70,4,0,19
91,71,1,4,9
91,72,1,4,3
91,73,4,0,2
91,74,4,0,4
91,75,4,0,3
91,76,5,4,22
91,77,5,0,19
91,78,5,0,20
92,0,5,0,15
92,1,5,0,23
92,2,5,0,24
92,3,5,0,20
92,4,5,0,22
92,5,5,0,13
92,6,5,0,14
92,7,5,0,6
92,8,5,0,21
92,9,5,0,4
92,10,5,0,13
92,11,5,0,13
92,12,5,0,20
92,13,5,0,6
92,14,5,0,7
92,15,5,0,8
92,16,5,0,23
92,17,5,4,3
92,18,4,0,1
92,19,4,6,1
92,20,4,6,16
92,21,6,0,4
92,22,4,6,6
92,23,4,6,4
92,24,4,6,18
92,25,4,6,6
92,26,4,0,18
92,27,4,0,10
92,28,5,4,11
92,29,5,0,19
92,30,5,0,1
92,31,5,0,13
92,32,5,0,22
92,33,5,0,1
92,34,5,0,7
92,35,5,0,9
92,36,5,4,10
92,37,5,4,8
92,38,5,4,21
92,39,5,0,7
92,40,5,0,16
92,41,5,4,0
92,42,4,6,0
92,43,6,0,18
92,44,4,6,7
92,45,4,0,8
92,46,4,6,0
92,47,6,0,12
92,48,4,6,7
92,49,4,0,15
92,50,4,6,4
92,51,4,6,4
92,52,4,6,4
92,53,4,6,2
92,54,6,0,2
92,55,1,6,8
92,56,1,6,8
92,57,1,6,8
92,58,6,0,16
92,59,6,0,8
92,60,4,6,21
92,61,4,0,22
92,62,5,4,6
92,63,5,0,2
92,64,5,0,16
92,65,5,0,12
92,66,5,0,14
92,67,5,0,22
92,68,5,4,5
92,69,4,0,14
92,70,1,4,19
92,71,1,0,0
92,72,1,4,18
92,73,4,0,17
92,74,1,4,16
92,75,4,0,17
92,76,5,4,7
92,77,5,0,18
92,78,5,0,22
93,0,5,0,15
93,1,5,0,7
93,2,5,0,24
93,3,5,0,8
93,4,5,0,0
93,5,5,0,6
93,6,5,0,23
93,7,5,4,20
93,8,5,4,20
93,9,5,0,17
93,10,5,0,19
93,11,5,0,22
93,12,5,0,8
93,13,5,0,8
93,14,5,0,4
93,15,5,0,11
93,16,5,0,8
93,17,5,4,18
93,18,4,0,13
93,19,4,6,4
93,20,4,6,1
93,21,6,0,18
93,22,4,6,24
93,23,4,6,0
93,24,6,0,10
93,25,4,6,24
93,26,4,0,0
93,27,5,4,6
93,28,5,0,22
93,29,5,0,22
93,30,5,0,17
93,31,5,0,22
93,32,5,0,9
93,33,5,0,14
93,34,5,0,2
93,35,5,4,0
93,36,4,0,17
93,37,4,0,21
93,38,5,4,24
93,39,5,0,5
93,40,5,0,9
93,41,5,4,18
93,42,4,6,2
93,43,6,0,10
93,44,4,6,23
93,45,4,0,9
93,46,4,6,1
93,47,6,0,20
93,48,4,6,7
93,49,4,0,21
93,50,4,0,0
93,51,4,0,10
93,52,4,0,22
93,53,4,6,1
93,54,4,6,16
93,55,4,6,16
93,56,6,0,7
93,57,6,0,19
93,58,6,0,23
93,59,6,0,14
93,60,4,6,24
93,61,4,0,11
93,62,5,4,24
93,63,5,0,18
93,64,5,0,3
93,65,5,0,23
93,66,5,0,19
93,67,5,4,0
93,68,4,0,4
93,69,1,4,6
93,70,1,0,8
93,71,1,4,0
93,72,1,4,16
93,73,1,6,20
93,74,1,4,17
93,75,4,0,15
93,76,5,4,24
93,77,5,0,4
93,78,5,0,23
94,0,5,0,1
94,1,5,0,24
94,2,5,0,20
94,3,5,0,10
94,4,5,0,4
94,5,5,0,15
94,6,5,4,8
94,7,5,4,8
94,8,5,4,7
94,9,5,4,20
94,10,5,0,3
94,11,5,0,0
94,12,5,0,6
94,13,5,0,24
94,14,5,0,12
94,15,5,0,4
94,16,5,4,0
94,17,4,0,22
94,18,4,0,7
94,19,4,0,22
94,20,4,6,3
94,21,4,6,19
94,22,4,6,20
94,23,4,6,3
94,24,4,6,14
94,25,4,0,11
94,26,4,0,21
94,27,5,4,24
94,28,5,0,11
94,29,5,0,9
94,30,5,0,9
94,31,5,0,20
94,32,5,0,6
94,33,5,0,19
94,34,5,0,12
94,35,5,4,18
94,36,4,0,10
94,37,5,4,6
94,38,5,0,23
94,39,5,0,11
94,40,5,4,15
94,41,4,0,1
94,42,4,6,1
94,43,6,0,18
94,44,4,6,24
94,45,4,0,17
94,46,4,6,17
94,47,6,0,21
94,48,4,6,24
94,49,4,0,20
94,50,4,0,19
94,51,4,6,20
94,52,4,0,21
94,53,4,6,4
94,54,4,6,4
94,55,4,6,3
94,56,4,6,16
94,57,4,6,16
94,58,6,0,15
94,59,4,6,6
94,60,4,0,14
94,61,5,4,14
94,62,5,0,23
94,63,5,0,3
94,64,5,0,23
94,65,5,0,15
94,66,5,0,14
94,67,5,4,18
94,68,4,0,1
94,69,1,4,24
94,70,1,0,7
94,71,1,4,4
94,72,1,6,10
94,73,1,6,22
94,74,1,4,1
94,75,5,4,6
94,76,5,0,12
94,77,5,0,0
94,78,5,0,0
95,0,5,0,10
95,1,5,0,3
95,2,5,0,19
95,3,5,0,17
95,4,5,0,22
95,5,4,0,2
95,6,4,0,22
95,7,4,0,5
95,8,5,4,8
95,9,5,4,21
95,10,5,0,10
95,11,5,0,8
95,12,5,0,6
95,13,5,0,22
95,14,5,0,12
95,15,5,0,22
95,16,5,4,18
95,17,4,0,2
95,18,4,0,14
95,19,4,0,20
95,20,4,6,4
95,21,4,6,10
95,22,4,6,7
95,23,4,6,4
95,24,4,0,6
95,25,4,0,6
95,26,5,4,6
95,27,5,0,2
95,28,5,0,4
95,29,5,0,3
95,30,5,0,12
95,31,5,0,17
95,32,5,0,22
95,33,5,0,18
95,34,5,4,0
95,35,5,4,16
95,36,4,0,6
95,37,5,4,22
95,38,5,4,20
95,39,5,4,10
95,40,4,0,16
95,41,4,0,22
95,42,4,6,3
95,43,4,6,19
95,44,4,0,24
95,45,4,0,3
95,46,4,6,2
95,47,4,6,14
95,48,4,6,20
95,49,4,6,20
95,50,4,6,10
95,51,4,6,22
95,52,4,0,14
95,53,4,0,13
95,54,4,0,2
95,55,4,6,4
95,56,4,6,4
95,57,4,6,1
95,58,6,0,20
95,59,4,6,24
95,60,5,4,6
95,61,5,0,1
95,62,5,0,14
95,63,5,0,22
95,64,5,0,0
95,65,5,0,9
95,66,5,4,13
95,67,4,0,14
95,68,1,4,11
95,69,1,6,20
95,70,1,0,17
95,71,1,6,0
95,72,6,0,8
95,73,1,6,24
95,74,1,4,18
95,75,5,4,7
95,76,5,0,12
95,77,5,0,18
95,78,5,0,8
96,0,5,0,2
96,1,5,0,3
96,2,5,0,1
96,3,5,0,7
96,4,4,0,21
96,5,4,0,22
96,6,4,0,5
96,7,4,0,13
96,8,4,0,9
96,9,5,4,22
96,10,5,0,21
96,11,5,0,16
96,12,5,0,10
96,13,5,0,8
96,14,5,0,18
96,15,5,4,0
96,16,4,0,15
96,17,4,6,20
96,18,4,0,3
96,19,4,0,2
96,20,4,6,0
96,21,6,0,4
96,22,4,6,24
96,23,4,0,24
96,24,4,0,1
96,25,4,0,7
96,26,5,4,24
96,27,5,0,16
96,28,5,0,0
96,29,5,0,10
96,30,5,0,5
96,31,5,0,1
96,32,5,0,24
96,33,5,0,1
96,34,5,4,4
96,35,5,4,1
96,36,4,0,4
96,37,5,4,8
96,38,5,4,8
96,39,4,0,23
96,40,4,0,17
96,41,4,0,8
96,42,4,6,4
96,43,4,0,18
96,44,4,0,9
96,45,4,0,20
96,46,4,6,4
96,47,4,6,13
96,48,4,6,8
96,49,4,6,8
96,50,6,0,21
96,51,4,6,24
96,52,4,0,14
96,53,4,0,5
96,54,4,0,15
96,55,4,0,17
96,56,4,0,9
96,57,4,6,1
96,58,4,6,11
96,59,4,0,5
96,60,5,4,24
96,61,5,0,13
96,62,5,0,3
96,63,5,0,12
96,64,5,0,11
96,65,5,4,0
96,66,4,0,17
96,67,1,4,19
96,68,1,6,5
96,69,1,6,22
96,70,1,0,11
96,71,1,6,17
96,72,1,6,20
96,73,1,4,0
96,74,4,0,10
96,75,5,4,23
96,76,5,0,23
96,77,5,0,5
96,78,5,0,15
97,0,5,0,15
97,1,5,0,15
97,2,5,0,9
97,3,4,0,9
97,4,4,0,3
97,5,4,0,11
97,6,4,0,7
97,7,4,0,0
97,8,4,0,11
97,9,5,4,7
97,10,5,0,17
97,11,5,0,23
97,12,5,0,19
97,13,5,0,5
97,14,5,0,3
97,15,5,4,2
97,16,4,6,15
97,17,4,6,7
97,18,4,0,22
97,19,4,0,16
97,20,4,6,17
97,21,4,6,11
97,22,4,0,5
97,23,4,0,2
97,24,4,0,0
97,25,5,4,19
97,26,5,0,9
97,27,5,0,19
97,28,5,0,15
97,29,5,0,1
97,30,5,0,21
97,31,5,0,23
97,32,5,0,11
97,33,5,0,10
97,34,5,0,24
97,35,5,4,1
97,36,4,0,0
97,37,4,0,14
97,38,4,0,13
97,39,4,0,16
97,40,4,0,6
97,41,4,0,9
97,42,4,6,20
97,43,4,0,17
97,44,4,0,7
97,45,4,0,17
97,46,4,6,0
97,47,6,0,5
97,48,6,0,0
97,49,6,0,1
97,50,4,6,6
97,51,4,0,1
97,52,4,0,7
97,53,5,4,16
97,54,5,4,16
97,55,4,0,18
97,56,4,0,5
97,57,4,6,4
97,58,4,0,12
97,59,5,4,9
97,60,5,0,1
97,61,5,0,23
97,62,5,0,15
97,63,5,0,14
97,64,5,0,19
97,65,5,4,18
97,66,1,4,19
97,67,1,6,0
97,68,6,0,0
97,69,1,6,23
97,70,1,6,20
97,71,1,6,5
97,72,1,6,21
97,73,1,4,2
97,74,4,0,19
97,75,5,4,24
97,76,5,0,4
97,77,5,0,21
97,78,5,0,21
98,0,5,0,17
98,1,5,0,18
98,2,4,0,9
98,3,4,0,19
98,4,4,0,6
98,5,4,0,15
98,6,4,0,1
98,7,4,6,20
98,8,4,0,14
98,9,5,4,24
98,10,5,0,5
98,11,5,0,20
98,12,5,0,16
98,13,5,0,4
98,14,5,0,0
98,15,4,6,0
98,16,6,0,20
98,17,4,6,24
98,18,4,0,13
98,19,4,0,5
98,20,4,6,4
98,21,4,0,12
98,22,4,0,5
98,23,5,4,16
98,24,5,4,14
98,25,5,0,21
98,26,5,0,7
98,27,5,0,6
98,28,5,0,15
98,29,5,0,20
98,30,5,0,13
98,31,5,0,14
98,32,5,0,21
98,33,5,0,12
98,34,5,0,20
98,35,5,4,17
98,36,4,0,11
98,37,4,0,23
98,38,4,0,13
98,39,4,0,16
98,40,4,0,20
98,41,4,6,13
98,42,4,6,23
98,43,4,0,2
98,44,4,0,13
98,45,4,0,10
98,46,4,6,18
98,47,6,0,2
98,48,6,0,11
98,49,6,0,19
98,50,4,6,23
98,51,4,0,7
98,52,5,4,11
98,53,5,4,4
98,54,5,4,17
98,55,4,0,3
98,56,4,0,17
98,57,4,0,12
98,58,5,4,11
98,59,5,0,5
98,60,5,0,16
98,61,5,0,0
98,62,5,0,13
98,63,5,0,6
98,64,5,4,13
98,65,1,4,6
98,66,1,0,16
98,67,1,6,18
98,68,6,0,24
98,69,1,6,8
98,70,1,6,21
98,71,6,0,0
98,72,1,6,24
98,73,1,4,18
98,74,5,4,6
98,75,5,0,6
98,76,5,0,10
98,77,5,0,23
98,78,5,0,23
99,0,5,0,23
99,1,4,6,22
99,2,4,0,20
99,3,4,0,23
99,4,4,0,0
99,5,4,0,9
99,6,4,6,15
99,7,4,6,21
99,8,5,4,6
99,9,5,0,2
99,10,5,0,14
99,11,5,0,8
99,12,5,0,7
99,13,5,0,12
99,14,5,4,0
99,15,4,6,3
99,16,4,6,19
99,17,4,0,2
99,18,4,0,6
99,19,4,0,1
99,20,4,0,10
99,21,4,0,4
99,22,5,4,14
99,23,5,4,4
99,24,5,0,17
99,25,5,0,8
99,26,5,0,8
99,27,5,0,4
99,28,5,0,12
99,29,5,0,13
99,30,5,0,12
99,31,5,0,2
99,32,5,0,11
99,33,5,0,14
99,34,5,0,5
99,35,5,4,2
99,36,4,0,19
99,37,4,0,5
99,38,4,0,14
99,39,4,0,17
99,40,4,6,10
99,41,6,0,24
99,42,4,6,24
99,43,4,0,8
99,44,4,0,18
99,45,4,6,0
99,46,6,0,14
99,47,6,0,11
99,48,6,0,17
99,49,6,0,14
99,50,4,6,24
99,51,5,4,6
99,52,5,0,4
99,53,5,0,14
99,54,5,4,18
99,55,4,0,5
99,56,4,0,20
99,57,5,4,9
99,58,5,0,1
99,59,5,0,14
99,60,5,0,4
99,61,5,0,5
99,62,5,0,23
99,63,5,4,0
99,64,4,0,4
99,65,1,4,24
99,66,1,6,0
99,67,6,0,18
99,68,6,0,10
99,69,6,0,12
99,70,1,6,24
99,71,1,6,11
99,72,1,4,0
99,73,4,0,8
99,74,5,4,24
99,75,5,0,17
99,76,5,0,5
99,77,5,0,21
99,78,5,0,15
100,0,6,0,6
100,1,4,6,24
100,2,4,0,19
100,3,4,0,2
100,4,4,0,17
100,5,4,6,0
100,6,6,0,22
100,7,4,6,24
100,8,5,4,24
100,9,5,0,2
100,10,5,0,16
100,11,5,0,0
100,12,5,0,24
100,13,5,0,21
100,14,5,4,1
100,15,4,6,4
100,16,4,0,3
100,17,4,0,10
100,18,4,0,18
100,19,4,0,13
100,20,4,0,21
100,21,5,4,14
100,22,5,0,9
100,23,5,0,12
100,24,5,0,18
100,25,5,0,23
100,26,5,0,1
100,27,5,0,11
100,28,5,0,19
100,29,5,0,7
100,30,5,0,8
100,31,5,0,12
100,32,5,0,10
100,33,5,0,6
100,34,5,0,14
100,35,5,4,18
100,36,4,0,11
100,37,4,0,3
100,38,4,6,20
100,39,4,6,13
100,40,6,0,12
100,41,4,6,6
100,42,4,0,11
100,43,4,0,6
100,44,4,0,16
100,45,4,6,1
100,46,6,0,6
100,47,6,0,16
100,48,6,0,5
100,49,4,6,6
100,50,4,0,13
100,51,5,4,24
100,52,5,0,16
100,53,5,4,0
100,54,4,0,23
100,55,4,0,23
100,56,5,4,9
100,57,5,0,16
100,58,5,0,0
100,59,5,0,17
100,60,5,0,9
100,61,5,0,20
100,62,5,0,0
100,63,5,4,18
100,64,1,4,6
100,65,1,0,6
100,66,1,6,18
100,67,6,0,23
100,68,6,0,18
100,69,1,6,6
100,70,1,6,4
100,71,1,0,3
100,72,1,4,18
100,73,5,4,6
100,74,5,0,24
100,75,5,0,6
100,76,5,0,7
100,77,5,0,3
100,78,5,0,16
