0,0,5,0,20
0,1,5,0,23
0,2,5,0,21
0,3,5,0,17
0,4,5,4,10
0,5,4,0,6
0,6,4,0,24
0,7,4,0,13
0,8,4,10,2
0,9,4,10,16
0,10,4,10,16
0,11,10,0,23
0,12,4,10,24
0,13,4,0,9
0,14,4,0,5
0,15,5,4,24
0,16,5,0,11
0,17,5,4,20
0,18,5,0,1
0,19,5,0,18
0,20,5,4,4
0,21,5,4,5
0,22,4,0,7
0,23,4,0,1
0,24,5,4,19
0,25,5,4,4
0,26,5,4,4
0,27,5,4,4
0,28,5,4,4
0,29,5,4,1
0,30,5,4,16
0,31,4,10,4
0,32,4,10,1
0,33,10,0,20
0,34,10,0,19
0,35,10,0,20
0,36,4,10,11
0,37,5,4,16
0,38,5,4,16
0,39,4,0,12
0,40,4,0,8
0,41,5,4,24
0,42,5,0,1
0,43,5,0,12
0,44,5,4,18
0,45,4,10,10
0,46,4,10,22
0,47,4,0,19
0,48,5,4,6
0,49,5,0,14
0,50,5,0,12
0,51,5,4,5
0,52,4,0,7
0,53,4,10,13
0,54,10,0,14
0,55,4,10,24
0,56,4,0,21
0,57,5,4,6
0,58,5,0,24
0,59,5,0,19
1,0,5,0,24
1,1,5,0,16
1,2,5,0,22
1,3,5,4,0
1,4,4,0,23
1,5,4,0,15
1,6,4,0,18
1,7,4,0,23
1,8,4,10,4
1,9,4,10,4
1,10,4,10,18
1,11,4,10,6
1,12,4,0,13
1,13,4,0,10
1,14,5,4,6
1,15,5,0,17
1,16,5,4,13
1,17,5,4,21
1,18,5,0,24
1,19,5,0,18
1,20,5,4,10
1,21,4,0,24
1,22,4,0,6
1,23,5,4,14
1,24,5,0,23
1,25,5,0,17
1,26,5,0,5
1,27,5,0,23
1,28,5,0,0
1,29,5,4,4
1,30,5,4,2
1,31,5,4,16
1,32,4,10,17
1,33,10,0,24
1,34,10,0,22
1,35,4,10,9
1,36,5,4,19
1,37,5,4,4
1,38,5,4,2
1,39,4,0,13
1,40,5,4,6
1,41,5,0,4
1,42,5,0,22
1,43,5,4,0
1,44,4,10,0
1,45,10,0,4
1,46,4,10,24
1,47,4,0,22
1,48,5,4,24
1,49,5,0,22
1,50,5,4,10
1,51,4,0,3
1,52,4,10,13
1,53,10,0,11
1,54,4,10,11
1,55,4,0,18
1,56,4,0,13
1,57,5,4,24
1,58,5,0,18
2,0,5,0,19
2,1,5,0,12
2,2,5,0,4
2,3,5,4,18
2,4,4,0,2
2,5,4,0,22
2,6,4,0,13
2,7,4,0,21
2,8,4,0,24
2,9,4,10,0
2,10,10,0,22
2,11,4,10,22
2,12,4,0,17
2,13,4,0,6
2,14,5,4,24
2,15,5,4,0
2,16,4,0,21
2,17,5,4,24
2,18,5,0,10
2,19,4,10,20
2,20,4,0,2
2,21,4,0,10
2,22,5,4,9
2,23,5,0,24
2,24,5,0,18
2,25,5,0,15
2,26,5,0,4
2,27,5,0,12
2,28,5,0,13
2,29,5,0,16
2,30,5,4,4
2,31,5,4,3
2,32,4,10,3
2,33,10,0,6
2,34,4,10,11
2,35,5,4,11
2,36,5,0,16
2,37,5,0,24
2,38,5,4,18
2,39,4,0,24
2,40,5,4,24
2,41,5,0,8
2,42,5,0,11
2,43,5,4,1
2,44,4,10,2
2,45,4,10,9
2,46,4,0,23
2,47,5,4,6
2,48,5,4,20
2,49,5,4,13
2,50,4,0,1
2,51,4,10,5
2,52,10,0,20
2,53,4,10,19
2,54,4,0,4
2,55,4,0,21
2,56,5,4,6
2,57,5,0,3
2,58,5,0,10
3,0,5,0,21
3,1,5,0,11
3,2,5,4,0
3,3,4,0,11
3,4,4,0,5
3,5,4,0,23
3,6,4,0,6
3,7,4,10,20
3,8,4,0,8
3,9,4,10,3
3,10,10,0,5
3,11,4,10,7
3,12,4,0,16
3,13,5,4,6
3,14,5,0,13
3,15,5,4,3
3,16,5,4,19
3,17,5,0,2
3,18,4,10,10
3,19,4,10,23
3,20,4,0,23
3,21,5,4,9
3,22,5,0,12
3,23,5,0,21
3,24,5,0,3
3,25,5,0,0
3,26,5,0,15
3,27,5,0,14
3,28,5,0,0
3,29,5,0,21
3,30,5,0,11
3,31,5,4,1
3,32,4,10,18
3,33,4,10,6
3,34,5,4,6
3,35,5,0,11
3,36,5,0,2
3,37,5,4,0
3,38,4,0,23
3,39,5,4,6
3,40,5,0,2
3,41,5,0,0
3,42,5,0,0
3,43,5,4,3
3,44,4,10,4
3,45,4,0,9
3,46,4,0,4
3,47,5,4,8
3,48,5,4,8
3,49,4,0,16
3,50,4,10,10
3,51,10,0,16
3,52,4,10,6
3,53,4,0,20
3,54,4,0,16
3,55,4,0,14
3,56,5,4,24
3,57,5,0,16
3,58,5,0,17
4,0,5,0,21
4,1,5,0,20
4,2,5,4,18
4,3,4,0,2
4,4,4,0,18
4,5,4,0,8
4,6,4,10,15
4,7,4,10,7
4,8,4,0,8
4,9,4,10,1
4,10,10,0,22
4,11,4,10,24
4,12,4,0,4
4,13,5,4,22
4,14,5,0,13
4,15,5,4,4
4,16,5,0,8
4,17,4,10,0
4,18,10,0,24
4,19,4,10,24
4,20,5,4,9
4,21,5,0,7
4,22,5,0,4
4,23,5,0,3
4,24,5,4,20
4,25,5,0,4
4,26,5,0,13
4,27,5,0,1
4,28,5,0,5
4,29,5,4,20
4,30,5,0,24
4,31,4,10,0
4,32,10,0,0
4,33,4,10,24
4,34,5,4,24
4,35,5,0,4
4,36,5,0,16
4,37,5,4,18
4,38,4,0,12
4,39,5,4,24
4,40,5,4,20
4,41,5,0,8
4,42,5,0,3
4,43,5,4,18
4,44,4,0,17
4,45,4,0,24
4,46,4,10,20
4,47,4,10,20
4,48,4,10,20
4,49,4,10,13
4,50,10,0,2
4,51,10,0,18
4,52,4,10,24
4,53,4,0,19
4,54,4,0,22
4,55,5,4,9
4,56,5,0,14
4,57,5,0,16
4,58,5,0,21
5,0,5,0,19
5,1,5,4,0
5,2,4,0,20
5,3,4,0,11
5,4,4,0,21
5,5,4,10,0
5,6,10,0,21
5,7,4,10,24
5,8,4,0,23
5,9,4,10,18
5,10,4,10,6
5,11,4,0,18
5,12,4,0,2
5,13,5,4,24
5,14,5,0,11
5,15,5,0,17
5,16,5,4,13
5,17,4,10,3
5,18,4,10,11
5,19,5,4,14
5,20,5,0,4
5,21,5,0,16
5,22,5,4,20
5,23,5,4,10
5,24,5,4,23
5,25,5,0,14
5,26,5,0,1
5,27,5,0,5
5,28,5,4,15
5,29,5,4,21
5,30,5,4,0
5,31,4,10,18
5,32,4,10,6
5,33,4,10,20
5,34,5,0,14
5,35,5,0,11
5,36,5,4,13
5,37,4,0,19
5,38,5,4,19
5,39,5,4,10
5,40,5,4,7
5,41,5,0,11
5,42,5,4,0
5,43,4,0,13
5,44,4,0,22
5,45,4,10,15
5,46,4,10,8
5,47,4,10,8
5,48,4,10,8
5,49,10,0,3
5,50,10,0,7
5,51,4,10,6
5,52,4,0,0
5,53,4,0,13
5,54,5,4,11
5,55,5,0,17
5,56,5,0,11
5,57,5,0,16
5,58,5,0,6
6,0,5,0,13
6,1,5,4,18
6,2,4,0,17
6,3,4,0,16
6,4,4,0,23
6,5,4,10,18
6,6,4,10,6
6,7,4,0,13
6,8,4,10,0
6,9,10,0,17
6,10,4,10,24
6,11,4,0,18
6,12,5,4,14
6,13,5,0,13
6,14,5,0,18
6,15,5,4,13
6,16,4,0,9
6,17,4,10,4
6,18,5,4,11
6,19,5,0,24
6,20,5,0,10
6,21,5,4,15
6,22,4,10,20
6,23,4,0,21
6,24,5,4,22
6,25,5,0,7
6,26,5,0,7
6,27,5,4,0
6,28,4,0,16
6,29,5,4,24
6,30,4,10,0
6,31,10,0,14
6,32,4,10,8
6,33,4,10,22
6,34,5,4,20
6,35,5,4,13
6,36,4,0,19
6,37,5,4,14
6,38,5,4,0
6,39,4,0,4
6,40,5,4,24
6,41,5,0,20
6,42,5,4,1
6,43,4,0,19
6,44,4,10,0
6,45,10,0,16
6,46,10,0,5
6,47,10,0,0
6,48,10,0,21
6,49,10,0,3
6,50,10,0,3
6,51,4,10,7
6,52,4,0,14
6,53,5,4,9
6,54,5,0,15
6,55,5,0,20
6,56,5,0,5
6,57,5,0,7
6,58,5,0,24
7,0,5,4,0
7,1,4,0,24
7,2,4,0,13
7,3,4,0,4
7,4,4,10,13
7,5,10,0,17
7,6,4,10,24
7,7,4,0,1
7,8,4,10,18
7,9,4,10,6
7,10,4,0,9
7,11,5,4,6
7,12,5,0,21
7,13,5,0,1
7,14,5,4,0
7,15,4,0,17
7,16,4,0,8
7,17,5,4,11
7,18,5,0,11
7,19,5,0,12
7,20,5,4,13
7,21,4,10,5
7,22,4,10,22
7,23,4,0,0
7,24,5,4,7
7,25,5,4,20
7,26,5,0,6
7,27,5,4,17
7,28,5,4,11
7,29,5,4,0
7,30,4,10,2
7,31,10,0,20
7,32,10,0,12
7,33,4,10,24
7,34,5,4,8
7,35,4,0,14
7,36,5,4,14
7,37,5,0,19
7,38,5,4,1
7,39,5,4,9
7,40,5,0,8
7,41,5,0,21
7,42,5,4,1
7,43,4,0,4
7,44,4,10,17
7,45,10,0,4
7,46,10,0,4
7,47,4,10,16
7,48,4,10,16
7,49,4,10,16
7,50,10,0,2
7,51,4,10,24
7,52,5,4,14
7,53,5,0,20
7,54,5,0,15
7,55,5,0,15
7,56,5,0,6
7,57,5,0,12
7,58,5,0,16
8,0,5,4,3
8,1,4,0,7
8,2,4,0,14
8,3,4,10,0
8,4,10,0,0
8,5,4,10,6
8,6,4,0,8
8,7,4,10,0
8,8,10,0,16
8,9,4,10,24
8,10,4,0,9
8,11,5,4,24
8,12,5,0,4
8,13,5,0,5
8,14,5,4,18
8,15,4,0,3
8,16,5,4,11
8,17,5,0,12
8,18,5,0,0
8,19,5,4,0
8,20,4,10,10
8,21,10,0,2
8,22,4,10,22
8,23,4,0,22
8,24,5,4,8
8,25,5,4,7
8,26,5,0,10
8,27,5,4,4
8,28,5,0,11
8,29,5,4,17
8,30,4,10,1
8,31,4,10,16
8,32,4,10,19
8,33,4,0,12
8,34,4,0,4
8,35,5,4,6
8,36,5,0,21
8,37,5,0,8
8,38,5,4,4
8,39,5,0,18
8,40,5,0,11
8,41,5,0,15
8,42,5,4,3
8,43,4,0,12
8,44,4,10,2
8,45,4,10,16
8,46,4,10,14
8,47,4,10,4
8,48,4,10,4
8,49,4,10,2
8,50,4,10,11
8,51,5,4,11
8,52,5,0,23
8,53,5,0,16
8,54,5,0,23
8,55,5,0,12
8,56,5,0,1
8,57,5,0,15
8,58,5,0,8
9,0,5,4,3
9,1,4,0,7
9,2,4,0,15
9,3,4,10,18
9,4,10,0,6
9,5,4,10,24
9,6,4,0,11
9,7,4,10,18
9,8,4,10,6
9,9,4,0,12
9,10,5,4,6
9,11,5,0,16
9,12,5,0,18
9,13,5,4,0
9,14,4,10,20
9,15,5,4,6
9,16,5,0,21
9,17,5,0,23
9,18,5,0,7
9,19,4,10,10
9,20,10,6,20
9,21,10,0,10
9,22,4,10,24
9,23,4,0,2
9,24,4,0,19
9,25,5,4,24
9,26,5,0,20
9,27,5,0,22
9,28,5,0,16
9,29,5,4,3
9,30,4,10,4
9,31,4,10,4
9,32,4,0,16
9,33,4,0,16
9,34,4,0,4
9,35,5,4,24
9,36,5,0,1
9,37,5,0,10
9,38,5,0,8
9,39,5,0,20
9,40,5,0,5
9,41,5,4,20
9,42,5,4,17
9,43,4,0,3
9,44,4,10,4
9,45,4,10,4
9,46,4,0,23
9,47,4,0,0
9,48,4,0,8
9,49,4,10,4
9,50,5,4,9
9,51,5,0,13
9,52,5,0,18
9,53,5,0,5
9,54,5,4,20
9,55,5,0,5
9,56,5,0,7
9,57,5,0,10
9,58,5,0,7
10,0,5,4,1
10,1,4,0,9
10,2,4,10,0
10,3,10,0,12
10,4,4,10,6
10,5,4,10,20
10,6,4,10,13
10,7,10,0,9
10,8,4,10,24
10,9,4,0,21
10,10,5,4,7
10,11,5,4,20
10,12,5,4,20
10,13,4,10,10
10,14,4,10,21
10,15,5,4,24
10,16,5,0,10
10,17,5,0,18
10,18,4,10,0
10,19,10,6,5
10,20,10,6,22
10,21,4,10,9
10,22,5,4,16
10,23,4,0,4
10,24,5,4,6
10,25,5,0,16
10,26,5,0,24
10,27,5,0,7
10,28,5,0,3
10,29,5,4,3
10,30,5,4,16
10,31,5,4,16
10,32,4,0,2
10,33,4,0,1
10,34,5,4,6
10,35,5,4,20
10,36,5,4,20
10,37,5,4,20
10,38,5,4,20
10,39,5,0,1
10,40,5,4,13
10,41,5,4,21
10,42,5,4,1
10,43,4,0,3
10,44,4,0,1
10,45,4,0,18
10,46,4,0,10
10,47,4,0,8
10,48,5,4,16
10,49,5,4,9
10,50,5,0,3
10,51,5,0,17
10,52,5,4,20
10,53,5,4,15
10,54,5,4,22
10,55,5,4,20
10,56,5,4,20
10,57,5,0,8
10,58,5,0,4
11,0,5,4,18
11,1,4,0,9
11,2,4,10,3
11,3,10,0,16
11,4,4,10,8
11,5,4,10,8
11,6,10,0,2
11,7,4,10,14
11,8,4,0,14
11,9,4,0,0
11,10,5,4,8
11,11,5,4,8
11,12,4,10,15
11,13,10,0,6
11,14,4,10,24
11,15,5,0,12
11,16,5,0,21
11,17,5,4,0
11,18,10,6,0
11,19,6,0,5
11,20,10,6,24
11,21,5,4,14
11,22,5,4,17
11,23,4,0,20
11,24,5,4,22
11,25,5,0,6
11,26,5,0,19
11,27,5,0,7
11,28,5,0,18
11,29,5,4,4
11,30,5,4,4
11,31,5,4,2
11,32,4,0,18
11,33,4,0,4
11,34,5,4,8
11,35,5,4,8
11,36,5,4,8
11,37,5,4,8
11,38,5,4,23
11,39,5,4,0
11,40,4,0,13
11,41,5,4,24
11,42,5,4,17
11,43,5,4,16
11,44,5,4,16
11,45,4,0,11
11,46,5,4,16
11,47,5,4,14
11,48,5,4,4
11,49,5,0,7
11,50,5,0,7
11,51,5,4,15
11,52,5,4,8
11,53,4,0,13
11,54,5,4,8
11,55,5,4,8
11,56,5,4,23
11,57,5,0,11
11,58,5,0,17
12,0,4,0,12
12,1,4,0,8
12,2,4,10,2
12,3,10,0,10
12,4,10,0,22
12,5,10,0,22
12,6,4,10,14
12,7,4,0,2
12,8,4,0,0
12,9,4,0,5
12,10,4,0,23
12,11,4,10,0
12,12,10,0,16
12,13,4,10,11
12,14,5,4,24
12,15,5,0,23
12,16,5,4,20
12,17,5,4,17
12,18,10,6,1
12,19,10,6,11
12,20,4,10,24
12,21,5,0,7
12,22,5,4,18
12,23,4,0,24
12,24,5,4,24
12,25,5,0,21
12,26,5,0,9
12,27,5,0,23
12,28,5,0,3
12,29,5,0,14
12,30,5,0,3
12,31,5,4,18
12,32,4,0,20
12,33,4,0,16
12,34,4,0,1
12,35,4,0,10
12,36,4,0,21
12,37,4,0,13
12,38,5,4,22
12,39,5,4,3
12,40,5,4,14
12,41,5,0,9
12,42,5,4,4
12,43,5,4,4
12,44,5,4,2
12,45,5,4,11
12,46,5,4,4
12,47,5,0,20
12,48,5,0,16
12,49,5,0,9
12,50,5,4,5
12,51,4,0,4
12,52,4,0,21
12,53,4,0,22
12,54,4,10,20
12,55,4,0,15
12,56,5,4,21
12,57,5,0,8
12,58,5,0,24
13,0,5,4,16
13,1,4,0,3
13,2,4,10,17
13,3,4,10,16
13,4,4,10,16
13,5,4,10,14
13,6,4,0,20
13,7,4,0,15
13,8,4,0,10
13,9,4,0,3
13,10,4,0,4
13,11,4,10,18
13,12,4,10,6
13,13,5,4,6
13,14,5,0,7
13,15,5,4,15
13,16,5,4,21
13,17,5,4,3
13,18,10,6,4
13,19,4,10,11
13,20,5,4,24
13,21,5,4,0
13,22,4,0,0
13,23,5,4,6
13,24,5,0,10
13,25,5,0,11
13,26,5,0,24
13,27,5,0,3
13,28,5,0,19
13,29,5,0,20
13,30,5,4,15
13,31,4,0,12
13,32,4,0,8
13,33,4,0,24
13,34,4,0,23
13,35,4,0,18
13,36,4,0,20
13,37,4,0,11
13,38,5,4,22
13,39,5,4,4
13,40,5,0,24
13,41,5,0,18
13,42,5,0,1
13,43,5,0,18
13,44,5,4,4
13,45,5,0,22
13,46,5,0,16
13,47,5,0,17
13,48,5,0,18
13,49,5,4,13
13,50,4,0,9
13,51,4,0,1
13,52,4,0,17
13,53,4,10,10
13,54,4,10,22
13,55,4,0,7
13,56,5,4,21
13,57,5,0,19
13,58,5,0,6
14,0,5,4,2
14,1,4,0,21
14,2,4,10,4
14,3,4,10,4
14,4,4,10,4
14,5,4,0,0
14,6,4,0,11
14,7,4,0,6
14,8,4,0,14
14,9,4,0,20
14,10,4,10,0
14,11,10,0,8
14,12,4,10,24
14,13,5,4,24
14,14,5,4,0
14,15,4,0,0
14,16,5,4,24
14,17,5,4,3
14,18,4,10,4
14,19,5,4,19
14,20,5,0,4
14,21,5,4,18
14,22,4,0,2
14,23,5,4,24
14,24,5,0,15
14,25,5,0,3
14,26,5,0,11
14,27,5,0,6
14,28,5,0,17
14,29,5,4,15
14,30,4,0,19
14,31,4,0,20
14,32,4,0,11
14,33,4,0,4
14,34,4,0,4
14,35,4,0,14
14,36,4,0,5
14,37,4,0,9
14,38,5,4,7
14,39,5,0,17
14,40,5,0,7
14,41,5,4,20
14,42,5,0,2
14,43,5,0,9
14,44,5,0,6
14,45,5,0,17
14,46,5,0,24
14,47,5,0,5
14,48,5,4,13
14,49,4,10,20
14,50,4,0,15
14,51,4,0,6
14,52,4,10,0
14,53,10,0,1
14,54,4,10,24
14,55,4,0,15
14,56,5,4,21
14,57,5,0,24
14,58,5,0,21
15,0,5,4,3
15,1,4,0,2
15,2,4,0,17
15,3,4,0,9
15,4,4,0,1
15,5,4,0,0
15,6,5,4,16
15,7,5,4,16
15,8,5,4,16
15,9,5,4,16
15,10,4,10,3
15,11,4,10,19
15,12,5,4,6
15,13,5,0,22
15,14,5,4,17
15,15,5,4,11
15,16,5,0,18
15,17,5,4,4
15,18,5,4,4
15,19,5,0,23
15,20,5,4,10
15,21,4,0,22
15,22,5,4,6
15,23,5,0,23
15,24,5,0,17
15,25,5,0,15
15,26,5,0,20
15,27,5,0,21
15,28,5,4,13
15,29,4,0,5
15,30,4,0,21
15,31,4,6,20
15,32,4,0,13
15,33,4,0,17
15,34,4,0,14
15,35,4,0,0
15,36,4,0,4
15,37,4,0,20
15,38,5,4,21
15,39,5,0,2
15,40,5,4,10
15,41,5,4,21
15,42,5,0,10
15,43,5,0,15
15,44,5,0,5
15,45,5,0,3
15,46,5,0,15
15,47,5,4,10
15,48,4,10,5
15,49,4,10,7
15,50,4,0,11
15,51,4,0,23
15,52,4,10,1
15,53,4,10,19
15,54,4,0,22
15,55,4,0,19
15,56,5,4,22
15,57,5,0,23
15,58,5,0,15
16,0,5,4,3
16,1,4,0,20
16,2,4,0,2
16,3,4,0,4
16,4,5,4,16
16,5,5,4,9
16,6,5,4,4
16,7,5,4,4
16,8,5,4,4
16,9,5,4,1
16,10,4,10,4
16,11,4,0,7
16,12,5,4,24
16,13,5,0,9
16,14,5,4,4
16,15,5,0,24
16,16,5,0,19
16,17,5,0,14
16,18,5,0,6
16,19,5,4,0
16,20,4,0,17
16,21,4,0,23
16,22,5,4,24
16,23,5,0,0
16,24,5,0,6
16,25,5,0,7
16,26,5,0,8
16,27,5,4,10
16,28,4,0,10
16,29,4,0,7
16,30,4,6,5
16,31,4,6,7
16,32,4,0,22
16,33,4,10,20
16,34,4,0,24
16,35,4,0,10
16,36,4,0,11
16,37,4,0,15
16,38,5,4,24
16,39,5,4,0
16,40,4,0,1
16,41,5,4,24
16,42,5,0,23
16,43,5,0,13
16,44,5,0,16
16,45,5,0,18
16,46,5,4,5
16,47,4,10,13
16,48,10,0,6
16,49,4,10,24
16,50,4,0,24
16,51,4,0,1
16,52,4,10,4
16,53,4,0,24
16,54,4,0,1
16,55,4,0,12
16,56,5,4,7
16,57,5,0,23
16,58,5,0,8
17,0,5,4,17
17,1,5,4,16
17,2,4,0,17
17,3,5,4,14
17,4,5,4,4
17,5,5,0,16
17,6,5,0,9
17,7,5,0,11
17,8,5,0,17
17,9,5,4,2
17,10,4,0,23
17,11,5,4,6
17,12,5,0,17
17,13,5,0,3
17,14,5,0,22
17,15,5,0,13
17,16,5,0,13
17,17,5,0,5
17,18,5,0,18
17,19,5,4,18
17,20,4,0,10
17,21,5,4,11
17,22,5,0,9
17,23,5,0,21
17,24,5,0,13
17,25,5,0,5
17,26,5,4,0
17,27,4,0,22
17,28,4,0,23
17,29,4,6,0
17,30,6,0,16
17,31,4,6,24
17,32,4,10,10
17,33,4,10,7
17,34,4,0,10
17,35,4,0,16
17,36,4,0,11
17,37,5,4,6
17,38,5,0,16
17,39,5,4,3
17,40,5,4,14
17,41,5,0,9
17,42,5,0,0
17,43,5,0,4
17,44,5,0,10
17,45,5,4,10
17,46,4,10,0
17,47,10,0,11
17,48,4,10,6
17,49,4,0,23
17,50,4,0,4
17,51,4,0,19
17,52,4,0,18
17,53,4,10,20
17,54,4,0,24
17,55,4,0,15
17,56,5,4,23
17,57,5,0,7
17,58,5,0,24
18,0,5,4,4
18,1,5,4,3
18,2,5,4,19
18,3,5,0,21
18,4,5,0,12
18,5,5,0,3
18,6,5,0,2
18,7,5,0,17
18,8,5,0,10
18,9,5,4,18
18,10,4,0,9
18,11,5,4,23
18,12,5,0,10
18,13,5,0,21
18,14,5,0,4
18,15,5,0,18
18,16,5,0,22
18,17,5,0,1
18,18,5,4,0
18,19,4,0,10
18,20,5,4,6
18,21,5,0,2
18,22,5,0,0
18,23,5,0,7
18,24,5,0,14
18,25,5,0,1
18,26,5,4,18
18,27,4,0,15
18,28,4,0,16
18,29,4,6,17
18,30,4,6,14
18,31,4,10,0
18,32,10,0,13
18,33,4,10,24
18,34,4,0,24
18,35,4,0,16
18,36,4,0,16
18,37,5,4,24
18,38,5,0,3
18,39,5,4,4
18,40,5,0,23
18,41,5,0,23
18,42,5,0,4
18,43,5,0,10
18,44,5,4,5
18,45,4,0,15
18,46,4,10,18
18,47,10,0,21
18,48,4,10,24
18,49,4,6,20
18,50,4,0,21
18,51,4,0,22
18,52,4,10,10
18,53,4,10,21
18,54,4,0,8
18,55,4,0,23
18,56,5,4,24
18,57,5,0,19
18,58,5,0,12
19,0,5,0,8
19,1,5,4,4
19,2,5,0,9
19,3,5,0,21
19,4,5,0,6
19,5,5,0,2
19,6,5,0,4
19,7,5,0,10
19,8,5,4,0
19,9,4,0,24
19,10,4,0,13
19,11,5,4,22
19,12,5,0,4
19,13,5,0,6
19,14,5,0,22
19,15,5,0,8
19,16,5,0,0
19,17,5,0,23
19,18,5,4,18
19,19,4,0,18
19,20,5,4,24
19,21,5,0,8
19,22,5,0,10
19,23,5,0,10
19,24,5,0,16
19,25,5,4,15
19,26,4,0,3
19,27,4,0,2
19,28,4,0,20
19,29,4,6,4
19,30,4,0,13
19,31,4,10,18
19,32,4,10,6
19,33,4,0,24
19,34,4,0,24
19,35,4,0,2
19,36,5,4,6
19,37,5,0,14
19,38,5,0,9
19,39,5,0,17
19,40,5,0,14
19,41,5,0,7
19,42,5,0,15
19,43,5,4,0
19,44,4,0,7
19,45,4,10,0
19,46,10,0,16
19,47,4,10,19
19,48,4,6,5
19,49,4,6,21
19,50,4,0,9
19,51,4,10,0
19,52,10,0,20
19,53,4,10,24
19,54,4,0,5
19,55,5,4,6
19,56,5,0,3
19,57,5,0,19
19,58,5,0,5
20,0,5,0,18
20,1,5,0,10
20,2,5,0,19
20,3,5,0,24
20,4,5,0,24
20,5,5,0,23
20,6,5,0,13
20,7,5,0,7
20,8,5,4,2
20,9,4,0,18
20,10,4,0,19
20,11,5,4,7
20,12,5,4,20
20,13,5,0,22
20,14,5,0,15
20,15,5,0,21
20,16,5,0,12
20,17,5,4,13
20,18,4,0,16
20,19,5,4,19
20,20,5,0,7
20,21,5,0,17
20,22,5,0,21
20,23,5,0,22
20,24,5,4,0
20,25,4,0,6
20,26,4,0,12
20,27,4,0,4
20,28,4,0,15
20,29,4,0,1
20,30,4,10,5
20,31,10,0,3
20,32,4,10,7
20,33,4,0,7
20,34,4,0,2
20,35,4,0,3
20,36,5,4,24
20,37,5,0,20
20,38,5,0,17
20,39,5,0,7
20,40,5,0,1
20,41,5,0,19
20,42,5,0,17
20,43,5,4,18
20,44,4,0,5
20,45,4,10,17
20,46,4,10,11
20,47,4,6,15
20,48,6,0,1
20,49,4,6,24
20,50,4,0,14
20,51,4,10,3
20,52,4,10,9
20,53,4,0,10
20,54,4,0,5
20,55,5,4,24
20,56,5,0,1
20,57,5,0,18
20,58,5,0,11
21,0,5,0,21
21,1,5,0,9
21,2,5,0,16
21,3,5,0,9
21,4,5,0,19
21,5,5,0,21
21,6,5,0,6
21,7,5,0,2
21,8,5,4,17
21,9,4,0,0
21,10,4,0,1
21,11,4,10,20
21,12,5,4,22
21,13,5,0,19
21,14,5,0,22
21,15,5,4,20
21,16,5,4,10
21,17,4,0,1
21,18,5,4,6
21,19,5,0,13
21,20,5,0,23
21,21,5,0,22
21,22,5,0,2
21,23,5,0,23
21,24,5,4,18
21,25,4,0,23
21,26,4,0,12
21,27,4,0,14
21,28,4,10,20
21,29,4,10,13
21,30,10,0,7
21,31,10,0,6
21,32,4,10,21
21,33,4,0,18
21,34,4,0,17
21,35,5,4,6
21,36,5,0,10
21,37,5,0,1
21,38,5,0,9
21,39,5,4,20
21,40,5,0,18
21,41,5,0,10
21,42,5,4,15
21,43,4,0,10
21,44,4,0,1
21,45,4,10,4
21,46,4,6,0
21,47,6,0,7
21,48,4,6,9
21,49,4,10,20
21,50,4,0,15
21,51,4,10,4
21,52,4,0,9
21,53,4,0,18
21,54,5,4,6
21,55,5,0,23
21,56,5,0,1
21,57,5,0,4
21,58,5,0,7
22,0,5,0,16
22,1,5,0,14
22,2,5,0,19
22,3,5,0,13
22,4,5,4,20
22,5,5,0,7
22,6,5,0,19
22,7,5,0,17
22,8,5,4,1
22,9,4,0,7
22,10,4,10,15
22,11,4,10,22
22,12,5,4,23
22,13,5,4,20
22,14,5,4,10
22,15,4,10,20
22,16,4,0,1
22,17,4,0,20
22,18,5,4,24
22,19,5,0,0
22,20,5,0,17
22,21,5,0,14
22,22,5,0,7
22,23,5,4,15
22,24,4,0,12
22,25,4,0,2
22,26,4,0,14
22,27,4,10,5
22,28,4,10,8
22,29,10,0,19
22,30,10,0,17
22,31,10,0,0
22,32,4,10,24
22,33,4,0,12
22,34,4,0,13
22,35,5,4,24
22,36,5,0,19
22,37,5,0,4
22,38,5,4,10
22,39,5,4,21
22,40,5,0,22
22,41,5,4,0
22,42,4,0,13
22,43,4,0,7
22,44,4,0,7
22,45,4,0,17
22,46,4,6,18
22,47,4,6,6
22,48,4,10,5
22,49,4,10,22
22,50,4,0,15
22,51,4,0,21
22,52,4,0,19
22,53,4,0,15
22,54,5,4,24
22,55,5,0,0
22,56,5,0,18
22,57,5,0,6
22,58,5,0,15
23,0,5,0,2
23,1,5,0,18
23,2,5,0,0
23,3,5,4,5
23,4,5,4,23
23,5,5,0,6
23,6,5,0,3
23,7,5,0,20
23,8,5,4,17
23,9,4,10,0
23,10,10,0,22
23,11,4,10,24
23,12,5,4,8
23,13,5,4,8
23,14,4,10,10
23,15,4,10,22
23,16,4,0,1
23,17,5,4,19
23,18,5,0,16
23,19,5,0,5
23,20,5,0,16
23,21,5,0,8
23,22,5,4,0
23,23,4,0,5
23,24,4,0,5
23,25,4,0,4
23,26,4,10,0
23,27,10,0,19
23,28,10,0,23
23,29,4,10,16
23,30,4,10,16
23,31,4,10,11
23,32,4,0,19
23,33,4,0,5
23,34,5,4,11
23,35,5,0,24
23,36,5,0,23
23,37,5,4,0
23,38,4,0,7
23,39,5,4,24
23,40,5,0,4
23,41,5,4,18
23,42,4,0,17
23,43,4,0,7
23,44,4,0,14
23,45,4,6,0
23,46,6,0,2
23,47,4,10,0
23,48,10,0,23
23,49,4,10,21
23,50,4,0,19
23,51,4,0,11
23,52,4,0,7
23,53,5,4,6
23,54,5,0,9
23,55,5,0,5
23,56,5,0,12
23,57,5,0,13
23,58,5,0,12
24,0,5,0,22
24,1,5,0,0
24,2,5,4,0
24,3,4,0,23
24,4,5,4,24
24,5,5,0,5
24,6,5,0,14
24,7,5,0,19
24,8,5,4,17
24,9,4,10,1
24,10,4,10,9
24,11,4,0,12
24,12,4,0,17
24,13,4,10,10
24,14,10,0,0
24,15,4,10,24
24,16,5,4,9
24,17,5,0,18
24,18,5,0,14
24,19,5,0,14
24,20,5,0,15
24,21,5,0,14
24,22,5,4,18
24,23,4,0,6
24,24,4,0,24
24,25,4,0,17
24,26,4,10,17
24,27,4,10,16
24,28,4,10,19
24,29,4,10,4
24,30,4,10,4
24,31,4,0,23
24,32,4,0,21
24,33,5,4,19
24,34,5,0,16
24,35,5,0,1
24,36,5,0,18
24,37,5,4,2
24,38,5,4,9
24,39,5,0,0
24,40,5,4,0
24,41,4,0,24
24,42,4,0,18
24,43,4,10,20
24,44,4,0,12
24,45,4,6,17
24,46,4,6,9
24,47,4,10,17
24,48,10,0,14
24,49,4,10,23
24,50,4,0,20
24,51,4,0,1
24,52,4,0,23
24,53,5,4,24
24,54,5,0,15
24,55,5,0,7
24,56,5,0,23
24,57,5,0,2
24,58,5,0,9
25,0,5,0,9
25,1,5,0,11
25,2,5,4,17
25,3,5,4,11
25,4,5,0,20
25,5,5,0,14
25,6,5,0,17
25,7,5,0,19
25,8,5,4,2
25,9,4,10,4
25,10,4,0,14
25,11,4,0,2
25,12,4,10,0
25,13,10,0,2
25,14,4,10,9
25,15,5,4,11
25,16,5,0,0
25,17,5,0,21
25,18,5,0,18
25,19,5,0,16
25,20,5,0,3
25,21,5,4,0
25,22,4,0,12
25,23,4,0,11
25,24,4,0,1
25,25,4,0,3
25,26,4,10,4
25,27,4,10,4
25,28,4,0,16
25,29,4,0,22
25,30,4,0,6
25,31,4,0,1
25,32,5,4,6
25,33,5,0,23
25,34,5,0,19
25,35,5,0,4
25,36,5,0,19
25,37,5,4,4
25,38,5,0,10
25,39,5,0,24
25,40,5,4,18
25,41,4,0,14
25,42,4,10,10
25,43,4,10,23
25,44,4,0,5
25,45,4,6,4
25,46,4,0,6
25,47,4,10,3
25,48,10,0,22
25,49,4,10,24
25,50,4,0,6
25,51,4,0,22
25,52,5,4,14
25,53,5,4,20
25,54,5,0,23
25,55,5,0,10
25,56,5,0,19
25,57,5,0,7
25,58,5,0,15
26,0,5,0,19
26,1,5,0,19
26,2,5,4,4
26,3,5,0,19
26,4,5,0,24
26,5,5,0,3
26,6,5,0,19
26,7,5,0,13
26,8,5,4,17
26,9,5,4,16
26,10,5,4,16
26,11,5,4,16
26,12,4,10,17
26,13,4,10,9
26,14,5,4,11
26,15,5,0,9
26,16,5,0,1
26,17,5,0,10
26,18,5,0,1
26,19,5,0,5
26,20,5,0,24
26,21,5,4,18
26,22,4,0,6
26,23,4,0,15
26,24,4,0,23
26,25,4,0,6
26,26,4,0,6
26,27,4,0,20
26,28,4,0,15
26,29,4,0,0
26,30,4,0,7
26,31,5,4,6
26,32,5,4,24
26,33,5,0,11
26,34,5,0,15
26,35,5,0,22
26,36,5,0,21
26,37,5,0,17
26,38,5,0,8
26,39,5,4,0
26,40,4,0,24
26,41,4,10,0
26,42,10,0,18
26,43,4,10,24
26,44,4,0,11
26,45,4,0,20
26,46,4,0,17
26,47,4,10,3
26,48,4,10,19
26,49,4,0,5
26,50,4,0,7
26,51,5,4,11
26,52,5,4,10
26,53,5,4,22
26,54,5,0,12
26,55,5,0,7
26,56,5,0,8
26,57,5,0,17
26,58,5,0,12
27,0,5,0,0
27,1,5,0,19
27,2,5,0,20
27,3,5,0,18
27,4,5,0,10
27,5,5,0,18
27,6,5,0,24
27,7,5,0,1
27,8,5,4,4
27,9,5,4,4
27,10,5,4,4
27,11,5,4,3
27,12,4,10,4
27,13,5,4,6
27,14,5,0,13
27,15,5,0,7
27,16,5,0,23
27,17,5,0,10
27,18,5,0,15
27,19,5,0,24
27,20,5,4,0
27,21,4,0,22
27,22,4,0,4
27,23,4,0,13
27,24,4,0,1
27,25,4,0,23
27,26,4,0,15
27,27,4,0,9
27,28,4,0,14
27,29,4,0,5
27,30,4,0,19
27,31,5,4,24
27,32,5,0,8
27,33,5,0,15
27,34,5,0,17
27,35,5,0,4
27,36,5,0,5
27,37,5,0,11
27,38,5,0,14
27,39,5,4,3
27,40,4,0,6
27,41,4,10,2
27,42,4,10,11
27,43,4,0,19
27,44,4,0,1
27,45,4,0,18
27,46,4,0,6
27,47,4,10,4
27,48,4,0,4
27,49,4,0,17
27,50,5,4,9
27,51,5,4,0
27,52,4,0,1
27,53,5,4,24
27,54,5,0,13
27,55,5,0,15
27,56,5,0,13
27,57,5,0,10
27,58,5,0,2
28,0,5,0,21
28,1,5,0,21
28,2,5,0,0
28,3,5,0,21
28,4,5,0,5
28,5,5,0,18
28,6,5,0,5
28,7,5,0,16
28,8,5,0,9
28,9,5,0,12
28,10,5,0,13
28,11,5,4,3
28,12,4,0,5
28,13,5,4,21
28,14,5,4,20
28,15,5,4,20
28,16,5,4,20
28,17,5,0,5
28,18,5,0,11
28,19,5,0,11
28,20,5,4,3
28,21,4,0,14
28,22,4,0,0
28,23,4,0,2
28,24,4,0,9
28,25,4,0,21
28,26,4,0,4
28,27,4,0,5
28,28,4,0,8
28,29,4,0,22
28,30,5,4,19
28,31,5,0,20
28,32,5,0,19
28,33,5,0,24
28,34,5,0,15
28,35,5,0,4
28,36,5,0,21
28,37,5,0,18
28,38,5,0,13
28,39,5,4,3
28,40,4,0,24
28,41,4,10,4
28,42,4,0,19
28,43,4,0,7
28,44,4,0,13
28,45,4,0,4
28,46,4,0,4
28,47,4,0,13
28,48,4,0,15
28,49,5,4,11
28,50,5,0,3
28,51,5,4,17
28,52,5,4,19
28,53,5,0,6
28,54,5,0,3
28,55,5,0,11
28,56,5,4,20
28,57,5,0,17
28,58,5,0,23
29,0,5,0,15
29,1,5,0,21
29,2,5,0,18
29,3,5,0,18
29,4,5,0,16
29,5,5,0,20
29,6,5,0,18
29,7,5,0,19
29,8,5,0,19
29,9,5,0,7
29,10,5,0,5
29,11,5,4,18
29,12,4,0,18
29,13,5,4,8
29,14,5,4,8
29,15,5,4,8
29,16,5,4,22
29,17,5,0,11
29,18,5,0,14
29,19,5,0,0
29,20,5,4,2
29,21,4,0,12
29,22,4,0,14
29,23,4,0,2
29,24,4,0,10
29,25,4,0,3
29,26,4,0,6
29,27,4,0,5
29,28,5,4,16
29,29,5,4,11
29,30,5,0,4
29,31,5,0,16
29,32,5,0,12
29,33,5,0,7
29,34,5,0,0
29,35,5,0,2
29,36,5,0,21
29,37,5,0,20
29,38,5,0,15
29,39,5,4,2
29,40,4,0,9
29,41,4,0,11
29,42,4,0,20
29,43,4,0,15
29,44,4,0,9
29,45,4,0,20
29,46,4,0,13
29,47,4,0,16
29,48,5,4,6
29,49,5,0,7
29,50,5,0,9
29,51,5,4,4
29,52,5,0,7
29,53,5,0,24
29,54,5,4,20
29,55,5,4,13
29,56,5,4,21
29,57,5,4,20
29,58,5,0,13
30,0,5,0,6
30,1,5,0,10
30,2,5,0,23
30,3,5,0,12
30,4,5,0,20
30,5,5,0,20
30,6,5,0,0
30,7,5,0,8
30,8,5,0,3
30,9,5,0,16
30,10,5,4,5
30,11,4,0,9
30,12,4,0,18
30,13,4,0,15
30,14,4,0,12
30,15,4,0,0
30,16,5,4,7
30,17,5,0,12
30,18,5,0,14
30,19,5,0,3
30,20,5,4,3
30,21,4,0,23
30,22,4,0,17
30,23,4,0,0
30,24,4,0,6
30,25,4,0,0
30,26,4,0,10
30,27,5,4,19
30,28,5,4,4
30,29,5,0,18
30,30,5,0,20
30,31,5,0,4
30,32,5,0,6
30,33,5,0,23
30,34,5,0,18
30,35,5,0,19
30,36,5,0,22
30,37,5,0,0
30,38,5,0,18
30,39,5,4,1
30,40,4,0,23
30,41,4,0,0
30,42,4,0,14
30,43,4,0,15
30,44,4,0,12
30,45,4,0,13
30,46,4,0,9
30,47,4,0,6
30,48,5,4,23
30,49,5,0,0
30,50,5,0,9
30,51,5,0,12
30,52,5,4,20
30,53,5,4,10
30,54,4,10,20
30,55,4,10,20
30,56,4,10,20
30,57,5,4,23
30,58,5,0,22
31,0,5,0,4
31,1,5,0,7
31,2,5,0,2
31,3,5,0,9
31,4,5,0,6
31,5,5,0,19
31,6,5,0,24
31,7,5,0,2
31,8,5,4,20
31,9,5,4,15
31,10,4,0,2
31,11,4,0,16
31,12,4,0,14
31,13,4,0,3
31,14,4,0,22
31,15,4,0,8
31,16,5,4,21
31,17,5,0,6
31,18,5,0,22
31,19,5,0,12
31,20,5,4,1
31,21,4,0,18
31,22,4,0,13
31,23,4,0,16
31,24,4,0,20
31,25,4,0,14
31,26,5,4,11
31,27,5,0,3
31,28,5,0,19
31,29,5,0,19
31,30,5,0,19
31,31,5,0,13
31,32,5,0,8
31,33,5,4,20
31,34,5,4,20
31,35,5,4,20
31,36,5,0,8
31,37,5,0,5
31,38,5,0,10
31,39,5,4,17
31,40,4,0,2
31,41,4,0,23
31,42,4,0,17
31,43,4,0,7
31,44,4,0,21
31,45,5,4,16
31,46,4,0,8
31,47,4,0,16
31,48,5,4,21
31,49,5,0,1
31,50,5,4,20
31,51,5,4,15
31,52,5,4,8
31,53,4,10,10
31,54,4,10,8
31,55,4,10,8
31,56,4,10,23
31,57,5,4,22
31,58,5,0,13
32,0,5,0,11
32,1,5,0,6
32,2,5,0,12
32,3,5,0,8
32,4,5,0,13
32,5,5,0,12
32,6,5,0,6
32,7,5,4,13
32,8,5,4,8
32,9,4,0,18
32,10,4,0,22
32,11,4,0,23
32,12,4,0,11
32,13,4,0,3
32,14,4,0,8
32,15,4,0,19
32,16,5,4,22
32,17,5,0,18
32,18,5,0,5
32,19,5,0,8
32,20,5,4,3
32,21,5,4,16
32,22,5,4,16
32,23,4,0,23
32,24,5,4,16
32,25,5,4,14
32,26,5,0,4
32,27,5,0,15
32,28,5,0,4
32,29,5,0,1
32,30,5,0,6
32,31,5,0,12
32,32,5,4,10
32,33,5,4,8
32,34,5,4,8
32,35,5,4,23
32,36,5,4,20
32,37,5,4,20
32,38,5,0,10
32,39,5,4,1
32,40,4,0,7
32,41,4,0,12
32,42,4,0,7
32,43,5,4,16
32,44,5,4,11
32,45,5,4,17
32,46,4,0,0
32,47,4,0,20
32,48,5,4,22
32,49,4,10,20
32,50,4,10,20
32,51,4,0,24
32,52,4,10,0
32,53,10,0,11
32,54,10,0,15
32,55,10,0,2
32,56,4,10,7
32,57,5,4,21
32,58,5,0,13
33,0,5,0,20
33,1,5,0,6
33,2,5,0,9
33,3,5,0,21
33,4,5,0,17
33,5,5,0,16
33,6,5,4,15
33,7,4,0,2
33,8,4,0,3
33,9,4,0,13
33,10,4,0,0
33,11,4,0,2
33,12,4,0,15
33,13,4,0,3
33,14,4,0,20
33,15,4,0,4
33,16,5,4,21
33,17,5,0,2
33,18,5,0,0
33,19,5,0,9
33,20,5,4,4
33,21,5,4,4
33,22,5,4,2
33,23,5,4,19
33,24,5,4,4
33,25,5,0,7
33,26,5,0,15
33,27,5,0,12
33,28,5,0,23
33,29,5,0,9
33,30,5,4,20
33,31,5,4,15
33,32,4,0,13
33,33,4,0,9
33,34,4,0,23
33,35,5,4,8
33,36,5,4,8
33,37,5,4,22
33,38,5,0,9
33,39,5,4,17
33,40,4,0,19
33,41,4,0,12
33,42,5,4,14
33,43,5,4,4
33,44,5,0,12
33,45,5,4,3
33,46,4,0,15
33,47,4,0,23
33,48,4,10,15
33,49,4,10,8
33,50,4,10,23
33,51,4,0,15
33,52,4,10,1
33,53,4,10,16
33,54,4,10,16
33,55,10,0,15
33,56,4,10,22
33,57,5,4,7
33,58,5,0,2
34,0,5,0,18
34,1,5,0,17
34,2,5,0,9
34,3,5,0,11
34,4,5,0,9
34,5,5,4,15
34,6,4,10,20
34,7,4,10,20
34,8,4,0,16
34,9,4,6,20
34,10,4,0,15
34,11,4,10,20
34,12,4,0,19
34,13,4,0,22
34,14,4,0,13
34,15,4,0,22
34,16,5,4,24
34,17,5,0,19
34,18,5,0,1
34,19,5,0,16
34,20,5,0,24
34,21,5,0,12
34,22,5,4,4
34,23,5,0,0
34,24,5,0,14
34,25,5,0,1
34,26,5,0,9
34,27,5,0,3
34,28,5,0,1
34,29,5,4,5
34,30,5,4,8
34,31,4,0,20
34,32,4,10,20
34,33,4,0,20
34,34,4,0,20
34,35,4,0,19
34,36,4,0,20
34,37,5,4,7
34,38,5,0,5
34,39,5,4,1
34,40,5,4,16
34,41,5,4,14
34,42,5,0,5
34,43,5,0,5
34,44,5,0,8
34,45,5,4,17
34,46,4,0,6
34,47,4,10,10
34,48,10,0,7
34,49,10,0,20
34,50,4,10,24
34,51,4,0,7
34,52,4,10,4
34,53,4,10,4
34,54,4,10,3
34,55,10,0,4
34,56,4,10,23
34,57,5,4,7
34,58,5,0,17
35,0,5,0,15
35,1,5,0,15
35,2,5,0,12
35,3,5,0,12
35,4,5,4,5
35,5,4,10,5
35,6,4,10,8
35,7,4,10,21
35,8,4,6,10
35,9,4,6,22
35,10,4,10,5
35,11,4,10,21
35,12,4,0,6
35,13,4,0,6
35,14,4,0,20
35,15,5,4,6
35,16,5,0,22
35,17,5,0,11
35,18,5,0,22
35,19,5,0,0
35,20,5,0,13
35,21,5,0,7
35,22,5,0,13
35,23,5,0,0
35,24,5,0,5
35,25,5,0,7
35,26,5,0,12
35,27,5,0,8
35,28,5,4,0
35,29,4,0,21
35,30,4,0,23
35,31,4,10,15
35,32,4,10,23
35,33,4,0,23
35,34,4,0,0
35,35,4,0,2
35,36,4,0,3
35,37,5,4,23
35,38,5,0,2
35,39,5,4,4
35,40,5,4,4
35,41,5,4,20
35,42,5,0,2
35,43,5,0,10
35,44,5,0,13
35,45,5,4,18
35,46,4,10,10
35,47,10,0,10
35,48,4,10,16
35,49,4,10,9
35,50,5,4,16
35,51,5,4,16
35,52,5,4,16
35,53,5,4,16
35,54,4,10,3
35,55,10,0,13
35,56,4,10,22
35,57,5,4,24
35,58,5,0,3
36,0,5,0,2
36,1,5,0,17
36,2,5,0,2
36,3,5,4,0
36,4,4,10,0
36,5,10,0,18
36,6,10,0,11
36,7,4,6,0
36,8,6,0,10
36,9,4,6,24
36,10,10,0,22
36,11,4,10,21
36,12,4,0,22
36,13,4,0,2
36,14,4,0,14
36,15,5,4,22
36,16,5,0,1
36,17,5,0,3
36,18,5,0,16
36,19,5,0,3
36,20,5,0,8
36,21,5,0,8
36,22,5,0,19
36,23,5,0,11
36,24,5,0,22
36,25,5,0,21
36,26,5,0,6
36,27,5,0,22
36,28,5,4,18
36,29,4,0,19
36,30,4,10,0
36,31,10,0,8
36,32,4,10,7
36,33,4,0,7
36,34,4,0,12
36,35,4,0,14
36,36,4,0,21
36,37,5,4,23
36,38,5,0,3
36,39,5,0,18
36,40,5,4,5
36,41,5,4,7
36,42,5,0,5
36,43,5,0,7
36,44,5,4,10
36,45,4,10,10
36,46,10,0,7
36,47,4,10,14
36,48,4,10,4
36,49,5,4,14
36,50,5,4,4
36,51,5,4,4
36,52,5,4,4
36,53,5,4,1
36,54,4,10,1
36,55,10,0,13
36,56,4,10,24
36,57,5,0,19
36,58,5,0,4
37,0,5,0,21
37,1,5,0,4
37,2,5,0,1
37,3,5,4,18
37,4,4,10,17
37,5,4,10,16
37,6,4,10,14
37,7,4,6,18
37,8,4,6,6
37,9,4,10,18
37,10,10,0,5
37,11,4,10,24
37,12,4,0,13
37,13,4,0,23
37,14,4,0,14
37,15,5,4,21
37,16,5,0,3
37,17,5,0,22
37,18,5,0,17
37,19,5,0,16
37,20,5,0,6
37,21,5,0,20
37,22,5,0,1
37,23,5,0,17
37,24,5,0,0
37,25,5,0,22
37,26,5,0,12
37,27,5,4,13
37,28,4,0,1
37,29,4,0,4
37,30,4,10,2
37,31,10,0,23
37,32,4,10,22
37,33,4,0,3
37,34,4,0,21
37,35,4,0,14
37,36,4,0,4
37,37,5,4,23
37,38,5,0,9
37,39,5,4,0
37,40,4,0,17
37,41,5,4,24
37,42,5,0,16
37,43,5,4,10
37,44,4,10,10
37,45,10,0,24
37,46,4,10,11
37,47,5,4,14
37,48,5,4,4
37,49,5,0,11
37,50,5,0,17
37,51,5,0,9
37,52,5,0,11
37,53,5,4,2
37,54,4,10,1
37,55,4,10,9
37,56,5,4,21
37,57,5,0,0
37,58,5,0,18
38,0,5,0,20
38,1,5,0,16
38,2,5,4,15
38,3,4,0,9
38,4,4,10,4
38,5,4,10,4
38,6,4,6,5
38,7,6,0,13
38,8,4,10,0
38,9,10,0,10
38,10,4,10,6
38,11,4,10,20
38,12,4,10,20
38,13,4,0,19
38,14,4,0,7
38,15,5,4,24
38,16,5,0,20
38,17,5,0,11
38,18,5,0,20
38,19,5,0,2
38,20,5,0,6
38,21,5,0,9
38,22,5,0,6
38,23,5,0,19
38,24,5,0,7
38,25,5,0,18
38,26,5,4,13
38,27,4,0,17
38,28,4,0,16
38,29,4,0,24
38,30,4,10,18
38,31,10,0,10
38,32,4,10,7
38,33,4,0,6
38,34,4,0,17
38,35,4,0,3
38,36,4,0,5
38,37,5,4,21
38,38,5,0,20
38,39,5,4,17
38,40,5,4,11
38,41,5,0,23
38,42,5,4,13
38,43,4,10,15
38,44,10,0,14
38,45,4,10,11
38,46,5,4,9
38,47,5,0,6
38,48,5,0,18
38,49,5,0,12
38,50,5,0,0
38,51,5,0,4
38,52,5,0,2
38,53,5,4,2
38,54,4,10,4
38,55,4,0,1
38,56,5,4,24
38,57,5,0,20
38,58,5,0,22
39,0,5,0,3
39,1,5,4,0
39,2,4,0,4
39,3,4,0,3
39,4,4,0,21
39,5,4,6,0
39,6,6,0,8
39,7,4,6,6
39,8,4,10,17
39,9,10,0,23
39,10,4,10,8
39,11,4,10,8
39,12,4,10,22
39,13,4,0,0
39,14,5,4,14
39,15,5,0,12
39,16,5,0,18
39,17,5,0,9
39,18,5,0,16
39,19,5,0,3
39,20,5,0,17
39,21,5,0,3
39,22,5,0,23
39,23,5,0,14
39,24,5,0,23
39,25,5,4,0
39,26,4,0,10
39,27,4,0,11
39,28,4,0,19
39,29,4,10,0
39,30,10,0,21
39,31,10,0,7
39,32,4,10,7
39,33,4,0,17
39,34,4,0,11
39,35,4,0,3
39,36,4,0,10
39,37,5,4,24
39,38,5,0,19
39,39,5,4,4
39,40,5,0,11
39,41,5,4,10
39,42,4,10,15
39,43,10,0,3
39,44,4,10,9
39,45,5,4,14
39,46,5,0,21
39,47,5,4,20
39,48,5,0,16
39,49,5,0,5
39,50,5,0,4
39,51,5,4,20
39,52,5,0,3
39,53,5,4,18
39,54,4,0,8
39,55,5,4,6
39,56,5,0,17
39,57,5,0,2
39,58,5,0,1
40,0,5,0,13
40,1,5,4,18
40,2,4,0,7
40,3,4,0,16
40,4,4,0,24
40,5,4,6,18
40,6,6,0,1
40,7,4,6,24
40,8,4,10,3
40,9,10,0,18
40,10,10,0,5
40,11,10,0,8
40,12,4,10,24
40,13,5,4,19
40,14,5,0,0
40,15,5,0,21
40,16,5,0,22
40,17,5,0,20
40,18,5,0,13
40,19,5,0,7
40,20,5,0,23
40,21,5,0,8
40,22,5,0,18
40,23,5,0,9
40,24,5,0,14
40,25,5,4,18
40,26,4,0,15
40,27,4,0,6
40,28,4,0,19
40,29,4,10,18
40,30,10,0,24
40,31,10,0,16
40,32,4,10,7
40,33,4,0,24
40,34,4,0,18
40,35,4,0,11
40,36,5,4,6
40,37,5,0,18
40,38,5,0,20
40,39,5,0,13
40,40,5,4,0
40,41,4,10,13
40,42,10,0,17
40,43,4,10,9
40,44,5,4,14
40,45,5,0,10
40,46,5,4,15
40,47,5,4,21
40,48,5,0,11
40,49,5,0,8
40,50,5,4,13
40,51,5,4,22
40,52,5,4,0
40,53,4,0,2
40,54,4,0,15
40,55,5,4,24
40,56,5,0,12
40,57,5,0,1
40,58,5,0,19
41,0,5,4,0
41,1,4,0,7
41,2,4,0,16
41,3,4,0,5
41,4,4,6,0
41,5,6,0,10
41,6,4,6,6
41,7,4,0,12
41,8,4,10,3
41,9,10,0,24
41,10,10,0,9
41,11,4,10,6
41,12,5,4,6
41,13,5,0,10
41,14,5,0,3
41,15,5,0,23
41,16,5,0,7
41,17,5,0,12
41,18,5,0,13
41,19,5,0,5
41,20,5,0,19
41,21,5,0,21
41,22,5,0,10
41,23,5,0,21
41,24,5,4,0
41,25,4,0,6
41,26,4,0,18
41,27,4,0,18
41,28,4,10,10
41,29,10,0,2
41,30,10,0,7
41,31,10,0,18
41,32,4,10,22
41,33,4,0,2
41,34,4,0,22
41,35,4,0,13
41,36,5,4,24
41,37,5,0,3
41,38,5,0,12
41,39,5,0,11
41,40,4,10,0
41,41,10,0,8
41,42,4,10,14
41,43,5,4,11
41,44,5,0,19
41,45,5,4,0
41,46,4,0,6
41,47,5,4,24
41,48,5,0,11
41,49,5,4,0
41,50,4,0,4
41,51,5,4,24
41,52,5,4,17
41,53,4,0,10
41,54,5,4,6
41,55,5,0,17
41,56,5,0,17
41,57,5,0,14
41,58,5,0,19
42,0,5,4,1
42,1,4,0,3
42,2,4,0,19
42,3,4,0,8
42,4,4,6,17
42,5,6,0,1
42,6,4,6,24
42,7,4,0,3
42,8,4,10,18
42,9,10,0,23
42,10,10,0,10
42,11,4,10,24
42,12,5,4,24
42,13,5,0,21
42,14,5,0,1
42,15,5,0,24
42,16,5,0,3
42,17,5,0,18
42,18,5,0,11
42,19,5,0,2
42,20,5,0,24
42,21,5,0,7
42,22,5,0,8
42,23,5,0,10
42,24,5,4,18
42,25,4,0,14
42,26,4,0,3
42,27,4,10,5
42,28,10,0,18
42,29,4,10,16
42,30,4,10,16
42,31,10,0,20
42,32,4,10,24
42,33,4,0,2
42,34,4,0,4
42,35,5,4,6
42,36,5,0,12
42,37,5,0,15
42,38,5,0,1
42,39,5,4,5
42,40,4,10,18
42,41,4,10,6
42,42,5,4,9
42,43,5,0,17
42,44,5,0,18
42,45,5,4,1
42,46,5,4,9
42,47,5,0,7
42,48,5,0,2
42,49,5,4,1
42,50,5,4,9
42,51,5,0,10
42,52,5,4,18
42,53,4,0,2
42,54,5,4,7
42,55,5,0,20
42,56,5,0,8
42,57,5,4,20
42,58,5,0,19
43,0,5,4,18
43,1,4,0,7
43,2,4,0,14
43,3,4,0,5
43,4,4,6,1
43,5,4,6,11
43,6,4,0,11
43,7,4,10,0
43,8,10,0,10
43,9,10,0,11
43,10,4,10,19
43,11,5,4,11
43,12,5,0,9
43,13,5,0,21
43,14,5,0,16
43,15,5,0,11
43,16,5,0,4
43,17,5,0,8
43,18,5,0,1
43,19,5,0,5
43,20,5,0,10
43,21,5,0,12
43,22,5,0,18
43,23,5,4,0
43,24,4,0,2
43,25,4,0,13
43,26,4,10,0
43,27,10,0,23
43,28,4,10,11
43,29,4,10,4
43,30,4,10,3
43,31,4,10,11
43,32,4,0,8
43,33,4,0,21
43,34,4,0,7
43,35,5,4,24
43,36,5,0,5
43,37,5,0,21
43,38,5,4,0
43,39,4,10,13
43,40,10,0,18
43,41,4,10,24
43,42,5,0,1
43,43,5,0,6
43,44,5,0,0
43,45,5,4,4
43,46,5,0,18
43,47,5,0,24
43,48,5,0,2
43,49,5,4,4
43,50,5,0,15
43,51,5,4,0
43,52,4,0,5
43,53,4,0,15
43,54,5,4,24
43,55,5,0,4
43,56,5,4,15
43,57,5,4,21
43,58,5,0,8
44,0,4,0,6
44,1,4,0,23
44,2,4,0,20
44,3,4,0,14
44,4,4,6,4
44,5,4,0,15
44,6,4,0,2
44,7,4,10,18
44,8,10,0,7
44,9,4,10,11
44,10,5,4,9
44,11,5,0,0
44,12,5,0,20
44,13,5,0,3
44,14,5,0,12
44,15,5,0,4
44,16,5,0,8
44,17,5,0,12
44,18,5,0,15
44,19,5,0,0
44,20,5,0,24
44,21,5,0,5
44,22,5,0,14
44,23,5,4,18
44,24,4,0,12
44,25,4,0,4
44,26,4,10,18
44,27,4,10,6
44,28,4,0,8
44,29,4,0,3
44,30,4,10,4
44,31,4,0,23
44,32,4,0,1
44,33,4,0,9
44,34,5,4,6
44,35,5,0,15
44,36,5,0,10
44,37,5,0,8
44,38,4,10,0
44,39,10,0,5
44,40,4,10,6
44,41,5,4,24
44,42,5,0,15
44,43,5,0,15
44,44,5,0,12
44,45,5,0,13
44,46,5,0,12
44,47,5,0,1
44,48,5,0,14
44,49,5,0,13
44,50,5,0,8
44,51,5,4,18
44,52,4,0,13
44,53,5,4,6
44,54,5,0,4
44,55,5,4,0
44,56,4,0,14
44,57,5,4,24
44,58,5,0,2
45,0,4,0,7
45,1,4,0,24
45,2,4,0,8
45,3,4,0,15
45,4,4,0,10
45,5,4,0,7
45,6,4,10,0
45,7,10,0,10
45,8,4,10,14
45,9,5,4,11
45,10,5,0,0
45,11,5,0,14
45,12,5,0,5
45,13,5,0,10
45,14,5,0,1
45,15,5,0,1
45,16,5,0,6
45,17,5,0,4
45,18,5,0,11
45,19,5,0,7
45,20,5,0,17
45,21,5,0,16
45,22,5,4,0
45,23,4,0,15
45,24,4,0,19
45,25,4,10,0
45,26,10,0,18
45,27,4,10,24
45,28,4,0,19
45,29,4,0,0
45,30,4,0,5
45,31,4,0,9
45,32,4,0,18
45,33,4,0,19
45,34,5,4,24
45,35,5,0,6
45,36,5,0,23
45,37,5,4,0
45,38,4,10,17
45,39,10,0,1
45,40,4,10,24
45,41,5,0,21
45,42,5,0,11
45,43,5,0,14
45,44,5,0,13
45,45,5,0,18
45,46,5,0,9
45,47,5,0,14
45,48,5,0,0
45,49,5,0,2
45,50,5,4,0
45,51,4,0,11
45,52,4,0,23
45,53,5,4,24
45,54,5,0,13
45,55,5,4,1
45,56,5,4,19
45,57,5,0,1
45,58,5,0,19
46,0,4,0,17
46,1,4,0,21
46,2,4,0,9
46,3,4,0,16
46,4,4,0,12
46,5,4,0,8
46,6,4,10,1
46,7,4,10,11
46,8,5,4,19
46,9,5,0,18
46,10,5,0,16
46,11,5,0,18
46,12,5,0,5
46,13,5,0,2
46,14,5,0,0
46,15,5,0,2
46,16,5,0,1
46,17,5,0,0
46,18,5,0,0
46,19,5,0,0
46,20,5,0,12
46,21,5,0,15
46,22,5,4,18
46,23,4,0,14
46,24,4,0,19
46,25,4,10,18
46,26,4,10,6
46,27,4,0,11
46,28,4,0,23
46,29,4,0,11
46,30,4,0,8
46,31,4,0,6
46,32,4,0,3
46,33,5,4,11
46,34,5,0,24
46,35,5,0,16
46,36,5,0,21
46,37,5,4,18
46,38,4,10,18
46,39,4,10,6
46,40,5,4,7
46,41,5,4,20
46,42,5,4,20
46,43,5,4,20
46,44,5,0,20
46,45,5,0,11
46,46,5,0,23
46,47,5,0,21
46,48,5,0,11
46,49,5,0,22
46,50,5,4,18
46,51,4,10,20
46,52,5,4,6
46,53,5,0,8
46,54,5,0,2
46,55,5,4,4
46,56,5,0,9
46,57,5,0,8
46,58,5,0,8
47,0,5,4,16
47,1,4,0,4
47,2,4,0,3
47,3,4,0,19
47,4,4,0,11
47,5,4,0,20
47,6,4,10,4
47,7,5,4,14
47,8,5,0,13
47,9,5,0,16
47,10,5,0,11
47,11,5,0,23
47,12,5,0,16
47,13,5,0,21
47,14,5,0,21
47,15,5,0,7
47,16,5,0,0
47,17,5,0,17
47,18,5,0,22
47,19,5,0,4
47,20,5,0,20
47,21,5,4,0
47,22,4,0,10
47,23,4,0,24
47,24,4,10,0
47,25,10,0,15
47,26,4,10,24
47,27,4,0,0
47,28,4,0,0
47,29,4,0,14
47,30,4,0,17
47,31,4,0,22
47,32,5,4,6
47,33,5,0,4
47,34,5,0,7
47,35,5,0,6
47,36,5,4,0
47,37,4,10,0
47,38,10,0,17
47,39,4,10,21
47,40,4,10,20
47,41,5,4,8
47,42,5,4,8
47,43,5,4,22
47,44,5,0,13
47,45,5,0,3
47,46,5,0,23
47,47,5,4,20
47,48,5,0,6
47,49,5,4,0
47,50,4,10,5
47,51,4,10,22
47,52,5,4,24
47,53,5,0,9
47,54,5,0,3
47,55,5,0,4
47,56,5,4,20
47,57,5,4,20
47,58,5,4,20
48,0,5,4,2
48,1,4,0,18
48,2,4,0,5
48,3,4,0,1
48,4,4,0,5
48,5,4,0,16
48,6,5,4,11
48,7,5,0,15
48,8,5,0,3
48,9,5,0,6
48,10,5,0,17
48,11,5,0,1
48,12,5,0,1
48,13,5,0,9
48,14,5,0,22
48,15,5,0,19
48,16,5,0,23
48,17,5,0,6
48,18,5,0,19
48,19,5,0,6
48,20,5,0,7
48,21,5,4,18
48,22,4,0,1
48,23,4,0,18
48,24,4,10,1
48,25,4,10,9
48,26,4,0,5
48,27,4,0,4
48,28,4,0,14
48,29,4,0,21
48,30,4,0,2
48,31,4,0,12
48,32,5,4,24
48,33,5,0,18
48,34,5,0,4
48,35,5,0,4
48,36,5,4,2
48,37,4,10,1
48,38,10,0,15
48,39,4,10,8
48,40,4,10,22
48,41,4,10,20
48,42,4,10,20
48,43,5,4,23
48,44,5,0,20
48,45,5,0,24
48,46,5,4,5
48,47,5,4,7
48,48,5,0,0
48,49,4,10,0
48,50,10,0,18
48,51,4,10,21
48,52,5,0,20
48,53,5,0,24
48,54,5,4,20
48,55,5,4,15
48,56,5,4,8
48,57,5,4,8
48,58,5,4,8
49,0,5,4,17
49,1,4,0,20
49,2,4,0,10
49,3,4,0,4
49,4,5,4,16
49,5,5,4,14
49,6,5,0,9
49,7,5,0,14
49,8,5,0,23
49,9,5,0,13
49,10,5,0,13
49,11,5,0,5
49,12,5,0,10
49,13,5,0,24
49,14,5,0,14
49,15,5,0,6
49,16,5,0,20
49,17,5,0,7
49,18,5,0,5
49,19,5,0,12
49,20,5,4,0
49,21,4,0,3
49,22,4,0,2
49,23,4,0,11
49,24,4,10,4
49,25,4,0,17
49,26,4,0,6
49,27,4,0,24
49,28,4,0,14
49,29,4,0,20
49,30,4,0,14
49,31,5,4,11
49,32,5,0,17
49,33,5,0,16
49,34,5,0,17
49,35,5,0,12
49,36,5,4,17
49,37,4,10,17
49,38,10,0,7
49,39,10,0,0
49,40,4,10,8
49,41,4,10,8
49,42,4,10,7
49,43,5,4,21
49,44,5,0,21
49,45,5,4,0
49,46,4,0,1
49,47,5,4,24
49,48,5,4,0
49,49,4,10,18
49,50,10,0,2
49,51,4,10,24
49,52,5,4,20
49,53,5,4,5
49,54,5,4,8
49,55,4,0,3
49,56,4,0,14
49,57,4,0,19
49,58,4,0,6
50,0,5,4,2
50,1,5,4,16
50,2,4,0,6
50,3,5,4,9
50,4,5,4,4
50,5,5,0,3
50,6,5,0,16
50,7,5,0,7
50,8,5,0,12
50,9,5,0,12
50,10,5,0,23
50,11,5,0,19
50,12,5,0,14
50,13,5,0,20
50,14,5,0,6
50,15,5,0,11
50,16,5,0,21
50,17,5,0,0
50,18,5,0,17
50,19,5,0,2
50,20,5,4,17
50,21,4,0,8
50,22,4,0,19
50,23,4,0,1
50,24,4,0,11
50,25,4,0,14
50,26,4,0,7
50,27,4,0,17
50,28,4,0,3
50,29,4,0,8
50,30,5,4,19
50,31,5,0,1
50,32,5,0,19
50,33,5,4,20
50,34,5,0,22
50,35,5,0,0
50,36,5,4,2
50,37,4,10,3
50,38,4,10,16
50,39,10,0,24
50,40,10,0,4
50,41,10,0,2
50,42,4,10,23
50,43,5,4,21
50,44,5,0,15
50,45,5,4,17
50,46,5,4,11
50,47,5,0,8
50,48,4,10,0
50,49,10,0,5
50,50,4,10,6
50,51,5,4,8
50,52,5,4,8
50,53,4,0,24
50,54,4,0,2
50,55,4,0,13
50,56,4,0,24
50,57,4,0,8
50,58,4,0,21
51,0,5,4,4
51,1,5,4,17
51,2,5,4,14
51,3,5,0,12
51,4,5,0,3
51,5,5,0,21
51,6,5,0,3
51,7,5,0,16
51,8,5,0,4
51,9,5,0,17
51,10,5,0,8
51,11,5,0,19
51,12,5,0,17
51,13,5,0,11
51,14,5,0,23
51,15,5,0,12
51,16,5,0,24
51,17,5,0,9
51,18,5,0,2
51,19,5,0,9
51,20,5,4,3
51,21,4,0,18
51,22,4,0,5
51,23,4,0,13
51,24,4,0,10
51,25,4,0,1
51,26,4,0,23
51,27,4,0,2
51,28,4,0,2
51,29,5,4,6
51,30,5,0,15
51,31,5,0,15
51,32,5,4,15
51,33,5,4,21
51,34,5,0,20
51,35,5,0,16
51,36,5,4,2
51,37,4,10,4
51,38,4,10,17
51,39,4,10,16
51,40,4,10,16
51,41,10,0,3
51,42,4,10,21
51,43,5,4,7
51,44,5,0,19
51,45,5,4,4
51,46,5,0,1
51,47,5,4,0
51,48,4,10,3
51,49,10,0,11
51,50,4,10,24
51,51,4,0,4
51,52,4,0,19
51,53,4,0,3
51,54,4,0,19
51,55,4,0,7
51,56,4,10,20
51,57,4,0,14
51,58,4,0,3
52,0,5,0,1
52,1,5,4,4
52,2,5,0,17
52,3,5,0,18
52,4,5,0,19
52,5,5,0,6
52,6,5,0,2
52,7,5,0,23
52,8,5,0,3
52,9,5,0,22
52,10,5,0,15
52,11,5,0,15
52,12,5,4,20
52,13,5,4,20
52,14,5,0,6
52,15,5,0,9
52,16,5,0,2
52,17,5,0,4
52,18,5,0,17
52,19,5,0,17
52,20,5,4,3
52,21,4,0,8
52,22,4,0,2
52,23,4,0,4
52,24,4,0,22
52,25,4,0,5
52,26,4,0,19
52,27,4,0,4
52,28,4,0,6
52,29,5,4,24
52,30,5,0,5
52,31,5,4,0
52,32,4,0,7
52,33,5,4,24
52,34,5,0,23
52,35,5,0,22
52,36,5,4,17
52,37,5,4,16
52,38,4,10,4
52,39,4,10,4
52,40,4,10,1
52,41,10,0,13
52,42,4,10,22
52,43,5,4,7
52,44,5,0,23
52,45,5,0,8
52,46,5,0,10
52,47,5,4,2
52,48,4,10,17
52,49,4,10,19
52,50,4,0,4
52,51,4,0,4
52,52,4,0,20
52,53,4,0,2
52,54,4,0,18
52,55,4,10,10
52,56,4,10,23
52,57,4,0,0
52,58,4,0,8
53,0,5,0,15
53,1,5,0,13
53,2,5,0,6
53,3,5,0,24
53,4,5,0,13
53,5,5,0,21
53,6,5,0,2
53,7,5,0,19
53,8,5,0,5
53,9,5,0,4
53,10,5,4,20
53,11,5,4,15
53,12,5,4,8
53,13,5,4,21
53,14,5,4,20
53,15,5,0,12
53,16,5,0,4
53,17,5,0,5
53,18,5,0,10
53,19,5,0,24
53,20,5,4,17
53,21,4,0,2
53,22,4,0,1
53,23,4,0,9
53,24,4,0,7
53,25,4,0,5
53,26,4,0,20
53,27,4,0,21
53,28,5,4,6
53,29,5,0,16
53,30,5,0,9
53,31,5,4,1
53,32,5,4,9
53,33,5,0,15
53,34,5,0,20
53,35,5,0,16
53,36,5,4,4
53,37,5,4,4
53,38,5,4,17
53,39,5,4,16
53,40,4,10,3
53,41,10,0,8
53,42,4,10,24
53,43,5,4,21
53,44,5,0,0
53,45,5,0,11
53,46,5,0,11
53,47,5,4,18
53,48,4,10,4
53,49,4,0,0
53,50,4,0,11
53,51,4,0,19
53,52,4,0,7
53,53,4,0,11
53,54,4,10,0
53,55,10,0,8
53,56,4,10,24
53,57,4,0,4
53,58,4,0,21
54,0,5,0,1
54,1,5,0,24
54,2,5,0,0
54,3,5,0,17
54,4,5,0,24
54,5,5,0,22
54,6,5,0,4
54,7,5,0,4
54,8,5,0,12
54,9,5,4,10
54,10,5,4,8
54,11,4,0,18
54,12,4,0,12
54,13,5,4,8
54,14,5,4,7
54,15,5,4,20
54,16,5,0,1
54,17,5,0,6
54,18,5,0,9
54,19,5,0,15
54,20,5,4,2
54,21,4,0,11
54,22,4,0,24
54,23,4,0,24
54,24,5,4,16
54,25,5,4,16
54,26,4,0,21
54,27,4,0,12
54,28,5,4,24
54,29,5,0,19
54,30,5,0,8
54,31,5,4,4
54,32,5,0,18
54,33,5,0,18
54,34,5,0,1
54,35,5,0,13
54,36,5,0,6
54,37,5,0,3
54,38,5,4,4
54,39,5,4,18
54,40,4,10,18
54,41,4,10,6
54,42,4,0,20
54,43,5,4,23
54,44,5,0,5
54,45,5,0,21
54,46,5,4,0
54,47,4,0,18
54,48,4,0,18
54,49,4,0,24
54,50,4,0,12
54,51,4,0,5
54,52,4,0,10
54,53,4,0,6
54,54,4,10,2
54,55,4,10,9
54,56,4,0,18
54,57,4,0,20
54,58,4,0,16
55,0,5,0,5
55,1,5,0,10
55,2,5,0,16
55,3,5,0,14
55,4,5,0,18
55,5,5,0,22
55,6,5,0,13
55,7,5,0,17
55,8,5,4,10
55,9,4,0,19
55,10,4,0,20
55,11,4,0,2
55,12,4,0,13
55,13,4,0,9
55,14,5,4,8
55,15,5,4,7
55,16,5,0,14
55,17,5,0,16
55,18,5,0,9
55,19,5,0,21
55,20,5,4,2
55,21,5,4,16
55,22,5,4,16
55,23,5,4,14
55,24,5,4,4
55,25,5,4,18
55,26,4,0,23
55,27,4,10,20
55,28,5,4,20
55,29,5,4,20
55,30,5,4,20
55,31,5,0,9
55,32,5,0,0
55,33,5,4,20
55,34,5,0,4
55,35,5,0,6
55,36,5,0,17
55,37,5,0,9
55,38,5,4,0
55,39,4,10,0
55,40,10,0,19
55,41,4,10,24
55,42,4,0,20
55,43,5,4,24
55,44,5,0,4
55,45,5,0,11
55,46,5,4,3
55,47,4,0,10
55,48,4,10,20
55,49,4,0,14
55,50,4,0,15
55,51,4,0,18
55,52,4,0,18
55,53,4,6,20
55,54,4,10,4
55,55,4,0,1
55,56,4,0,9
55,57,4,0,9
55,58,4,0,4
56,0,5,0,20
56,1,5,0,2
56,2,5,0,16
56,3,5,0,21
56,4,5,0,13
56,5,5,0,2
56,6,5,0,19
56,7,5,4,10
56,8,4,0,14
56,9,4,0,21
56,10,4,0,1
56,11,4,0,23
56,12,4,0,24
56,13,4,0,15
56,14,4,0,18
56,15,5,4,22
56,16,5,0,11
56,17,5,0,8
56,18,5,0,17
56,19,5,0,22
56,20,5,4,4
56,21,5,4,4
56,22,5,4,4
56,23,5,0,16
56,24,5,4,0
56,25,4,0,15
56,26,4,10,10
56,27,4,10,21
56,28,5,4,8
56,29,5,4,8
56,30,5,4,22
56,31,5,4,20
56,32,5,4,15
56,33,5,4,23
56,34,5,0,16
56,35,5,0,2
56,36,5,0,22
56,37,5,4,20
56,38,4,10,20
56,39,4,10,18
56,40,4,10,6
56,41,4,0,14
56,42,5,4,9
56,43,5,0,15
56,44,5,0,2
56,45,5,0,16
56,46,5,4,18
56,47,4,10,15
56,48,4,10,22
56,49,4,0,9
56,50,4,0,12
56,51,4,0,1
56,52,4,6,5
56,53,4,6,21
56,54,4,0,4
56,55,4,0,21
56,56,4,0,7
56,57,4,0,3
56,58,4,0,12
57,0,5,0,23
57,1,5,0,8
57,2,5,0,16
57,3,5,0,15
57,4,5,0,18
57,5,5,0,20
57,6,5,4,13
57,7,4,0,23
57,8,4,0,15
57,9,4,0,12
57,10,4,0,8
57,11,4,0,12
57,12,4,0,7
57,13,4,0,18
57,14,4,0,17
57,15,5,4,24
57,16,5,0,7
57,17,5,0,7
57,18,5,0,15
57,19,5,0,13
57,20,5,0,21
57,21,5,4,20
57,22,5,0,22
57,23,5,0,16
57,24,5,4,18
57,25,4,10,0
57,26,10,0,4
57,27,4,10,24
57,28,4,0,6
57,29,4,0,11
57,30,5,4,8
57,31,5,4,8
57,32,4,10,20
57,33,4,10,20
57,34,5,4,20
57,35,5,4,20
57,36,5,4,15
57,37,4,10,15
57,38,4,10,8
57,39,10,0,11
57,40,4,10,23
57,41,5,4,6
57,42,5,0,14
57,43,5,0,23
57,44,5,0,5
57,45,5,4,0
57,46,4,10,0
57,47,10,0,1
57,48,4,10,24
57,49,4,0,18
57,50,4,0,11
57,51,4,6,0
57,52,6,0,10
57,53,4,6,24
57,54,4,0,12
57,55,4,10,20
57,56,4,0,14
57,57,4,0,3
57,58,5,4,6
58,0,5,0,16
58,1,5,0,8
58,2,5,0,18
58,3,5,0,5
58,4,5,0,21
58,5,5,4,10
58,6,4,0,11
58,7,4,0,22
58,8,4,0,10
58,9,4,10,20
58,10,4,10,20
58,11,4,10,20
58,12,4,0,6
58,13,4,0,4
58,14,5,4,6
58,15,5,0,2
58,16,5,0,16
58,17,5,0,1
58,18,5,0,11
58,19,5,0,3
58,20,5,4,13
58,21,5,4,21
58,22,5,0,19
58,23,5,4,13
58,24,4,0,9
58,25,4,10,1
58,26,4,10,9
58,27,4,0,3
58,28,4,0,0
58,29,4,0,4
58,30,4,0,9
58,31,4,10,13
58,32,4,10,8
58,33,4,10,22
58,34,5,4,8
58,35,5,4,8
58,36,4,10,15
58,37,10,0,3
58,38,10,0,23
58,39,10,0,19
58,40,4,10,24
58,41,5,4,24
58,42,5,0,13
58,43,5,0,5
58,44,5,0,20
58,45,5,4,18
58,46,4,10,2
58,47,4,10,11
58,48,4,0,12
58,49,4,0,8
58,50,5,4,19
58,51,4,6,3
58,52,4,6,11
58,53,4,0,16
58,54,4,10,15
58,55,4,10,21
58,56,4,0,22
58,57,4,0,11
58,58,5,4,7
59,0,5,0,7
59,1,5,0,10
59,2,5,0,9
59,3,5,0,0
59,4,5,4,0
59,5,4,0,17
59,6,4,0,14
59,7,4,0,23
59,8,4,10,10
59,9,4,10,8
59,10,4,10,8
59,11,4,10,21
59,12,4,0,8
59,13,4,0,9
59,14,5,4,21
59,15,5,0,22
59,16,5,0,14
59,17,5,0,9
59,18,5,0,2
59,19,5,4,0
59,20,4,0,5
59,21,5,4,24
59,22,5,4,5
59,23,4,0,1
59,24,4,0,12
59,25,4,10,4
59,26,4,0,11
59,27,4,0,9
59,28,4,0,24
59,29,4,0,24
59,30,4,10,0
59,31,10,0,1
59,32,10,0,11
59,33,4,10,23
59,34,4,10,20
59,35,4,10,5
59,36,10,0,6
59,37,4,10,16
59,38,4,10,16
59,39,4,10,14
59,40,5,4,6
59,41,5,0,10
59,42,5,0,13
59,43,5,0,23
59,44,5,4,5
59,45,4,0,17
59,46,4,10,4
59,47,4,0,21
59,48,4,0,24
59,49,5,4,11
59,50,5,0,23
59,51,4,6,4
59,52,4,0,15
59,53,4,10,0
59,54,10,0,1
59,55,4,10,24
59,56,4,0,6
59,57,4,0,15
59,58,5,4,24
60,0,5,0,6
60,1,5,0,0
60,2,5,0,8
60,3,5,0,16
60,4,5,4,18
60,5,4,0,10
60,6,4,0,2
60,7,4,10,0
60,8,10,0,23
60,9,10,0,7
60,10,10,0,3
60,11,4,10,21
60,12,4,0,18
60,13,4,0,7
60,14,5,4,7
60,15,5,0,10
60,16,5,0,21
60,17,5,0,14
60,18,5,0,4
60,19,5,4,3
60,20,5,4,11
60,21,5,4,13
60,22,4,0,0
60,23,4,0,14
60,24,5,4,16
60,25,5,4,16
60,26,5,4,16
60,27,5,4,16
60,28,5,4,16
60,29,4,0,18
60,30,4,10,3
60,31,4,10,16
60,32,10,0,19
60,33,4,10,8
60,34,4,10,8
60,35,10,0,17
60,36,4,10,11
60,37,4,10,4
60,38,4,10,4
60,39,4,0,11
60,40,5,4,7
60,41,5,0,24
60,42,5,0,8
60,43,5,4,0
60,44,4,0,24
60,45,4,10,20
60,46,4,0,21
60,47,4,0,17
60,48,5,4,14
60,49,5,0,5
60,50,5,0,7
60,51,5,4,18
60,52,4,0,1
60,53,4,10,18
60,54,4,10,6
60,55,4,0,3
60,56,4,0,0
60,57,5,4,11
60,58,5,0,8
