0,0,5,0,11
0,1,5,0,11
0,2,5,0,2
0,3,5,0,1
0,4,5,0,18
0,5,5,0,14
0,6,5,4,18
0,7,4,0,18
0,8,4,0,17
0,9,4,0,6
0,10,4,0,15
0,11,4,0,13
0,12,4,0,13
0,13,4,0,19
0,14,4,0,24
0,15,4,0,15
0,16,1,4,14
0,17,1,0,22
0,18,1,0,2
0,19,1,0,20
0,20,1,0,18
0,21,1,0,13
0,22,1,0,15
0,23,1,4,17
0,24,4,0,22
0,25,5,4,24
0,26,5,0,0
0,27,5,4,18
0,28,4,0,12
0,29,4,0,5
0,30,4,0,1
0,31,4,0,16
0,32,4,0,8
0,33,4,0,21
0,34,5,4,24
0,35,5,0,20
0,36,5,4,18
0,37,1,4,6
0,38,1,0,14
0,39,1,0,11
0,40,1,0,10
0,41,1,0,3
0,42,1,0,13
0,43,1,0,3
0,44,1,0,15
0,45,1,0,7
0,46,1,4,18
0,47,4,0,7
0,48,4,0,1
0,49,4,0,5
0,50,4,0,7
0,51,4,0,15
0,52,4,0,13
0,53,4,0,13
0,54,4,0,14
0,55,4,0,15
0,56,5,4,6
0,57,5,0,5
0,58,5,0,16
0,59,5,0,22
0,60,5,0,24
0,61,5,0,0
0,62,5,0,21
0,63,5,0,8
1,0,5,0,0
1,1,5,0,4
1,2,5,0,21
1,3,5,0,16
1,4,5,0,10
1,5,5,4,0
1,6,4,0,9
1,7,4,0,24
1,8,4,0,4
1,9,4,0,8
1,10,4,0,0
1,11,4,0,23
1,12,4,0,13
1,13,4,0,9
1,14,4,0,8
1,15,1,4,6
1,16,1,0,13
1,17,1,0,1
1,18,1,0,2
1,19,1,0,10
1,20,1,0,24
1,21,1,0,0
1,22,1,0,24
1,23,1,4,18
1,24,5,4,6
1,25,5,0,17
1,26,5,4,0
1,27,4,0,6
1,28,4,0,24
1,29,4,0,8
1,30,4,0,21
1,31,4,0,12
1,32,4,0,9
1,33,5,4,9
1,34,5,0,0
1,35,5,4,0
1,36,4,0,7
1,37,1,4,7
1,38,1,0,8
1,39,1,0,14
1,40,1,0,16
1,41,1,0,1
1,42,1,0,10
1,43,1,0,11
1,44,1,0,22
1,45,1,4,0
1,46,4,0,21
1,47,4,0,0
1,48,4,0,15
1,49,4,0,17
1,50,4,0,3
1,51,4,0,0
1,52,4,0,17
1,53,4,0,19
1,54,4,0,19
1,55,4,0,11
1,56,5,4,24
1,57,5,0,3
1,58,5,0,14
1,59,5,0,2
1,60,5,0,9
1,61,5,0,8
1,62,5,0,21
2,0,5,0,22
2,1,5,0,24
2,2,5,0,14
2,3,5,0,4
2,4,5,0,10
2,5,5,4,17
2,6,4,0,22
2,7,4,0,12
2,8,4,0,19
2,9,4,0,16
2,10,4,0,18
2,11,4,0,2
2,12,4,0,17
2,13,4,0,3
2,14,4,0,8
2,15,1,4,23
2,16,1,0,24
2,17,1,0,3
2,18,1,0,11
2,19,1,0,1
2,20,1,0,5
2,21,1,0,16
2,22,1,4,13
2,23,4,0,2
2,24,5,4,22
2,25,5,0,20
2,26,5,4,2
2,27,4,0,18
2,28,4,0,5
2,29,4,0,23
2,30,4,0,17
2,31,4,0,19
2,32,5,4,9
2,33,5,0,7
2,34,5,0,19
2,35,5,4,18
2,36,4,0,18
2,37,1,4,7
2,38,1,0,18
2,39,1,0,24
2,40,1,0,10
2,41,1,0,14
2,42,1,0,10
2,43,1,0,22
2,44,1,0,18
2,45,1,4,1
2,46,4,0,6
2,47,4,0,7
2,48,4,0,12
2,49,4,0,10
2,50,4,0,21
2,51,4,0,6
2,52,4,0,19
2,53,4,0,23
2,54,4,0,7
2,55,5,4,6
2,56,5,0,10
2,57,5,0,21
2,58,5,0,2
2,59,5,0,19
2,60,5,0,17
2,61,5,0,14
2,62,5,0,4
3,0,5,0,13
3,1,5,0,0
3,2,5,0,6
3,3,5,0,17
3,4,5,0,1
3,5,5,4,17
3,6,4,0,23
3,7,4,0,16
3,8,4,0,11
3,9,4,0,6
3,10,4,0,1
3,11,4,0,15
3,12,4,0,0
3,13,4,0,10
3,14,4,0,8
3,15,1,4,22
3,16,1,0,23
3,17,1,0,5
3,18,1,0,7
3,19,1,0,2
3,20,1,4,20
3,21,1,4,13
3,22,4,0,18
3,23,4,0,7
3,24,5,4,21
3,25,5,0,24
3,26,5,4,17
3,27,5,4,16
3,28,5,4,16
3,29,5,4,16
3,30,4,0,14
3,31,5,4,6
3,32,5,0,18
3,33,5,0,11
3,34,5,4,0
3,35,4,0,11
3,36,4,0,17
3,37,1,4,7
3,38,1,0,17
3,39,1,0,9
3,40,1,0,16
3,41,1,0,20
3,42,1,0,21
3,43,1,0,22
3,44,1,0,19
3,45,1,4,17
3,46,4,0,22
3,47,4,0,12
3,48,4,0,11
3,49,4,0,8
3,50,4,0,20
3,51,4,0,12
3,52,4,0,4
3,53,4,0,9
3,54,4,0,19
3,55,5,4,24
3,56,5,0,21
3,57,5,0,5
3,58,5,0,18
3,59,5,0,18
3,60,5,0,15
3,61,5,0,14
3,62,5,0,16
4,0,5,0,15
4,1,5,0,23
4,2,5,0,2
4,3,5,0,1
4,4,5,0,4
4,5,5,4,2
4,6,4,0,4
4,7,4,0,13
4,8,4,0,21
4,9,4,0,23
4,10,4,0,1
4,11,4,0,2
4,12,4,0,2
4,13,4,0,15
4,14,4,0,1
4,15,1,4,22
4,16,1,4,20
4,17,1,0,6
4,18,1,0,10
4,19,1,4,0
4,20,1,4,8
4,21,4,0,24
4,22,4,0,19
4,23,4,0,9
4,24,5,4,22
4,25,5,0,10
4,26,5,4,4
4,27,5,4,4
4,28,5,4,4
4,29,5,4,1
4,30,5,4,16
4,31,5,4,24
4,32,5,0,0
4,33,5,0,4
4,34,5,4,18
4,35,4,0,8
4,36,4,0,8
4,37,1,4,21
4,38,1,4,20
4,39,1,0,18
4,40,1,0,24
4,41,1,0,6
4,42,1,0,9
4,43,1,0,6
4,44,1,0,24
4,45,1,4,18
4,46,4,0,12
4,47,4,0,9
4,48,4,0,19
4,49,4,0,22
4,50,4,0,17
4,51,4,0,15
4,52,4,0,0
4,53,4,0,15
4,54,5,4,14
4,55,5,0,14
4,56,5,0,21
4,57,5,0,22
4,58,5,0,7
4,59,5,0,24
4,60,5,0,12
4,61,5,0,4
4,62,5,0,13
5,0,5,0,22
5,1,5,0,4
5,2,5,0,9
5,3,5,0,6
5,4,5,0,10
5,5,5,4,1
5,6,4,0,12
5,7,4,0,19
5,8,4,0,8
5,9,4,0,20
5,10,4,0,10
5,11,4,0,18
5,12,4,0,5
5,13,4,0,21
5,14,4,0,3
5,15,1,4,8
5,16,1,4,22
5,17,1,0,0
5,18,1,0,19
5,19,1,4,18
5,20,4,0,9
5,21,4,0,21
5,22,4,0,24
5,23,4,0,19
5,24,5,4,21
5,25,5,0,19
5,26,5,0,22
5,27,5,0,14
5,28,5,0,18
5,29,5,4,4
5,30,5,4,4
5,31,5,0,17
5,32,5,0,14
5,33,5,4,0
5,34,4,0,24
5,35,4,0,10
5,36,4,0,12
5,37,1,4,8
5,38,1,4,23
5,39,1,4,20
5,40,1,0,19
5,41,1,0,21
5,42,1,0,21
5,43,1,4,20
5,44,1,4,13
5,45,4,0,9
5,46,4,0,3
5,47,4,0,11
5,48,4,0,2
5,49,4,0,4
5,50,4,0,6
5,51,4,0,13
5,52,5,4,16
5,53,5,4,11
5,54,5,0,2
5,55,5,0,7
5,56,5,0,18
5,57,5,0,5
5,58,5,0,19
5,59,5,0,5
5,60,5,0,12
5,61,5,0,19
5,62,5,0,6
6,0,5,0,20
6,1,5,0,22
6,2,5,0,2
6,3,5,0,16
6,4,5,0,24
6,5,5,4,2
6,6,4,0,11
6,7,4,0,20
6,8,4,0,16
6,9,4,0,24
6,10,4,0,14
6,11,4,0,18
6,12,4,0,21
6,13,4,0,17
6,14,4,0,16
6,15,4,0,17
6,16,1,4,22
6,17,1,0,19
6,18,1,4,0
6,19,4,0,12
6,20,4,0,7
6,21,4,0,4
6,22,4,0,22
6,23,4,0,18
6,24,5,4,21
6,25,5,0,24
6,26,5,0,24
6,27,5,0,4
6,28,5,0,9
6,29,5,0,16
6,30,5,0,22
6,31,5,0,2
6,32,5,0,23
6,33,5,4,3
6,34,4,0,18
6,35,4,0,17
6,36,4,0,6
6,37,4,0,4
6,38,1,4,8
6,39,1,4,23
6,40,1,4,20
6,41,1,4,20
6,42,1,4,10
6,43,1,4,8
6,44,4,0,21
6,45,4,0,22
6,46,4,0,18
6,47,4,0,24
6,48,4,0,18
6,49,4,0,5
6,50,4,0,5
6,51,5,4,6
6,52,5,4,4
6,53,5,0,13
6,54,5,0,20
6,55,5,0,21
6,56,5,0,7
6,57,5,0,0
6,58,5,0,1
6,59,5,0,5
6,60,5,0,16
6,61,5,0,7
6,62,5,0,20
7,0,5,0,0
7,1,5,0,19
7,2,5,0,1
7,3,5,0,1
7,4,5,0,14
7,5,5,4,3
7,6,4,0,17
7,7,4,0,10
7,8,4,0,23
7,9,4,0,23
7,10,4,0,17
7,11,4,0,24
7,12,4,0,6
7,13,4,0,6
7,14,4,0,6
7,15,4,0,6
7,16,1,4,24
7,17,1,0,24
7,18,1,4,18
7,19,4,0,23
7,20,4,0,2
7,21,4,0,4
7,22,4,0,20
7,23,4,0,11
7,24,5,4,21
7,25,5,4,20
7,26,5,4,20
7,27,5,4,20
7,28,5,0,8
7,29,5,0,21
7,30,5,0,8
7,31,5,0,22
7,32,5,0,17
7,33,5,4,2
7,34,5,4,16
7,35,4,0,23
7,36,4,0,15
7,37,4,0,2
7,38,4,0,5
7,39,1,4,8
7,40,1,4,8
7,41,1,4,8
7,42,4,0,11
7,43,4,0,20
7,44,4,0,17
7,45,4,0,23
7,46,4,0,2
7,47,4,0,6
7,48,4,0,12
7,49,4,0,10
7,50,4,0,23
7,51,5,4,24
7,52,5,0,21
7,53,5,0,19
7,54,5,0,21
7,55,5,0,7
7,56,5,0,20
7,57,5,0,8
7,58,5,0,21
7,59,5,0,24
7,60,5,0,5
7,61,5,0,12
7,62,5,0,8
8,0,5,0,9
8,1,5,0,10
8,2,5,0,15
8,3,5,0,8
8,4,5,0,20
8,5,5,4,1
8,6,4,0,1
8,7,4,0,8
8,8,4,0,4
8,9,4,0,17
8,10,4,0,23
8,11,4,0,23
8,12,4,0,3
8,13,4,0,21
8,14,4,0,13
8,15,1,4,6
8,16,1,0,23
8,17,1,4,0
8,18,4,0,14
8,19,4,0,19
8,20,4,0,24
8,21,4,0,5
8,22,4,0,3
8,23,4,0,19
8,24,5,4,8
8,25,5,4,8
8,26,5,4,8
8,27,5,4,22
8,28,5,4,20
8,29,5,4,20
8,30,5,0,24
8,31,5,0,21
8,32,5,0,11
8,33,5,4,4
8,34,5,4,1
8,35,4,0,8
8,36,4,0,9
8,37,4,0,7
8,38,4,0,23
8,39,4,0,21
8,40,4,0,22
8,41,4,0,23
8,42,4,0,0
8,43,4,0,14
8,44,4,0,8
8,45,4,0,0
8,46,4,0,12
8,47,4,0,4
8,48,4,0,10
8,49,5,4,16
8,50,5,4,19
8,51,5,0,5
8,52,5,0,11
8,53,5,0,5
8,54,5,0,1
8,55,5,0,4
8,56,5,0,9
8,57,5,0,24
8,58,5,0,12
8,59,5,0,0
8,60,5,0,13
8,61,5,0,4
8,62,5,0,1
9,0,5,0,0
9,1,5,0,17
9,2,5,0,3
9,3,5,0,16
9,4,5,0,19
9,5,5,4,1
9,6,4,0,24
9,7,4,0,14
9,8,4,0,7
9,9,4,0,14
9,10,4,0,19
9,11,4,0,13
9,12,4,0,24
9,13,4,0,8
9,14,4,0,7
9,15,1,4,24
9,16,1,0,21
9,17,1,4,18
9,18,4,0,6
9,19,4,0,16
9,20,4,0,14
9,21,4,0,3
9,22,4,0,14
9,23,4,0,0
9,24,4,0,22
9,25,4,0,24
9,26,4,0,5
9,27,5,4,8
9,28,5,4,8
9,29,5,4,23
9,30,5,4,20
9,31,5,0,11
9,32,5,0,9
9,33,5,0,3
9,34,5,4,1
9,35,4,0,24
9,36,4,0,16
9,37,4,0,21
9,38,4,0,11
9,39,4,0,2
9,40,4,0,17
9,41,4,0,7
9,42,4,0,15
9,43,4,0,6
9,44,4,0,6
9,45,4,0,6
9,46,4,0,8
9,47,4,0,12
9,48,5,4,9
9,49,5,4,4
9,50,5,0,14
9,51,5,0,4
9,52,5,0,14
9,53,5,0,10
9,54,5,0,6
9,55,5,0,11
9,56,5,0,4
9,57,5,0,1
9,58,5,0,20
9,59,5,0,5
9,60,5,0,23
9,61,5,0,6
9,62,5,0,15
10,0,5,0,20
10,1,5,0,23
10,2,5,0,12
10,3,5,0,24
10,4,5,0,19
10,5,5,4,1
10,6,4,0,21
10,7,4,0,0
10,8,4,0,17
10,9,4,0,21
10,10,4,0,21
10,11,4,0,5
10,12,4,0,11
10,13,4,0,14
10,14,1,4,6
10,15,1,0,13
10,16,1,4,0
10,17,4,0,15
10,18,4,0,11
10,19,4,0,9
10,20,4,0,6
10,21,4,0,18
10,22,4,0,16
10,23,4,0,11
10,24,4,0,14
10,25,4,0,13
10,26,4,0,16
10,27,4,0,22
10,28,4,0,16
10,29,5,4,8
10,30,5,4,23
10,31,5,4,20
10,32,5,0,8
10,33,5,0,18
10,34,5,4,17
10,35,4,0,23
10,36,4,0,22
10,37,4,0,12
10,38,4,0,3
10,39,4,0,7
10,40,4,0,12
10,41,4,0,21
10,42,4,0,24
10,43,4,0,11
10,44,4,0,10
10,45,4,0,1
10,46,4,0,1
10,47,5,4,6
10,48,5,0,0
10,49,5,0,2
10,50,5,0,6
10,51,5,0,10
10,52,5,0,4
10,53,5,0,0
10,54,5,0,23
10,55,5,0,0
10,56,5,0,12
10,57,5,0,16
10,58,5,0,20
10,59,5,0,6
10,60,5,0,20
10,61,5,0,17
10,62,5,0,12
11,0,5,0,7
11,1,5,0,10
11,2,5,0,12
11,3,5,0,10
11,4,5,0,13
11,5,5,4,2
11,6,4,0,19
11,7,4,0,3
11,8,4,0,5
11,9,4,0,8
11,10,4,0,3
11,11,4,0,18
11,12,4,0,8
11,13,4,0,7
11,14,1,4,24
11,15,1,0,15
11,16,1,4,18
11,17,4,0,17
11,18,4,0,5
11,19,4,0,7
11,20,4,0,7
11,21,4,0,2
11,22,4,0,22
11,23,4,0,13
11,24,4,0,11
11,25,4,0,23
11,26,4,0,14
11,27,4,0,22
11,28,4,0,7
11,29,4,0,7
11,30,5,4,8
11,31,5,4,22
11,32,5,0,14
11,33,5,0,8
11,34,5,4,2
11,35,4,0,22
11,36,4,0,24
11,37,4,0,7
11,38,4,0,6
11,39,4,0,10
11,40,4,0,10
11,41,4,0,22
11,42,4,0,3
11,43,4,0,18
11,44,4,0,8
11,45,4,0,8
11,46,5,4,16
11,47,5,4,24
11,48,5,0,20
11,49,5,0,0
11,50,5,0,10
11,51,5,0,3
11,52,5,0,13
11,53,5,0,2
11,54,5,0,0
11,55,5,0,14
11,56,5,4,20
11,57,5,0,17
11,58,5,0,16
11,59,5,0,15
11,60,5,0,12
11,61,5,0,0
11,62,5,0,11
12,0,5,0,3
12,1,5,0,13
12,2,5,0,9
12,3,5,0,8
12,4,5,0,2
12,5,5,4,1
12,6,4,0,11
12,7,4,0,23
12,8,4,0,7
12,9,5,4,16
12,10,4,0,24
12,11,4,0,15
12,12,4,0,6
12,13,1,4,6
12,14,1,0,9
12,15,1,4,0
12,16,4,0,18
12,17,4,0,15
12,18,4,0,2
12,19,4,0,8
12,20,4,0,18
12,21,4,0,21
12,22,4,0,17
12,23,4,0,3
12,24,4,0,13
12,25,4,0,19
12,26,4,0,11
12,27,4,0,0
12,28,4,0,19
12,29,4,0,21
12,30,4,0,23
12,31,5,4,23
12,32,5,4,20
12,33,5,0,8
12,34,5,4,2
12,35,4,0,0
12,36,4,0,22
12,37,4,0,5
12,38,4,0,20
12,39,4,0,6
12,40,4,0,6
12,41,4,0,21
12,42,4,0,0
12,43,4,0,7
12,44,4,0,17
12,45,5,4,19
12,46,5,4,4
12,47,5,0,19
12,48,5,0,18
12,49,5,0,0
12,50,5,0,3
12,51,5,0,23
12,52,5,0,6
12,53,5,0,19
12,54,5,0,4
12,55,5,4,10
12,56,5,4,7
12,57,5,4,20
12,58,5,0,10
12,59,5,0,3
12,60,5,0,7
12,61,5,0,22
12,62,5,0,15
13,0,5,0,3
13,1,5,0,15
13,2,5,0,8
13,3,5,0,17
13,4,5,0,17
13,5,5,4,17
13,6,4,0,10
13,7,4,0,2
13,8,5,4,9
13,9,5,4,3
13,10,4,0,13
13,11,4,0,24
13,12,4,0,24
13,13,1,4,7
13,14,1,0,15
13,15,1,4,18
13,16,4,0,5
13,17,4,0,11
13,18,4,0,23
13,19,4,0,20
13,20,4,0,22
13,21,4,0,22
13,22,4,0,15
13,23,4,0,20
13,24,4,0,1
13,25,4,0,5
13,26,4,0,5
13,27,4,0,18
13,28,4,0,7
13,29,4,0,24
13,30,4,0,20
13,31,5,4,8
13,32,5,4,22
13,33,5,0,24
13,34,5,4,2
13,35,4,0,6
13,36,4,0,16
13,37,4,0,14
13,38,4,0,13
13,39,4,0,9
13,40,4,0,4
13,41,4,0,2
13,42,4,0,0
13,43,4,0,9
13,44,5,4,6
13,45,5,0,24
13,46,5,0,0
13,47,5,0,18
13,48,5,0,21
13,49,5,0,23
13,50,5,0,6
13,51,5,0,18
13,52,5,0,20
13,53,5,0,1
13,54,5,4,0
13,55,4,0,13
13,56,5,4,8
13,57,5,4,24
13,58,5,0,14
13,59,5,0,14
13,60,5,0,8
13,61,5,0,5
13,62,5,0,22
14,0,5,0,19
14,1,5,0,12
14,2,5,0,20
14,3,5,0,2
14,4,5,0,1
14,5,5,4,1
14,6,5,4,16
14,7,5,4,14
14,8,5,0,14
14,9,5,4,18
14,10,4,0,21
14,11,4,0,3
14,12,4,0,22
14,13,1,4,24
14,14,1,4,0
14,15,4,0,13
14,16,4,0,4
14,17,4,0,3
14,18,4,0,16
14,19,4,0,12
14,20,4,0,22
14,21,4,0,23
14,22,4,0,2
14,23,4,0,0
14,24,4,0,23
14,25,4,0,1
14,26,4,0,10
14,27,4,0,6
14,28,4,0,14
14,29,4,0,8
14,30,4,0,14
14,31,4,0,24
14,32,5,4,22
14,33,5,0,24
14,34,5,4,2
14,35,4,0,4
14,36,4,0,11
14,37,4,0,7
14,38,4,0,14
14,39,4,0,16
14,40,4,0,19
14,41,4,0,11
14,42,5,4,16
14,43,5,4,16
14,44,5,4,24
14,45,5,0,16
14,46,5,0,9
14,47,5,0,11
14,48,5,0,10
14,49,5,0,13
14,50,5,0,20
14,51,5,0,18
14,52,5,0,0
14,53,5,0,16
14,54,5,4,18
14,55,4,0,0
14,56,5,4,6
14,57,5,0,24
14,58,5,0,6
14,59,5,0,8
14,60,5,0,9
14,61,5,0,15
14,62,5,0,24
15,0,5,0,5
15,1,5,0,8
15,2,5,0,4
15,3,5,0,22
15,4,5,0,4
15,5,5,4,4
15,6,5,4,4
15,7,5,0,14
15,8,5,4,0
15,9,4,0,2
15,10,4,0,2
15,11,4,0,7
15,12,1,4,6
15,13,1,0,13
15,14,1,4,17
15,15,4,0,2
15,16,4,0,24
15,17,4,0,14
15,18,4,0,7
15,19,4,0,12
15,20,4,0,3
15,21,4,0,16
15,22,4,0,3
15,23,4,0,10
15,24,4,0,14
15,25,4,0,4
15,26,4,0,9
15,27,4,0,14
15,28,4,0,13
15,29,4,0,15
15,30,4,0,1
15,31,4,0,14
15,32,5,4,7
15,33,5,0,11
15,34,5,4,1
15,35,4,0,7
15,36,4,0,14
15,37,4,0,4
15,38,4,0,22
15,39,4,0,22
15,40,4,0,19
15,41,5,4,11
15,42,5,4,4
15,43,5,4,4
15,44,5,0,17
15,45,5,0,23
15,46,5,0,10
15,47,5,0,8
15,48,5,0,21
15,49,5,0,21
15,50,5,0,2
15,51,5,0,23
15,52,5,4,20
15,53,5,0,4
15,54,4,0,10
15,55,4,0,24
15,56,5,4,24
15,57,5,0,15
15,58,5,0,11
15,59,5,0,24
15,60,5,0,4
15,61,5,0,15
15,62,5,0,9
16,0,5,0,6
16,1,5,0,21
16,2,5,0,3
16,3,5,0,10
16,4,5,0,3
16,5,5,0,9
16,6,5,0,13
16,7,5,0,12
16,8,5,4,18
16,9,4,0,10
16,10,4,0,4
16,11,4,0,19
16,12,1,4,23
16,13,1,0,15
16,14,1,4,3
16,15,1,4,16
16,16,1,4,16
16,17,4,0,21
16,18,4,0,14
16,19,4,0,8
16,20,4,0,20
16,21,4,0,1
16,22,4,0,12
16,23,4,0,20
16,24,4,0,8
16,25,4,0,4
16,26,4,0,19
16,27,4,0,12
16,28,4,0,3
16,29,4,0,9
16,30,4,0,12
16,31,4,0,20
16,32,5,4,23
16,33,5,0,18
16,34,5,4,3
16,35,4,0,11
16,36,4,0,12
16,37,4,0,10
16,38,4,0,6
16,39,4,0,0
16,40,5,4,19
16,41,5,0,18
16,42,5,0,15
16,43,5,0,6
16,44,5,0,17
16,45,5,0,6
16,46,5,0,12
16,47,5,0,6
16,48,5,0,3
16,49,5,0,11
16,50,5,0,14
16,51,5,4,13
16,52,5,4,8
16,53,4,0,17
16,54,4,0,23
16,55,5,4,6
16,56,5,0,24
16,57,5,0,7
16,58,5,0,21
16,59,5,0,18
16,60,5,0,18
16,61,5,0,5
16,62,5,0,9
17,0,5,0,14
17,1,5,0,13
17,2,5,0,11
17,3,5,0,15
17,4,5,0,11
17,5,5,0,5
17,6,5,0,0
17,7,5,4,0
17,8,4,0,16
17,9,4,0,10
17,10,4,0,1
17,11,4,0,7
17,12,1,4,24
17,13,1,0,17
17,14,1,4,4
17,15,1,4,4
17,16,1,4,2
17,17,1,4,16
17,18,4,0,13
17,19,4,0,21
17,20,4,0,6
17,21,4,0,24
17,22,4,0,20
17,23,4,0,4
17,24,4,0,5
17,25,4,0,0
17,26,4,0,7
17,27,4,0,12
17,28,4,0,13
17,29,4,0,5
17,30,4,0,12
17,31,4,0,10
17,32,5,4,23
17,33,5,0,2
17,34,5,4,3
17,35,4,0,21
17,36,4,0,20
17,37,4,0,16
17,38,4,0,6
17,39,5,4,6
17,40,5,0,16
17,41,5,0,0
17,42,5,0,9
17,43,5,0,0
17,44,5,0,15
17,45,5,0,19
17,46,5,0,20
17,47,5,0,24
17,48,5,0,9
17,49,5,0,19
17,50,5,4,0
17,51,4,0,4
17,52,4,0,11
17,53,4,0,23
17,54,4,0,7
17,55,5,4,22
17,56,5,4,20
17,57,5,0,18
17,58,5,0,6
17,59,5,0,16
17,60,5,0,18
17,61,5,0,0
17,62,5,0,1
18,0,5,0,2
18,1,5,0,3
18,2,5,0,19
18,3,5,0,22
18,4,5,0,4
18,5,5,0,17
18,6,5,0,21
18,7,5,4,18
18,8,4,0,18
18,9,4,0,17
18,10,4,0,13
18,11,1,4,6
18,12,1,0,1
18,13,1,0,5
18,14,1,0,1
18,15,1,0,9
18,16,1,4,4
18,17,1,4,3
18,18,4,0,4
18,19,4,0,10
18,20,4,0,17
18,21,4,0,17
18,22,4,0,1
18,23,4,0,2
18,24,4,0,1
18,25,4,0,23
18,26,4,0,24
18,27,4,0,1
18,28,4,0,14
18,29,4,0,1
18,30,4,0,5
18,31,4,0,8
18,32,5,4,22
18,33,5,0,4
18,34,5,4,2
18,35,4,0,15
18,36,4,0,22
18,37,4,0,12
18,38,4,0,10
18,39,5,4,24
18,40,5,0,4
18,41,5,0,2
18,42,5,0,4
18,43,5,0,23
18,44,5,0,23
18,45,5,0,15
18,46,5,0,16
18,47,5,0,10
18,48,5,0,7
18,49,5,0,8
18,50,5,4,18
18,51,4,0,5
18,52,4,0,21
18,53,4,0,0
18,54,4,0,21
18,55,5,4,8
18,56,5,4,22
18,57,5,0,22
18,58,5,0,16
18,59,5,0,13
18,60,5,0,17
18,61,5,0,1
18,62,5,0,23
19,0,5,0,24
19,1,5,0,0
19,2,5,0,19
19,3,5,0,10
19,4,5,0,3
19,5,5,0,14
19,6,5,4,0
19,7,4,0,0
19,8,4,0,20
19,9,4,0,17
19,10,4,0,17
19,11,1,4,24
19,12,1,0,8
19,13,1,0,11
19,14,1,0,13
19,15,1,0,14
19,16,1,0,8
19,17,1,4,17
19,18,4,0,24
19,19,4,0,11
19,20,4,0,12
19,21,4,0,5
19,22,4,0,8
19,23,4,0,18
19,24,4,0,13
19,25,4,0,22
19,26,4,0,12
19,27,4,0,9
19,28,4,0,15
19,29,4,0,16
19,30,4,0,17
19,31,4,0,12
19,32,5,4,7
19,33,5,0,21
19,34,5,4,1
19,35,4,0,20
19,36,4,0,20
19,37,4,0,22
19,38,5,4,6
19,39,5,0,23
19,40,5,0,13
19,41,5,0,13
19,42,5,0,22
19,43,5,0,20
19,44,5,0,17
19,45,5,0,14
19,46,5,0,4
19,47,5,0,0
19,48,5,0,8
19,49,5,4,15
19,50,4,0,14
19,51,4,0,11
19,52,4,0,23
19,53,4,0,1
19,54,4,0,16
19,55,4,0,23
19,56,5,4,22
19,57,5,0,2
19,58,5,0,4
19,59,5,0,6
19,60,5,0,3
19,61,5,0,4
19,62,5,0,0
20,0,5,0,3
20,1,5,0,7
20,2,5,0,8
20,3,5,0,2
20,4,5,0,13
20,5,5,0,22
20,6,5,4,18
20,7,4,0,9
20,8,4,0,2
20,9,4,0,4
20,10,1,4,6
20,11,1,0,12
20,12,1,0,12
20,13,1,4,20
20,14,1,4,20
20,15,1,4,20
20,16,1,0,18
20,17,1,4,18
20,18,4,0,1
20,19,4,0,6
20,20,4,0,1
20,21,4,0,13
20,22,4,0,21
20,23,4,0,2
20,24,4,0,13
20,25,4,0,12
20,26,4,0,11
20,27,4,0,5
20,28,4,0,0
20,29,4,0,12
20,30,4,0,7
20,31,4,0,1
20,32,5,4,7
20,33,5,0,19
20,34,5,4,17
20,35,5,4,16
20,36,4,0,23
20,37,4,0,1
20,38,5,4,24
20,39,5,0,17
20,40,5,0,8
20,41,5,0,24
20,42,5,0,5
20,43,5,0,2
20,44,5,0,24
20,45,5,0,3
20,46,5,0,18
20,47,5,0,0
20,48,5,4,5
20,49,4,0,2
20,50,4,0,14
20,51,4,0,4
20,52,4,0,11
20,53,4,0,22
20,54,4,0,21
20,55,4,0,14
20,56,5,4,24
20,57,5,0,4
20,58,5,0,11
20,59,5,0,8
20,60,5,0,18
20,61,5,0,21
20,62,5,0,7
21,0,5,0,22
21,1,5,0,15
21,2,5,0,15
21,3,5,0,5
21,4,5,0,2
21,5,5,4,0
21,6,4,0,22
21,7,4,0,3
21,8,4,0,8
21,9,4,0,22
21,10,1,4,24
21,11,1,0,12
21,12,1,4,5
21,13,1,4,8
21,14,1,4,8
21,15,1,4,22
21,16,1,4,15
21,17,4,0,7
21,18,4,0,1
21,19,4,0,21
21,20,4,0,5
21,21,4,0,6
21,22,4,0,19
21,23,4,0,6
21,24,4,0,12
21,25,4,0,14
21,26,4,0,23
21,27,4,0,16
21,28,4,0,7
21,29,4,0,23
21,30,4,0,20
21,31,4,0,17
21,32,5,4,7
21,33,5,0,22
21,34,5,4,4
21,35,5,4,4
21,36,5,4,16
21,37,5,4,9
21,38,5,0,16
21,39,5,0,24
21,40,5,0,20
21,41,5,0,23
21,42,5,0,23
21,43,5,0,4
21,44,5,0,22
21,45,5,0,5
21,46,5,4,20
21,47,5,4,13
21,48,4,0,8
21,49,4,0,0
21,50,4,0,19
21,51,4,0,11
21,52,4,0,16
21,53,4,0,2
21,54,4,0,19
21,55,5,4,6
21,56,5,0,2
21,57,5,0,4
21,58,5,0,17
21,59,5,0,23
21,60,5,0,11
21,61,5,0,10
21,62,5,0,12
22,0,5,0,9
22,1,5,0,4
22,2,5,0,5
22,3,5,0,0
22,4,5,0,15
22,5,5,4,17
22,6,4,0,10
22,7,4,0,17
22,8,4,0,20
22,9,1,4,19
22,10,1,0,19
22,11,1,4,13
22,12,4,0,20
22,13,4,0,8
22,14,4,0,23
22,15,1,4,8
22,16,4,0,0
22,17,4,0,23
22,18,4,0,22
22,19,4,0,24
22,20,4,0,17
22,21,4,0,13
22,22,4,0,9
22,23,4,0,3
22,24,4,0,15
22,25,4,0,19
22,26,4,0,21
22,27,4,0,18
22,28,4,0,5
22,29,4,0,14
22,30,4,0,20
22,31,4,0,8
22,32,5,4,24
22,33,5,0,1
22,34,5,0,23
22,35,5,0,13
22,36,5,4,4
22,37,5,0,12
22,38,5,0,17
22,39,5,0,22
22,40,5,0,19
22,41,5,0,6
22,42,5,0,13
22,43,5,0,1
22,44,5,0,8
22,45,5,4,10
22,46,5,4,8
22,47,4,0,21
22,48,4,0,15
22,49,4,0,20
22,50,4,0,7
22,51,4,0,12
22,52,4,0,11
22,53,4,0,7
22,54,4,0,24
22,55,5,4,22
22,56,5,4,20
22,57,5,4,20
22,58,5,0,0
22,59,5,0,10
22,60,5,0,23
22,61,5,0,19
22,62,5,0,5
23,0,5,0,6
23,1,5,0,18
23,2,5,0,6
23,3,5,0,19
23,4,5,0,9
23,5,5,4,1
23,6,4,0,19
23,7,4,0,11
23,8,1,4,6
23,9,1,0,16
23,10,1,4,10
23,11,4,0,18
23,12,4,0,1
23,13,4,0,1
23,14,4,0,4
23,15,4,0,0
23,16,4,0,0
23,17,4,0,12
23,18,4,0,9
23,19,4,0,1
23,20,4,0,12
23,21,4,0,4
23,22,4,0,24
23,23,4,0,8
23,24,4,0,21
23,25,4,0,22
23,26,4,0,6
23,27,4,0,24
23,28,4,0,8
23,29,4,0,21
23,30,4,0,17
23,31,5,4,6
23,32,5,0,10
23,33,5,0,13
23,34,5,0,8
23,35,5,0,2
23,36,5,0,7
23,37,5,0,20
23,38,5,0,21
23,39,5,0,15
23,40,5,0,2
23,41,5,0,7
23,42,5,0,3
23,43,5,0,21
23,44,5,4,20
23,45,5,4,18
23,46,4,0,5
23,47,4,0,3
23,48,4,0,8
23,49,4,0,7
23,50,4,0,24
23,51,4,0,18
23,52,4,0,4
23,53,4,0,4
23,54,4,0,2
23,55,5,4,8
23,56,5,4,8
23,57,5,4,21
23,58,5,0,7
23,59,5,0,17
23,60,5,0,1
23,61,5,0,12
23,62,5,0,4
24,0,5,0,10
24,1,5,0,15
24,2,5,0,2
24,3,5,0,12
24,4,5,0,9
24,5,5,4,2
24,6,101,0,20
24,7,4,0,1
24,8,1,4,21
24,9,1,4,5
24,10,4,0,15
24,11,4,0,6
24,12,4,0,7
24,13,4,0,11
24,14,4,0,2
24,15,4,0,8
24,16,4,0,0
24,17,4,0,23
24,18,4,0,3
24,19,4,0,17
24,20,4,0,23
24,21,4,0,14
24,22,4,0,13
24,23,4,0,6
24,24,4,0,4
24,25,4,0,13
24,26,4,0,24
24,27,4,0,4
24,28,4,0,2
24,29,4,0,20
24,30,4,0,22
24,31,5,4,24
24,32,5,0,22
24,33,5,0,22
24,34,5,0,24
24,35,5,0,1
24,36,5,0,17
24,37,5,0,4
24,38,5,0,5
24,39,5,0,12
24,40,5,0,20
24,41,5,0,18
24,42,5,0,15
24,43,5,4,10
24,44,5,4,8
24,45,4,0,23
24,46,4,0,10
24,47,4,0,9
24,48,4,0,20
24,49,4,0,16
24,50,4,0,18
24,51,4,0,13
24,52,4,0,9
24,53,4,0,6
24,54,4,0,7
24,55,4,0,11
24,56,4,0,4
24,57,5,4,22
24,58,5,0,13
24,59,5,0,8
24,60,5,0,16
24,61,5,0,15
24,62,5,0,22
25,0,5,0,1
25,1,5,0,17
25,2,5,0,14
25,3,5,0,2
25,4,5,0,15
25,5,101,0,15
25,6,101,0,21
25,7,4,0,9
25,8,1,4,8
25,9,4,0,5
25,10,4,0,0
25,11,4,0,24
25,12,4,0,15
25,13,4,0,3
25,14,4,0,22
25,15,4,0,18
25,16,4,0,6
25,17,4,0,17
25,18,4,0,5
25,19,4,0,1
25,20,4,0,12
25,21,4,0,2
25,22,4,0,24
25,23,4,0,23
25,24,4,0,0
25,25,4,0,1
25,26,4,0,4
25,27,4,0,21
25,28,4,0,8
25,29,4,0,22
25,30,5,4,9
25,31,5,0,10
25,32,5,0,19
25,33,5,0,7
25,34,5,0,22
25,35,5,0,15
25,36,5,0,12
25,37,5,0,9
25,38,5,0,15
25,39,5,0,10
25,40,5,0,9
25,41,5,0,10
25,42,5,4,0
25,43,4,0,7
25,44,4,0,16
25,45,4,0,6
25,46,4,0,1
25,47,4,0,3
25,48,4,0,1
25,49,4,0,7
25,50,4,0,9
25,51,4,0,21
25,52,4,0,15
25,53,4,0,1
25,54,4,0,2
25,55,4,0,22
25,56,4,0,24
25,57,5,4,7
25,58,5,0,18
25,59,5,0,2
25,60,5,0,2
25,61,5,0,16
25,62,5,0,9
26,0,5,0,8
26,1,5,0,13
26,2,5,0,8
26,3,5,0,13
26,4,101,0,10
26,5,101,0,16
26,6,101,0,22
26,7,4,0,15
26,8,4,0,10
26,9,4,0,8
26,10,4,0,8
26,11,4,0,3
26,12,4,0,21
26,13,4,0,21
26,14,4,0,23
26,15,4,0,22
26,16,4,0,14
26,17,4,0,3
26,18,4,0,19
26,19,4,0,7
26,20,4,0,18
26,21,4,0,2
26,22,4,0,12
26,23,4,0,9
26,24,4,0,1
26,25,4,0,10
26,26,4,0,11
26,27,4,0,19
26,28,4,0,5
26,29,5,4,11
26,30,5,0,8
26,31,5,0,14
26,32,5,0,22
26,33,5,0,21
26,34,5,0,22
26,35,5,0,8
26,36,5,0,23
26,37,5,0,10
26,38,5,0,9
26,39,5,0,16
26,40,5,0,1
26,41,5,4,20
26,42,5,4,18
26,43,4,0,22
26,44,4,0,12
26,45,4,0,9
26,46,4,0,13
26,47,4,0,20
26,48,4,0,5
26,49,4,0,20
26,50,4,0,22
26,51,4,0,18
26,52,4,0,8
26,53,4,0,6
26,54,4,0,18
26,55,4,0,22
26,56,4,0,15
26,57,5,4,21
26,58,5,0,2
26,59,5,0,3
26,60,5,0,23
26,61,5,0,15
26,62,5,0,10
27,0,5,0,5
27,1,5,0,21
27,2,5,0,15
27,3,101,0,5
27,4,101,0,11
27,5,101,0,17
27,6,101,0,23
27,7,4,0,0
27,8,4,0,8
27,9,4,0,19
27,10,4,0,15
27,11,4,0,2
27,12,4,0,5
27,13,4,0,24
27,14,4,0,10
27,15,4,0,15
27,16,4,0,11
27,17,4,0,11
27,18,4,0,12
27,19,4,0,9
27,20,4,0,17
27,21,4,0,5
27,22,4,0,2
27,23,4,0,18
27,24,4,0,22
27,25,4,0,4
27,26,4,0,17
27,27,4,0,19
27,28,5,4,6
27,29,5,0,0
27,30,5,0,21
27,31,5,0,15
27,32,5,0,24
27,33,5,0,20
27,34,5,0,6
27,35,5,0,17
27,36,5,0,0
27,37,5,0,0
27,38,5,0,2
27,39,5,0,10
27,40,5,4,10
27,41,5,4,8
27,42,4,0,5
27,43,4,0,23
27,44,4,0,11
27,45,4,0,10
27,46,4,0,11
27,47,4,0,8
27,48,4,0,21
27,49,4,0,22
27,50,4,0,3
27,51,4,0,0
27,52,4,0,24
27,53,4,0,2
27,54,4,0,24
27,55,4,0,12
27,56,4,0,1
27,57,5,4,23
27,58,5,0,6
27,59,5,0,13
27,60,5,0,7
27,61,5,0,17
27,62,5,0,1
28,0,5,0,2
28,1,5,0,9
28,2,101,0,0
28,3,101,0,6
28,4,101,0,12
28,5,101,0,18
28,6,101,0,24
28,7,4,0,1
28,8,4,0,13
28,9,4,0,16
28,10,4,0,18
28,11,4,0,1
28,12,4,0,4
28,13,4,0,9
28,14,4,0,14
28,15,4,0,7
28,16,4,0,8
28,17,4,0,18
28,18,4,0,18
28,19,4,0,21
28,20,4,0,9
28,21,4,0,20
28,22,4,0,24
28,23,4,0,18
28,24,4,0,10
28,25,4,0,16
28,26,4,0,6
28,27,4,0,16
28,28,5,4,24
28,29,5,0,4
28,30,5,0,5
28,31,5,0,9
28,32,5,0,18
28,33,5,0,20
28,34,5,0,12
28,35,5,0,11
28,36,5,0,16
28,37,5,0,7
28,38,5,0,5
28,39,5,4,0
28,40,4,0,15
28,41,4,0,5
28,42,4,0,9
28,43,4,0,8
28,44,4,0,24
28,45,4,0,13
28,46,4,0,10
28,47,4,0,15
28,48,4,0,3
28,49,4,0,12
28,50,4,0,21
28,51,4,0,6
28,52,4,0,6
28,53,4,0,19
28,54,4,0,17
28,55,4,0,3
28,56,4,0,0
28,57,5,4,24
28,58,5,0,7
28,59,5,0,10
28,60,5,0,3
28,61,5,0,23
28,62,5,0,9
29,0,5,0,16
29,1,101,0,5
29,2,101,0,1
29,3,101,0,7
29,4,101,0,13
29,5,101,0,19
29,6,4,0,13
29,7,4,0,24
29,8,4,0,18
29,9,4,0,12
29,10,4,0,10
29,11,4,0,20
29,12,4,0,8
29,13,4,0,8
29,14,4,0,17
29,15,4,0,20
29,16,4,0,12
29,17,4,0,17
29,18,4,0,15
29,19,4,0,6
29,20,4,0,0
29,21,4,0,12
29,22,4,0,24
29,23,4,0,9
29,24,4,0,5
29,25,4,0,14
29,26,5,4,16
29,27,5,4,19
29,28,5,0,1
29,29,5,0,12
29,30,5,0,1
29,31,5,0,24
29,32,5,0,15
29,33,5,0,3
29,34,5,0,20
29,35,5,0,15
29,36,5,0,19
29,37,5,0,8
29,38,5,0,11
29,39,5,4,18
29,40,4,0,10
29,41,4,0,16
29,42,4,0,1
29,43,4,0,15
29,44,4,0,16
29,45,4,0,8
29,46,4,0,3
29,47,4,0,21
29,48,4,0,6
29,49,4,0,16
29,50,4,0,6
29,51,4,0,12
29,52,4,0,20
29,53,4,0,24
29,54,4,0,14
29,55,4,0,14
29,56,5,4,6
29,57,5,0,0
29,58,5,0,2
29,59,5,0,1
29,60,5,0,23
29,61,5,0,15
29,62,5,0,19
30,0,101,0,0
30,1,101,0,6
30,2,101,0,2
30,3,101,0,8
30,4,101,0,14
30,5,5,4,2
30,6,4,0,10
30,7,4,0,11
30,8,4,0,5
30,9,4,0,10
30,10,4,0,5
30,11,4,0,21
30,12,4,0,16
30,13,4,0,18
30,14,4,0,4
30,15,4,0,10
30,16,4,0,0
30,17,4,0,0
30,18,4,0,5
30,19,4,0,7
30,20,4,0,4
30,21,4,0,17
30,22,4,0,10
30,23,4,0,24
30,24,4,0,12
30,25,5,4,16
30,26,5,4,4
30,27,5,0,2
30,28,5,0,8
30,29,5,0,3
30,30,5,0,19
30,31,5,0,4
30,32,5,0,9
30,33,5,0,3
30,34,5,0,5
30,35,5,0,4
30,36,5,0,13
30,37,5,0,6
30,38,5,0,3
30,39,4,0,9
30,40,4,0,14
30,41,4,0,18
30,42,4,0,16
30,43,4,0,8
30,44,4,0,20
30,45,4,0,11
30,46,4,0,12
30,47,4,0,0
30,48,4,0,7
30,49,4,0,24
30,50,4,0,4
30,51,4,0,18
30,52,4,0,5
30,53,4,0,10
30,54,4,0,23
30,55,4,0,0
30,56,5,4,22
30,57,5,0,9
30,58,5,0,18
30,59,5,0,14
30,60,5,0,22
30,61,5,0,11
30,62,5,0,16
31,0,101,0,1
31,1,101,0,7
31,2,101,0,3
31,3,101,0,9
31,4,5,0,17
31,5,5,4,1
31,6,4,0,10
31,7,4,0,18
31,8,4,0,1
31,9,4,0,17
31,10,4,0,13
31,11,4,0,8
31,12,4,0,11
31,13,4,0,18
31,14,4,0,0
31,15,4,0,13
31,16,4,0,4
31,17,4,0,14
31,18,4,0,5
31,19,4,0,20
31,20,4,0,23
31,21,4,0,22
31,22,4,0,11
31,23,4,0,20
31,24,5,4,6
31,25,5,4,4
31,26,5,0,22
31,27,5,0,12
31,28,5,0,15
31,29,5,0,13
31,30,5,0,2
31,31,5,0,3
31,32,5,0,12
31,33,5,0,18
31,34,5,0,24
31,35,5,0,17
31,36,5,0,9
31,37,5,0,24
31,38,5,4,10
31,39,4,0,22
31,40,4,0,9
31,41,4,0,8
31,42,4,0,3
31,43,4,0,19
31,44,4,0,17
31,45,4,0,6
31,46,4,0,9
31,47,4,0,13
31,48,4,0,11
31,49,4,0,14
31,50,4,0,0
31,51,4,0,5
31,52,4,0,17
31,53,4,0,11
31,54,4,0,5
31,55,4,0,14
31,56,5,4,21
31,57,5,0,12
31,58,5,0,11
31,59,5,0,1
31,60,5,0,7
31,61,5,0,17
31,62,5,0,24
32,0,101,0,2
32,1,101,0,8
32,2,101,0,4
32,3,5,0,1
32,4,5,0,13
32,5,5,4,17
32,6,4,0,21
32,7,4,0,10
32,8,4,0,13
32,9,4,0,21
32,10,4,0,6
32,11,4,0,22
32,12,4,0,19
32,13,4,0,22
32,14,4,0,1
32,15,4,0,2
32,16,4,0,15
32,17,4,0,8
32,18,4,0,5
32,19,4,0,19
32,20,4,0,1
32,21,4,0,5
32,22,4,0,9
32,23,4,0,17
32,24,5,4,24
32,25,5,0,23
32,26,5,0,20
32,27,5,0,15
32,28,5,0,12
32,29,5,0,23
32,30,5,0,3
32,31,5,0,24
32,32,5,0,12
32,33,5,0,19
32,34,5,0,14
32,35,5,0,23
32,36,5,4,20
32,37,5,4,15
32,38,4,0,12
32,39,4,0,1
32,40,4,0,0
32,41,4,0,15
32,42,4,0,23
32,43,4,0,21
32,44,4,0,12
32,45,4,0,21
32,46,4,0,4
32,47,4,0,21
32,48,4,0,0
32,49,4,0,7
32,50,4,0,18
32,51,4,0,13
32,52,4,0,9
32,53,4,0,9
32,54,4,0,1
32,55,4,0,0
32,56,5,4,22
32,57,5,4,20
32,58,5,0,23
32,59,5,0,7
32,60,5,0,11
32,61,5,0,8
32,62,5,0,10
33,0,101,0,3
33,1,101,0,9
33,2,5,0,10
33,3,5,0,16
33,4,5,0,5
33,5,5,4,3
33,6,4,0,14
33,7,4,0,2
33,8,4,0,11
33,9,4,0,4
33,10,5,4,16
33,11,4,0,15
33,12,4,0,13
33,13,4,0,10
33,14,4,0,22
33,15,4,0,16
33,16,4,0,6
33,17,4,0,5
33,18,4,0,6
33,19,4,0,6
33,20,4,0,21
33,21,4,0,24
33,22,4,0,24
33,23,5,4,6
33,24,5,0,20
33,25,5,0,2
33,26,5,0,4
33,27,5,0,0
33,28,5,0,5
33,29,5,0,4
33,30,5,0,14
33,31,5,0,20
33,32,5,0,3
33,33,5,0,24
33,34,5,0,24
33,35,5,4,10
33,36,5,4,8
33,37,4,0,4
33,38,4,0,21
33,39,4,0,24
33,40,4,0,9
33,41,4,0,4
33,42,4,0,0
33,43,4,0,13
33,44,4,0,1
33,45,4,0,1
33,46,4,0,3
33,47,4,0,20
33,48,4,0,2
33,49,4,0,16
33,50,4,0,24
33,51,4,0,1
33,52,4,0,1
33,53,4,0,18
33,54,4,0,13
33,55,4,0,15
33,56,5,4,8
33,57,5,4,21
33,58,5,0,13
33,59,5,0,6
33,60,5,0,13
33,61,5,0,0
33,62,5,0,2
34,0,101,0,4
34,1,5,0,18
34,2,5,0,8
34,3,5,0,5
34,4,5,0,16
34,5,5,4,1
34,6,4,0,16
34,7,4,0,21
34,8,5,4,16
34,9,5,4,9
34,10,5,4,2
34,11,4,0,15
34,12,4,0,10
34,13,4,0,14
34,14,4,0,0
34,15,4,0,11
34,16,4,0,15
34,17,4,0,12
34,18,4,0,19
34,19,4,0,22
34,20,4,0,11
34,21,4,0,7
34,22,4,0,21
34,23,5,4,24
34,24,5,0,4
34,25,5,0,8
34,26,5,0,9
34,27,5,0,13
34,28,5,0,4
34,29,5,0,10
34,30,5,0,0
34,31,5,0,16
34,32,5,0,19
34,33,5,0,13
34,34,5,4,0
34,35,4,0,7
34,36,4,0,19
34,37,4,0,20
34,38,4,0,14
34,39,4,0,24
34,40,4,0,6
34,41,4,0,6
34,42,4,0,16
34,43,4,0,12
34,44,1,4,16
34,45,1,4,16
34,46,4,0,7
34,47,4,0,23
34,48,4,0,18
34,49,4,0,2
34,50,4,0,19
34,51,4,0,18
34,52,4,0,10
34,53,4,0,21
34,54,4,0,13
34,55,4,0,1
34,56,4,0,23
34,57,5,4,7
34,58,5,0,8
34,59,5,0,3
34,60,5,0,10
34,61,5,0,24
34,62,5,0,1
35,0,5,0,2
35,1,5,0,15
35,2,5,0,0
35,3,5,0,1
35,4,5,0,12
35,5,5,4,1
35,6,5,4,16
35,7,5,4,9
35,8,5,4,4
35,9,5,0,0
35,10,5,4,18
35,11,4,0,20
35,12,4,0,6
35,13,4,0,24
35,14,4,0,14
35,15,4,0,4
35,16,4,0,11
35,17,4,0,23
35,18,4,0,23
35,19,4,0,14
35,20,5,4,16
35,21,5,4,16
35,22,5,4,9
35,23,5,0,20
35,24,5,0,5
35,25,5,0,22
35,26,5,0,10
35,27,5,0,21
35,28,5,0,13
35,29,5,0,10
35,30,5,0,20
35,31,5,0,17
35,32,5,4,20
35,33,5,4,20
35,34,5,4,18
35,35,4,0,0
35,36,4,0,1
35,37,4,0,2
35,38,4,0,23
35,39,4,0,0
35,40,4,0,15
35,41,4,0,5
35,42,4,0,18
35,43,1,4,19
35,44,1,4,4
35,45,1,4,2
35,46,4,0,11
35,47,4,0,21
35,48,4,0,23
35,49,4,0,22
35,50,4,0,1
35,51,4,0,23
35,52,4,0,3
35,53,4,0,21
35,54,4,0,10
35,55,4,0,18
35,56,4,0,2
35,57,5,4,7
35,58,5,0,18
35,59,5,0,11
35,60,5,0,17
35,61,5,0,13
35,62,5,0,23
36,0,5,0,1
36,1,5,0,8
36,2,5,0,19
36,3,5,0,19
36,4,5,0,15
36,5,5,4,4
36,6,5,4,4
36,7,5,0,12
36,8,5,0,4
36,9,5,4,13
36,10,4,0,12
36,11,4,0,23
36,12,4,0,22
36,13,4,0,4
36,14,4,0,19
36,15,4,0,7
36,16,4,0,1
36,17,4,0,12
36,18,4,0,4
36,19,5,4,6
36,20,5,4,4
36,21,5,4,4
36,22,5,0,21
36,23,5,0,20
36,24,5,0,23
36,25,5,0,12
36,26,5,0,1
36,27,5,0,0
36,28,5,0,7
36,29,5,0,5
36,30,5,0,15
36,31,5,4,10
36,32,5,4,8
36,33,5,4,8
36,34,4,0,19
36,35,4,0,13
36,36,4,0,21
36,37,4,0,21
36,38,4,0,6
36,39,4,0,4
36,40,4,0,12
36,41,1,4,16
36,42,1,4,11
36,43,1,0,3
36,44,1,0,11
36,45,1,4,17
36,46,1,4,16
36,47,4,0,13
36,48,4,0,17
36,49,4,0,14
36,50,4,0,3
36,51,4,0,9
36,52,4,0,19
36,53,4,0,21
36,54,4,0,11
36,55,4,0,12
36,56,4,0,20
36,57,5,4,24
36,58,5,0,23
36,59,5,0,8
36,60,5,0,8
36,61,5,0,3
36,62,5,0,20
37,0,5,0,20
37,1,5,0,16
37,2,5,0,13
37,3,5,0,13
37,4,5,0,21
37,5,5,0,12
37,6,5,0,16
37,7,5,0,10
37,8,5,4,10
37,9,4,0,6
37,10,4,0,19
37,11,4,0,2
37,12,4,0,18
37,13,4,0,5
37,14,4,0,0
37,15,4,0,11
37,16,4,0,5
37,17,4,0,2
37,18,4,0,2
37,19,5,4,24
37,20,5,0,1
37,21,5,0,2
37,22,5,0,5
37,23,5,0,18
37,24,5,0,6
37,25,5,0,14
37,26,5,0,22
37,27,5,0,0
37,28,5,0,11
37,29,5,0,9
37,30,5,4,0
37,31,4,0,15
37,32,4,0,5
37,33,4,0,22
37,34,4,0,10
37,35,4,0,3
37,36,4,0,7
37,37,4,0,20
37,38,4,0,0
37,39,4,0,20
37,40,1,4,19
37,41,1,4,4
37,42,1,0,18
37,43,1,0,20
37,44,1,0,17
37,45,1,4,4
37,46,1,4,17
37,47,4,0,11
37,48,4,0,20
37,49,4,0,19
37,50,4,0,16
37,51,4,0,17
37,52,4,0,22
37,53,4,0,23
37,54,4,0,9
37,55,4,0,19
37,56,5,4,6
37,57,5,0,15
37,58,5,0,23
37,59,5,0,20
37,60,5,0,6
37,61,5,0,24
37,62,5,0,17
38,0,5,0,3
38,1,5,0,12
38,2,5,0,10
38,3,5,0,11
38,4,5,0,4
38,5,5,0,24
38,6,5,0,0
38,7,5,4,15
38,8,4,0,22
38,9,4,0,18
38,10,4,0,20
38,11,4,0,22
38,12,4,0,7
38,13,4,0,18
38,14,4,0,11
38,15,4,0,14
38,16,4,0,2
38,17,5,4,16
38,18,5,4,19
38,19,5,0,14
38,20,5,0,9
38,21,5,0,12
38,22,5,0,16
38,23,5,0,8
38,24,5,0,6
38,25,5,0,5
38,26,5,0,20
38,27,5,0,1
38,28,5,0,17
38,29,5,0,12
38,30,5,4,18
38,31,4,0,16
38,32,4,0,3
38,33,4,0,17
38,34,4,0,8
38,35,4,0,20
38,36,4,0,12
38,37,4,0,3
38,38,4,0,12
38,39,1,4,6
38,40,1,0,10
38,41,1,0,14
38,42,1,0,2
38,43,1,0,14
38,44,1,0,4
38,45,1,0,9
38,46,1,4,2
38,47,4,0,9
38,48,4,0,17
38,49,4,0,0
38,50,4,0,22
38,51,4,0,2
38,52,4,0,24
38,53,4,0,21
38,54,4,0,8
38,55,4,0,23
38,56,5,4,24
38,57,5,0,15
38,58,5,0,5
38,59,5,0,24
38,60,5,0,15
38,61,5,0,14
38,62,5,0,16
39,0,5,0,10
39,1,5,0,18
39,2,5,0,2
39,3,5,0,7
39,4,5,0,18
39,5,5,0,13
39,6,5,4,0
39,7,4,0,6
39,8,4,0,23
39,9,4,0,11
39,10,4,0,5
39,11,4,0,21
39,12,4,0,11
39,13,4,0,8
39,14,4,0,4
39,15,4,0,1
39,16,5,4,14
39,17,5,4,4
39,18,5,0,8
39,19,5,0,12
39,20,5,0,18
39,21,5,0,24
39,22,5,0,5
39,23,5,0,21
39,24,5,0,3
39,25,5,0,2
39,26,5,0,14
39,27,5,0,11
39,28,5,0,17
39,29,5,4,0
39,30,4,0,23
39,31,4,0,7
39,32,4,0,11
39,33,4,0,17
39,34,4,0,23
39,35,4,0,2
39,36,4,0,17
39,37,4,0,21
39,38,4,0,6
39,39,1,4,24
39,40,1,0,17
39,41,1,0,14
39,42,1,0,7
39,43,1,0,9
39,44,1,0,18
39,45,1,0,7
39,46,1,4,3
39,47,4,0,16
39,48,4,0,14
39,49,4,0,17
39,50,4,0,0
39,51,4,0,10
39,52,4,0,23
39,53,4,0,20
39,54,4,0,1
39,55,5,4,6
39,56,5,0,9
39,57,5,0,22
39,58,5,0,20
39,59,5,0,15
39,60,5,0,19
39,61,5,0,13
39,62,5,0,18
40,0,5,0,14
40,1,5,0,9
40,2,5,0,2
40,3,5,0,2
40,4,5,0,11
40,5,5,0,3
40,6,5,4,18
40,7,4,0,10
40,8,4,0,6
40,9,4,0,5
40,10,4,0,16
40,11,4,0,7
40,12,4,0,10
40,13,4,0,14
40,14,4,0,18
40,15,5,4,6
40,16,5,0,18
40,17,5,0,22
40,18,5,0,6
40,19,5,0,23
40,20,5,0,1
40,21,5,0,13
40,22,5,0,6
40,23,5,0,15
40,24,5,0,2
40,25,5,0,15
40,26,5,0,11
40,27,5,0,20
40,28,5,0,17
40,29,5,4,2
40,30,4,0,5
40,31,4,0,20
40,32,4,0,13
40,33,4,0,6
40,34,4,0,10
40,35,4,0,16
40,36,4,0,3
40,37,4,0,2
40,38,1,4,11
40,39,1,0,4
40,40,1,0,15
40,41,1,0,12
40,42,1,0,16
40,43,1,0,3
40,44,1,0,24
40,45,1,0,15
40,46,1,4,18
40,47,4,0,9
40,48,4,0,9
40,49,4,0,6
40,50,4,0,0
40,51,4,0,18
40,52,4,0,11
40,53,4,0,23
40,54,4,0,8
40,55,5,4,21
40,56,5,0,4
40,57,5,0,7
40,58,5,0,17
40,59,5,0,10
40,60,5,0,4
40,61,5,0,8
40,62,5,0,1
41,0,5,0,3
41,1,5,0,14
41,2,5,0,5
41,3,5,0,21
41,4,5,0,22
41,5,5,4,0
41,6,4,0,6
41,7,4,0,14
41,8,4,0,12
41,9,4,0,13
41,10,4,0,6
41,11,4,0,1
41,12,4,0,7
41,13,4,0,23
41,14,4,0,20
41,15,5,4,24
41,16,5,0,19
41,17,5,0,12
41,18,5,0,5
41,19,5,0,3
41,20,5,0,19
41,21,5,0,6
41,22,5,0,18
41,23,5,0,4
41,24,5,0,17
41,25,5,0,11
41,26,5,0,23
41,27,5,0,23
41,28,5,0,6
41,29,5,4,18
41,30,4,0,18
41,31,4,0,4
41,32,4,0,9
41,33,4,0,8
41,34,4,0,3
41,35,4,0,18
41,36,4,0,2
41,37,1,4,11
41,38,1,0,2
41,39,1,0,12
41,40,1,0,18
41,41,1,0,19
41,42,1,0,15
41,43,1,0,21
41,44,1,0,11
41,45,1,4,0
41,46,1,4,16
41,47,4,0,7
41,48,4,0,7
41,49,4,0,15
41,50,4,0,7
41,51,4,0,16
41,52,4,0,4
41,53,4,0,4
41,54,4,0,11
41,55,5,4,21
41,56,5,0,1
41,57,5,0,19
41,58,5,0,13
41,59,5,0,23
41,60,5,0,6
41,61,5,0,2
41,62,5,0,16
42,0,5,0,16
42,1,5,0,16
42,2,5,0,13
42,3,5,0,18
42,4,5,0,19
42,5,5,4,17
42,6,4,0,17
42,7,4,0,15
42,8,4,0,7
42,9,4,0,11
42,10,4,0,12
42,11,4,0,24
42,12,4,0,12
42,13,4,0,17
42,14,5,4,19
42,15,5,0,13
42,16,5,0,24
42,17,5,0,15
42,18,5,0,15
42,19,5,0,14
42,20,5,0,15
42,21,5,0,15
42,22,5,0,15
42,23,5,0,10
42,24,5,0,9
42,25,5,0,2
42,26,5,0,3
42,27,5,0,11
42,28,5,4,10
42,29,4,0,8
42,30,4,0,23
42,31,4,0,19
42,32,4,0,14
42,33,4,0,4
42,34,4,0,23
42,35,4,0,21
42,36,1,4,6
42,37,1,0,11
42,38,1,0,13
42,39,1,0,13
42,40,1,0,14
42,41,1,0,7
42,42,1,0,8
42,43,1,0,21
42,44,1,0,6
42,45,1,4,4
42,46,1,4,3
42,47,4,0,19
42,48,4,0,1
42,49,4,0,16
42,50,4,0,16
42,51,4,0,8
42,52,4,0,7
42,53,4,0,22
42,54,4,0,18
42,55,5,4,22
42,56,5,4,20
42,57,5,0,4
42,58,5,0,2
42,59,5,0,24
42,60,5,0,0
42,61,5,0,20
42,62,5,0,23
43,0,5,0,18
43,1,5,0,8
43,2,5,0,21
43,3,5,0,6
43,4,5,0,19
43,5,5,4,3
43,6,4,0,2
43,7,4,0,20
43,8,4,0,22
43,9,4,0,2
43,10,4,0,3
43,11,4,0,6
43,12,4,0,3
43,13,5,4,11
43,14,5,0,20
43,15,5,0,14
43,16,5,0,4
43,17,5,0,18
43,18,5,0,11
43,19,5,0,5
43,20,5,0,6
43,21,5,0,19
43,22,5,0,8
43,23,5,0,23
43,24,5,0,8
43,25,5,0,15
43,26,5,4,20
43,27,5,4,10
43,28,4,0,17
43,29,4,0,2
43,30,4,0,2
43,31,4,0,0
43,32,4,0,21
43,33,4,0,1
43,34,4,0,23
43,35,4,0,12
43,36,1,4,24
43,37,1,0,1
43,38,1,0,12
43,39,1,0,21
43,40,1,0,3
43,41,1,0,17
43,42,1,0,8
43,43,1,0,18
43,44,1,0,19
43,45,1,0,1
43,46,1,4,17
43,47,4,0,2
43,48,4,0,22
43,49,4,0,20
43,50,4,0,23
43,51,4,0,13
43,52,4,0,17
43,53,4,0,16
43,54,4,0,12
43,55,5,4,8
43,56,5,4,21
43,57,5,4,20
43,58,5,0,2
43,59,5,0,16
43,60,5,0,8
43,61,5,0,0
43,62,5,0,12
44,0,5,0,16
44,1,5,0,13
44,2,5,0,17
44,3,5,0,16
44,4,5,0,2
44,5,5,4,18
44,6,4,0,20
44,7,4,0,18
44,8,4,0,3
44,9,4,0,8
44,10,4,0,24
44,11,4,0,6
44,12,5,4,11
44,13,5,0,2
44,14,5,0,1
44,15,5,0,0
44,16,5,0,21
44,17,5,0,0
44,18,5,0,20
44,19,5,0,18
44,20,5,0,22
44,21,5,0,24
44,22,5,0,24
44,23,5,0,19
44,24,5,4,20
44,25,5,4,10
44,26,5,4,8
44,27,4,0,20
44,28,4,0,0
44,29,4,0,21
44,30,4,0,10
44,31,4,0,6
44,32,4,0,10
44,33,4,0,22
44,34,4,0,15
44,35,1,4,6
44,36,1,0,10
44,37,1,0,4
44,38,1,0,11
44,39,1,0,8
44,40,1,0,5
44,41,1,0,13
44,42,1,0,8
44,43,1,0,3
44,44,1,0,13
44,45,1,0,5
44,46,1,4,2
44,47,4,0,1
44,48,4,0,11
44,49,4,0,15
44,50,4,0,18
44,51,4,0,23
44,52,4,0,9
44,53,4,0,7
44,54,4,0,17
44,55,4,0,7
44,56,5,4,8
44,57,5,4,7
44,58,5,0,20
44,59,5,0,7
44,60,5,0,23
44,61,5,0,9
44,62,5,0,9
45,0,5,0,4
45,1,5,0,14
45,2,5,0,0
45,3,5,0,19
45,4,5,4,0
45,5,4,0,9
45,6,4,0,23
45,7,4,0,23
45,8,4,0,4
45,9,4,0,12
45,10,4,0,2
45,11,5,4,14
45,12,5,0,23
45,13,5,0,6
45,14,5,0,3
45,15,5,0,6
45,16,5,0,19
45,17,5,0,6
45,18,5,0,3
45,19,5,0,8
45,20,5,0,22
45,21,5,0,8
45,22,5,0,10
45,23,5,4,10
45,24,5,4,8
45,25,4,0,18
45,26,4,0,20
45,27,4,0,0
45,28,4,0,15
45,29,4,0,16
45,30,4,0,9
45,31,4,0,7
45,32,4,0,8
45,33,4,0,16
45,34,4,0,4
45,35,1,4,24
45,36,1,0,3
45,37,1,0,4
45,38,1,0,20
45,39,1,0,6
45,40,1,0,24
45,41,1,0,22
45,42,1,0,0
45,43,1,0,11
45,44,1,0,7
45,45,1,0,8
45,46,1,4,18
45,47,4,0,20
45,48,4,0,22
45,49,4,0,16
45,50,4,0,16
45,51,4,0,6
45,52,4,0,15
45,53,4,0,16
45,54,4,0,23
45,55,4,0,6
45,56,4,0,18
45,57,5,4,21
45,58,5,0,17
45,59,5,0,0
45,60,5,0,18
45,61,5,0,6
45,62,5,0,5
46,0,5,0,3
46,1,5,0,14
46,2,5,0,11
46,3,5,0,13
46,4,5,4,1
46,5,5,4,16
46,6,4,0,21
46,7,4,0,3
46,8,4,0,15
46,9,4,0,18
46,10,5,4,19
46,11,5,0,24
46,12,5,0,24
46,13,5,0,16
46,14,5,0,6
46,15,5,0,7
46,16,5,0,8
46,17,5,0,13
46,18,5,0,10
46,19,5,0,18
46,20,5,0,19
46,21,5,0,9
46,22,5,4,0
46,23,4,0,16
46,24,4,0,7
46,25,4,0,18
46,26,4,0,8
46,27,4,0,23
46,28,4,0,11
46,29,4,0,8
46,30,4,0,1
46,31,4,0,18
46,32,4,0,13
46,33,4,0,2
46,34,1,4,14
46,35,1,0,23
46,36,1,0,21
46,37,1,4,20
46,38,1,4,20
46,39,1,0,5
46,40,1,0,5
46,41,1,0,12
46,42,1,0,3
46,43,1,0,1
46,44,1,0,3
46,45,1,4,10
46,46,4,0,7
46,47,4,0,7
46,48,4,0,3
46,49,4,0,22
46,50,4,0,15
46,51,4,0,24
46,52,4,0,15
46,53,4,0,8
46,54,4,0,5
46,55,4,0,10
46,56,4,0,0
46,57,5,4,22
46,58,5,0,13
46,59,5,0,1
46,60,5,0,22
46,61,5,0,2
46,62,5,0,19
47,0,5,0,7
47,1,5,0,3
47,2,5,0,3
47,3,5,0,22
47,4,5,4,4
47,5,5,4,3
47,6,4,0,21
47,7,4,0,4
47,8,5,4,16
47,9,5,4,11
47,10,5,0,18
47,11,5,0,0
47,12,5,0,14
47,13,5,0,5
47,14,5,0,4
47,15,5,0,21
47,16,5,0,23
47,17,5,0,10
47,18,5,0,24
47,19,5,0,3
47,20,5,0,16
47,21,5,0,9
47,22,5,4,18
47,23,4,0,7
47,24,4,0,16
47,25,4,0,9
47,26,4,0,10
47,27,4,0,18
47,28,4,0,4
47,29,4,0,23
47,30,4,0,18
47,31,4,0,0
47,32,4,0,21
47,33,1,4,9
47,34,1,0,2
47,35,1,0,6
47,36,1,4,13
47,37,1,4,8
47,38,1,4,23
47,39,1,0,3
47,40,1,0,16
47,41,1,0,24
47,42,1,0,0
47,43,1,0,20
47,44,1,4,0
47,45,4,0,4
47,46,4,0,11
47,47,4,0,24
47,48,4,0,18
47,49,4,0,18
47,50,4,0,24
47,51,4,0,10
47,52,4,0,14
47,53,4,0,3
47,54,4,0,18
47,55,4,0,16
47,56,4,0,4
47,57,5,4,23
47,58,5,0,24
47,59,5,0,2
47,60,5,0,15
47,61,5,0,15
47,62,5,0,6
48,0,5,0,4
48,1,5,0,10
48,2,5,0,13
48,3,5,0,3
48,4,5,0,7
48,5,5,4,3
48,6,5,4,16
48,7,5,4,14
48,8,5,4,4
48,9,5,0,18
48,10,5,0,5
48,11,5,0,0
48,12,5,0,9
48,13,5,0,24
48,14,5,0,16
48,15,5,0,10
48,16,5,0,17
48,17,5,0,6
48,18,5,0,6
48,19,5,0,9
48,20,5,4,20
48,21,5,4,13
48,22,4,0,14
48,23,4,0,15
48,24,4,0,9
48,25,4,0,14
48,26,4,0,5
48,27,4,0,24
48,28,4,0,8
48,29,4,0,22
48,30,4,0,22
48,31,4,0,11
48,32,1,4,19
48,33,1,0,6
48,34,1,4,20
48,35,1,4,13
48,36,4,0,11
48,37,4,0,8
48,38,1,4,21
48,39,1,4,20
48,40,1,0,4
48,41,1,0,20
48,42,1,0,4
48,43,1,0,11
48,44,1,4,18
48,45,4,0,22
48,46,4,0,0
48,47,4,0,6
48,48,4,0,23
48,49,4,0,3
48,50,4,0,20
48,51,4,0,17
48,52,4,0,9
48,53,4,0,6
48,54,4,0,2
48,55,4,0,10
48,56,4,0,3
48,57,5,4,24
48,58,5,0,17
48,59,5,0,20
48,60,5,0,15
48,61,5,0,7
48,62,5,0,14
49,0,5,0,0
49,1,5,0,7
49,2,5,0,19
49,3,5,0,0
49,4,5,0,6
49,5,5,4,4
49,6,5,4,4
49,7,5,0,15
49,8,5,0,15
49,9,5,0,10
49,10,5,0,0
49,11,5,0,1
49,12,5,0,5
49,13,5,0,14
49,14,5,0,2
49,15,5,0,12
49,16,5,0,1
49,17,5,0,22
49,18,5,0,13
49,19,5,4,5
49,20,5,4,8
49,21,4,0,22
49,22,4,0,16
49,23,4,0,17
49,24,4,0,0
49,25,4,0,19
49,26,4,0,19
49,27,4,0,12
49,28,4,0,18
49,29,4,0,0
49,30,4,0,24
49,31,1,4,19
49,32,1,0,23
49,33,1,4,10
49,34,1,4,8
49,35,4,0,14
49,36,4,0,8
49,37,4,0,23
49,38,1,4,8
49,39,1,4,7
49,40,1,0,22
49,41,1,0,1
49,42,1,0,7
49,43,1,4,0
49,44,4,0,4
49,45,4,0,1
49,46,4,0,12
49,47,4,0,13
49,48,4,0,0
49,49,4,0,16
49,50,4,0,21
49,51,4,0,5
49,52,4,0,13
49,53,4,0,3
49,54,4,0,9
49,55,4,0,22
49,56,5,4,6
49,57,5,0,12
49,58,5,0,19
49,59,5,0,3
49,60,5,0,14
49,61,5,0,5
49,62,5,0,13
50,0,5,0,11
50,1,5,0,5
50,2,5,0,13
50,3,5,0,7
50,4,5,0,3
50,5,5,0,5
50,6,5,0,16
50,7,5,0,22
50,8,5,0,8
50,9,5,0,15
50,10,5,0,15
50,11,5,0,12
50,12,5,0,8
50,13,5,0,24
50,14,5,0,4
50,15,5,0,24
50,16,5,0,22
50,17,5,0,6
50,18,5,4,0
50,19,4,0,7
50,20,4,0,2
50,21,4,0,22
50,22,4,0,15
50,23,4,0,6
50,24,4,0,5
50,25,4,0,15
50,26,4,0,19
50,27,4,0,20
50,28,4,0,5
50,29,4,0,12
50,30,1,4,9
50,31,1,0,17
50,32,1,4,13
50,33,4,0,21
50,34,4,0,20
50,35,4,0,10
50,36,4,0,12
50,37,4,0,19
50,38,4,0,1
50,39,1,4,23
50,40,1,4,20
50,41,1,4,20
50,42,1,0,6
50,43,1,4,3
50,44,4,0,22
50,45,4,0,13
50,46,4,0,21
50,47,4,0,5
50,48,4,0,19
50,49,4,0,24
50,50,4,0,24
50,51,4,0,4
50,52,4,0,14
50,53,4,0,2
50,54,4,0,7
50,55,4,0,17
50,56,5,4,21
50,57,5,4,20
50,58,5,0,12
50,59,5,0,16
50,60,5,0,17
50,61,5,0,24
50,62,5,0,10
51,0,5,0,3
51,1,5,0,6
51,2,5,0,17
51,3,5,0,6
51,4,5,0,7
51,5,5,0,6
51,6,5,0,3
51,7,5,0,21
51,8,5,0,22
51,9,5,0,8
51,10,5,0,9
51,11,5,0,20
51,12,5,0,3
51,13,5,0,1
51,14,5,0,15
51,15,5,0,2
51,16,5,0,15
51,17,5,0,10
51,18,5,4,18
51,19,4,0,0
51,20,4,0,9
51,21,4,0,11
51,22,4,0,22
51,23,4,0,7
51,24,4,0,15
51,25,4,0,11
51,26,4,0,18
51,27,4,0,6
51,28,1,4,16
51,29,1,4,11
51,30,1,0,2
51,31,1,4,10
51,32,4,0,19
51,33,4,0,9
51,34,4,0,2
51,35,4,0,21
51,36,4,0,6
51,37,4,0,9
51,38,4,0,11
51,39,1,4,8
51,40,1,4,8
51,41,1,4,23
51,42,1,0,13
51,43,1,4,1
51,44,4,0,10
51,45,4,0,5
51,46,4,0,7
51,47,4,0,24
51,48,4,0,6
51,49,4,0,23
51,50,4,0,17
51,51,4,0,5
51,52,4,0,17
51,53,4,0,19
51,54,4,0,12
51,55,4,0,24
51,56,5,4,8
51,57,5,4,23
51,58,5,0,3
51,59,5,0,20
51,60,5,0,8
51,61,5,0,3
51,62,5,0,11
52,0,5,0,3
52,1,5,0,16
52,2,5,0,15
52,3,5,0,17
52,4,5,0,23
52,5,5,0,2
52,6,5,0,20
52,7,5,0,24
52,8,5,0,14
52,9,5,0,9
52,10,5,0,20
52,11,5,0,16
52,12,5,0,11
52,13,5,0,11
52,14,5,0,6
52,15,5,0,15
52,16,5,4,20
52,17,5,4,15
52,18,4,0,11
52,19,4,0,4
52,20,4,0,13
52,21,4,0,12
52,22,4,0,21
52,23,4,0,20
52,24,4,0,21
52,25,4,0,0
52,26,1,4,16
52,27,1,4,14
52,28,1,4,4
52,29,1,0,17
52,30,1,4,15
52,31,4,0,11
52,32,4,0,16
52,33,4,0,24
52,34,4,0,22
52,35,5,4,16
52,36,5,4,16
52,37,5,4,16
52,38,4,0,19
52,39,4,0,22
52,40,4,0,8
52,41,1,4,22
52,42,1,0,6
52,43,1,4,17
52,44,4,0,22
52,45,4,0,19
52,46,4,0,0
52,47,4,0,16
52,48,4,0,11
52,49,4,0,16
52,50,4,0,23
52,51,4,0,4
52,52,4,0,13
52,53,4,0,16
52,54,4,0,5
52,55,4,0,19
52,56,4,0,21
52,57,5,4,22
52,58,5,0,9
52,59,5,0,17
52,60,5,0,11
52,61,5,0,7
52,62,5,0,5
53,0,5,0,23
53,1,5,0,16
53,2,5,0,14
53,3,5,0,18
53,4,5,0,13
53,5,5,0,13
53,6,5,0,20
53,7,5,0,14
53,8,5,0,3
53,9,5,0,4
53,10,5,0,14
53,11,5,0,16
53,12,5,0,3
53,13,5,0,5
53,14,5,0,8
53,15,5,4,10
53,16,5,4,8
53,17,4,0,5
53,18,4,0,7
53,19,4,0,4
53,20,4,0,14
53,21,4,0,18
53,22,4,0,6
53,23,4,0,7
53,24,4,0,6
53,25,1,4,11
53,26,1,4,4
53,27,1,0,13
53,28,1,0,2
53,29,1,4,15
53,30,4,0,1
53,31,4,0,23
53,32,4,0,14
53,33,4,0,9
53,34,5,4,11
53,35,5,4,4
53,36,5,4,4
53,37,5,4,3
53,38,5,4,16
53,39,4,0,3
53,40,4,0,1
53,41,1,4,21
53,42,1,0,0
53,43,1,4,18
53,44,4,0,6
53,45,4,0,19
53,46,4,0,7
53,47,4,0,21
53,48,4,0,16
53,49,4,0,11
53,50,4,0,16
53,51,4,0,23
53,52,4,0,19
53,53,4,0,24
53,54,4,0,9
53,55,4,0,12
53,56,4,0,11
53,57,5,4,7
53,58,5,0,1
53,59,5,0,18
53,60,5,0,14
53,61,5,0,10
53,62,5,0,4
54,0,5,0,8
54,1,5,0,20
54,2,5,0,6
54,3,5,0,2
54,4,5,0,20
54,5,5,0,0
54,6,5,0,16
54,7,5,0,3
54,8,5,0,16
54,9,5,0,24
54,10,5,0,24
54,11,5,0,4
54,12,5,0,19
54,13,5,0,21
54,14,5,4,10
54,15,4,0,9
54,16,4,0,2
54,17,4,0,21
54,18,4,0,17
54,19,4,0,18
54,20,4,0,18
54,21,4,0,0
54,22,4,0,2
54,23,4,0,0
54,24,1,4,6
54,25,1,0,15
54,26,1,0,24
54,27,1,4,20
54,28,1,4,13
54,29,4,0,12
54,30,4,0,12
54,31,4,0,12
54,32,5,4,16
54,33,5,4,19
54,34,5,0,12
54,35,5,0,10
54,36,5,0,8
54,37,5,4,4
54,38,5,4,2
54,39,4,0,0
54,40,4,0,15
54,41,1,4,24
54,42,1,4,0
54,43,4,0,7
54,44,4,0,1
54,45,4,0,5
54,46,4,0,9
54,47,4,0,6
54,48,4,0,16
54,49,4,0,4
54,50,4,0,8
54,51,4,0,9
54,52,4,0,23
54,53,4,0,0
54,54,4,0,5
54,55,4,0,11
54,56,4,0,2
54,57,5,4,22
54,58,5,0,6
54,59,5,0,22
54,60,5,0,12
54,61,5,0,24
54,62,5,0,20
55,0,5,0,4
55,1,5,0,13
55,2,5,0,9
55,3,5,0,21
55,4,5,0,3
55,5,5,0,12
55,6,5,0,0
55,7,5,0,2
55,8,5,0,23
55,9,5,0,17
55,10,5,0,4
55,11,5,0,18
55,12,5,0,5
55,13,5,4,15
55,14,4,0,14
55,15,4,0,22
55,16,4,0,22
55,17,4,0,9
55,18,4,0,13
55,19,4,0,16
55,20,4,0,4
55,21,4,0,14
55,22,4,0,21
55,23,4,0,5
55,24,1,4,24
55,25,1,0,16
55,26,1,4,5
55,27,1,4,8
55,28,4,0,24
55,29,4,0,17
55,30,4,0,7
55,31,5,4,19
55,32,5,4,4
55,33,5,0,7
55,34,5,0,11
55,35,5,0,6
55,36,5,0,1
55,37,5,0,20
55,38,5,4,17
55,39,4,0,17
55,40,1,4,6
55,41,1,0,1
55,42,1,4,1
55,43,4,0,16
55,44,4,0,11
55,45,4,0,10
55,46,4,0,24
55,47,4,0,7
55,48,4,0,20
55,49,4,0,23
55,50,4,0,1
55,51,4,0,0
55,52,4,0,19
55,53,4,0,8
55,54,4,0,1
55,55,4,0,21
55,56,4,0,4
55,57,5,4,24
55,58,5,0,19
55,59,5,0,4
55,60,5,0,19
55,61,5,0,6
55,62,5,0,13
56,0,5,0,8
56,1,5,0,22
56,2,5,0,7
56,3,5,0,11
56,4,5,0,5
56,5,5,0,7
56,6,5,0,7
56,7,5,0,11
56,8,5,0,5
56,9,5,0,16
56,10,5,0,24
56,11,5,0,12
56,12,5,4,0
56,13,4,0,4
56,14,4,0,12
56,15,4,0,12
56,16,4,0,13
56,17,4,0,13
56,18,4,0,8
56,19,4,0,19
56,20,4,0,0
56,21,4,0,7
56,22,4,0,18
56,23,1,4,14
56,24,1,0,21
56,25,1,4,0
56,26,4,0,11
56,27,4,0,11
56,28,4,0,20
56,29,4,0,12
56,30,5,4,14
56,31,5,0,13
56,32,5,0,0
56,33,5,4,20
56,34,5,4,20
56,35,5,4,20
56,36,5,0,7
56,37,5,0,4
56,38,5,4,1
56,39,4,0,22
56,40,1,4,7
56,41,1,0,6
56,42,1,4,18
56,43,4,0,3
56,44,4,0,5
56,45,4,0,9
56,46,4,0,6
56,47,4,0,15
56,48,4,0,3
56,49,4,0,9
56,50,4,0,24
56,51,4,0,18
56,52,4,0,2
56,53,4,0,20
56,54,4,0,8
56,55,4,0,1
56,56,5,4,6
56,57,5,0,20
56,58,5,0,8
56,59,5,0,14
56,60,5,0,15
56,61,5,0,9
56,62,5,0,13
57,0,5,0,23
57,1,5,0,15
57,2,5,0,21
57,3,5,0,24
57,4,5,0,8
57,5,5,0,13
57,6,5,0,16
57,7,5,0,19
57,8,5,0,4
57,9,5,0,6
57,10,5,0,19
57,11,5,0,4
57,12,5,4,18
57,13,4,0,16
57,14,4,0,17
57,15,4,0,13
57,16,4,0,7
57,17,4,0,13
57,18,4,0,22
57,19,4,0,18
57,20,4,0,24
57,21,4,0,0
57,22,1,4,19
57,23,1,0,23
57,24,1,0,16
57,25,1,4,18
57,26,4,0,0
57,27,4,0,5
57,28,4,0,17
57,29,5,4,6
57,30,5,0,20
57,31,5,0,24
57,32,5,4,15
57,33,5,4,8
57,34,5,4,8
57,35,5,4,21
57,36,5,4,20
57,37,5,0,17
57,38,5,4,17
57,39,4,0,5
57,40,1,4,24
57,41,1,4,0
57,42,1,4,16
57,43,1,4,16
57,44,1,4,16
57,45,4,0,7
57,46,4,0,15
57,47,4,0,6
57,48,4,0,21
57,49,4,0,15
57,50,4,0,24
57,51,4,0,21
57,52,4,0,9
57,53,4,0,7
57,54,4,0,5
57,55,4,0,11
57,56,5,4,22
57,57,5,4,20
57,58,5,0,12
57,59,5,0,3
57,60,5,0,1
57,61,5,0,13
57,62,5,0,10
58,0,5,0,21
58,1,5,0,0
58,2,5,0,6
58,3,5,0,23
58,4,5,0,1
58,5,5,0,18
58,6,5,0,18
58,7,5,0,8
58,8,5,0,9
58,9,5,0,2
58,10,5,0,4
58,11,5,4,15
58,12,4,0,5
58,13,4,0,13
58,14,4,0,15
58,15,4,0,9
58,16,4,0,3
58,17,4,0,14
58,18,4,0,2
58,19,4,0,9
58,20,4,0,20
58,21,1,4,9
58,22,1,0,3
58,23,1,0,8
58,24,1,4,0
58,25,4,0,19
58,26,4,0,4
58,27,4,0,11
58,28,4,0,1
58,29,5,4,24
58,30,5,0,11
58,31,5,4,10
58,32,4,0,11
58,33,4,0,11
58,34,4,0,3
58,35,5,4,8
58,36,5,4,21
58,37,5,0,21
58,38,5,4,18
58,39,1,4,6
58,40,1,0,10
58,41,1,4,4
58,42,1,4,4
58,43,1,4,4
58,44,1,4,1
58,45,1,4,16
58,46,4,0,13
58,47,4,0,2
58,48,4,0,19
58,49,4,0,12
58,50,4,0,24
58,51,4,0,5
58,52,4,0,15
58,53,4,0,17
58,54,4,0,3
58,55,4,0,13
58,56,5,4,8
58,57,5,4,22
58,58,5,0,5
58,59,5,0,2
58,60,5,0,3
58,61,5,0,12
58,62,5,0,23
59,0,5,0,16
59,1,5,0,2
59,2,5,0,8
59,3,5,0,1
59,4,5,0,2
59,5,5,0,1
59,6,5,0,17
59,7,5,0,4
59,8,5,0,12
59,9,5,0,10
59,10,5,4,13
59,11,4,0,23
59,12,4,0,4
59,13,4,0,3
59,14,4,0,9
59,15,4,0,22
59,16,4,0,22
59,17,4,0,8
59,18,4,0,2
59,19,4,0,24
59,20,1,4,14
59,21,1,0,21
59,22,1,0,4
59,23,1,0,23
59,24,1,4,18
59,25,4,0,24
59,26,4,0,8
59,27,4,0,9
59,28,5,4,14
59,29,5,0,19
59,30,5,4,13
59,31,4,0,0
59,32,4,0,6
59,33,4,0,2
59,34,4,0,11
59,35,4,0,23
59,36,5,4,24
59,37,5,4,0
59,38,4,0,9
59,39,1,4,24
59,40,1,0,5
59,41,1,0,13
59,42,1,0,13
59,43,1,0,23
59,44,1,4,4
59,45,1,4,1
59,46,4,0,16
59,47,4,0,7
59,48,4,0,9
59,49,4,0,17
59,50,4,0,24
59,51,4,0,0
59,52,4,0,15
59,53,4,0,14
59,54,4,0,9
59,55,4,0,16
59,56,4,0,21
59,57,5,4,24
59,58,5,0,0
59,59,5,0,1
59,60,5,0,3
59,61,5,0,2
59,62,5,0,14
60,0,5,0,4
60,1,5,0,5
60,2,5,0,10
60,3,5,0,7
60,4,5,0,5
60,5,5,0,1
60,6,5,0,10
60,7,5,0,1
60,8,5,0,6
60,9,5,4,15
60,10,4,0,17
60,11,4,0,14
60,12,4,0,9
60,13,4,0,19
60,14,4,0,15
60,15,4,0,22
60,16,4,0,20
60,17,4,0,18
60,18,4,0,7
60,19,1,4,9
60,20,1,0,9
60,21,1,0,18
60,22,1,0,23
60,23,1,4,0
60,24,4,0,24
60,25,4,0,22
60,26,4,0,20
60,27,5,4,11
60,28,5,0,5
60,29,5,4,13
60,30,4,0,0
60,31,4,0,0
60,32,4,0,13
60,33,4,0,5
60,34,4,0,13
60,35,5,4,6
60,36,5,0,20
60,37,5,4,2
60,38,1,4,6
60,39,1,0,3
60,40,1,0,16
60,41,1,0,10
60,42,1,0,3
60,43,1,0,16
60,44,1,0,24
60,45,1,4,17
60,46,4,0,22
60,47,4,0,18
60,48,4,0,8
60,49,4,0,3
60,50,4,0,10
60,51,4,0,0
60,52,4,0,5
60,53,4,0,14
60,54,4,0,19
60,55,4,0,10
60,56,5,4,6
60,57,5,0,11
60,58,5,0,3
60,59,5,0,8
60,60,5,0,24
60,61,5,0,22
60,62,5,0,7
61,0,5,0,12
61,1,5,0,9
61,2,5,0,1
61,3,5,0,15
61,4,5,0,17
61,5,5,0,6
61,6,5,0,22
61,7,5,0,24
61,8,5,4,15
61,9,4,0,7
61,10,4,0,20
61,11,4,0,17
61,12,4,0,5
61,13,4,0,4
61,14,4,0,16
61,15,4,0,20
61,16,4,0,20
61,17,4,0,15
61,18,1,4,19
61,19,1,0,24
61,20,1,0,14
61,21,1,0,2
61,22,1,0,15
61,23,1,4,18
61,24,4,0,17
61,25,4,0,5
61,26,5,4,11
61,27,5,0,4
61,28,5,4,5
61,29,4,0,6
61,30,4,0,18
61,31,4,0,18
61,32,4,0,14
61,33,4,0,22
61,34,4,0,2
61,35,5,4,24
61,36,5,0,4
61,37,5,4,18
61,38,1,4,24
61,39,1,0,2
61,40,1,0,20
61,41,1,0,17
61,42,1,0,5
61,43,1,0,18
61,44,1,0,24
61,45,1,4,1
61,46,4,0,13
61,47,4,0,6
61,48,4,0,8
61,49,4,0,13
61,50,4,0,23
61,51,4,0,6
61,52,4,0,18
61,53,4,0,9
61,54,4,0,8
61,55,4,0,16
61,56,5,4,24
61,57,5,0,5
61,58,5,0,5
61,59,5,0,23
61,60,5,0,6
61,61,5,0,2
61,62,5,0,3
62,0,5,0,18
62,1,5,0,22
62,2,5,0,14
62,3,5,0,23
62,4,5,0,23
62,5,5,0,3
62,6,5,0,22
62,7,5,4,15
62,8,4,0,12
62,9,4,0,0
62,10,4,0,9
62,11,4,0,5
62,12,4,0,8
62,13,4,0,5
62,14,4,0,17
62,15,4,0,22
62,16,4,0,18
62,17,1,4,11
62,18,1,0,0
62,19,1,0,6
62,20,1,0,4
62,21,1,0,16
62,22,1,4,0
62,23,4,0,7
62,24,4,0,9
62,25,5,4,6
62,26,5,0,22
62,27,5,4,0
62,28,4,0,14
62,29,4,0,14
62,30,4,0,0
62,31,4,0,1
62,32,4,0,20
62,33,4,0,13
62,34,5,4,6
62,35,5,0,21
62,36,5,4,0
62,37,1,4,6
62,38,1,0,5
62,39,1,0,7
62,40,1,0,9
62,41,1,0,7
62,42,1,0,23
62,43,1,0,21
62,44,1,0,20
62,45,1,4,3
62,46,4,0,17
62,47,4,0,1
62,48,4,0,6
62,49,4,0,11
62,50,4,0,1
62,51,4,0,11
62,52,4,0,8
62,53,4,0,15
62,54,4,0,23
62,55,5,4,6
62,56,5,0,2
62,57,5,0,21
62,58,5,0,6
62,59,5,0,5
62,60,5,0,16
62,61,5,0,24
62,62,5,0,15
63,0,5,0,10
63,1,5,0,17
63,2,5,0,21
63,3,5,0,18
63,4,5,0,5
63,5,5,0,18
63,6,5,4,15
63,7,4,0,3
63,8,4,0,5
63,9,4,0,18
63,10,4,0,8
63,11,4,0,22
63,12,4,0,17
63,13,4,0,17
63,14,4,0,13
63,15,4,0,11
63,16,1,4,6
63,17,1,0,18
63,18,1,0,8
63,19,1,0,24
63,20,1,0,3
63,21,1,0,5
63,22,1,4,1
63,23,4,0,3
63,24,4,0,6
63,25,5,4,24
63,26,5,0,6
63,27,5,4,18
63,28,4,0,12
63,29,4,0,17
63,30,4,0,7
63,31,4,0,2
63,32,4,0,13
63,33,4,0,19
63,34,5,4,24
63,35,5,0,7
63,36,5,4,18
63,37,1,4,21
63,38,1,0,10
63,39,1,0,1
63,40,1,0,0
63,41,1,0,23
63,42,1,0,7
63,43,1,0,18
63,44,1,0,24
63,45,1,4,17
63,46,4,0,23
63,47,4,0,8
63,48,4,0,16
63,49,4,0,22
63,50,4,0,5
63,51,4,0,10
63,52,4,0,10
63,53,4,0,7
63,54,4,0,6
63,55,5,4,22
63,56,5,4,20
63,57,5,0,6
63,58,5,0,7
63,59,5,0,17
63,60,5,0,4
63,61,5,0,1
63,62,5,0,3
64,0,5,0,1
64,1,5,0,21
64,2,5,0,18
64,3,5,0,10
64,4,5,0,24
64,5,5,4,0
64,6,4,0,1
64,7,4,0,10
64,8,4,0,1
64,9,4,0,4
64,10,4,0,18
64,11,4,0,2
64,12,4,0,5
64,13,4,0,7
64,14,4,0,14
64,15,4,0,21
64,16,1,4,24
64,17,1,0,8
64,18,1,0,9
64,19,1,0,4
64,20,1,0,2
64,21,1,0,3
64,22,1,4,1
64,23,4,0,8
64,24,5,4,6
64,25,5,0,3
64,26,5,4,0
64,27,4,0,16
64,28,4,0,2
64,29,4,0,20
64,30,4,0,14
64,31,4,0,5
64,32,4,0,21
64,33,5,4,6
64,34,5,0,7
64,35,5,4,0
64,36,4,0,18
64,37,1,4,24
64,38,1,0,13
64,39,1,0,9
64,40,1,0,24
64,41,1,0,21
64,42,1,0,1
64,43,1,0,17
64,44,1,0,14
64,45,1,4,1
64,46,4,0,15
64,47,4,0,14
64,48,4,0,3
64,49,4,0,15
64,50,4,0,12
64,51,4,0,17
64,52,4,0,1
64,53,4,0,6
64,54,4,0,11
64,55,5,4,8
64,56,5,4,24
64,57,5,0,2
64,58,5,0,2
64,59,5,0,19
64,60,5,0,9
64,61,5,0,3
64,62,5,0,12
