0,0,10,1,14
0,1,10,1,4
0,2,10,1,4
0,3,10,1,17
0,4,1,4,4
0,5,1,4,4
0,6,10,1,11
0,7,10,0,17
0,8,10,0,16
0,9,10,0,3
0,10,10,0,7
0,11,10,0,18
0,12,10,0,24
0,13,10,0,1
0,14,10,0,6
0,15,10,1,18
0,16,1,4,1
0,17,4,0,24
0,18,4,0,6
0,19,1,4,9
0,20,10,1,6
0,21,10,0,6
0,22,10,1,20
0,23,10,1,5
0,24,4,0,3
0,25,4,0,19
0,26,5,4,6
0,27,5,0,13
0,28,5,0,3
0,29,5,0,18
0,30,5,0,8
0,31,5,0,17
0,32,5,0,5
0,33,5,0,17
0,34,5,0,18
0,35,5,0,18
0,36,5,0,16
0,37,5,4,13
0,38,4,0,13
0,39,4,10,0
0,40,10,0,4
0,41,4,10,24
0,42,4,0,22
0,43,1,4,9
0,44,1,4,2
0,45,4,0,1
0,46,4,0,17
0,47,4,0,15
0,48,4,0,22
0,49,4,0,14
0,50,4,0,9
0,51,5,4,24
0,52,5,0,24
0,53,5,0,11
0,54,5,0,2
0,55,5,0,11
0,56,5,0,2
0,57,5,0,10
0,58,5,0,8
0,59,5,0,12
0,60,5,0,4
0,61,5,0,5
0,62,5,4,15
0,63,4,0,21
0,64,4,0,17
0,65,4,0,23
0,66,4,0,22
0,67,4,10,4
0,68,4,0,23
0,69,4,0,20
0,70,4,0,8
0,71,5,4,8
0,72,5,4,7
0,73,5,0,1
0,74,5,0,17
0,75,5,0,0
0,76,5,0,1
0,77,5,0,9
0,78,5,0,6
0,79,5,0,23
1,0,10,0,23
1,1,10,0,22
1,2,10,0,13
1,3,10,1,1
1,4,10,1,16
1,5,10,1,9
1,6,10,0,12
1,7,10,1,20
1,8,10,1,20
1,9,10,0,6
1,10,10,0,22
1,11,10,0,10
1,12,10,0,4
1,13,10,0,14
1,14,10,1,0
1,15,1,0,17
1,16,1,4,1
1,17,1,4,16
1,18,1,4,19
1,19,1,0,16
1,20,10,1,24
1,21,10,1,0
1,22,10,1,8
1,23,4,0,17
1,24,4,0,2
1,25,4,0,17
1,26,5,4,24
1,27,5,0,17
1,28,5,0,6
1,29,5,0,7
1,30,5,0,4
1,31,5,0,2
1,32,5,0,4
1,33,5,0,12
1,34,5,0,24
1,35,5,0,22
1,36,5,4,15
1,37,4,0,20
1,38,4,0,23
1,39,4,10,2
1,40,4,10,11
1,41,4,0,21
1,42,1,4,6
1,43,1,0,1
1,44,1,4,3
1,45,4,0,11
1,46,4,0,15
1,47,1,4,16
1,48,4,0,9
1,49,4,0,22
1,50,5,4,6
1,51,5,0,24
1,52,5,0,5
1,53,5,0,2
1,54,5,0,14
1,55,5,0,16
1,56,5,0,12
1,57,5,0,9
1,58,5,0,18
1,59,5,0,10
1,60,5,0,8
1,61,5,4,15
1,62,4,0,21
1,63,4,10,20
1,64,4,0,20
1,65,4,0,2
1,66,4,0,19
1,67,4,0,9
1,68,4,0,2
1,69,4,0,21
1,70,4,0,20
1,71,4,0,10
1,72,5,4,24
1,73,5,0,19
1,74,5,0,8
1,75,5,0,20
1,76,5,0,1
1,77,5,0,16
1,78,5,0,7
1,79,5,0,17
2,0,10,1,20
2,1,10,1,20
2,2,10,0,6
2,3,10,1,4
2,4,10,1,4
2,5,10,0,14
2,6,10,1,10
2,7,10,1,8
2,8,10,1,7
2,9,10,0,13
2,10,10,0,20
2,11,10,0,0
2,12,10,0,5
2,13,10,0,4
2,14,10,1,1
2,15,1,0,20
2,16,1,4,4
2,17,1,4,4
2,18,1,0,24
2,19,10,1,6
2,20,10,0,3
2,21,10,1,18
2,22,1,4,18
2,23,4,0,9
2,24,4,0,3
2,25,5,4,14
2,26,5,0,10
2,27,5,0,5
2,28,5,0,1
2,29,5,0,5
2,30,5,0,16
2,31,5,0,20
2,32,5,0,14
2,33,5,0,14
2,34,5,0,13
2,35,5,4,10
2,36,4,0,1
2,37,1,4,16
2,38,4,0,8
2,39,4,10,4
2,40,4,0,5
2,41,4,0,1
2,42,1,4,7
2,43,1,0,24
2,44,1,4,18
2,45,4,0,13
2,46,1,4,11
2,47,1,4,3
2,48,4,0,6
2,49,4,0,22
2,50,5,4,21
2,51,5,0,21
2,52,5,0,9
2,53,5,0,14
2,54,5,0,15
2,55,5,0,12
2,56,5,0,23
2,57,5,0,6
2,58,5,0,19
2,59,5,0,23
2,60,5,4,13
2,61,4,0,9
2,62,4,10,15
2,63,4,10,7
2,64,4,0,20
2,65,4,0,5
2,66,4,0,12
2,67,4,0,13
2,68,4,0,3
2,69,4,0,1
2,70,4,0,22
2,71,5,4,6
2,72,5,0,18
2,73,5,0,18
2,74,5,0,16
2,75,5,0,18
2,76,5,0,14
2,77,5,0,24
2,78,5,0,4
2,79,5,0,9
3,0,10,1,8
3,1,10,1,7
3,2,10,0,23
3,3,10,0,23
3,4,10,0,13
3,5,10,1,15
3,6,1,4,20
3,7,1,4,20
3,8,10,1,7
3,9,10,0,1
3,10,10,0,15
3,11,10,0,14
3,12,10,0,6
3,13,10,0,23
3,14,10,1,17
3,15,1,0,4
3,16,1,0,10
3,17,1,0,18
3,18,1,0,12
3,19,10,1,24
3,20,10,1,0
3,21,10,1,16
3,22,1,4,16
3,23,4,0,10
3,24,5,4,6
3,25,5,0,1
3,26,5,0,15
3,27,5,0,22
3,28,5,0,10
3,29,5,0,18
3,30,5,0,14
3,31,5,0,7
3,32,5,0,2
3,33,5,0,10
3,34,5,4,13
3,35,4,0,13
3,36,1,4,14
3,37,1,4,3
3,38,4,0,2
3,39,4,0,6
3,40,4,0,1
3,41,4,0,10
3,42,1,4,22
3,43,1,4,10
3,44,4,0,23
3,45,1,4,6
3,46,1,0,21
3,47,1,4,2
3,48,4,0,10
3,49,4,0,0
3,50,5,4,21
3,51,5,0,4
3,52,5,0,3
3,53,5,0,21
3,54,5,0,12
3,55,5,0,7
3,56,5,0,15
3,57,5,0,2
3,58,5,0,4
3,59,5,4,15
3,60,4,0,23
3,61,4,10,0
3,62,10,0,17
3,63,4,10,24
3,64,4,0,14
3,65,1,4,16
3,66,1,4,16
3,67,1,4,16
3,68,1,4,16
3,69,1,4,16
3,70,4,0,3
3,71,5,4,23
3,72,5,4,20
3,73,5,0,8
3,74,5,0,10
3,75,5,0,9
3,76,5,0,14
3,77,5,0,0
3,78,5,0,9
3,79,5,0,11
4,0,4,0,14
4,1,10,1,7
4,2,10,1,20
4,3,10,1,20
4,4,10,1,15
4,5,1,4,8
4,6,1,4,8
4,7,1,4,24
4,8,10,1,23
4,9,10,0,1
4,10,10,0,21
4,11,10,0,23
4,12,10,0,10
4,13,10,0,9
4,14,10,1,3
4,15,1,0,23
4,16,1,0,20
4,17,1,0,11
4,18,4,10,0
4,19,10,0,11
4,20,10,1,4
4,21,10,1,17
4,22,1,4,3
4,23,4,0,18
4,24,5,4,21
4,25,5,4,20
4,26,5,0,3
4,27,5,0,7
4,28,5,0,1
4,29,5,0,15
4,30,5,0,24
4,31,5,0,0
4,32,5,0,8
4,33,5,4,10
4,34,4,0,15
4,35,1,4,11
4,36,1,0,4
4,37,1,4,18
4,38,4,0,9
4,39,4,0,22
4,40,4,6,20
4,41,4,6,20
4,42,1,4,8
4,43,4,0,9
4,44,4,0,5
4,45,1,4,22
4,46,1,0,15
4,47,1,4,3
4,48,4,0,18
4,49,4,0,3
4,50,5,4,23
4,51,5,0,18
4,52,5,0,3
4,53,5,0,14
4,54,5,0,20
4,55,5,0,10
4,56,5,0,5
4,57,5,0,0
4,58,5,4,15
4,59,4,0,4
4,60,4,0,10
4,61,4,10,3
4,62,4,10,11
4,63,4,0,12
4,64,1,4,11
4,65,1,4,4
4,66,1,4,4
4,67,1,4,4
4,68,1,4,4
4,69,1,4,1
4,70,4,0,12
4,71,5,4,8
4,72,5,4,22
4,73,5,0,4
4,74,5,0,6
4,75,5,0,16
4,76,5,0,24
4,77,5,0,20
4,78,5,0,1
4,79,5,0,11
5,0,4,0,2
5,1,10,1,8
5,2,10,1,8
5,3,10,1,8
5,4,4,0,14
5,5,4,0,12
5,6,1,4,6
5,7,1,0,4
5,8,10,1,21
5,9,10,0,11
5,10,10,1,20
5,11,10,1,20
5,12,10,1,20
5,13,10,0,11
5,14,10,1,1
5,15,1,0,24
5,16,1,0,16
5,17,1,0,7
5,18,4,10,18
5,19,10,0,13
5,20,10,0,15
5,21,10,1,3
5,22,1,4,3
5,23,4,0,10
5,24,5,4,8
5,25,5,4,7
5,26,5,4,20
5,27,5,4,20
5,28,5,4,20
5,29,5,0,22
5,30,5,0,0
5,31,5,0,3
5,32,5,4,13
5,33,4,0,13
5,34,1,4,19
5,35,1,0,1
5,36,1,4,15
5,37,4,0,19
5,38,4,6,20
5,39,4,6,5
5,40,4,6,8
5,41,4,6,8
5,42,4,6,21
5,43,4,6,20
5,44,4,0,7
5,45,1,4,7
5,46,1,0,14
5,47,1,4,1
5,48,4,0,21
5,49,4,0,16
5,50,5,4,24
5,51,5,0,8
5,52,5,0,20
5,53,5,0,19
5,54,5,0,3
5,55,5,0,22
5,56,5,0,14
5,57,5,4,15
5,58,4,0,15
5,59,4,0,23
5,60,4,0,13
5,61,4,10,4
5,62,4,0,11
5,63,1,4,11
5,64,1,0,20
5,65,1,0,19
5,66,1,0,8
5,67,1,0,11
5,68,1,0,11
5,69,1,4,18
5,70,1,4,16
5,71,4,0,13
5,72,5,4,24
5,73,5,0,16
5,74,5,0,19
5,75,5,0,22
5,76,5,0,20
5,77,5,0,2
5,78,5,0,1
5,79,5,0,5
6,0,4,0,9
6,1,4,0,3
6,2,5,4,14
6,3,5,4,1
6,4,4,0,6
6,5,4,0,18
6,6,1,4,22
6,7,1,4,20
6,8,10,1,22
6,9,10,1,5
6,10,10,1,8
6,11,10,1,8
6,12,10,1,21
6,13,10,0,2
6,14,10,1,17
6,15,1,0,3
6,16,1,0,13
6,17,4,10,0
6,18,10,0,11
6,19,10,0,9
6,20,10,0,13
6,21,10,1,18
6,22,1,4,3
6,23,1,4,16
6,24,1,6,20
6,25,5,4,8
6,26,5,4,8
6,27,5,4,8
6,28,5,4,21
6,29,5,0,13
6,30,5,0,14
6,31,5,4,15
6,32,4,0,17
6,33,1,4,11
6,34,1,0,6
6,35,1,4,13
6,36,4,0,21
6,37,4,6,10
6,38,4,6,8
6,39,6,0,3
6,40,6,0,3
6,41,6,0,17
6,42,4,6,8
6,43,4,6,23
6,44,4,0,22
6,45,1,4,21
6,46,1,0,14
6,47,1,4,18
6,48,4,0,0
6,49,5,4,9
6,50,5,0,4
6,51,5,0,6
6,52,5,0,11
6,53,5,0,10
6,54,5,0,0
6,55,5,0,22
6,56,5,4,0
6,57,4,0,20
6,58,4,0,1
6,59,4,0,20
6,60,4,0,6
6,61,4,0,2
6,62,1,4,6
6,63,1,0,17
6,64,1,0,7
6,65,1,0,20
6,66,1,0,2
6,67,1,4,20
6,68,1,4,5
6,69,1,4,11
6,70,1,4,2
6,71,5,4,6
6,72,5,0,19
6,73,5,0,13
6,74,5,0,14
6,75,5,0,10
6,76,5,0,22
6,77,5,0,4
6,78,5,0,12
6,79,5,0,19
7,0,4,0,4
7,1,5,4,11
7,2,5,0,13
7,3,5,4,1
7,4,5,4,16
7,5,4,0,7
7,6,1,4,8
7,7,1,4,8
7,8,10,1,8
7,9,1,4,0
7,10,1,4,8
7,11,1,4,7
7,12,10,1,23
7,13,10,0,19
7,14,10,1,18
7,15,1,0,7
7,16,1,0,23
7,17,10,1,24
7,18,10,0,9
7,19,10,1,20
7,20,10,1,10
7,21,1,0,8
7,22,1,4,4
7,23,1,6,5
7,24,1,6,23
7,25,4,0,0
7,26,4,0,18
7,27,4,0,18
7,28,5,4,21
7,29,5,4,20
7,30,5,4,10
7,31,4,0,8
7,32,1,4,6
7,33,1,0,16
7,34,1,4,13
7,35,4,0,22
7,36,4,6,0
7,37,6,0,7
7,38,6,0,22
7,39,4,6,16
7,40,4,6,16
7,41,6,0,9
7,42,6,0,4
7,43,4,6,23
7,44,4,0,17
7,45,1,4,21
7,46,1,4,15
7,47,4,0,3
7,48,5,4,6
7,49,5,0,13
7,50,5,0,23
7,51,5,0,5
7,52,5,0,19
7,53,5,0,8
7,54,5,0,2
7,55,5,0,9
7,56,5,4,18
7,57,4,0,14
7,58,1,4,16
7,59,4,0,7
7,60,4,0,22
7,61,4,0,24
7,62,1,4,24
7,63,1,0,4
7,64,1,0,19
7,65,1,0,20
7,66,1,4,13
7,67,1,4,8
7,68,1,4,6
7,69,1,0,21
7,70,1,4,2
7,71,5,4,7
7,72,5,0,10
7,73,5,0,21
7,74,5,0,16
7,75,5,0,19
7,76,5,0,10
7,77,5,0,1
7,78,5,0,8
7,79,5,0,4
8,0,5,4,14
8,1,5,0,19
8,2,5,0,14
8,3,5,4,4
8,4,5,4,2
8,5,4,0,14
8,6,4,0,1
8,7,1,4,6
8,8,1,0,2
8,9,1,4,18
8,10,4,0,18
8,11,1,4,24
8,12,10,1,24
8,13,10,1,0
8,14,10,1,16
8,15,4,10,20
8,16,4,10,5
8,17,10,0,18
8,18,10,1,10
8,19,10,1,8
8,20,1,4,23
8,21,1,0,20
8,22,1,6,0
8,23,6,0,5
8,24,1,6,22
8,25,4,6,20
8,26,4,0,7
8,27,4,0,16
8,28,4,6,20
8,29,5,4,8
8,30,4,0,19
8,31,4,0,6
8,32,1,4,7
8,33,1,4,10
8,34,4,0,5
8,35,4,0,10
8,36,4,6,18
8,37,6,0,8
8,38,4,6,14
8,39,4,6,4
8,40,4,6,1
8,41,4,6,16
8,42,6,0,15
8,43,4,6,7
8,44,4,0,9
8,45,1,4,8
8,46,4,0,9
8,47,4,0,24
8,48,5,4,24
8,49,5,0,24
8,50,5,0,9
8,51,5,0,19
8,52,5,0,16
8,53,5,0,3
8,54,5,0,6
8,55,5,4,10
8,56,1,4,16
8,57,1,4,9
8,58,1,4,3
8,59,4,0,11
8,60,4,0,8
8,61,1,4,11
8,62,1,0,17
8,63,1,4,20
8,64,1,4,20
8,65,1,4,10
8,66,4,0,2
8,67,4,0,19
8,68,1,4,7
8,69,1,0,7
8,70,1,4,2
8,71,5,4,7
8,72,5,0,12
8,73,5,0,16
8,74,5,0,1
8,75,5,0,8
8,76,5,0,17
8,77,5,0,1
8,78,5,0,3
8,79,5,0,19
9,0,5,0,8
9,1,5,0,19
9,2,5,0,16
9,3,5,0,22
9,4,5,4,17
9,5,4,0,23
9,6,4,0,11
9,7,1,4,7
9,8,1,4,15
9,9,4,10,20
9,10,1,4,6
9,11,10,1,6
9,12,10,0,21
9,13,10,1,4
9,14,4,10,8
9,15,4,10,8
9,16,10,0,11
9,17,10,1,10
9,18,4,0,21
9,19,4,0,6
9,20,1,4,21
9,21,1,0,1
9,22,1,6,17
9,23,6,0,17
9,24,1,6,8
9,25,4,6,21
9,26,4,6,20
9,27,4,6,13
9,28,4,6,23
9,29,4,0,9
9,30,4,0,4
9,31,4,0,6
9,32,1,4,8
9,33,4,0,3
9,34,4,0,3
9,35,4,6,15
9,36,6,0,14
9,37,4,6,14
9,38,4,0,1
9,39,4,0,17
9,40,4,6,4
9,41,4,6,18
9,42,6,0,6
9,43,4,6,24
9,44,4,0,21
9,45,4,0,0
9,46,5,4,16
9,47,5,4,11
9,48,5,0,9
9,49,5,0,5
9,50,5,0,0
9,51,5,0,21
9,52,5,0,4
9,53,5,0,17
9,54,5,4,10
9,55,1,4,19
9,56,1,4,4
9,57,1,0,23
9,58,1,4,1
9,59,1,4,16
9,60,1,4,19
9,61,1,0,5
9,62,1,4,5
9,63,1,4,8
9,64,1,4,8
9,65,4,0,21
9,66,4,0,7
9,67,4,0,21
9,68,1,4,21
9,69,1,0,24
9,70,1,4,3
9,71,5,4,21
9,72,5,0,10
9,73,5,0,0
9,74,5,0,11
9,75,5,0,6
9,76,5,0,23
9,77,5,0,22
9,78,5,0,17
9,79,5,0,12
10,0,5,0,10
10,1,5,0,2
10,2,5,0,12
10,3,5,0,0
10,4,5,4,2
10,5,4,0,17
10,6,4,0,16
10,7,1,4,8
10,8,4,10,13
10,9,4,10,23
10,10,1,4,22
10,11,10,1,7
10,12,10,0,10
10,13,10,0,3
10,14,10,0,6
10,15,10,0,17
10,16,4,10,14
10,17,4,0,4
10,18,4,0,6
10,19,4,0,18
10,20,1,4,7
10,21,1,4,13
10,22,1,6,3
10,23,6,0,7
10,24,6,0,5
10,25,4,6,8
10,26,4,6,8
10,27,6,0,13
10,28,4,6,21
10,29,4,6,20
10,30,4,0,1
10,31,4,0,7
10,32,4,0,23
10,33,4,0,2
10,34,4,6,13
10,35,6,0,16
10,36,4,6,14
10,37,4,0,15
10,38,4,0,18
10,39,4,10,20
10,40,4,6,0
10,41,6,0,15
10,42,4,6,14
10,43,4,0,24
10,44,4,0,11
10,45,5,4,6
10,46,5,4,4
10,47,5,0,5
10,48,5,0,2
10,49,5,0,0
10,50,5,0,17
10,51,5,4,20
10,52,5,4,20
10,53,5,4,5
10,54,1,4,6
10,55,1,0,5
10,56,1,0,3
10,57,1,0,4
10,58,1,4,4
10,59,1,4,4
10,60,1,0,24
10,61,1,4,13
10,62,4,0,13
10,63,4,0,16
10,64,4,0,24
10,65,4,6,20
10,66,4,0,6
10,67,4,0,23
10,68,1,4,21
10,69,1,0,18
10,70,1,4,18
10,71,1,4,16
10,72,5,4,20
10,73,5,4,20
10,74,5,0,11
10,75,5,0,3
10,76,5,4,20
10,77,5,0,18
10,78,5,0,8
10,79,5,0,14
11,0,5,0,1
11,1,5,0,10
11,2,5,0,3
11,3,5,0,12
11,4,5,4,1
11,5,5,4,16
11,6,4,0,8
11,7,4,10,0
11,8,10,0,6
11,9,4,10,24
11,10,1,4,24
11,11,10,1,7
11,12,10,1,20
11,13,10,0,20
11,14,10,0,10
11,15,4,10,11
11,16,4,0,0
11,17,4,0,17
11,18,5,4,16
11,19,5,4,16
11,20,1,4,8
11,21,4,0,1
11,22,1,6,2
11,23,4,6,16
11,24,6,0,19
11,25,6,0,7
11,26,6,0,14
11,27,6,0,5
11,28,4,6,8
11,29,4,6,21
11,30,4,0,9
11,31,4,0,23
11,32,4,0,21
11,33,4,6,5
11,34,6,0,15
11,35,4,6,14
11,36,4,0,4
11,37,4,0,11
11,38,4,10,13
11,39,4,10,23
11,40,4,6,18
11,41,4,6,6
11,42,4,0,12
11,43,4,0,22
11,44,4,0,22
11,45,5,4,24
11,46,5,0,15
11,47,5,0,6
11,48,5,0,9
11,49,5,0,0
11,50,5,4,5
11,51,5,4,8
11,52,5,4,8
11,53,4,0,15
11,54,1,4,21
11,55,1,4,20
11,56,1,4,20
11,57,1,0,21
11,58,1,0,7
11,59,1,0,8
11,60,1,4,5
11,61,4,0,17
11,62,4,0,4
11,63,4,0,18
11,64,4,6,10
11,65,4,6,7
11,66,4,6,20
11,67,4,0,0
11,68,1,4,23
11,69,1,4,15
11,70,1,4,14
11,71,1,4,17
11,72,5,4,8
11,73,5,4,7
11,74,5,4,20
11,75,5,4,15
11,76,5,4,21
11,77,5,0,7
11,78,5,0,4
11,79,5,0,16
12,0,5,0,12
12,1,5,0,14
12,2,5,0,21
12,3,5,0,9
12,4,5,4,4
12,5,5,4,18
12,6,4,0,0
12,7,4,10,1
12,8,4,10,19
12,9,1,4,6
12,10,1,0,21
12,11,10,1,8
12,12,10,1,22
12,13,4,10,16
12,14,4,10,11
12,15,4,0,23
12,16,4,0,10
12,17,5,4,14
12,18,5,4,4
12,19,5,4,4
12,20,5,4,17
12,21,4,0,22
12,22,4,6,4
12,23,4,6,2
12,24,4,6,16
12,25,4,6,16
12,26,4,6,16
12,27,6,0,24
12,28,6,0,19
12,29,4,6,21
12,30,4,6,20
12,31,4,6,20
12,32,4,6,5
12,33,6,0,14
12,34,4,6,9
12,35,4,0,6
12,36,4,0,17
12,37,4,10,0
12,38,10,0,9
12,39,4,10,24
12,40,6,0,22
12,41,4,6,24
12,42,4,0,17
12,43,4,0,6
12,44,5,4,6
12,45,5,0,14
12,46,5,0,1
12,47,5,0,16
12,48,5,0,15
12,49,5,4,10
12,50,4,6,20
12,51,4,6,20
12,52,4,0,6
12,53,4,0,17
12,54,1,4,8
12,55,1,4,8
12,56,1,4,22
12,57,1,0,6
12,58,1,0,15
12,59,1,4,13
12,60,4,0,24
12,61,4,0,4
12,62,4,0,12
12,63,4,6,10
12,64,6,0,23
12,65,4,6,8
12,66,4,6,21
12,67,4,0,2
12,68,1,4,8
12,69,1,4,6
12,70,1,0,3
12,71,1,4,3
12,72,4,0,7
12,73,5,4,8
12,74,5,4,8
12,75,4,0,10
12,76,5,4,7
12,77,5,0,8
12,78,5,0,0
12,79,5,0,23
13,0,5,0,11
13,1,5,0,24
13,2,5,0,24
13,3,5,0,0
13,4,5,4,0
13,5,4,0,3
13,6,4,0,1
13,7,4,10,4
13,8,4,0,13
13,9,1,4,23
13,10,1,0,4
13,11,1,0,5
13,12,10,1,8
13,13,10,1,8
13,14,4,0,13
13,15,4,0,4
13,16,5,4,11
13,17,5,0,8
13,18,5,0,2
13,19,5,0,15
13,20,5,4,3
13,21,4,0,22
13,22,4,0,0
13,23,4,6,4
13,24,4,6,4
13,25,4,6,4
13,26,4,6,17
13,27,4,6,16
13,28,6,0,12
13,29,4,6,8
13,30,4,6,8
13,31,4,6,8
13,32,6,0,13
13,33,4,6,11
13,34,4,0,12
13,35,1,4,16
13,36,4,0,10
13,37,4,10,17
13,38,4,10,14
13,39,4,6,18
13,40,4,6,6
13,41,4,0,5
13,42,4,0,18
13,43,4,0,20
13,44,5,4,7
13,45,5,0,20
13,46,5,0,9
13,47,5,4,20
13,48,5,4,13
13,49,4,6,13
13,50,4,6,8
13,51,4,6,7
13,52,4,0,24
13,53,4,0,0
13,54,4,0,12
13,55,4,0,24
13,56,1,4,7
13,57,1,0,2
13,58,1,4,15
13,59,4,0,5
13,60,4,0,16
13,61,4,0,14
13,62,4,6,10
13,63,6,0,21
13,64,6,0,23
13,65,6,0,16
13,66,4,6,23
13,67,4,0,4
13,68,4,0,17
13,69,1,4,7
13,70,1,0,13
13,71,1,4,18
13,72,4,0,21
13,73,4,0,19
13,74,4,0,5
13,75,4,0,23
13,76,5,4,7
13,77,5,0,7
13,78,5,0,21
13,79,5,0,10
14,0,5,0,4
14,1,5,0,20
14,2,5,0,16
14,3,5,0,11
14,4,5,4,17
14,5,4,0,13
14,6,4,0,14
14,7,4,0,12
14,8,4,0,17
14,9,1,4,21
14,10,1,0,18
14,11,1,0,8
14,12,1,4,18
14,13,4,0,9
14,14,4,0,20
14,15,5,4,14
14,16,5,0,16
14,17,5,0,0
14,18,5,0,15
14,19,5,0,18
14,20,5,4,17
14,21,4,0,12
14,22,5,4,16
14,23,5,4,16
14,24,4,0,6
14,25,4,0,13
14,26,4,6,4
14,27,4,6,18
14,28,6,0,10
14,29,6,0,17
14,30,6,0,5
14,31,6,0,14
14,32,4,6,19
14,33,4,0,9
14,34,1,4,19
14,35,1,4,17
14,36,4,0,10
14,37,4,10,4
14,38,4,6,0
14,39,6,0,13
14,40,4,6,22
14,41,4,0,22
14,42,4,0,11
14,43,4,0,10
14,44,5,4,23
14,45,5,4,20
14,46,5,4,15
14,47,5,4,8
14,48,4,6,15
14,49,6,0,9
14,50,6,0,0
14,51,4,6,21
14,52,4,0,11
14,53,4,0,11
14,54,4,0,19
14,55,4,10,20
14,56,1,4,7
14,57,1,4,10
14,58,4,0,5
14,59,4,0,18
14,60,4,0,6
14,61,4,6,10
14,62,6,0,13
14,63,4,6,16
14,64,4,6,16
14,65,6,0,15
14,66,4,6,21
14,67,4,0,8
14,68,4,0,3
14,69,1,4,21
14,70,1,4,10
14,71,4,0,17
14,72,4,0,0
14,73,4,0,8
14,74,4,0,5
14,75,4,0,14
14,76,5,4,23
14,77,5,0,16
14,78,5,0,9
14,79,5,0,9
15,0,5,0,11
15,1,5,0,3
15,2,5,0,19
15,3,5,0,4
15,4,5,4,2
15,5,5,4,16
15,6,4,0,7
15,7,4,0,10
15,8,4,0,8
15,9,1,4,23
15,10,1,0,19
15,11,1,4,10
15,12,4,0,0
15,13,4,0,4
15,14,5,4,14
15,15,5,0,21
15,16,5,0,21
15,17,5,0,21
15,18,5,0,13
15,19,5,0,19
15,20,5,4,2
15,21,5,4,19
15,22,5,4,4
15,23,5,4,17
15,24,4,0,17
15,25,4,0,19
15,26,4,6,0
15,27,6,0,10
15,28,4,6,16
15,29,4,6,16
15,30,4,6,16
15,31,4,6,11
15,32,4,0,12
15,33,1,4,6
15,34,1,0,0
15,35,1,4,2
15,36,4,0,16
15,37,4,0,13
15,38,4,6,2
15,39,6,0,11
15,40,4,6,24
15,41,4,0,2
15,42,1,4,16
15,43,4,0,9
15,44,5,4,8
15,45,5,4,8
15,46,4,0,22
15,47,4,6,13
15,48,6,0,18
15,49,6,0,21
15,50,6,0,22
15,51,4,6,21
15,52,4,0,3
15,53,4,0,20
15,54,4,10,15
15,55,4,10,7
15,56,1,4,8
15,57,1,4,16
15,58,4,0,11
15,59,4,0,21
15,60,4,6,15
15,61,6,0,21
15,62,4,6,14
15,63,4,6,4
15,64,4,6,17
15,65,6,0,11
15,66,4,6,7
15,67,4,0,20
15,68,4,0,14
15,69,1,4,8
15,70,4,0,3
15,71,4,0,22
15,72,4,0,10
15,73,4,0,22
15,74,4,0,20
15,75,4,0,19
15,76,5,4,23
15,77,5,0,1
15,78,5,0,20
15,79,5,4,5
16,0,5,0,4
16,1,5,0,21
16,2,5,0,17
16,3,5,0,15
16,4,5,4,4
16,5,5,4,17
16,6,4,0,9
16,7,4,0,8
16,8,4,0,8
16,9,1,4,7
16,10,1,4,5
16,11,4,0,24
16,12,4,0,0
16,13,5,4,14
16,14,5,0,3
16,15,5,0,3
16,16,5,0,4
16,17,5,0,7
16,18,5,0,3
16,19,5,0,23
16,20,5,4,4
16,21,5,0,22
16,22,5,0,12
16,23,5,4,18
16,24,4,0,8
16,25,4,0,11
16,26,4,6,18
16,27,4,6,6
16,28,4,6,4
16,29,4,6,4
16,30,4,6,4
16,31,4,0,10
16,32,4,0,22
16,33,1,4,24
16,34,1,0,22
16,35,1,4,17
16,36,4,0,6
16,37,4,0,8
16,38,4,6,18
16,39,4,6,6
16,40,4,0,13
16,41,1,4,9
16,42,1,4,3
16,43,4,0,0
16,44,4,0,0
16,45,4,0,9
16,46,4,6,13
16,47,6,0,13
16,48,4,6,16
16,49,4,6,16
16,50,6,0,10
16,51,4,6,7
16,52,4,6,20
16,53,4,10,0
16,54,10,0,0
16,55,4,10,24
16,56,1,4,19
16,57,1,4,3
16,58,4,0,17
16,59,4,6,0
16,60,6,0,14
16,61,4,6,9
16,62,4,0,9
16,63,4,0,20
16,64,4,6,2
16,65,6,0,5
16,66,4,6,21
16,67,4,0,1
16,68,4,0,3
16,69,4,0,4
16,70,4,6,20
16,71,4,6,20
16,72,4,6,20
16,73,4,0,22
16,74,4,0,15
16,75,4,0,24
16,76,5,4,21
16,77,5,4,20
16,78,5,4,15
16,79,4,0,22
17,0,5,0,17
17,1,5,0,0
17,2,5,0,7
17,3,5,0,20
17,4,5,0,17
17,5,5,4,3
17,6,4,0,0
17,7,4,0,2
17,8,4,0,5
17,9,1,4,8
17,10,4,0,21
17,11,4,0,4
17,12,5,4,11
17,13,5,0,22
17,14,5,0,11
17,15,5,0,7
17,16,5,0,2
17,17,5,0,12
17,18,5,0,1
17,19,5,0,24
17,20,5,0,15
17,21,5,0,9
17,22,5,4,0
17,23,4,0,5
17,24,4,0,5
17,25,4,6,13
17,26,6,0,2
17,27,4,6,24
17,28,1,4,16
17,29,4,0,13
17,30,4,0,17
17,31,4,0,19
17,32,1,4,14
17,33,1,0,17
17,34,1,0,24
17,35,1,4,2
17,36,4,0,24
17,37,4,6,0
17,38,6,0,3
17,39,4,6,24
17,40,1,4,6
17,41,1,0,12
17,42,1,4,18
17,43,4,0,4
17,44,4,0,7
17,45,4,6,13
17,46,6,0,6
17,47,4,6,9
17,48,4,6,4
17,49,4,6,2
17,50,6,0,20
17,51,4,6,8
17,52,4,6,22
17,53,4,10,2
17,54,4,10,14
17,55,1,4,6
17,56,1,0,0
17,57,1,4,18
17,58,4,0,24
17,59,4,6,18
17,60,4,6,6
17,61,4,0,15
17,62,4,0,7
17,63,4,0,8
17,64,4,6,2
17,65,6,0,4
17,66,4,6,21
17,67,4,6,20
17,68,4,6,20
17,69,4,6,15
17,70,4,6,8
17,71,4,6,8
17,72,4,6,23
17,73,4,0,15
17,74,4,0,15
17,75,4,0,23
17,76,5,4,8
17,77,4,6,20
17,78,4,6,20
17,79,4,0,23
18,0,5,0,11
18,1,5,0,3
18,2,5,0,3
18,3,5,0,9
18,4,5,0,10
18,5,5,4,3
18,6,5,4,16
18,7,4,0,8
18,8,4,0,4
18,9,4,0,5
18,10,4,0,11
18,11,5,4,11
18,12,5,0,10
18,13,5,0,8
18,14,5,0,3
18,15,5,0,0
18,16,5,0,3
18,17,5,0,12
18,18,5,0,20
18,19,5,0,5
18,20,5,0,5
18,21,5,0,14
18,22,5,4,18
18,23,4,0,7
18,24,4,6,5
18,25,6,0,8
18,26,4,6,9
18,27,1,4,19
18,28,1,4,17
18,29,4,0,22
18,30,4,0,1
18,31,1,4,6
18,32,1,0,7
18,33,1,0,11
18,34,1,0,10
18,35,1,4,1
18,36,4,0,18
18,37,4,6,18
18,38,4,6,6
18,39,4,0,21
18,40,1,4,22
18,41,1,4,15
18,42,4,0,12
18,43,4,0,19
18,44,4,6,10
18,45,6,0,12
18,46,4,6,14
18,47,4,0,3
18,48,4,0,5
18,49,4,6,3
18,50,6,0,16
18,51,6,0,24
18,52,4,6,23
18,53,4,10,4
18,54,4,0,2
18,55,1,4,24
18,56,1,4,0
18,57,4,0,20
18,58,4,6,0
18,59,6,0,4
18,60,4,6,24
18,61,4,0,3
18,62,4,0,16
18,63,4,0,6
18,64,4,6,1
18,65,6,0,19
18,66,4,6,8
18,67,4,6,8
18,68,4,6,8
18,69,6,0,20
18,70,6,0,12
18,71,6,0,17
18,72,4,6,7
18,73,4,6,20
18,74,4,6,20
18,75,4,6,20
18,76,4,6,13
18,77,4,6,8
18,78,4,6,21
18,79,4,6,20
19,0,5,0,18
19,1,5,0,22
19,2,5,0,5
19,3,5,0,2
19,4,5,0,18
19,5,5,4,4
19,6,5,4,1
19,7,4,0,16
19,8,4,0,15
19,9,4,0,17
19,10,5,4,6
19,11,5,0,0
19,12,5,0,9
19,13,5,0,11
19,14,5,0,3
19,15,5,0,10
19,16,5,0,20
19,17,5,0,22
19,18,5,0,17
19,19,5,0,8
19,20,5,0,13
19,21,5,4,0
19,22,4,0,20
19,23,4,6,0
19,24,6,0,22
19,25,4,6,6
19,26,1,4,6
19,27,1,0,16
19,28,1,4,18
19,29,4,0,13
19,30,4,0,14
19,31,1,4,24
19,32,1,0,6
19,33,1,0,10
19,34,1,0,24
19,35,1,4,18
19,36,4,6,0
19,37,6,0,23
19,38,4,6,22
19,39,4,0,15
19,40,1,4,8
19,41,4,0,20
19,42,4,0,20
19,43,4,6,0
19,44,6,0,20
19,45,4,6,11
19,46,4,0,24
19,47,5,4,16
19,48,5,4,16
19,49,4,6,3
19,50,4,6,16
19,51,6,0,3
19,52,4,6,7
19,53,4,0,3
19,54,1,4,6
19,55,1,0,18
19,56,1,4,18
19,57,4,0,8
19,58,4,6,18
19,59,4,6,6
19,60,4,0,23
19,61,4,0,6
19,62,1,4,16
19,63,4,0,13
19,64,4,6,17
19,65,6,0,7
19,66,6,0,21
19,67,6,0,0
19,68,6,0,5
19,69,4,6,16
19,70,4,6,16
19,71,6,0,8
19,72,4,6,8
19,73,4,6,8
19,74,4,6,8
19,75,4,6,8
19,76,6,0,4
19,77,6,0,16
19,78,4,6,8
19,79,4,6,8
20,0,5,0,23
20,1,5,0,3
20,2,5,0,7
20,3,5,0,22
20,4,5,0,20
20,5,5,0,18
20,6,5,4,1
20,7,4,0,15
20,8,4,0,17
20,9,4,0,8
20,10,5,4,24
20,11,5,0,3
20,12,5,0,1
20,13,5,0,11
20,14,5,0,16
20,15,5,0,14
20,16,5,0,0
20,17,5,0,3
20,18,5,0,24
20,19,5,0,1
20,20,5,0,19
20,21,5,4,18
20,22,4,0,7
20,23,4,6,18
20,24,6,0,21
20,25,4,6,24
20,26,1,4,7
20,27,1,4,5
20,28,4,0,24
20,29,4,0,16
20,30,1,4,6
20,31,1,0,23
20,32,1,0,13
20,33,1,0,11
20,34,1,4,0
20,35,4,0,20
20,36,4,6,18
20,37,6,0,10
20,38,4,6,24
20,39,4,6,0
20,40,4,6,20
20,41,4,6,20
20,42,4,6,20
20,43,4,6,18
20,44,4,6,6
20,45,4,0,7
20,46,5,4,9
20,47,5,4,4
20,48,5,4,18
20,49,4,6,4
20,50,4,6,3
20,51,6,0,10
20,52,4,6,23
20,53,4,0,17
20,54,1,4,22
20,55,1,4,15
20,56,4,0,20
20,57,4,6,13
20,58,6,0,18
20,59,4,6,24
20,60,4,0,1
20,61,1,4,19
20,62,1,4,3
20,63,4,0,22
20,64,4,6,17
20,65,4,6,16
20,66,6,0,19
20,67,4,6,16
20,68,4,6,19
20,69,4,6,4
20,70,4,6,2
20,71,6,0,9
20,72,6,0,2
20,73,6,0,2
20,74,6,0,8
20,75,6,0,17
20,76,6,0,12
20,77,6,0,7
20,78,6,0,11
20,79,6,0,24
21,0,5,0,8
21,1,5,0,8
21,2,5,0,0
21,3,5,0,14
21,4,5,0,2
21,5,5,0,12
21,6,5,4,3
21,7,5,4,16
21,8,4,0,20
21,9,5,4,6
21,10,5,0,4
21,11,5,0,19
21,12,5,0,2
21,13,5,0,3
21,14,5,0,10
21,15,5,0,24
21,16,5,0,15
21,17,5,0,13
21,18,5,0,19
21,19,5,0,0
21,20,5,4,13
21,21,4,0,15
21,22,4,6,0
21,23,6,0,1
21,24,4,6,14
21,25,4,0,24
21,26,1,4,8
21,27,4,0,6
21,28,4,0,12
21,29,4,0,0
21,30,1,4,23
21,31,1,0,11
21,32,1,0,1
21,33,1,0,23
21,34,1,4,18
21,35,4,6,0
21,36,6,0,8
21,37,4,6,6
21,38,4,0,15
21,39,4,6,2
21,40,4,6,8
21,41,4,6,8
21,42,4,6,8
21,43,6,0,20
21,44,4,6,24
21,45,5,4,14
21,46,5,0,9
21,47,5,4,0
21,48,4,0,15
21,49,4,0,10
21,50,4,6,3
21,51,6,0,21
21,52,4,6,22
21,53,4,0,8
21,54,1,4,8
21,55,4,0,20
21,56,4,6,15
21,57,6,0,24
21,58,4,6,9
21,59,4,0,20
21,60,1,4,11
21,61,1,0,11
21,62,1,4,2
21,63,4,0,20
21,64,4,6,4
21,65,4,6,17
21,66,4,6,19
21,67,4,6,4
21,68,4,0,15
21,69,4,0,10
21,70,4,6,3
21,71,4,6,16
21,72,4,6,16
21,73,4,6,16
21,74,4,6,16
21,75,4,6,16
21,76,4,6,16
21,77,4,6,16
21,78,4,6,16
22,0,5,0,13
22,1,5,0,15
22,2,5,0,16
22,3,5,0,17
22,4,5,0,11
22,5,5,0,17
22,6,5,4,4
22,7,5,4,3
22,8,4,0,10
22,9,5,4,24
22,10,5,0,10
22,11,5,0,2
22,12,5,0,4
22,13,5,0,19
22,14,5,0,15
22,15,5,0,4
22,16,5,0,7
22,17,5,4,20
22,18,5,4,20
22,19,5,4,13
22,20,4,0,15
22,21,4,0,1
22,22,4,6,17
22,23,4,6,6
22,24,4,0,12
22,25,4,0,5
22,26,5,4,16
22,27,5,4,16
22,28,4,0,23
22,29,4,0,1
22,30,1,4,7
22,31,1,0,20
22,32,1,0,14
22,33,1,4,5
22,34,4,0,22
22,35,4,6,2
22,36,4,6,16
22,37,4,6,24
22,38,4,0,15
22,39,4,6,17
22,40,6,0,18
22,41,6,0,21
22,42,6,0,13
22,43,4,6,14
22,44,5,4,9
22,45,5,0,17
22,46,5,0,14
22,47,5,4,18
22,48,4,0,23
22,49,4,0,9
22,50,4,6,17
22,51,6,0,10
22,52,4,6,24
22,53,4,0,22
22,54,4,0,1
22,55,4,6,10
22,56,6,0,23
22,57,4,6,9
22,58,1,4,16
22,59,1,4,6
22,60,1,0,22
22,61,1,0,23
22,62,1,4,3
22,63,1,4,16
22,64,4,0,2
22,65,4,6,4
22,66,4,0,6
22,67,4,0,22
22,68,4,0,21
22,69,4,0,12
22,70,4,6,4
22,71,4,6,4
22,72,4,6,4
22,73,4,6,4
22,74,4,6,4
22,75,4,6,4
22,76,4,6,4
22,77,4,6,4
22,78,5,0,5
23,0,5,0,7
23,1,5,0,21
23,2,5,0,13
23,3,5,0,13
23,4,5,0,21
23,5,5,0,8
23,6,5,0,20
23,7,5,4,1
23,8,5,4,9
23,9,5,0,19
23,10,5,0,13
23,11,5,0,3
23,12,5,0,8
23,13,5,0,18
23,14,5,0,22
23,15,5,0,13
23,16,5,4,15
23,17,5,4,8
23,18,5,4,8
23,19,4,0,14
23,20,4,0,12
23,21,4,0,14
23,22,4,6,17
23,23,4,6,24
23,24,1,4,16
23,25,5,4,6
23,26,5,4,4
23,27,5,4,17
23,28,5,4,16
23,29,4,0,5
23,30,1,4,24
23,31,1,0,0
23,32,1,4,13
23,33,4,0,20
23,34,4,0,23
23,35,1,4,16
23,36,4,6,4
23,37,4,0,22
23,38,4,0,1
23,39,4,6,18
23,40,4,6,16
23,41,4,6,16
23,42,4,6,19
23,43,5,4,9
23,44,5,0,5
23,45,5,0,23
23,46,5,4,0
23,47,4,0,19
23,48,4,0,6
23,49,4,0,17
23,50,4,6,18
23,51,4,6,6
23,52,4,0,11
23,53,4,0,11
23,54,4,6,15
23,55,6,0,0
23,56,4,6,9
23,57,1,4,9
23,58,1,4,17
23,59,1,4,21
23,60,1,0,8
23,61,1,0,4
23,62,1,4,4
23,63,1,4,1
23,64,4,0,23
23,65,4,0,9
23,66,4,0,10
23,67,4,0,9
23,68,4,0,2
23,69,4,0,20
23,70,4,0,6
23,71,4,0,11
23,72,5,4,11
23,73,5,4,4
23,74,5,4,1
23,75,4,0,13
23,76,4,0,18
23,77,5,0,11
23,78,5,0,0
24,0,5,0,23
24,1,5,0,18
24,2,5,0,0
24,3,5,0,22
24,4,5,0,12
24,5,5,0,11
24,6,5,0,4
24,7,5,4,4
24,8,5,0,17
24,9,5,0,11
24,10,5,0,6
24,11,5,0,14
24,12,5,0,3
24,13,5,0,20
24,14,5,0,15
24,15,5,4,5
24,16,4,0,1
24,17,4,0,8
24,18,1,4,16
24,19,4,0,1
24,20,4,0,13
24,21,4,0,14
24,22,4,6,3
24,23,1,4,11
24,24,1,4,17
24,25,5,4,22
24,26,5,4,20
24,27,5,4,4
24,28,5,4,18
24,29,1,4,6
24,30,1,0,13
24,31,1,4,13
24,32,4,0,0
24,33,1,4,16
24,34,1,4,14
24,35,1,4,1
24,36,4,0,5
24,37,1,4,16
24,38,4,6,0
24,39,4,6,16
24,40,4,6,4
24,41,4,6,4
24,42,5,4,19
24,43,5,0,12
24,44,5,0,20
24,45,5,0,9
24,46,5,4,1
24,47,4,0,5
24,48,4,0,0
24,49,4,6,0
24,50,6,0,9
24,51,4,6,21
24,52,4,6,20
24,53,4,6,5
24,54,6,0,11
24,55,4,6,11
24,56,1,4,19
24,57,1,0,6
24,58,1,4,18
24,59,1,4,21
24,60,1,4,20
24,61,1,0,6
24,62,1,0,24
24,63,1,4,18
24,64,4,0,6
24,65,4,0,6
24,66,4,0,5
24,67,4,10,20
24,68,4,0,18
24,69,4,0,14
24,70,4,0,18
24,71,5,4,14
24,72,5,0,2
24,73,5,0,3
24,74,5,4,1
24,75,5,4,16
24,76,5,0,12
24,77,5,0,22
24,78,5,0,19
25,0,5,0,8
25,1,5,0,6
25,2,5,0,8
25,3,5,0,11
25,4,5,0,22
25,5,5,0,20
25,6,5,0,5
25,7,5,0,24
25,8,5,0,23
25,9,5,0,21
25,10,5,0,2
25,11,5,0,16
25,12,5,0,0
25,13,5,0,21
25,14,5,4,5
25,15,4,0,15
25,16,4,0,11
25,17,1,4,14
25,18,1,4,1
25,19,4,6,20
25,20,4,0,17
25,21,4,0,8
25,22,4,6,1
25,23,1,0,17
25,24,1,4,18
25,25,5,4,8
25,26,5,4,24
25,27,5,4,0
25,28,4,0,12
25,29,1,4,22
25,30,1,4,15
25,31,4,0,9
25,32,1,4,19
25,33,1,4,6
25,34,1,0,12
25,35,1,4,18
25,36,1,4,19
25,37,1,4,17
25,38,4,6,4
25,39,4,6,4
25,40,4,0,7
25,41,5,4,19
25,42,5,0,3
25,43,5,0,2
25,44,5,0,20
25,45,5,0,19
25,46,5,4,2
25,47,4,0,1
25,48,4,0,4
25,49,4,6,1
25,50,6,0,9
25,51,4,6,8
25,52,4,6,8
25,53,6,0,15
25,54,4,6,9
25,55,1,4,6
25,56,1,0,4
25,57,1,4,15
25,58,4,0,16
25,59,1,4,8
25,60,1,4,23
25,61,1,0,10
25,62,1,4,13
25,63,4,0,16
25,64,4,0,12
25,65,4,0,17
25,66,4,10,5
25,67,4,10,22
25,68,4,0,24
25,69,4,0,3
25,70,5,4,9
25,71,5,0,2
25,72,5,0,0
25,73,5,0,3
25,74,5,4,4
25,75,5,0,4
25,76,5,0,19
25,77,5,0,5
25,78,5,0,9
26,0,5,0,12
26,1,5,0,19
26,2,5,0,1
26,3,5,0,6
26,4,5,0,18
26,5,5,0,0
26,6,5,0,11
26,7,5,0,0
26,8,5,0,7
26,9,5,0,11
26,10,5,0,2
26,11,5,0,14
26,12,5,0,12
26,13,5,4,5
26,14,4,0,19
26,15,4,0,11
26,16,1,4,6
26,17,1,0,20
26,18,1,4,18
26,19,4,6,22
26,20,4,0,18
26,21,4,0,7
26,22,1,4,7
26,23,1,4,15
26,24,4,0,8
26,25,5,4,6
26,26,5,0,16
26,27,5,4,1
26,28,4,0,5
26,29,1,4,8
26,30,4,0,16
26,31,1,4,6
26,32,1,0,14
26,33,1,4,21
26,34,1,4,13
26,35,1,4,6
26,36,1,0,15
26,37,1,4,1
26,38,4,0,13
26,39,4,0,20
26,40,5,4,6
26,41,5,0,15
26,42,5,0,14
26,43,5,0,24
26,44,5,0,13
26,45,5,0,9
26,46,5,4,2
26,47,4,0,0
26,48,4,0,20
26,49,4,6,3
26,50,6,0,8
26,51,6,0,12
26,52,6,0,20
26,53,4,6,11
26,54,4,0,7
26,55,1,4,23
26,56,1,4,5
26,57,4,0,18
26,58,4,0,20
26,59,4,0,20
26,60,1,4,23
26,61,1,4,5
26,62,4,0,9
26,63,4,0,4
26,64,1,4,16
26,65,4,10,0
26,66,10,0,24
26,67,4,10,24
26,68,4,0,23
26,69,5,4,11
26,70,5,0,14
26,71,5,0,24
26,72,5,0,3
26,73,5,0,21
26,74,5,0,8
26,75,5,0,18
26,76,5,0,17
26,77,5,0,11
26,78,5,0,12
27,0,5,0,18
27,1,5,0,2
27,2,5,0,15
27,3,5,0,5
27,4,5,0,12
27,5,5,0,22
27,6,5,0,19
27,7,5,0,22
27,8,5,0,4
27,9,5,0,6
27,10,5,0,12
27,11,5,0,22
27,12,5,4,15
27,13,4,0,9
27,14,4,0,8
27,15,4,0,6
27,16,1,4,7
27,17,1,4,15
27,18,6,0,13
27,19,4,6,24
27,20,4,0,3
27,21,4,0,9
27,22,1,4,8
27,23,4,0,4
27,24,4,0,21
27,25,5,4,23
27,26,5,0,21
27,27,5,4,3
27,28,4,0,13
27,29,4,0,18
27,30,5,4,16
27,31,1,4,21
27,32,1,4,15
27,33,1,4,8
27,34,4,0,15
27,35,1,4,7
27,36,1,0,15
27,37,1,4,18
27,38,4,0,6
27,39,4,0,14
27,40,5,4,24
27,41,5,0,1
27,42,5,0,22
27,43,5,0,22
27,44,5,0,19
27,45,5,0,12
27,46,5,4,18
27,47,4,0,21
27,48,4,0,14
27,49,4,6,17
27,50,4,6,16
27,51,4,6,16
27,52,4,6,14
27,53,4,0,21
27,54,4,0,14
27,55,1,4,8
27,56,1,4,16
27,57,4,0,8
27,58,4,0,1
27,59,4,0,20
27,60,1,4,8
27,61,4,0,6
27,62,1,4,16
27,63,1,4,19
27,64,1,4,3
27,65,4,10,3
27,66,4,10,9
27,67,5,4,16
27,68,5,4,11
27,69,5,0,7
27,70,5,0,3
27,71,5,0,17
27,72,5,0,20
27,73,5,0,19
27,74,5,0,19
27,75,5,0,12
27,76,5,0,1
27,77,5,0,24
27,78,5,0,19
28,0,5,0,9
28,1,5,0,24
28,2,5,0,14
28,3,5,0,4
28,4,5,0,3
28,5,5,0,6
28,6,5,0,22
28,7,5,0,22
28,8,5,0,23
28,9,5,0,23
28,10,5,0,9
28,11,5,4,5
28,12,4,0,5
28,13,4,0,4
28,14,4,10,20
28,15,4,0,21
28,16,1,4,8
28,17,6,0,9
28,18,4,6,6
28,19,4,0,13
28,20,4,0,2
28,21,4,0,3
28,22,4,0,23
28,23,4,0,15
28,24,4,0,16
28,25,5,4,23
28,26,5,0,2
28,27,5,4,1
28,28,5,4,16
28,29,5,4,11
28,30,5,4,2
28,31,1,4,8
28,32,4,0,0
28,33,4,0,17
28,34,4,0,7
28,35,1,4,24
28,36,1,4,0
28,37,4,0,17
28,38,4,0,17
28,39,5,4,14
28,40,5,0,8
28,41,5,0,16
28,42,5,0,4
28,43,5,0,10
28,44,5,0,12
28,45,5,4,0
28,46,4,0,23
28,47,4,0,22
28,48,4,0,7
28,49,4,6,4
28,50,4,6,4
28,51,4,6,4
28,52,4,0,1
28,53,4,0,5
28,54,4,0,22
28,55,1,4,14
28,56,1,4,17
28,57,4,0,16
28,58,4,0,9
28,59,4,0,22
28,60,4,0,2
28,61,1,4,11
28,62,1,4,17
28,63,1,0,8
28,64,1,4,18
28,65,4,10,4
28,66,5,4,11
28,67,5,4,4
28,68,5,0,4
28,69,5,0,12
28,70,5,0,2
28,71,5,0,21
28,72,5,0,7
28,73,5,0,1
28,74,5,0,0
28,75,5,0,19
28,76,5,0,16
28,77,5,0,23
28,78,5,0,14
29,0,5,0,10
29,1,5,0,4
29,2,5,0,15
29,3,5,0,24
29,4,5,0,14
29,5,5,0,16
29,6,5,0,3
29,7,5,0,0
29,8,5,0,21
29,9,5,0,6
29,10,5,4,10
29,11,4,0,2
29,12,4,0,0
29,13,4,10,13
29,14,4,10,21
29,15,4,0,15
29,16,4,6,17
29,17,6,0,17
29,18,4,6,7
29,19,4,6,20
29,20,4,0,15
29,21,4,0,23
29,22,4,6,20
29,23,4,0,19
29,24,4,0,8
29,25,5,4,23
29,26,5,0,9
29,27,5,4,4
29,28,5,4,4
29,29,5,0,2
29,30,5,4,18
29,31,4,6,20
29,32,4,6,20
29,33,4,0,4
29,34,1,4,6
29,35,1,0,1
29,36,1,4,18
29,37,4,0,20
29,38,5,4,6
29,39,5,0,6
29,40,5,0,8
29,41,5,0,16
29,42,5,0,23
29,43,5,0,11
29,44,5,0,0
29,45,5,4,18
29,46,1,4,16
29,47,4,0,9
29,48,4,0,20
29,49,4,0,15
29,50,4,0,19
29,51,4,0,17
29,52,4,0,23
29,53,4,0,9
29,54,1,4,9
29,55,1,0,2
29,56,1,4,18
29,57,4,0,24
29,58,4,0,0
29,59,4,0,18
29,60,1,4,9
29,61,1,0,10
29,62,1,4,18
29,63,1,4,10
29,64,4,0,14
29,65,5,4,11
29,66,5,0,11
29,67,5,0,23
29,68,5,0,3
29,69,5,0,17
29,70,5,0,13
29,71,5,0,18
29,72,5,0,13
29,73,5,0,12
29,74,5,0,3
29,75,5,0,9
29,76,5,0,24
29,77,5,0,2
29,78,5,0,17
30,0,5,0,7
30,1,5,0,10
30,2,5,0,6
30,3,5,0,18
30,4,5,0,12
30,5,5,0,10
30,6,5,0,5
30,7,5,0,9
30,8,5,0,19
30,9,5,4,0
30,10,4,0,21
30,11,4,0,23
30,12,4,10,0
30,13,10,0,16
30,14,4,10,24
30,15,4,0,4
30,16,4,6,3
30,17,6,0,5
30,18,4,6,8
30,19,4,6,24
30,20,4,0,12
30,21,4,6,0
30,22,4,6,7
30,23,4,0,12
30,24,4,0,16
30,25,5,4,7
30,26,5,0,12
30,27,5,0,11
30,28,5,0,17
30,29,5,4,10
30,30,4,6,0
30,31,4,6,8
30,32,4,6,24
30,33,4,0,5
30,34,1,4,24
30,35,1,4,0
30,36,4,6,24
30,37,4,0,19
30,38,5,4,24
30,39,5,0,23
30,40,5,0,16
30,41,5,0,20
30,42,5,0,5
30,43,5,0,18
30,44,5,4,13
30,45,1,4,19
30,46,1,4,17
30,47,4,0,13
30,48,4,0,0
30,49,4,0,19
30,50,4,0,15
30,51,4,0,17
30,52,1,4,16
30,53,1,4,11
30,54,1,0,0
30,55,1,4,5
30,56,4,0,22
30,57,1,4,16
30,58,1,4,16
30,59,1,4,14
30,60,1,0,22
30,61,1,4,15
30,62,1,4,8
30,63,4,0,7
30,64,5,4,19
30,65,5,0,14
30,66,5,0,9
30,67,5,0,3
30,68,5,0,19
30,69,5,0,9
30,70,5,0,21
30,71,5,0,8
30,72,5,0,6
30,73,5,0,18
30,74,5,0,22
30,75,5,0,22
30,76,5,0,23
30,77,5,0,15
30,78,5,0,11
31,0,5,0,2
31,1,5,0,18
31,2,5,0,20
31,3,5,0,17
31,4,5,0,9
31,5,5,0,11
31,6,5,0,13
31,7,5,0,9
31,8,5,0,10
31,9,5,4,1
31,10,4,0,0
31,11,4,0,9
31,12,4,10,3
31,13,4,10,9
31,14,4,0,6
31,15,4,0,17
31,16,4,6,2
31,17,6,0,6
31,18,4,6,6
31,19,4,0,22
31,20,4,0,19
31,21,4,6,18
31,22,4,6,21
31,23,4,6,20
31,24,4,0,24
31,25,5,4,22
31,26,5,4,20
31,27,5,0,21
31,28,5,4,15
31,29,4,0,12
31,30,4,6,18
31,31,4,6,6
31,32,4,0,8
31,33,1,4,11
31,34,1,0,11
31,35,1,4,0
31,36,4,0,3
31,37,5,4,6
31,38,5,0,14
31,39,5,0,12
31,40,5,0,17
31,41,5,0,12
31,42,5,0,2
31,43,5,4,13
31,44,1,4,6
31,45,1,0,16
31,46,1,4,18
31,47,1,4,16
31,48,4,0,10
31,49,4,0,16
31,50,4,0,16
31,51,1,4,9
31,52,1,4,4
31,53,1,0,17
31,54,1,4,5
31,55,4,0,11
31,56,1,4,11
31,57,1,4,4
31,58,1,4,4
31,59,1,0,21
31,60,1,4,15
31,61,4,0,22
31,62,4,0,12
31,63,5,4,14
31,64,5,0,10
31,65,5,0,10
31,66,5,0,14
31,67,5,0,16
31,68,5,0,0
31,69,5,0,12
31,70,5,0,13
31,71,5,0,15
31,72,5,0,2
31,73,5,0,2
31,74,5,0,20
31,75,5,0,9
31,76,5,0,8
31,77,5,0,17
31,78,5,0,24
32,0,5,0,7
32,1,5,0,22
32,2,5,0,15
32,3,5,0,13
32,4,5,0,11
32,5,5,0,11
32,6,5,0,6
32,7,5,0,0
32,8,5,0,5
32,9,5,4,1
32,10,4,0,1
32,11,4,0,17
32,12,4,10,4
32,13,4,0,13
32,14,4,0,7
32,15,4,0,20
32,16,4,6,17
32,17,4,6,16
32,18,4,6,24
32,19,4,0,16
32,20,4,6,0
32,21,6,0,0
32,22,4,6,8
32,23,4,6,22
32,24,4,0,17
32,25,4,6,4
32,26,5,4,23
32,27,5,4,5
32,28,4,0,7
32,29,4,6,0
32,30,6,0,15
32,31,4,6,24
32,32,1,4,6
32,33,1,0,10
32,34,1,0,0
32,35,1,4,3
32,36,4,0,23
32,37,5,4,24
32,38,5,0,13
32,39,5,0,2
32,40,5,0,5
32,41,5,0,4
32,42,5,4,13
32,43,4,0,8
32,44,1,4,22
32,45,1,4,5
32,46,1,4,19
32,47,1,4,1
32,48,4,0,13
32,49,4,0,20
32,50,1,4,14
32,51,1,0,7
32,52,1,0,24
32,53,1,4,5
32,54,4,0,24
32,55,1,4,6
32,56,1,0,9
32,57,1,0,0
32,58,1,0,17
32,59,1,4,15
32,60,4,0,12
32,61,4,0,4
32,62,5,4,6
32,63,5,0,15
32,64,5,0,18
32,65,5,0,11
32,66,5,0,16
32,67,5,0,23
32,68,5,0,12
32,69,5,0,3
32,70,5,0,23
32,71,5,0,19
32,72,5,0,18
32,73,5,0,18
32,74,5,0,18
32,75,5,0,10
32,76,5,0,10
32,77,5,0,18
32,78,5,0,18
33,0,5,0,0
33,1,5,0,13
33,2,5,0,12
33,3,5,0,1
33,4,5,0,2
33,5,5,0,18
33,6,5,0,13
33,7,5,0,11
33,8,5,0,21
33,9,5,4,18
33,10,4,0,18
33,11,4,0,19
33,12,1,4,16
33,13,1,4,16
33,14,4,0,10
33,15,4,0,10
33,16,4,6,4
33,17,4,6,4
33,18,4,0,17
33,19,4,0,6
33,20,4,6,18
33,21,6,0,1
33,22,6,0,20
33,23,4,6,24
33,24,4,0,7
33,25,4,0,3
33,26,5,4,8
33,27,4,0,10
33,28,4,0,14
33,29,4,6,18
33,30,4,6,6
33,31,4,0,22
33,32,1,4,22
33,33,1,0,3
33,34,1,0,6
33,35,1,4,18
33,36,5,4,6
33,37,5,0,0
33,38,5,0,14
33,39,5,0,2
33,40,5,0,24
33,41,5,4,0
33,42,4,0,13
33,43,4,0,15
33,44,1,4,8
33,45,1,4,6
33,46,1,0,24
33,47,1,4,17
33,48,4,0,7
33,49,1,4,6
33,50,1,0,16
33,51,1,4,20
33,52,1,4,15
33,53,4,0,18
33,54,4,0,23
33,55,1,4,7
33,56,1,0,14
33,57,1,0,16
33,58,1,4,5
33,59,4,0,10
33,60,4,0,10
33,61,4,0,6
33,62,5,4,24
33,63,5,0,6
33,64,5,0,21
33,65,5,0,2
33,66,5,0,18
33,67,5,0,16
33,68,5,0,5
33,69,5,0,11
33,70,5,0,9
33,71,5,0,16
33,72,5,0,19
33,73,5,0,8
33,74,5,0,10
33,75,5,0,13
33,76,5,0,23
33,77,5,0,12
33,78,5,0,23
34,0,5,0,19
34,1,5,0,19
34,2,5,0,1
34,3,5,0,15
34,4,5,0,5
34,5,5,0,12
34,6,5,0,19
34,7,5,0,18
34,8,5,4,0
34,9,4,0,13
34,10,4,0,8
34,11,1,4,11
34,12,1,4,4
34,13,1,4,3
34,14,4,0,3
34,15,4,0,18
34,16,4,0,10
34,17,1,4,16
34,18,4,0,9
34,19,4,6,0
34,20,4,6,16
34,21,6,0,22
34,22,4,6,6
34,23,4,0,18
34,24,1,4,16
34,25,4,0,4
34,26,4,0,17
34,27,4,0,21
34,28,4,6,0
34,29,6,0,6
34,30,4,6,24
34,31,4,0,6
34,32,1,4,22
34,33,1,0,3
34,34,1,4,15
34,35,4,0,4
34,36,5,4,24
34,37,5,0,18
34,38,5,0,0
34,39,5,0,15
34,40,5,0,11
34,41,5,4,3
34,42,4,0,19
34,43,4,0,22
34,44,4,0,13
34,45,1,4,23
34,46,1,0,7
34,47,1,4,17
34,48,1,4,16
34,49,1,4,24
34,50,1,4,0
34,51,1,4,8
34,52,4,0,1
34,53,4,0,14
34,54,4,0,23
34,55,1,4,7
34,56,1,0,2
34,57,1,4,13
34,58,4,0,14
34,59,4,0,7
34,60,4,0,21
34,61,5,4,11
34,62,5,0,18
34,63,5,0,21
34,64,5,0,6
34,65,5,0,24
34,66,5,0,18
34,67,5,0,22
34,68,5,0,13
34,69,5,0,11
34,70,5,0,15
34,71,5,0,24
34,72,5,0,11
34,73,5,0,21
34,74,5,0,19
34,75,5,0,16
34,76,5,0,16
34,77,5,0,5
34,78,5,0,7
35,0,5,0,23
35,1,5,0,8
35,2,5,0,0
35,3,5,0,23
35,4,5,0,13
35,5,5,0,1
35,6,5,0,0
35,7,5,0,21
35,8,5,4,18
35,9,4,0,5
35,10,1,4,6
35,11,1,0,24
35,12,1,0,22
35,13,1,4,18
35,14,4,0,7
35,15,4,0,9
35,16,1,4,14
35,17,1,4,3
35,18,4,0,5
35,19,4,6,4
35,20,4,6,1
35,21,6,0,17
35,22,4,6,24
35,23,1,4,9
35,24,1,4,2
35,25,4,0,24
35,26,4,0,18
35,27,4,0,11
35,28,4,6,18
35,29,4,6,6
35,30,4,0,7
35,31,4,0,4
35,32,1,4,23
35,33,1,4,10
35,34,4,0,12
35,35,5,4,14
35,36,5,0,2
35,37,5,0,19
35,38,5,0,3
35,39,5,0,3
35,40,5,0,15
35,41,5,4,3
35,42,4,0,2
35,43,4,0,24
35,44,4,0,22
35,45,1,4,23
35,46,1,0,8
35,47,1,4,4
35,48,1,4,4
35,49,1,0,8
35,50,1,4,18
35,51,4,0,7
35,52,4,0,9
35,53,4,0,6
35,54,4,0,12
35,55,1,4,21
35,56,1,4,5
35,57,4,0,17
35,58,4,0,22
35,59,4,0,17
35,60,5,4,14
35,61,5,0,0
35,62,5,0,13
35,63,5,0,11
35,64,5,0,6
35,65,5,0,15
35,66,5,0,4
35,67,5,0,11
35,68,5,0,13
35,69,5,0,13
35,70,5,0,10
35,71,5,0,11
35,72,5,0,9
35,73,5,0,24
35,74,5,0,24
35,75,5,0,12
35,76,5,0,17
35,77,5,0,0
35,78,5,0,7
36,0,5,0,15
36,1,5,0,9
36,2,5,0,5
36,3,5,0,3
36,4,5,0,2
36,5,5,0,18
36,6,5,0,19
36,7,5,4,0
36,8,4,0,6
36,9,4,0,3
36,10,1,4,23
36,11,1,4,20
36,12,1,4,15
36,13,1,4,16
36,14,4,0,19
36,15,1,4,6
36,16,1,0,6
36,17,1,4,18
36,18,4,0,15
36,19,4,0,1
36,20,4,6,18
36,21,4,6,14
36,22,1,4,11
36,23,1,0,6
36,24,1,4,18
36,25,4,0,5
36,26,4,0,15
36,27,4,6,0
36,28,6,0,1
36,29,4,6,23
36,30,4,0,19
36,31,4,0,6
36,32,1,4,8
36,33,4,0,4
36,34,5,4,9
36,35,5,0,5
36,36,5,0,3
36,37,5,0,15
36,38,5,0,8
36,39,5,0,17
36,40,5,0,10
36,41,5,4,18
36,42,4,0,14
36,43,4,0,8
36,44,4,10,20
36,45,1,4,7
36,46,1,0,13
36,47,1,0,18
36,48,1,0,1
36,49,1,4,13
36,50,4,0,18
36,51,4,0,22
36,52,4,0,2
36,53,4,0,1
36,54,4,0,15
36,55,1,4,8
36,56,4,0,15
36,57,4,0,6
36,58,4,0,2
36,59,5,4,6
36,60,5,0,21
36,61,5,0,23
36,62,5,0,1
36,63,5,0,2
36,64,5,0,2
36,65,5,0,3
36,66,5,0,13
36,67,5,0,6
36,68,5,0,2
36,69,5,0,2
36,70,5,0,15
36,71,5,0,12
36,72,5,0,24
36,73,5,0,23
36,74,5,0,8
36,75,5,0,23
36,76,5,0,7
36,77,5,0,1
36,78,5,0,19
37,0,5,0,19
37,1,5,0,9
37,2,5,0,23
37,3,5,0,16
37,4,5,0,24
37,5,5,0,0
37,6,5,0,0
37,7,5,4,1
37,8,4,0,10
37,9,4,0,5
37,10,1,4,8
37,11,1,4,8
37,12,1,4,19
37,13,1,4,3
37,14,1,4,16
37,15,1,4,22
37,16,1,4,13
37,17,4,6,20
37,18,4,10,20
37,19,4,6,0
37,20,4,6,6
37,21,1,4,6
37,22,1,0,0
37,23,1,4,10
37,24,4,6,20
37,25,4,6,20
37,26,4,0,22
37,27,4,6,3
37,28,6,0,21
37,29,4,6,23
37,30,4,0,16
37,31,4,0,19
37,32,4,0,5
37,33,5,4,6
37,34,5,0,17
37,35,5,0,24
37,36,5,0,2
37,37,5,0,8
37,38,5,0,12
37,39,5,0,13
37,40,5,4,0
37,41,4,0,15
37,42,4,0,19
37,43,4,10,15
37,44,4,10,21
37,45,1,4,23
37,46,1,0,16
37,47,1,4,20
37,48,1,4,13
37,49,4,0,16
37,50,4,0,18
37,51,1,4,16
37,52,4,0,18
37,53,4,0,8
37,54,4,0,0
37,55,4,0,4
37,56,4,0,11
37,57,4,0,8
37,58,4,0,0
37,59,5,4,24
37,60,5,0,3
37,61,5,0,7
37,62,5,0,1
37,63,5,0,23
37,64,5,0,21
37,65,5,0,2
37,66,5,0,2
37,67,5,0,5
37,68,5,0,3
37,69,5,0,7
37,70,5,0,19
37,71,5,0,13
37,72,5,0,15
37,73,5,4,20
37,74,5,0,12
37,75,5,0,22
37,76,5,0,11
37,77,5,0,18
37,78,5,0,14
38,0,5,0,18
38,1,5,0,10
38,2,5,0,14
38,3,5,0,20
38,4,5,0,23
38,5,5,0,11
38,6,5,0,0
38,7,5,4,18
38,8,4,0,5
38,9,4,0,9
38,10,4,0,0
38,11,1,4,6
38,12,1,0,2
38,13,1,4,4
38,14,1,4,2
38,15,1,4,8
38,16,1,4,19
38,17,4,10,10
38,18,4,10,21
38,19,4,6,1
38,20,4,6,24
38,21,1,4,24
38,22,1,4,0
38,23,4,6,0
38,24,4,6,8
38,25,1,4,2
38,26,4,0,6
38,27,4,6,2
38,28,6,0,17
38,29,4,6,24
38,30,4,0,23
38,31,4,0,18
38,32,4,0,9
38,33,5,4,24
38,34,5,0,2
38,35,5,0,16
38,36,5,0,11
38,37,5,0,14
38,38,5,0,24
38,39,5,0,11
38,40,5,4,1
38,41,4,0,21
38,42,4,10,0
38,43,10,0,3
38,44,4,10,24
38,45,1,4,7
38,46,1,4,13
38,47,1,4,8
38,48,1,4,16
38,49,1,4,16
38,50,1,4,9
38,51,1,4,2
38,52,4,0,19
38,53,4,0,14
38,54,4,0,3
38,55,4,0,12
38,56,4,0,20
38,57,5,4,16
38,58,5,4,14
38,59,5,0,4
38,60,5,0,13
38,61,5,0,17
38,62,5,0,0
38,63,5,0,9
38,64,5,0,11
38,65,5,0,16
38,66,5,0,16
38,67,5,0,15
38,68,5,0,18
38,69,5,0,20
38,70,5,4,20
38,71,5,4,20
38,72,5,4,5
38,73,5,4,23
38,74,5,0,18
38,75,5,0,12
38,76,5,0,17
38,77,5,0,10
38,78,5,0,1
39,0,5,0,5
39,1,5,0,17
39,2,5,0,6
39,3,5,0,20
39,4,5,0,11
39,5,5,0,8
39,6,5,4,0
39,7,4,0,5
39,8,4,0,23
39,9,4,0,20
39,10,4,0,15
39,11,1,4,22
39,12,1,0,0
39,13,1,0,1
39,14,1,4,18
39,15,1,4,14
39,16,4,10,0
39,17,10,0,18
39,18,4,10,24
39,19,4,6,11
39,20,1,4,6
39,21,1,0,23
39,22,1,4,18
39,23,4,6,18
39,24,1,0,12
39,25,1,4,18
39,26,4,0,21
39,27,4,6,18
39,28,4,6,6
39,29,4,0,20
39,30,4,0,18
39,31,4,0,5
39,32,5,4,19
39,33,5,0,6
39,34,5,0,9
39,35,5,0,24
39,36,5,0,14
39,37,5,0,12
39,38,5,0,9
39,39,5,0,7
39,40,5,4,17
39,41,4,0,4
39,42,4,10,2
39,43,4,10,11
39,44,4,0,15
39,45,1,4,8
39,46,4,0,2
39,47,1,4,9
39,48,1,4,4
39,49,1,4,4
39,50,1,0,18
39,51,1,4,18
39,52,4,0,1
39,53,4,0,8
39,54,4,0,13
39,55,4,0,19
39,56,5,4,11
39,57,5,4,4
39,58,5,0,2
39,59,5,0,1
39,60,5,0,14
39,61,5,0,3
39,62,5,0,19
39,63,5,0,23
39,64,5,0,12
39,65,5,0,6
39,66,5,0,13
39,67,5,0,7
39,68,5,0,2
39,69,5,4,15
39,70,5,4,8
39,71,5,4,8
39,72,4,0,20
39,73,5,4,22
39,74,5,0,6
39,75,5,0,1
39,76,5,0,19
39,77,5,0,8
39,78,5,0,14
40,0,5,0,19
40,1,5,0,10
40,2,5,0,23
40,3,5,0,14
40,4,5,0,1
40,5,5,0,2
40,6,5,4,2
40,7,4,0,19
40,8,4,0,20
40,9,4,0,12
40,10,4,0,20
40,11,1,4,7
40,12,1,4,20
40,13,1,4,10
40,14,1,4,14
40,15,1,0,9
40,16,4,10,2
40,17,4,10,19
40,18,4,6,4
40,19,4,0,15
40,20,1,4,24
40,21,1,4,0
40,22,4,6,0
40,23,1,0,9
40,24,1,4,15
40,25,4,0,22
40,26,4,6,0
40,27,6,0,23
40,28,4,6,21
40,29,4,0,9
40,30,4,0,17
40,31,5,4,19
40,32,5,0,8
40,33,5,0,6
40,34,5,0,6
40,35,5,0,24
40,36,5,0,23
40,37,5,0,15
40,38,5,0,15
40,39,5,0,0
40,40,5,4,18
40,41,4,0,22
40,42,4,10,4
40,43,4,0,20
40,44,4,0,9
40,45,4,0,6
40,46,1,4,6
40,47,1,0,18
40,48,1,0,4
40,49,1,0,4
40,50,1,4,0
40,51,4,0,0
40,52,4,0,15
40,53,5,4,16
40,54,5,4,16
40,55,5,4,11
40,56,5,0,12
40,57,5,0,0
40,58,5,0,5
40,59,5,0,8
40,60,5,0,1
40,61,5,0,2
40,62,5,0,20
40,63,5,0,4
40,64,5,0,20
40,65,5,0,0
40,66,5,0,6
40,67,5,4,20
40,68,5,4,15
40,69,4,0,14
40,70,1,4,16
40,71,4,0,18
40,72,4,0,4
40,73,5,4,23
40,74,5,0,1
40,75,5,0,5
40,76,5,0,17
40,77,5,0,8
40,78,5,0,15
41,0,5,0,9
41,1,5,0,16
41,2,5,0,9
41,3,5,0,0
41,4,5,0,2
41,5,5,0,11
41,6,5,4,2
41,7,4,0,23
41,8,4,0,11
41,9,4,0,0
41,10,4,0,17
41,11,1,4,8
41,12,1,4,8
41,13,1,4,19
41,14,1,0,18
41,15,1,4,0
41,16,4,10,4
41,17,4,0,14
41,18,4,0,20
41,19,1,4,6
41,20,1,0,16
41,21,1,4,3
41,22,4,6,2
41,23,1,4,15
41,24,4,0,18
41,25,4,0,1
41,26,4,6,18
41,27,6,0,3
41,28,4,6,24
41,29,4,0,4
41,30,5,4,11
41,31,5,0,2
41,32,5,0,10
41,33,5,0,13
41,34,5,0,9
41,35,5,0,2
41,36,5,0,6
41,37,5,0,15
41,38,5,0,7
41,39,5,4,0
41,40,4,0,23
41,41,4,0,19
41,42,4,0,6
41,43,4,0,9
41,44,4,0,15
41,45,4,0,19
41,46,1,4,21
41,47,1,4,20
41,48,1,4,20
41,49,1,0,13
41,50,1,4,18
41,51,4,0,18
41,52,5,4,14
41,53,5,4,4
41,54,5,4,4
41,55,5,0,12
41,56,5,0,24
41,57,5,0,7
41,58,5,0,10
41,59,5,0,16
41,60,5,0,11
41,61,5,0,11
41,62,5,0,6
41,63,5,0,3
41,64,5,0,1
41,65,5,0,24
41,66,5,4,15
41,67,5,4,8
41,68,4,0,18
41,69,1,4,14
41,70,1,4,17
41,71,4,0,9
41,72,4,0,4
41,73,5,4,7
41,74,5,4,20
41,75,5,0,21
41,76,5,0,3
41,77,5,0,18
41,78,5,0,24
42,0,5,0,7
42,1,5,0,11
42,2,5,0,23
42,3,5,0,24
42,4,5,0,7
42,5,5,0,16
42,6,5,4,3
42,7,4,0,11
42,8,4,0,12
42,9,4,0,14
42,10,4,0,15
42,11,4,0,18
42,12,1,4,19
42,13,1,0,13
42,14,1,0,6
42,15,1,4,18
42,16,4,0,15
42,17,4,0,20
42,18,4,0,2
42,19,1,4,24
42,20,1,0,14
42,21,1,4,18
42,22,1,4,8
42,23,4,0,11
42,24,4,0,3
42,25,4,6,5
42,26,6,0,4
42,27,4,6,14
42,28,4,0,23
42,29,5,4,19
42,30,5,0,9
42,31,5,0,21
42,32,5,0,5
42,33,5,0,8
42,34,5,0,20
42,35,5,0,8
42,36,5,0,15
42,37,5,0,9
42,38,5,0,14
42,39,5,4,3
42,40,4,0,0
42,41,4,0,12
42,42,4,0,3
42,43,4,0,6
42,44,4,0,23
42,45,4,0,6
42,46,1,4,8
42,47,1,4,8
42,48,1,4,23
42,49,1,4,10
42,50,5,4,16
42,51,5,4,19
42,52,5,0,20
42,53,5,0,19
42,54,5,0,24
42,55,5,0,0
42,56,5,0,15
42,57,5,0,11
42,58,5,0,17
42,59,5,0,20
42,60,5,0,3
42,61,5,0,7
42,62,5,4,20
42,63,5,4,20
42,64,5,4,20
42,65,5,4,5
42,66,4,0,20
42,67,4,0,22
42,68,1,4,19
42,69,1,0,20
42,70,1,4,18
42,71,4,10,20
42,72,4,0,6
42,73,5,4,8
42,74,5,4,22
42,75,5,4,20
42,76,5,0,22
42,77,5,0,19
42,78,5,0,23
43,0,5,0,8
43,1,5,0,18
43,2,5,0,17
43,3,5,0,10
43,4,5,0,19
43,5,5,0,12
43,6,5,4,2
43,7,4,0,14
43,8,4,0,7
43,9,4,0,5
43,10,4,0,0
43,11,1,4,6
43,12,1,0,8
43,13,1,0,21
43,14,1,4,0
43,15,4,0,24
43,16,4,0,4
43,17,4,0,8
43,18,1,4,6
43,19,1,0,7
43,20,1,4,0
43,21,4,0,5
43,22,4,0,2
43,23,4,0,14
43,24,4,6,13
43,25,6,0,4
43,26,4,6,9
43,27,4,0,7
43,28,5,4,6
43,29,5,0,24
43,30,5,0,18
43,31,5,0,14
43,32,5,0,10
43,33,5,0,22
43,34,5,0,23
43,35,5,0,24
43,36,5,0,22
43,37,5,0,23
43,38,5,0,14
43,39,5,4,2
43,40,5,4,16
43,41,5,4,16
43,42,4,0,5
43,43,5,4,16
43,44,5,4,16
43,45,4,0,23
43,46,4,0,1
43,47,4,0,16
43,48,1,4,8
43,49,5,4,19
43,50,5,4,4
43,51,5,0,23
43,52,5,0,14
43,53,5,0,18
43,54,5,0,5
43,55,5,0,12
43,56,5,0,0
43,57,5,0,0
43,58,5,0,8
43,59,5,0,3
43,60,5,0,21
43,61,5,4,5
43,62,5,4,8
43,63,5,4,8
43,64,5,4,8
43,65,4,0,0
43,66,4,0,4
43,67,1,4,6
43,68,1,0,3
43,69,1,4,0
43,70,4,10,10
43,71,4,10,7
43,72,4,0,11
43,73,4,0,0
43,74,5,4,8
43,75,5,4,21
43,76,5,0,24
43,77,5,0,24
43,78,5,0,4
44,0,5,0,3
44,1,5,0,10
44,2,5,0,1
44,3,5,0,11
44,4,5,0,16
44,5,5,0,3
44,6,5,4,2
44,7,5,4,16
44,8,5,4,16
44,9,4,0,20
44,10,4,0,7
44,11,1,4,22
44,12,1,4,20
44,13,1,0,5
44,14,1,4,18
44,15,4,0,10
44,16,4,0,21
44,17,4,0,1
44,18,1,4,22
44,19,1,0,24
44,20,1,4,17
44,21,4,6,20
44,22,4,6,20
44,23,4,6,15
44,24,6,0,1
44,25,4,6,19
44,26,4,0,13
44,27,4,0,19
44,28,5,4,24
44,29,5,0,0
44,30,5,0,22
44,31,5,0,4
44,32,5,0,3
44,33,5,0,2
44,34,5,0,24
44,35,5,0,9
44,36,5,0,23
44,37,5,0,9
44,38,5,0,18
44,39,5,4,4
44,40,5,4,4
44,41,5,4,2
44,42,5,4,19
44,43,5,4,4
44,44,5,4,2
44,45,4,0,9
44,46,4,0,23
44,47,4,0,16
44,48,5,4,9
44,49,5,0,1
44,50,5,0,2
44,51,5,0,11
44,52,5,0,15
44,53,5,0,16
44,54,5,0,5
44,55,5,0,16
44,56,5,0,10
44,57,5,0,0
44,58,5,0,20
44,59,5,0,13
44,60,5,4,15
44,61,4,0,11
44,62,4,0,15
44,63,4,0,19
44,64,4,0,12
44,65,4,0,15
44,66,1,4,16
44,67,1,4,24
44,68,1,0,23
44,69,4,10,0
44,70,10,0,22
44,71,4,10,24
44,72,4,0,16
44,73,4,0,0
44,74,4,0,12
44,75,5,4,7
44,76,5,0,19
44,77,5,0,1
44,78,5,0,22
45,0,5,0,4
45,1,5,0,15
45,2,5,0,6
45,3,5,0,2
45,4,5,0,21
45,5,5,0,21
45,6,5,4,4
45,7,5,4,4
45,8,5,4,17
45,9,4,0,10
45,10,4,0,5
45,11,1,4,8
45,12,1,4,21
45,13,1,4,15
45,14,1,4,16
45,15,4,0,12
45,16,4,0,5
45,17,4,0,13
45,18,1,4,24
45,19,1,0,5
45,20,1,4,18
45,21,4,6,8
45,22,4,6,8
45,23,6,0,13
45,24,4,6,9
45,25,4,0,0
45,26,4,0,6
45,27,5,4,6
45,28,5,0,21
45,29,5,0,13
45,30,5,0,4
45,31,5,0,8
45,32,5,0,23
45,33,5,0,23
45,34,5,0,10
45,35,5,0,10
45,36,5,0,4
45,37,5,0,21
45,38,5,0,13
45,39,5,0,16
45,40,5,0,9
45,41,5,4,4
45,42,5,0,0
45,43,5,0,6
45,44,5,4,1
45,45,5,4,16
45,46,5,4,16
45,47,5,4,11
45,48,5,0,2
45,49,5,0,15
45,50,5,0,24
45,51,5,0,9
45,52,5,0,8
45,53,5,0,3
45,54,5,0,22
45,55,5,0,18
45,56,5,0,23
45,57,5,0,12
45,58,5,0,21
45,59,5,4,5
45,60,4,0,13
45,61,4,0,10
45,62,4,0,16
45,63,1,4,16
45,64,1,4,16
45,65,1,4,14
45,66,1,4,4
45,67,1,0,19
45,68,1,0,10
45,69,4,10,3
45,70,4,10,19
45,71,4,0,8
45,72,4,0,9
45,73,4,0,14
45,74,4,0,23
45,75,5,4,7
45,76,5,4,20
45,77,5,0,17
45,78,5,0,2
46,0,5,0,8
46,1,5,0,17
46,2,5,0,16
46,3,5,0,24
46,4,5,0,16
46,5,5,0,20
46,6,5,0,13
46,7,5,0,5
46,8,5,4,1
46,9,4,0,9
46,10,4,0,6
46,11,4,0,24
46,12,1,4,8
46,13,1,4,19
46,14,1,4,17
46,15,4,0,15
46,16,4,0,16
46,17,1,4,6
46,18,1,0,10
46,19,1,4,13
46,20,4,6,18
46,21,6,0,11
46,22,6,0,11
46,23,4,6,14
46,24,4,10,20
46,25,4,0,2
46,26,4,0,22
46,27,5,4,7
46,28,5,0,20
46,29,5,0,0
46,30,5,0,8
46,31,5,0,11
46,32,5,0,3
46,33,5,0,14
46,34,5,0,4
46,35,5,0,2
46,36,5,0,5
46,37,5,0,13
46,38,5,0,8
46,39,5,0,17
46,40,5,0,15
46,41,5,0,22
46,42,5,0,9
46,43,5,0,0
46,44,5,4,4
46,45,5,4,4
46,46,5,4,4
46,47,5,0,13
46,48,5,0,21
46,49,5,0,17
46,50,5,0,21
46,51,5,0,10
46,52,5,0,13
46,53,5,0,8
46,54,5,0,18
46,55,5,0,4
46,56,5,0,11
46,57,5,0,10
46,58,5,4,10
46,59,4,0,12
46,60,4,0,11
46,61,4,0,19
46,62,1,4,14
46,63,1,4,4
46,64,1,4,4
46,65,1,0,22
46,66,1,0,7
46,67,1,0,24
46,68,1,4,5
46,69,4,10,4
46,70,4,0,23
46,71,4,0,1
46,72,4,0,24
46,73,4,0,19
46,74,4,0,18
46,75,5,4,8
46,76,5,4,22
46,77,5,0,11
46,78,5,0,5
47,0,5,0,10
47,1,5,0,4
47,2,5,0,12
47,3,5,0,8
47,4,5,0,8
47,5,5,0,5
47,6,5,0,23
47,7,5,0,21
47,8,5,4,3
47,9,5,4,16
47,10,4,0,11
47,11,4,0,22
47,12,1,4,6
47,13,1,0,6
47,14,1,4,18
47,15,1,4,16
47,16,4,0,14
47,17,1,4,22
47,18,1,4,13
47,19,4,6,0
47,20,4,6,16
47,21,4,6,16
47,22,4,6,11
47,23,4,10,15
47,24,4,10,23
47,25,4,0,23
47,26,4,0,6
47,27,5,4,24
47,28,5,0,5
47,29,5,0,23
47,30,5,0,18
47,31,5,0,24
47,32,5,0,9
47,33,5,0,0
47,34,5,0,4
47,35,5,0,4
47,36,5,0,4
47,37,5,0,18
47,38,5,0,15
47,39,5,0,21
47,40,5,0,18
47,41,5,0,23
47,42,5,0,11
47,43,5,0,13
47,44,5,0,19
47,45,5,0,3
47,46,5,0,10
47,47,5,0,1
47,48,5,0,4
47,49,5,0,22
47,50,5,0,22
47,51,5,0,18
47,52,5,0,13
47,53,5,0,7
47,54,5,0,20
47,55,5,0,0
47,56,5,0,18
47,57,5,4,10
47,58,4,0,11
47,59,4,10,20
47,60,4,0,16
47,61,1,4,19
47,62,1,0,10
47,63,1,0,3
47,64,1,0,16
47,65,1,0,7
47,66,1,0,18
47,67,1,4,15
47,68,1,4,16
47,69,1,4,16
47,70,1,4,16
47,71,1,4,16
47,72,4,0,8
47,73,4,0,14
47,74,4,0,9
47,75,4,0,22
47,76,5,4,22
47,77,5,0,18
47,78,5,0,0
48,0,5,0,10
48,1,5,0,12
48,2,5,0,4
48,3,5,0,11
48,4,5,0,17
48,5,5,0,11
48,6,5,0,21
48,7,5,0,1
48,8,5,4,4
48,9,5,4,3
48,10,4,0,13
48,11,4,0,18
48,12,1,4,7
48,13,1,4,5
48,14,1,4,9
48,15,1,4,3
48,16,4,0,7
48,17,1,4,8
48,18,4,0,18
48,19,4,6,4
48,20,4,6,4
48,21,4,6,4
48,22,4,10,0
48,23,10,0,6
48,24,4,10,24
48,25,4,0,24
48,26,5,4,6
48,27,5,0,8
48,28,5,0,23
48,29,5,0,21
48,30,5,0,16
48,31,5,0,10
48,32,5,0,18
48,33,5,0,11
48,34,5,0,0
48,35,5,0,23
48,36,5,0,18
48,37,5,0,3
48,38,5,0,1
48,39,5,0,1
48,40,5,0,16
48,41,5,0,17
48,42,5,0,8
48,43,5,0,16
48,44,5,0,2
48,45,5,0,19
48,46,5,0,15
48,47,5,0,23
48,48,5,0,6
48,49,5,0,20
48,50,5,0,1
48,51,5,0,1
48,52,5,0,4
48,53,5,0,21
48,54,5,0,12
48,55,5,0,9
48,56,5,4,0
48,57,4,0,11
48,58,4,10,10
48,59,4,10,23
48,60,1,4,9
48,61,1,0,1
48,62,1,0,9
48,63,1,0,22
48,64,1,0,15
48,65,1,0,19
48,66,1,4,5
48,67,1,4,11
48,68,1,4,4
48,69,1,4,4
48,70,1,4,4
48,71,1,4,17
48,72,4,0,9
48,73,4,0,5
48,74,4,0,22
48,75,4,0,24
48,76,5,4,24
48,77,5,0,9
48,78,5,0,18
49,0,5,0,1
49,1,5,0,12
49,2,5,0,19
49,3,5,0,20
49,4,5,0,19
49,5,5,0,19
49,6,5,0,17
49,7,5,0,17
49,8,5,0,0
49,9,5,4,1
49,10,4,0,24
49,11,4,0,2
49,12,1,4,8
49,13,1,4,6
49,14,1,0,24
49,15,1,4,18
49,16,4,0,14
49,17,4,0,18
49,18,4,0,2
49,19,4,0,24
49,20,4,0,7
49,21,4,0,8
49,22,4,10,2
49,23,4,10,11
49,24,4,0,11
49,25,4,0,8
49,26,5,4,24
49,27,5,0,5
49,28,5,0,22
49,29,5,0,14
49,30,5,0,6
49,31,5,0,4
49,32,5,0,1
49,33,5,0,0
49,34,5,0,11
49,35,5,0,3
49,36,5,0,10
49,37,5,0,12
49,38,5,0,11
49,39,5,0,11
49,40,5,0,20
49,41,5,0,6
49,42,5,0,1
49,43,5,0,9
49,44,5,0,18
49,45,5,0,19
49,46,5,0,15
49,47,5,0,19
49,48,5,0,7
49,49,5,0,20
49,50,5,0,11
49,51,5,0,4
49,52,5,0,10
49,53,5,0,5
49,54,5,0,24
49,55,5,0,21
49,56,5,4,18
49,57,4,10,0
49,58,10,0,3
49,59,4,10,24
49,60,1,0,4
49,61,1,0,17
49,62,1,0,5
49,63,1,0,1
49,64,1,0,4
49,65,1,4,0
49,66,1,4,6
49,67,1,0,9
49,68,1,0,13
49,69,1,0,20
49,70,1,0,19
49,71,1,4,3
49,72,4,0,18
49,73,4,0,23
49,74,4,0,6
49,75,5,4,6
49,76,5,0,7
49,77,5,0,22
49,78,5,0,11
50,0,5,0,15
50,1,5,0,20
50,2,5,0,8
50,3,5,0,0
50,4,5,0,23
50,5,5,0,5
50,6,5,0,7
50,7,5,0,4
50,8,5,0,18
50,9,5,4,1
50,10,4,0,9
50,11,4,0,5
50,12,4,0,10
50,13,1,4,22
50,14,1,4,13
50,15,4,0,9
50,16,4,0,7
50,17,4,0,16
50,18,4,0,20
50,19,4,0,3
50,20,4,0,14
50,21,4,0,19
50,22,4,10,4
50,23,4,0,18
50,24,4,0,3
50,25,5,4,6
50,26,5,4,20
50,27,5,4,20
50,28,5,0,0
50,29,5,0,11
50,30,5,0,3
50,31,5,0,24
50,32,5,0,14
50,33,5,0,6
50,34,5,0,19
50,35,5,0,10
50,36,5,0,12
50,37,5,0,11
50,38,5,0,1
50,39,5,0,22
50,40,5,0,17
50,41,5,0,13
50,42,5,0,21
50,43,5,0,8
50,44,5,0,22
50,45,5,0,18
50,46,5,0,6
50,47,5,0,9
50,48,5,0,6
50,49,5,0,7
50,50,5,0,4
50,51,5,0,12
50,52,5,0,12
50,53,5,0,24
50,54,5,0,16
50,55,5,4,15
50,56,4,0,23
50,57,4,10,3
50,58,4,10,19
50,59,1,0,19
50,60,1,0,9
50,61,1,0,4
50,62,1,0,10
50,63,1,0,24
50,64,1,0,3
50,65,1,4,18
50,66,1,4,23
50,67,1,0,1
50,68,1,0,10
50,69,1,0,18
50,70,1,0,2
50,71,1,4,3
50,72,4,0,7
50,73,4,0,0
50,74,4,0,17
50,75,5,4,23
50,76,5,0,1
50,77,5,0,14
50,78,5,0,11
51,0,5,0,4
51,1,5,0,2
51,2,5,0,6
51,3,5,0,16
51,4,5,0,7
51,5,5,0,4
51,6,5,0,8
51,7,5,0,23
51,8,5,0,20
51,9,5,4,2
51,10,5,4,16
51,11,5,4,16
51,12,4,0,11
51,13,1,4,8
51,14,5,4,16
51,15,5,4,16
51,16,4,0,4
51,17,4,0,3
51,18,1,4,16
51,19,1,4,16
51,20,1,4,16
51,21,4,0,3
51,22,4,0,23
51,23,4,0,3
51,24,4,0,23
51,25,5,4,8
51,26,5,4,8
51,27,5,4,21
51,28,5,0,13
51,29,5,0,10
51,30,5,0,8
51,31,5,0,23
51,32,5,0,22
51,33,5,0,9
51,34,5,0,6
51,35,5,0,10
51,36,5,0,16
51,37,5,0,7
51,38,5,0,24
51,39,5,0,22
51,40,5,0,16
51,41,5,0,8
51,42,5,0,16
51,43,5,0,6
51,44,5,0,21
51,45,5,0,13
51,46,5,0,3
51,47,5,0,20
51,48,5,0,3
51,49,5,0,23
51,50,5,0,5
51,51,5,0,15
51,52,5,0,1
51,53,5,0,8
51,54,5,4,0
51,55,4,0,4
51,56,4,0,12
51,57,4,10,4
51,58,1,4,7
51,59,1,0,19
51,60,1,0,7
51,61,1,0,13
51,62,1,0,6
51,63,1,0,0
51,64,1,4,0
51,65,4,0,3
51,66,1,4,7
51,67,1,4,20
51,68,1,4,20
51,69,1,4,20
51,70,1,0,0
51,71,1,4,18
51,72,4,0,19
51,73,1,4,16
51,74,4,0,4
51,75,5,4,24
51,76,5,0,23
51,77,5,0,18
51,78,5,0,24
52,0,5,0,23
52,1,5,0,11
52,2,5,0,5
52,3,5,0,10
52,4,5,0,2
52,5,5,0,14
52,6,5,0,5
52,7,5,0,13
52,8,5,0,15
52,9,5,4,4
52,10,5,4,4
52,11,5,4,3
52,12,4,0,16
52,13,5,4,9
52,14,5,4,4
52,15,5,4,18
52,16,4,0,18
52,17,1,4,14
52,18,1,4,4
52,19,1,4,4
52,20,1,4,17
52,21,1,4,16
52,22,1,4,16
52,23,4,0,10
52,24,4,0,11
52,25,4,0,22
52,26,4,0,17
52,27,5,4,24
52,28,5,0,21
52,29,5,0,4
52,30,5,0,10
52,31,5,0,24
52,32,5,0,20
52,33,5,0,24
52,34,5,0,12
52,35,5,0,14
52,36,5,0,1
52,37,5,0,2
52,38,5,0,4
52,39,5,0,0
52,40,5,0,14
52,41,5,0,17
52,42,5,0,4
52,43,5,0,13
52,44,5,0,10
52,45,5,0,14
52,46,5,0,17
52,47,5,0,14
52,48,5,0,7
52,49,5,0,16
52,50,5,0,22
52,51,5,0,17
52,52,5,0,18
52,53,5,0,0
52,54,5,4,18
52,55,4,0,20
52,56,4,0,24
52,57,4,0,22
52,58,1,4,7
52,59,1,0,5
52,60,1,4,20
52,61,1,4,20
52,62,1,4,20
52,63,1,0,12
52,64,1,4,1
52,65,4,0,24
52,66,1,4,8
52,67,1,4,8
52,68,1,4,8
52,69,1,4,24
52,70,1,4,0
52,71,1,4,16
52,72,1,4,19
52,73,1,4,17
52,74,5,4,6
52,75,5,0,2
52,76,5,0,17
52,77,5,0,0
52,78,5,0,15
53,0,5,0,19
53,1,5,0,24
53,2,5,0,4
53,3,5,0,22
53,4,5,0,24
53,5,5,0,24
53,6,5,0,6
53,7,5,0,4
53,8,5,0,7
53,9,5,0,15
53,10,5,0,11
53,11,5,4,17
53,12,5,4,14
53,13,5,0,6
53,14,5,4,0
53,15,4,0,12
53,16,1,4,6
53,17,1,0,3
53,18,1,0,14
53,19,1,0,20
53,20,1,4,4
53,21,1,4,4
53,22,1,4,2
53,23,1,4,16
53,24,4,0,2
53,25,4,0,14
53,26,5,4,6
53,27,5,0,6
53,28,5,0,13
53,29,5,0,8
53,30,5,0,0
53,31,5,0,22
53,32,5,0,15
53,33,5,0,3
53,34,5,0,19
53,35,5,0,1
53,36,5,0,9
53,37,5,0,21
53,38,5,0,3
53,39,5,0,11
53,40,5,0,14
53,41,5,0,23
53,42,5,0,9
53,43,5,0,17
53,44,5,0,20
53,45,5,0,6
53,46,5,0,2
53,47,5,0,1
53,48,5,0,19
53,49,5,0,16
53,50,5,0,12
53,51,5,0,16
53,52,5,0,2
53,53,5,4,0
53,54,4,0,7
53,55,4,0,13
53,56,4,0,12
53,57,4,0,20
53,58,1,4,21
53,59,1,4,5
53,60,1,4,8
53,61,1,4,8
53,62,1,4,23
53,63,1,0,0
53,64,1,4,2
53,65,4,0,10
53,66,1,4,16
53,67,4,0,6
53,68,1,4,6
53,69,1,0,15
53,70,1,4,4
53,71,1,4,4
53,72,1,0,3
53,73,1,4,18
53,74,5,4,24
53,75,5,0,5
53,76,5,0,9
53,77,5,0,21
53,78,5,0,6
54,0,5,0,5
54,1,5,0,2
54,2,5,0,9
54,3,5,0,14
54,4,5,0,11
54,5,5,0,12
54,6,5,0,4
54,7,5,0,2
54,8,5,0,20
54,9,5,0,21
54,10,5,0,3
54,11,5,4,4
54,12,5,0,1
54,13,5,0,2
54,14,5,4,18
54,15,4,0,22
54,16,1,4,24
54,17,1,0,22
54,18,1,0,15
54,19,1,0,10
54,20,1,0,7
54,21,1,0,4
54,22,1,4,4
54,23,1,4,2
54,24,4,0,5
54,25,4,0,24
54,26,5,4,24
54,27,5,0,13
54,28,5,0,1
54,29,5,0,15
54,30,5,0,11
54,31,5,0,8
54,32,5,0,13
54,33,5,0,22
54,34,5,0,3
54,35,5,0,21
54,36,5,0,6
54,37,5,0,14
54,38,5,0,19
54,39,5,0,9
54,40,5,0,23
54,41,5,0,22
54,42,5,0,4
54,43,5,0,23
54,44,5,0,20
54,45,5,0,8
54,46,5,0,0
54,47,5,0,18
54,48,5,0,5
54,49,5,0,0
54,50,5,0,23
54,51,5,0,15
54,52,5,0,4
54,53,5,4,18
54,54,4,0,12
54,55,4,0,21
54,56,4,0,4
54,57,4,0,14
54,58,1,4,8
54,59,4,0,13
54,60,4,0,10
54,61,4,0,3
54,62,1,4,7
54,63,1,0,22
54,64,1,4,18
54,65,1,4,14
54,66,1,4,3
54,67,4,0,9
54,68,1,4,24
54,69,1,0,17
54,70,1,0,20
54,71,1,0,22
54,72,1,4,0
54,73,5,4,6
54,74,5,0,0
54,75,5,0,0
54,76,5,0,13
54,77,5,0,4
54,78,5,0,17
55,0,5,0,19
55,1,5,0,9
55,2,5,0,10
55,3,5,0,0
55,4,5,0,21
55,5,5,0,10
55,6,5,0,19
55,7,5,0,22
55,8,5,0,14
55,9,5,0,14
55,10,5,0,22
55,11,5,0,23
55,12,5,0,0
55,13,5,4,0
55,14,4,0,17
55,15,1,4,9
55,16,1,0,17
55,17,1,0,13
55,18,1,0,19
55,19,1,0,2
55,20,1,0,14
55,21,1,0,24
55,22,1,0,4
55,23,1,4,18
55,24,4,0,9
55,25,5,4,11
55,26,5,0,4
55,27,5,0,20
55,28,5,0,7
55,29,5,0,6
55,30,5,0,2
55,31,5,0,3
55,32,5,0,10
55,33,5,0,3
55,34,5,0,14
55,35,5,0,17
55,36,5,0,23
55,37,5,0,8
55,38,5,0,2
55,39,5,0,10
55,40,5,0,16
55,41,5,0,17
55,42,5,0,23
55,43,5,0,17
55,44,5,0,20
55,45,5,0,0
55,46,5,0,14
55,47,5,0,22
55,48,5,0,20
55,49,5,0,8
55,50,5,0,14
55,51,5,0,24
55,52,5,4,0
55,53,5,4,16
55,54,5,4,16
55,55,4,0,10
55,56,4,0,4
55,57,4,0,17
55,58,4,0,7
55,59,4,0,21
55,60,1,4,16
55,61,4,0,13
55,62,1,4,7
55,63,1,4,13
55,64,1,4,19
55,65,1,0,6
55,66,4,10,20
55,67,4,10,20
55,68,4,10,20
55,69,1,0,23
55,70,1,0,16
55,71,1,0,13
55,72,1,4,18
55,73,5,4,23
55,74,5,0,2
55,75,5,0,24
55,76,5,0,16
55,77,5,0,12
55,78,5,0,5
56,0,5,0,17
56,1,5,0,14
56,2,5,0,24
56,3,5,0,21
56,4,5,0,16
56,5,5,0,7
56,6,5,0,5
56,7,5,0,3
56,8,5,0,4
56,9,5,0,4
56,10,5,0,5
56,11,5,0,18
56,12,5,0,17
56,13,5,4,18
56,14,1,4,6
56,15,1,0,12
56,16,1,0,8
56,17,1,0,8
56,18,1,0,16
56,19,1,4,20
56,20,1,4,20
56,21,1,0,4
56,22,1,4,13
56,23,4,0,12
56,24,5,4,9
56,25,5,0,13
56,26,5,0,24
56,27,5,0,16
56,28,5,0,3
56,29,5,0,0
56,30,5,0,3
56,31,5,0,23
56,32,5,0,20
56,33,5,0,15
56,34,5,0,12
56,35,5,0,18
56,36,5,0,23
56,37,5,0,20
56,38,5,0,18
56,39,5,0,6
56,40,5,0,2
56,41,5,0,22
56,42,5,0,4
56,43,5,0,3
56,44,5,0,20
56,45,5,0,8
56,46,5,0,24
56,47,5,0,11
56,48,5,0,17
56,49,5,0,2
56,50,5,0,4
56,51,5,0,9
56,52,5,4,4
56,53,5,4,4
56,54,5,4,3
56,55,4,0,18
56,56,4,0,17
56,57,4,0,21
56,58,4,0,23
56,59,1,4,19
56,60,4,10,20
56,61,4,10,20
56,62,1,4,8
56,63,1,4,19
56,64,1,0,0
56,65,4,10,13
56,66,4,10,8
56,67,4,10,8
56,68,4,10,23
56,69,1,4,20
56,70,1,4,20
56,71,1,4,15
56,72,4,0,20
56,73,5,4,22
56,74,5,0,12
56,75,5,0,6
56,76,5,0,18
56,77,5,0,1
56,78,5,0,11
57,0,5,0,4
57,1,5,0,15
57,2,5,0,1
57,3,5,0,18
57,4,5,0,20
57,5,5,0,2
57,6,5,0,4
57,7,5,0,19
57,8,5,0,4
57,9,5,0,5
57,10,5,0,19
57,11,5,0,2
57,12,5,4,0
57,13,4,0,10
57,14,1,4,23
57,15,1,0,21
57,16,1,0,3
57,17,1,0,6
57,18,1,4,13
57,19,1,4,8
57,20,1,4,22
57,21,1,4,15
57,22,4,0,22
57,23,5,4,14
57,24,5,0,17
57,25,5,0,20
57,26,5,0,6
57,27,5,0,22
57,28,5,0,2
57,29,5,0,23
57,30,5,0,0
57,31,5,0,1
57,32,5,0,0
57,33,5,0,23
57,34,5,0,14
57,35,5,0,10
57,36,5,0,15
57,37,5,0,4
57,38,5,0,5
57,39,5,0,2
57,40,5,0,23
57,41,5,0,14
57,42,5,0,21
57,43,5,0,7
57,44,5,0,3
57,45,5,0,19
57,46,5,0,12
57,47,5,0,20
57,48,5,0,5
57,49,5,0,3
57,50,5,0,4
57,51,5,0,24
57,52,5,0,5
57,53,5,0,0
57,54,5,4,3
57,55,4,0,8
57,56,4,0,6
57,57,4,0,24
57,58,4,10,20
57,59,4,10,13
57,60,4,10,8
57,61,4,10,21
57,62,1,4,6
57,63,1,0,2
57,64,4,10,13
57,65,10,0,17
57,66,10,0,24
57,67,10,0,13
57,68,4,10,21
57,69,1,4,8
57,70,1,4,8
57,71,1,4,16
57,72,4,0,18
57,73,5,4,21
57,74,5,0,15
57,75,5,0,7
57,76,5,4,20
57,77,5,0,10
57,78,5,0,17
58,0,5,0,6
58,1,5,0,1
58,2,5,0,12
58,3,5,0,8
58,4,5,0,20
58,5,5,0,6
58,6,5,0,5
58,7,5,0,2
58,8,5,0,6
58,9,5,0,17
58,10,5,0,17
58,11,5,0,22
58,12,5,4,18
58,13,4,0,11
58,14,1,4,24
58,15,1,0,6
58,16,1,0,5
58,17,1,4,10
58,18,4,0,19
58,19,4,0,10
58,20,1,4,8
58,21,4,0,4
58,22,5,4,11
58,23,5,0,17
58,24,5,0,16
58,25,5,0,15
58,26,5,0,9
58,27,5,0,12
58,28,5,0,19
58,29,5,0,5
58,30,5,0,15
58,31,5,0,22
58,32,5,0,8
58,33,5,0,24
58,34,5,0,13
58,35,5,0,14
58,36,5,0,0
58,37,5,0,3
58,38,5,0,15
58,39,5,0,0
58,40,5,0,4
58,41,5,0,11
58,42,5,0,5
58,43,5,0,23
58,44,5,0,15
58,45,5,0,13
58,46,5,0,13
58,47,5,0,24
58,48,5,0,3
58,49,5,0,23
58,50,5,0,17
58,51,5,0,7
58,52,5,0,24
58,53,5,0,5
58,54,5,4,18
58,55,4,0,14
58,56,4,0,8
58,57,4,10,15
58,58,4,10,8
58,59,10,0,15
58,60,10,0,10
58,61,4,10,21
58,62,4,10,20
58,63,4,10,5
58,64,10,0,1
58,65,4,10,16
58,66,4,10,16
58,67,10,0,7
58,68,4,10,24
58,69,4,0,1
58,70,1,4,14
58,71,1,4,1
58,72,4,0,0
58,73,5,4,7
58,74,5,4,20
58,75,5,4,10
58,76,5,4,22
58,77,5,0,3
58,78,5,0,8
59,0,5,0,10
59,1,5,0,17
59,2,5,0,24
59,3,5,0,18
59,4,5,0,22
59,5,5,0,7
59,6,5,0,22
59,7,5,0,15
59,8,5,0,2
59,9,5,0,7
59,10,5,0,10
59,11,5,4,10
59,12,4,0,18
59,13,1,4,6
59,14,1,0,19
59,15,1,0,21
59,16,1,4,13
59,17,4,0,24
59,18,5,4,16
59,19,5,4,16
59,20,5,4,16
59,21,5,4,11
59,22,5,0,15
59,23,5,0,20
59,24,5,0,8
59,25,5,0,9
59,26,5,0,4
59,27,5,0,0
59,28,5,0,2
59,29,5,0,8
59,30,5,0,6
59,31,5,0,0
59,32,5,0,14
59,33,5,0,4
59,34,5,0,18
59,35,5,0,16
59,36,5,0,13
59,37,5,0,9
59,38,5,0,7
59,39,5,0,9
59,40,5,0,15
59,41,5,0,11
59,42,5,0,22
59,43,5,0,21
59,44,5,0,1
59,45,5,0,15
59,46,5,0,11
59,47,5,0,12
59,48,5,0,6
59,49,5,0,21
59,50,5,0,12
59,51,5,0,2
59,52,5,0,5
59,53,5,4,10
59,54,4,0,21
59,55,4,0,6
59,56,4,10,0
59,57,10,0,12
59,58,10,0,23
59,59,10,0,19
59,60,10,0,22
59,61,4,10,8
59,62,4,10,8
59,63,10,0,13
59,64,4,10,14
59,65,4,10,4
59,66,4,10,18
59,67,10,1,0
59,68,4,0,11
59,69,1,4,11
59,70,1,0,17
59,71,1,4,18
59,72,4,0,16
59,73,5,4,8
59,74,5,4,8
59,75,4,0,10
59,76,5,4,7
59,77,5,4,20
59,78,5,0,11
60,0,5,0,4
60,1,5,0,17
60,2,5,0,2
60,3,5,0,16
60,4,5,0,20
60,5,5,0,17
60,6,5,0,15
60,7,5,0,11
60,8,5,0,17
60,9,5,0,19
60,10,5,4,15
60,11,4,0,7
60,12,1,4,16
60,13,1,4,24
60,14,1,0,12
60,15,1,4,0
60,16,4,0,9
60,17,5,4,19
60,18,5,4,4
60,19,5,4,4
60,20,5,4,4
60,21,5,0,12
60,22,5,0,15
60,23,5,0,24
60,24,5,0,17
60,25,5,0,7
60,26,5,0,24
60,27,5,0,5
60,28,5,0,0
60,29,5,0,4
60,30,5,0,7
60,31,5,0,21
60,32,5,0,3
60,33,5,0,3
60,34,5,0,8
60,35,5,0,1
60,36,5,0,6
60,37,5,0,19
60,38,5,0,10
60,39,5,0,20
60,40,5,0,18
60,41,5,0,0
60,42,5,0,18
60,43,5,0,17
60,44,5,0,23
60,45,5,0,18
60,46,5,0,12
60,47,5,0,16
60,48,5,0,8
60,49,5,0,20
60,50,5,0,19
60,51,5,0,11
60,52,5,4,13
60,53,4,0,3
60,54,4,0,2
60,55,1,4,19
60,56,4,10,18
60,57,10,0,11
60,58,4,10,16
60,59,4,10,16
60,60,10,0,2
60,61,10,0,15
60,62,10,0,12
60,63,4,10,14
60,64,1,4,16
60,65,10,1,6
60,66,10,0,10
60,67,10,1,17
60,68,1,4,6
60,69,1,0,18
60,70,1,4,10
60,71,4,0,12
60,72,4,0,22
60,73,4,0,11
60,74,4,0,1
60,75,4,0,9
60,76,1,4,16
60,77,5,4,21
60,78,5,0,14
61,0,5,0,17
61,1,5,0,6
61,2,5,0,3
61,3,5,0,14
61,4,5,0,13
61,5,5,0,15
61,6,5,0,11
61,7,5,0,18
61,8,5,0,1
61,9,5,4,13
61,10,4,0,17
61,11,1,4,11
61,12,1,4,4
61,13,1,0,10
61,14,1,0,19
61,15,1,4,18
61,16,5,4,9
61,17,5,0,14
61,18,5,0,17
61,19,5,0,9
61,20,5,0,11
61,21,5,0,9
61,22,5,0,2
61,23,5,0,3
61,24,5,0,20
61,25,5,0,22
61,26,5,0,3
61,27,5,0,12
61,28,5,0,19
61,29,5,0,11
61,30,5,0,9
61,31,5,0,4
61,32,5,0,22
61,33,5,0,9
61,34,5,0,4
61,35,5,0,1
61,36,5,0,14
61,37,5,0,16
61,38,5,0,16
61,39,5,0,23
61,40,5,0,9
61,41,5,0,14
61,42,5,0,24
61,43,5,0,6
61,44,5,0,21
61,45,5,0,13
61,46,5,0,18
61,47,5,0,22
61,48,5,0,8
61,49,5,0,5
61,50,5,4,20
61,51,5,4,5
61,52,4,0,14
61,53,4,0,4
61,54,1,4,14
61,55,10,1,19
61,56,10,0,4
61,57,4,10,19
61,58,4,10,4
61,59,4,10,1
61,60,4,10,16
61,61,4,10,16
61,62,4,10,14
61,63,1,4,19
61,64,1,4,3
61,65,10,1,7
61,66,10,0,18
61,67,10,1,3
61,68,1,4,22
61,69,1,4,13
61,70,4,0,7
61,71,4,0,18
61,72,4,0,3
61,73,1,4,16
61,74,4,0,6
61,75,1,4,9
61,76,1,4,2
61,77,5,4,7
61,78,5,0,10
62,0,5,0,13
62,1,5,0,22
62,2,5,0,10
62,3,5,0,11
62,4,5,0,22
62,5,5,0,13
62,6,5,0,5
62,7,5,0,6
62,8,5,4,13
62,9,4,0,12
62,10,1,4,6
62,11,1,0,6
62,12,1,0,23
62,13,1,0,0
62,14,1,4,15
62,15,5,4,14
62,16,5,0,15
62,17,5,0,0
62,18,5,0,23
62,19,5,0,12
62,20,5,0,9
62,21,5,0,6
62,22,5,0,14
62,23,5,0,22
62,24,5,0,4
62,25,5,0,10
62,26,5,0,13
62,27,5,0,0
62,28,5,0,21
62,29,5,0,19
62,30,5,0,4
62,31,5,0,0
62,32,5,0,3
62,33,5,0,12
62,34,5,0,13
62,35,5,0,17
62,36,5,0,9
62,37,5,0,17
62,38,5,0,21
62,39,5,0,1
62,40,5,0,18
62,41,5,0,12
62,42,5,0,10
62,43,5,0,22
62,44,5,0,20
62,45,5,0,1
62,46,5,0,9
62,47,5,0,4
62,48,5,0,20
62,49,5,4,13
62,50,5,4,8
62,51,4,0,3
62,52,4,0,19
62,53,1,4,9
62,54,10,1,6
62,55,10,0,5
62,56,4,10,11
62,57,1,0,23
62,58,1,4,17
62,59,4,10,4
62,60,4,10,4
62,61,4,10,4
62,62,1,4,6
62,63,1,0,0
62,64,1,4,18
62,65,10,1,22
62,66,10,0,9
62,67,10,1,18
62,68,1,4,8
62,69,4,0,15
62,70,4,0,24
62,71,4,0,8
62,72,1,4,9
62,73,1,4,1
62,74,1,4,6
62,75,1,0,6
62,76,1,4,18
62,77,5,4,7
62,78,5,0,8
63,0,5,0,11
63,1,5,0,3
63,2,5,0,14
63,3,5,0,18
63,4,5,0,8
63,5,5,0,23
63,6,5,0,11
63,7,5,4,0
63,8,4,0,6
63,9,4,0,1
63,10,1,4,23
63,11,1,0,10
63,12,1,0,16
63,13,1,4,10
63,14,5,4,6
63,15,5,0,6
63,16,5,0,0
63,17,5,0,14
63,18,5,0,17
63,19,5,0,24
63,20,5,0,1
63,21,5,0,18
63,22,5,0,12
63,23,5,0,2
63,24,5,0,15
63,25,5,0,24
63,26,5,0,1
63,27,5,0,19
63,28,5,0,14
63,29,5,0,22
63,30,5,0,14
63,31,5,0,21
63,32,5,0,13
63,33,5,0,14
63,34,5,0,5
63,35,5,0,22
63,36,5,0,12
63,37,5,0,6
63,38,5,0,3
63,39,5,0,12
63,40,5,0,19
63,41,5,0,5
63,42,5,0,22
63,43,5,0,18
63,44,5,0,3
63,45,5,0,13
63,46,5,0,8
63,47,5,0,21
63,48,5,4,5
63,49,4,0,17
63,50,4,0,22
63,51,4,0,6
63,52,1,4,9
63,53,1,0,1
63,54,10,1,24
63,55,10,1,0
63,56,1,4,23
63,57,1,0,22
63,58,1,4,3
63,59,1,4,8
63,60,4,0,5
63,61,4,0,20
63,62,1,4,22
63,63,1,4,10
63,64,4,0,16
63,65,10,1,24
63,66,10,1,0
63,67,4,0,15
63,68,4,0,1
63,69,4,0,9
63,70,4,0,4
63,71,1,4,6
63,72,1,0,11
63,73,1,4,2
63,74,1,4,16
63,75,1,4,16
63,76,4,0,19
63,77,5,4,24
63,78,5,0,22
64,0,5,0,14
64,1,5,0,23
64,2,5,0,12
64,3,5,0,10
64,4,5,0,18
64,5,5,0,19
64,6,5,0,0
64,7,5,4,2
64,8,4,0,5
64,9,4,0,7
64,10,1,4,7
64,11,1,0,5
64,12,1,4,15
64,13,4,0,14
64,14,5,4,24
64,15,5,0,5
64,16,5,0,3
64,17,5,0,2
64,18,5,0,10
64,19,5,0,24
64,20,5,0,12
64,21,5,0,19
64,22,5,0,23
64,23,5,0,8
64,24,5,0,16
64,25,5,0,22
64,26,5,0,13
64,27,5,0,7
64,28,5,0,3
64,29,5,0,16
64,30,5,0,23
64,31,5,0,23
64,32,5,0,24
64,33,5,0,6
64,34,5,0,13
64,35,5,0,14
64,36,5,0,0
64,37,5,0,15
64,38,5,0,4
64,39,5,0,9
64,40,5,0,12
64,41,5,0,23
64,42,5,0,14
64,43,5,0,15
64,44,5,0,6
64,45,5,0,22
64,46,5,0,15
64,47,5,4,5
64,48,4,0,10
64,49,4,0,24
64,50,4,0,21
64,51,1,4,11
64,52,10,1,16
64,53,10,1,9
64,54,10,0,14
64,55,10,1,18
64,56,1,4,22
64,57,1,0,18
64,58,1,4,17
64,59,4,0,6
64,60,4,0,21
64,61,1,4,19
64,62,1,4,8
64,63,4,0,3
64,64,10,1,6
64,65,10,0,6
64,66,4,10,7
64,67,4,0,2
64,68,4,0,19
64,69,1,4,16
64,70,4,0,18
64,71,1,4,23
64,72,1,0,4
64,73,1,4,4
64,74,1,4,4
64,75,1,4,3
64,76,5,4,6
64,77,5,0,16
64,78,5,0,13
65,0,5,0,13
65,1,5,0,11
65,2,5,0,7
65,3,5,0,10
65,4,5,0,5
65,5,5,0,12
65,6,5,0,23
65,7,5,4,2
65,8,4,0,11
65,9,4,0,8
65,10,1,4,21
65,11,1,4,13
65,12,4,0,8
65,13,5,4,6
65,14,5,0,5
65,15,5,0,10
65,16,5,0,20
65,17,5,0,2
65,18,5,0,15
65,19,5,0,16
65,20,5,0,19
65,21,5,0,1
65,22,5,0,2
65,23,5,0,8
65,24,5,0,15
65,25,5,0,11
65,26,5,0,14
65,27,5,0,19
65,28,5,0,8
65,29,5,0,15
65,30,5,0,5
65,31,5,0,12
65,32,5,0,19
65,33,5,0,14
65,34,5,0,14
65,35,5,0,23
65,36,5,0,14
65,37,5,0,2
65,38,5,0,23
65,39,5,0,0
65,40,5,0,1
65,41,5,0,16
65,42,5,0,24
65,43,5,0,7
65,44,5,0,22
65,45,5,0,11
65,46,5,4,5
65,47,4,0,6
65,48,4,0,9
65,49,4,0,24
65,50,10,1,16
65,51,10,1,9
65,52,10,1,4
65,53,10,0,12
65,54,10,1,13
65,55,4,0,6
65,56,1,4,21
65,57,1,0,4
65,58,1,4,17
65,59,1,4,16
65,60,1,4,14
65,61,1,0,21
65,62,1,4,18
65,63,4,0,5
65,64,10,1,23
65,65,10,0,7
65,66,4,10,21
65,67,1,4,16
65,68,1,4,19
65,69,1,4,1
65,70,4,0,5
65,71,1,4,7
65,72,1,0,1
65,73,1,0,3
65,74,1,0,6
65,75,1,4,18
65,76,5,4,21
65,77,5,0,8
65,78,5,0,20
66,0,5,0,24
66,1,5,0,15
66,2,5,0,20
66,3,5,0,21
66,4,5,0,18
66,5,5,0,23
66,6,5,0,24
66,7,5,4,18
66,8,4,0,11
66,9,4,0,9
66,10,1,4,8
66,11,4,0,2
66,12,4,0,20
66,13,5,4,22
66,14,5,0,4
66,15,5,0,22
66,16,5,0,6
66,17,5,0,14
66,18,5,0,24
66,19,5,0,12
66,20,5,0,19
66,21,5,0,12
66,22,5,0,21
66,23,5,0,6
66,24,5,0,21
66,25,5,0,23
66,26,5,0,15
66,27,5,0,16
66,28,5,0,6
66,29,5,0,23
66,30,5,0,0
66,31,5,0,23
66,32,5,0,9
66,33,5,0,24
66,34,5,0,20
66,35,5,0,3
66,36,5,0,13
66,37,5,0,22
66,38,5,0,15
66,39,5,0,8
66,40,5,0,6
66,41,5,0,21
66,42,5,0,12
66,43,5,0,11
66,44,5,0,17
66,45,5,4,15
66,46,10,1,16
66,47,10,1,16
66,48,10,1,16
66,49,10,1,11
66,50,10,1,4
66,51,10,0,17
66,52,10,0,24
66,53,10,1,5
66,54,4,0,10
66,55,4,0,12
66,56,1,4,21
66,57,1,0,14
66,58,1,4,4
66,59,1,4,4
66,60,1,0,5
66,61,1,4,0
66,62,1,4,16
66,63,1,4,9
66,64,4,10,3
66,65,10,0,10
66,66,4,10,24
66,67,1,4,4
66,68,1,0,24
66,69,1,4,17
66,70,4,0,11
66,71,1,4,21
66,72,1,0,13
66,73,1,4,20
66,74,1,4,13
66,75,4,0,1
66,76,5,4,24
66,77,5,0,5
66,78,5,0,10
67,0,5,0,20
67,1,5,0,17
67,2,5,0,19
67,3,5,0,1
67,4,5,0,5
67,5,5,0,4
67,6,5,4,0
67,7,4,0,18
67,8,4,0,2
67,9,4,0,24
67,10,5,4,16
67,11,5,4,16
67,12,4,0,20
67,13,5,4,21
67,14,5,0,9
67,15,5,0,6
67,16,5,0,9
67,17,5,0,8
67,18,5,0,1
67,19,5,0,8
67,20,5,0,1
67,21,5,0,1
67,22,5,0,23
67,23,5,0,0
67,24,5,0,23
67,25,5,0,10
67,26,5,0,16
67,27,5,0,3
67,28,5,0,16
67,29,5,0,7
67,30,5,0,18
67,31,5,0,5
67,32,5,0,10
67,33,5,0,12
67,34,5,0,7
67,35,5,0,21
67,36,5,0,23
67,37,5,0,3
67,38,5,0,21
67,39,5,0,18
67,40,5,0,19
67,41,5,0,17
67,42,5,0,14
67,43,5,0,15
67,44,5,4,15
67,45,10,1,14
67,46,10,1,4
67,47,10,1,4
67,48,10,1,4
67,49,10,0,5
67,50,10,0,5
67,51,10,0,6
67,52,10,1,15
67,53,4,0,24
67,54,1,4,16
67,55,1,4,16
67,56,1,4,23
67,57,1,0,6
67,58,1,0,4
67,59,1,0,22
67,60,1,0,11
67,61,1,4,4
67,62,1,4,4
67,63,1,0,21
67,64,4,10,18
67,65,4,10,6
67,66,1,0,22
67,67,1,0,14
67,68,4,10,20
67,69,1,4,18
67,70,4,0,3
67,71,1,4,24
67,72,1,4,0
67,73,1,4,8
67,74,4,0,21
67,75,5,4,19
67,76,5,0,3
67,77,5,0,16
67,78,5,0,10
68,0,5,0,21
68,1,5,0,1
68,2,5,0,19
68,3,5,0,5
68,4,5,0,0
68,5,5,0,0
68,6,5,4,1
68,7,5,4,16
68,8,4,0,23
68,9,5,4,14
68,10,5,4,4
68,11,5,4,2
68,12,4,0,14
68,13,5,4,24
68,14,5,0,9
68,15,5,0,15
68,16,5,0,13
68,17,5,0,13
68,18,5,0,3
68,19,5,0,9
68,20,5,0,17
68,21,5,0,16
68,22,5,0,7
68,23,5,0,3
68,24,5,0,0
68,25,5,0,10
68,26,5,0,14
68,27,5,0,23
68,28,5,0,4
68,29,5,0,6
68,30,5,0,11
68,31,5,0,10
68,32,5,0,18
68,33,5,0,3
68,34,5,0,8
68,35,5,0,13
68,36,5,0,8
68,37,5,0,16
68,38,5,0,9
68,39,5,0,6
68,40,5,0,16
68,41,5,0,9
68,42,5,0,13
68,43,5,4,5
68,44,10,1,14
68,45,10,0,7
68,46,10,0,5
68,47,10,0,0
68,48,10,0,10
68,49,10,1,20
68,50,10,1,20
68,51,10,1,10
68,52,4,0,18
68,53,1,4,9
68,54,1,4,4
68,55,1,4,3
68,56,1,4,23
68,57,1,4,20
68,58,1,4,20
68,59,1,0,18
68,60,1,0,16
68,61,1,0,6
68,62,1,0,17
68,63,4,10,0
68,64,10,0,11
68,65,4,10,22
68,66,4,10,20
68,67,4,10,10
68,68,4,10,21
68,69,4,10,20
68,70,1,4,6
68,71,1,0,9
68,72,1,4,18
68,73,4,0,20
68,74,5,4,6
68,75,5,0,3
68,76,5,0,0
68,77,5,0,23
68,78,5,0,16
69,0,5,0,17
69,1,5,0,6
69,2,5,0,14
69,3,5,0,8
69,4,5,0,20
69,5,5,0,1
69,6,5,4,4
69,7,5,4,1
69,8,5,4,14
69,9,5,0,21
69,10,5,0,8
69,11,5,4,3
69,12,5,4,19
69,13,5,0,23
69,14,5,0,20
69,15,5,0,9
69,16,5,0,23
69,17,5,0,10
69,18,5,0,24
69,19,5,0,15
69,20,5,0,13
69,21,5,0,24
69,22,5,0,3
69,23,5,0,6
69,24,5,0,0
69,25,5,0,22
69,26,5,0,9
69,27,5,0,11
69,28,5,0,14
69,29,5,0,8
69,30,5,0,14
69,31,5,0,9
69,32,5,0,18
69,33,5,4,20
69,34,5,0,8
69,35,5,0,2
69,36,5,0,20
69,37,5,0,13
69,38,5,0,23
69,39,5,0,4
69,40,5,0,21
69,41,5,0,18
69,42,5,4,5
69,43,10,1,11
69,44,10,0,18
69,45,10,0,8
69,46,10,0,20
69,47,10,0,6
69,48,10,1,5
69,49,10,1,8
69,50,10,1,8
69,51,4,0,14
69,52,1,4,6
69,53,1,0,13
69,54,1,0,0
69,55,1,4,18
69,56,1,4,8
69,57,1,4,8
69,58,1,4,21
69,59,1,0,18
69,60,1,0,13
69,61,1,0,17
69,62,1,4,20
69,63,4,10,3
69,64,10,0,13
69,65,4,10,8
69,66,4,10,8
69,67,10,0,16
69,68,4,10,8
69,69,4,10,7
69,70,1,4,24
69,71,1,4,0
69,72,4,10,20
69,73,4,0,2
69,74,5,4,24
69,75,5,0,5
69,76,5,0,16
69,77,5,0,9
69,78,5,0,24
70,0,5,0,18
70,1,5,0,21
70,2,5,0,22
70,3,5,0,17
70,4,5,0,18
70,5,5,0,15
70,6,5,0,2
70,7,5,4,4
70,8,5,0,8
70,9,5,0,18
70,10,5,0,19
70,11,5,4,4
70,12,5,0,6
70,13,5,0,13
70,14,5,0,16
70,15,5,0,9
70,16,5,0,13
70,17,5,0,11
70,18,5,0,15
70,19,5,0,14
70,20,5,0,8
70,21,5,0,11
70,22,5,0,22
70,23,5,0,11
70,24,5,0,9
70,25,5,0,12
70,26,5,0,24
70,27,5,0,18
70,28,5,0,5
70,29,5,0,9
70,30,5,0,5
70,31,5,0,3
70,32,5,4,13
70,33,5,4,23
70,34,5,4,20
70,35,5,4,20
70,36,5,0,11
70,37,5,0,9
70,38,5,0,3
70,39,5,0,3
70,40,5,4,20
70,41,5,4,13
70,42,10,1,14
70,43,10,0,20
70,44,10,1,20
70,45,10,1,20
70,46,10,1,20
70,47,10,1,13
70,48,4,0,7
70,49,5,4,16
70,50,5,4,16
70,51,4,0,20
70,52,1,4,21
70,53,1,0,20
70,54,1,4,0
70,55,4,0,11
70,56,4,0,20
70,57,4,0,22
70,58,1,4,7
70,59,1,0,4
70,60,1,0,3
70,61,1,4,10
70,62,1,4,8
70,63,4,10,1
70,64,10,0,19
70,65,10,0,1
70,66,10,0,13
70,67,10,0,20
70,68,10,0,5
70,69,4,10,23
70,70,4,10,20
70,71,4,10,5
70,72,4,10,7
70,73,5,4,6
70,74,5,0,3
70,75,5,0,16
70,76,5,0,6
70,77,5,0,9
70,78,5,0,3
71,0,5,0,15
71,1,5,0,13
71,2,5,0,17
71,3,5,0,20
71,4,5,0,11
71,5,5,0,23
71,6,5,0,6
71,7,5,0,22
71,8,5,0,7
71,9,5,0,8
71,10,5,0,17
71,11,5,0,16
71,12,5,0,9
71,13,5,0,5
71,14,5,0,21
71,15,5,0,19
71,16,5,0,9
71,17,5,0,13
71,18,5,0,22
71,19,5,0,18
71,20,5,0,16
71,21,5,0,19
71,22,5,0,22
71,23,5,0,10
71,24,5,0,21
71,25,5,0,12
71,26,5,0,19
71,27,5,0,9
71,28,5,0,11
71,29,5,0,2
71,30,5,0,10
71,31,5,4,0
71,32,4,0,14
71,33,5,4,8
71,34,5,4,8
71,35,5,4,21
71,36,5,4,20
71,37,5,0,8
71,38,5,0,5
71,39,5,4,5
71,40,5,4,8
71,41,10,1,6
71,42,10,0,14
71,43,10,1,15
71,44,10,1,8
71,45,10,1,8
71,46,10,1,8
71,47,4,0,1
71,48,5,4,14
71,49,5,4,4
71,50,5,4,2
71,51,4,0,0
71,52,1,4,23
71,53,1,0,9
71,54,1,4,17
71,55,1,4,16
71,56,4,0,22
71,57,4,0,16
71,58,1,4,24
71,59,1,0,8
71,60,1,4,0
71,61,4,0,8
71,62,1,4,16
71,63,4,10,2
71,64,4,10,16
71,65,4,10,16
71,66,4,10,16
71,67,4,10,16
71,68,10,0,15
71,69,4,10,8
71,70,4,10,8
71,71,10,0,18
71,72,4,10,24
71,73,5,4,22
71,74,5,0,0
71,75,5,0,13
71,76,5,0,17
71,77,5,0,2
71,78,5,0,22
72,0,5,0,1
72,1,5,0,23
72,2,5,0,16
72,3,5,0,18
72,4,5,0,17
72,5,5,0,0
72,6,5,0,21
72,7,5,0,14
72,8,5,0,7
72,9,5,0,4
72,10,5,0,10
72,11,5,0,22
72,12,5,0,21
72,13,5,0,12
72,14,5,0,11
72,15,5,0,7
72,16,5,0,4
72,17,5,0,13
72,18,5,0,12
72,19,5,0,8
72,20,5,0,18
72,21,5,0,8
72,22,5,0,5
72,23,5,0,1
72,24,5,0,22
72,25,5,0,20
72,26,5,0,4
72,27,5,0,9
72,28,5,0,20
72,29,5,0,15
72,30,5,0,4
72,31,5,4,18
72,32,4,0,13
72,33,4,0,23
72,34,4,0,23
72,35,5,4,8
72,36,5,4,22
72,37,5,4,20
72,38,5,4,5
72,39,4,0,16
72,40,4,0,17
72,41,10,1,24
72,42,10,1,0
72,43,1,4,15
72,44,4,0,10
72,45,4,0,5
72,46,4,0,6
72,47,5,4,19
72,48,5,0,7
72,49,5,0,10
72,50,5,4,3
72,51,4,0,18
72,52,1,4,21
72,53,1,0,16
72,54,1,4,4
72,55,1,4,3
72,56,4,0,2
72,57,1,4,6
72,58,1,0,15
72,59,1,0,8
72,60,1,4,18
72,61,1,4,14
72,62,1,4,1
72,63,4,10,4
72,64,4,10,4
72,65,4,10,4
72,66,4,10,4
72,67,4,10,1
72,68,10,0,13
72,69,10,0,6
72,70,10,0,24
72,71,4,10,6
72,72,4,0,9
72,73,5,4,23
72,74,5,0,15
72,75,5,0,13
72,76,5,0,4
72,77,5,0,11
72,78,5,0,9
73,0,5,0,9
73,1,5,0,14
73,2,5,0,0
73,3,5,0,4
73,4,5,0,4
73,5,5,0,13
73,6,5,0,4
73,7,5,0,11
73,8,5,0,11
73,9,5,0,22
73,10,5,0,15
73,11,5,0,9
73,12,5,0,9
73,13,5,0,23
73,14,5,0,18
73,15,5,0,7
73,16,5,0,14
73,17,5,0,22
73,18,5,0,1
73,19,5,0,13
73,20,5,0,21
73,21,5,0,4
73,22,5,0,15
73,23,5,0,23
73,24,5,0,22
73,25,5,0,22
73,26,5,0,16
73,27,5,0,4
73,28,5,0,20
73,29,5,0,4
73,30,5,4,0
73,31,4,0,11
73,32,4,0,2
73,33,4,0,3
73,34,1,4,16
73,35,4,0,14
73,36,5,4,8
73,37,5,4,8
73,38,4,0,12
73,39,4,0,18
73,40,10,1,14
73,41,10,0,7
73,42,10,1,18
73,43,5,4,16
73,44,5,4,16
73,45,5,4,16
73,46,5,4,14
73,47,5,0,9
73,48,5,0,10
73,49,5,0,8
73,50,5,4,3
73,51,4,0,7
73,52,1,4,21
73,53,1,0,16
73,54,1,0,14
73,55,1,4,1
73,56,4,0,18
73,57,1,4,24
73,58,1,0,13
73,59,1,4,0
73,60,1,4,6
73,61,1,0,21
73,62,1,4,18
73,63,1,4,4
73,64,1,0,0
73,65,1,4,5
73,66,1,4,14
73,67,4,10,17
73,68,10,0,21
73,69,10,0,6
73,70,10,0,19
73,71,4,10,24
73,72,4,0,24
73,73,5,4,24
73,74,5,0,10
73,75,5,0,7
73,76,5,0,19
73,77,5,0,18
73,78,5,0,17
74,0,5,0,20
74,1,5,0,20
74,2,5,0,4
74,3,5,0,20
74,4,5,0,5
74,5,5,0,14
74,6,5,0,16
74,7,5,0,15
74,8,5,0,9
74,9,5,0,3
74,10,5,0,14
74,11,5,0,11
74,12,5,0,11
74,13,5,0,7
74,14,5,0,20
74,15,5,0,0
74,16,5,0,7
74,17,5,0,8
74,18,5,0,0
74,19,5,0,12
74,20,5,0,13
74,21,5,0,3
74,22,5,0,11
74,23,5,0,1
74,24,5,0,21
74,25,5,0,21
74,26,5,0,24
74,27,5,0,1
74,28,5,0,5
74,29,5,0,3
74,30,5,4,18
74,31,4,0,22
74,32,4,0,9
74,33,1,4,14
74,34,1,4,1
74,35,4,0,5
74,36,4,0,14
74,37,4,0,12
74,38,4,0,5
74,39,10,1,19
74,40,10,0,17
74,41,10,1,15
74,42,5,4,14
74,43,5,4,4
74,44,5,4,4
74,45,5,4,4
74,46,5,0,13
74,47,5,0,15
74,48,5,0,15
74,49,5,0,4
74,50,5,4,2
74,51,4,0,5
74,52,1,4,7
74,53,1,4,20
74,54,1,0,3
74,55,1,4,18
74,56,1,4,14
74,57,1,0,24
74,58,1,0,15
74,59,1,4,18
74,60,1,4,22
74,61,1,4,5
74,62,1,0,7
74,63,1,0,17
74,64,1,4,13
74,65,1,4,6
74,66,1,0,6
74,67,4,10,3
74,68,10,0,21
74,69,10,0,24
74,70,4,10,11
74,71,4,0,17
74,72,5,4,11
74,73,5,0,22
74,74,5,0,5
74,75,5,0,22
74,76,5,0,21
74,77,5,0,23
74,78,5,0,21
75,0,5,0,19
75,1,5,0,14
75,2,5,0,23
75,3,5,0,5
75,4,5,0,11
75,5,5,0,17
75,6,5,0,16
75,7,5,0,4
75,8,5,0,0
75,9,5,0,8
75,10,5,0,22
75,11,5,0,9
75,12,5,0,14
75,13,5,0,11
75,14,5,0,24
75,15,5,0,23
75,16,5,0,19
75,17,5,0,0
75,18,5,0,9
75,19,5,0,17
75,20,5,0,4
75,21,5,0,5
75,22,5,0,10
75,23,5,0,8
75,24,5,0,14
75,25,5,0,2
75,26,5,0,11
75,27,5,0,15
75,28,5,0,16
75,29,5,4,15
75,30,4,0,11
75,31,4,0,23
75,32,1,4,11
75,33,1,0,10
75,34,1,4,18
75,35,4,0,6
75,36,4,0,3
75,37,4,0,23
75,38,4,10,13
75,39,10,0,18
75,40,10,1,10
75,41,5,4,6
75,42,5,0,0
75,43,5,0,6
75,44,5,0,6
75,45,5,0,15
75,46,5,0,3
75,47,5,0,1
75,48,5,0,22
75,49,5,0,3
75,50,5,4,1
75,51,4,0,11
75,52,1,4,8
75,53,1,4,21
75,54,1,4,10
75,55,1,4,11
75,56,1,0,7
75,57,1,4,20
75,58,1,4,10
75,59,4,0,24
75,60,1,4,8
75,61,1,4,21
75,62,1,0,12
75,63,1,4,15
75,64,4,0,9
75,65,1,4,23
75,66,1,4,10
75,67,4,10,17
75,68,4,10,16
75,69,4,10,19
75,70,5,4,16
75,71,5,4,9
75,72,5,0,13
75,73,5,0,19
75,74,5,0,21
75,75,5,0,0
75,76,5,0,4
75,77,5,0,9
75,78,5,0,22
76,0,5,0,2
76,1,5,0,16
76,2,5,0,22
76,3,5,0,6
76,4,5,0,9
76,5,5,0,16
76,6,5,0,15
76,7,5,0,20
76,8,5,0,9
76,9,5,0,18
76,10,5,0,24
76,11,5,0,1
76,12,5,0,1
76,13,5,0,12
76,14,5,0,4
76,15,5,0,23
76,16,5,0,7
76,17,5,0,12
76,18,5,0,22
76,19,5,0,6
76,20,5,0,3
76,21,5,0,24
76,22,5,0,17
76,23,5,0,9
76,24,5,0,6
76,25,5,0,0
76,26,5,0,17
76,27,5,0,6
76,28,5,4,13
76,29,4,0,19
76,30,4,0,5
76,31,1,4,14
76,32,1,0,22
76,33,1,4,0
76,34,4,0,10
76,35,4,0,2
76,36,4,0,17
76,37,4,10,10
76,38,10,0,16
76,39,10,1,15
76,40,4,0,23
76,41,5,4,24
76,42,5,0,3
76,43,5,0,6
76,44,5,0,9
76,45,5,0,24
76,46,5,0,23
76,47,5,0,16
76,48,5,0,20
76,49,5,0,14
76,50,5,4,3
76,51,4,0,19
76,52,1,4,16
76,53,1,4,8
76,54,1,4,6
76,55,1,0,24
76,56,1,4,13
76,57,1,4,8
76,58,4,0,5
76,59,4,0,7
76,60,4,0,24
76,61,1,4,21
76,62,1,4,5
76,63,4,0,22
76,64,4,0,11
76,65,1,4,8
76,66,4,0,8
76,67,4,10,4
76,68,4,10,4
76,69,5,4,19
76,70,5,4,4
76,71,5,0,23
76,72,5,0,18
76,73,5,0,18
76,74,5,0,13
76,75,5,0,24
76,76,5,0,9
76,77,5,0,6
76,78,5,0,21
77,0,5,0,0
77,1,5,0,13
77,2,5,0,15
77,3,5,0,12
77,4,5,0,18
77,5,5,0,24
77,6,5,0,2
77,7,5,0,14
77,8,5,0,0
77,9,5,0,15
77,10,5,0,9
77,11,5,0,10
77,12,5,0,17
77,13,5,0,8
77,14,5,0,8
77,15,5,0,16
77,16,5,0,23
77,17,5,0,11
77,18,5,0,24
77,19,5,0,23
77,20,5,0,20
77,21,5,0,6
77,22,5,0,20
77,23,5,0,8
77,24,5,0,20
77,25,5,0,18
77,26,5,0,12
77,27,5,4,0
77,28,4,0,23
77,29,1,4,16
77,30,1,4,19
77,31,1,0,10
77,32,1,0,24
77,33,1,4,18
77,34,4,0,21
77,35,4,0,8
77,36,4,10,15
77,37,10,0,20
77,38,4,10,19
77,39,4,0,20
77,40,5,4,6
77,41,5,0,0
77,42,5,0,20
77,43,5,0,17
77,44,5,0,5
77,45,5,0,14
77,46,5,0,2
77,47,5,0,10
77,48,5,0,6
77,49,5,0,16
77,50,5,4,18
77,51,1,4,11
77,52,1,4,1
77,53,4,0,5
77,54,1,4,22
77,55,1,4,13
77,56,4,0,4
77,57,5,4,16
77,58,4,0,0
77,59,4,0,20
77,60,4,0,15
77,61,1,4,8
77,62,4,0,5
77,63,4,0,3
77,64,4,0,1
77,65,4,0,20
77,66,4,0,21
77,67,4,0,16
77,68,5,4,14
77,69,5,0,24
77,70,5,0,15
77,71,5,0,24
77,72,5,0,15
77,73,5,0,18
77,74,5,0,21
77,75,5,0,17
77,76,5,0,22
77,77,5,0,12
77,78,5,0,3
78,0,5,0,10
78,1,5,0,2
78,2,5,0,22
78,3,5,0,22
78,4,5,0,15
78,5,5,0,9
78,6,5,0,18
78,7,5,0,20
78,8,5,0,14
78,9,5,0,1
78,10,5,0,9
78,11,5,0,13
78,12,5,0,17
78,13,5,0,15
78,14,5,0,24
78,15,5,0,19
78,16,5,0,18
78,17,5,0,22
78,18,5,0,10
78,19,5,0,24
78,20,5,0,7
78,21,5,0,10
78,22,5,0,3
78,23,5,0,23
78,24,5,0,2
78,25,5,4,20
78,26,5,4,20
78,27,5,4,18
78,28,1,4,11
78,29,1,4,4
78,30,1,0,21
78,31,1,0,17
78,32,1,4,0
78,33,4,0,0
78,34,4,0,17
78,35,4,10,10
78,36,10,0,12
78,37,4,10,11
78,38,4,0,14
78,39,4,0,10
78,40,5,4,24
78,41,5,0,12
78,42,5,0,8
78,43,5,0,23
78,44,5,0,8
78,45,5,0,17
78,46,5,0,18
78,47,5,0,7
78,48,5,4,20
78,49,5,4,10
78,50,1,4,6
78,51,1,0,24
78,52,1,4,18
78,53,4,0,20
78,54,1,4,8
78,55,5,4,16
78,56,5,4,14
78,57,5,4,17
78,58,5,4,16
78,59,4,0,1
78,60,4,0,23
78,61,4,0,24
78,62,4,0,15
78,63,4,0,21
78,64,4,0,22
78,65,4,0,11
78,66,4,0,11
78,67,5,4,11
78,68,5,0,1
78,69,5,0,4
78,70,5,0,6
78,71,5,0,14
78,72,5,0,22
78,73,5,0,10
78,74,5,0,3
78,75,5,0,21
78,76,5,0,14
78,77,5,0,11
78,78,5,0,12
79,0,5,0,6
79,1,5,0,9
79,2,5,0,5
79,3,5,0,21
79,4,5,0,7
79,5,5,0,17
79,6,5,0,4
79,7,5,0,3
79,8,5,0,16
79,9,5,0,19
79,10,5,0,3
79,11,5,0,15
79,12,5,0,6
79,13,5,0,1
79,14,5,0,1
79,15,5,0,0
79,16,5,0,14
79,17,5,0,12
79,18,5,0,14
79,19,5,0,3
79,20,5,0,20
79,21,5,0,11
79,22,5,0,11
79,23,5,0,1
79,24,5,4,13
79,25,5,4,8
79,26,5,4,8
79,27,1,4,11
79,28,1,0,19
79,29,1,0,0
79,30,1,0,19
79,31,1,0,2
79,32,1,4,18
79,33,4,0,12
79,34,4,10,0
79,35,10,0,1
79,36,4,10,14
79,37,4,0,1
79,38,4,0,5
79,39,5,4,19
79,40,5,0,20
79,41,5,0,4
79,42,5,0,4
79,43,5,0,12
79,44,5,0,1
79,45,5,0,14
79,46,5,0,20
79,47,5,4,0
79,48,5,4,8
79,49,4,0,1
79,50,1,4,21
79,51,1,4,13
79,52,4,0,2
79,53,4,0,8
79,54,5,4,19
79,55,5,4,4
79,56,5,0,21
79,57,5,4,4
79,58,5,4,3
79,59,5,4,16
79,60,4,0,18
79,61,4,0,17
79,62,5,4,16
79,63,4,0,22
79,64,4,0,7
79,65,4,0,7
79,66,5,4,9
79,67,5,0,2
79,68,5,0,4
79,69,5,0,10
79,70,5,0,14
79,71,5,0,9
79,72,5,0,5
79,73,5,0,12
79,74,5,0,6
79,75,5,0,9
79,76,5,0,6
79,77,5,0,4
79,78,5,0,12
80,0,5,0,18
80,1,5,0,19
80,2,5,0,23
80,3,5,0,9
80,4,5,0,4
80,5,5,0,4
80,6,5,0,17
80,7,5,0,18
80,8,5,0,8
80,9,5,0,14
80,10,5,0,8
80,11,5,0,21
80,12,5,0,16
80,13,5,0,20
80,14,5,0,14
80,15,5,0,14
80,16,5,0,21
80,17,5,0,16
80,18,5,0,2
80,19,5,0,12
80,20,5,0,2
80,21,5,4,20
80,22,5,4,20
80,23,5,4,15
80,24,4,0,19
80,25,4,0,3
80,26,1,4,6
80,27,1,0,10
80,28,1,0,18
80,29,1,0,5
80,30,1,0,10
80,31,1,4,0
80,32,4,0,15
80,33,4,0,10
80,34,4,10,18
80,35,4,10,6
80,36,1,4,18
80,37,4,0,10
80,38,5,4,6
80,39,5,0,10
80,40,5,0,23
80,41,5,0,0
80,42,5,0,8
80,43,5,0,18
80,44,5,0,20
80,45,5,0,21
80,46,5,0,18
80,47,5,4,18
80,48,4,0,7
80,49,4,0,24
80,50,1,4,8
80,51,4,0,24
80,52,4,0,0
80,53,5,4,14
80,54,5,0,4
80,55,5,0,2
80,56,5,0,6
80,57,5,0,24
80,58,5,4,4
80,59,5,4,3
80,60,5,4,16
80,61,5,4,11
80,62,5,4,17
80,63,5,4,16
80,64,4,0,24
80,65,5,4,14
80,66,5,0,9
80,67,5,0,3
80,68,5,0,6
80,69,5,0,20
80,70,5,0,11
80,71,5,0,21
80,72,5,0,14
80,73,5,0,1
80,74,5,0,5
80,75,5,0,0
80,76,5,0,14
80,77,5,0,11
80,78,5,0,20
81,0,5,0,15
81,1,5,0,5
81,2,5,0,5
81,3,5,0,1
81,4,5,0,22
81,5,5,0,12
81,6,5,0,22
81,7,5,0,23
81,8,5,0,22
81,9,5,0,6
81,10,5,0,0
81,11,5,0,16
81,12,5,0,5
81,13,5,0,19
81,14,5,0,11
81,15,5,0,10
81,16,5,0,6
81,17,5,0,11
81,18,5,0,1
81,19,5,0,22
81,20,5,4,15
81,21,5,4,8
81,22,5,4,8
81,23,4,0,3
81,24,4,0,8
81,25,4,0,14
81,26,1,4,7
81,27,1,4,20
81,28,1,4,20
81,29,1,0,20
81,30,1,0,9
81,31,1,4,18
81,32,4,0,21
81,33,4,10,0
81,34,10,0,15
81,35,4,10,24
81,36,1,4,16
81,37,4,0,6
81,38,5,4,24
81,39,5,0,12
81,40,5,0,13
81,41,5,0,6
81,42,5,0,7
81,43,5,0,4
81,44,5,0,12
81,45,5,0,9
81,46,5,4,0
81,47,5,4,16
81,48,4,0,11
81,49,4,0,9
81,50,4,0,2
81,51,5,4,16
81,52,5,4,11
81,53,5,0,12
81,54,5,0,7
81,55,5,0,10
81,56,5,0,15
81,57,5,0,23
81,58,5,0,9
81,59,5,4,4
81,60,5,4,4
81,61,5,0,20
81,62,5,4,4
81,63,5,4,1
81,64,5,4,19
81,65,5,0,4
81,66,5,0,16
81,67,5,0,14
81,68,5,0,6
81,69,5,0,11
81,70,5,0,20
81,71,5,0,5
81,72,5,0,10
81,73,5,0,10
81,74,5,0,8
81,75,5,0,13
81,76,5,0,23
81,77,5,0,10
81,78,5,0,11
82,0,5,0,0
82,1,5,0,7
82,2,5,0,4
82,3,5,0,9
82,4,5,0,21
82,5,5,0,16
82,6,5,0,10
82,7,5,0,3
82,8,5,0,15
82,9,5,0,5
82,10,5,0,20
82,11,5,0,5
82,12,5,0,23
82,13,5,0,19
82,14,5,0,23
82,15,5,0,11
82,16,5,0,14
82,17,5,0,2
82,18,5,0,17
82,19,5,4,0
82,20,4,0,16
82,21,4,0,5
82,22,4,0,13
82,23,4,0,16
82,24,4,0,10
82,25,4,0,1
82,26,1,4,8
82,27,1,4,8
82,28,1,4,22
82,29,4,10,20
82,30,4,10,20
82,31,4,0,17
82,32,4,0,22
82,33,4,10,18
82,34,4,10,6
82,35,1,4,4
82,36,1,4,2
82,37,5,4,6
82,38,5,0,16
82,39,5,0,18
82,40,5,0,12
82,41,5,0,8
82,42,5,0,13
82,43,5,0,18
82,44,5,0,24
82,45,5,0,7
82,46,5,4,4
82,47,5,4,17
82,48,5,4,16
82,49,5,4,16
82,50,5,4,14
82,51,5,4,4
82,52,5,0,13
82,53,5,0,0
82,54,5,0,22
82,55,5,0,20
82,56,5,0,24
82,57,5,0,9
82,58,5,0,20
82,59,5,0,0
82,60,5,0,9
82,61,5,0,24
82,62,5,0,0
82,63,5,4,4
82,64,5,0,22
82,65,5,0,7
82,66,5,0,5
82,67,5,0,24
82,68,5,0,16
82,69,5,0,17
82,70,5,0,6
82,71,5,0,9
82,72,5,0,7
82,73,5,0,20
82,74,5,0,22
82,75,5,0,2
82,76,5,0,24
82,77,5,0,5
82,78,5,0,22
83,0,5,0,6
83,1,5,0,7
83,2,5,0,17
83,3,5,0,2
83,4,5,0,15
83,5,5,0,12
83,6,5,0,10
83,7,5,0,18
83,8,5,0,2
83,9,5,0,23
83,10,5,0,22
83,11,5,0,8
83,12,5,0,2
83,13,5,0,5
83,14,5,0,8
83,15,5,0,18
83,16,5,0,2
83,17,5,0,5
83,18,5,0,9
83,19,5,4,17
83,20,4,0,5
83,21,1,4,16
83,22,4,0,6
83,23,4,0,3
83,24,4,0,4
83,25,4,0,2
83,26,4,0,16
83,27,4,0,0
83,28,4,10,13
83,29,4,10,8
83,30,4,10,7
83,31,4,10,20
83,32,4,10,5
83,33,10,0,12
83,34,4,10,24
83,35,1,0,19
83,36,1,4,18
83,37,5,4,7
83,38,5,0,18
83,39,5,0,9
83,40,5,0,8
83,41,5,0,17
83,42,5,0,18
83,43,5,0,22
83,44,5,0,22
83,45,5,0,21
83,46,5,0,20
83,47,5,4,4
83,48,5,4,4
83,49,5,4,4
83,50,5,0,20
83,51,5,0,17
83,52,5,0,20
83,53,5,0,14
83,54,5,0,13
83,55,5,0,16
83,56,5,0,16
83,57,5,0,12
83,58,5,0,15
83,59,5,0,2
83,60,5,0,11
83,61,5,0,1
83,62,5,0,5
83,63,5,0,19
83,64,5,0,14
83,65,5,0,0
83,66,5,0,2
83,67,5,0,11
83,68,5,0,1
83,69,5,0,11
83,70,5,0,23
83,71,5,0,4
83,72,5,0,23
83,73,5,0,11
83,74,5,0,23
83,75,5,0,19
83,76,5,0,24
83,77,5,0,14
83,78,5,0,2
84,0,5,0,5
84,1,5,0,21
84,2,5,0,14
84,3,5,0,7
84,4,5,0,1
84,5,5,0,18
84,6,5,0,24
84,7,5,0,4
84,8,5,0,22
84,9,5,0,9
84,10,5,0,7
84,11,5,0,24
84,12,5,0,3
84,13,5,0,23
84,14,5,0,6
84,15,5,0,17
84,16,5,0,8
84,17,5,0,16
84,18,5,0,21
84,19,5,4,18
84,20,1,4,19
84,21,1,4,17
84,22,4,0,0
84,23,4,0,21
84,24,4,0,1
84,25,4,0,8
84,26,4,0,11
84,27,4,10,5
84,28,10,0,11
84,29,10,0,20
84,30,4,10,8
84,31,4,10,8
84,32,10,0,19
84,33,4,10,19
84,34,1,4,20
84,35,1,4,10
84,36,4,0,0
84,37,5,4,24
84,38,5,0,5
84,39,5,0,23
84,40,5,0,11
84,41,5,0,11
84,42,5,0,9
84,43,5,0,6
84,44,5,0,0
84,45,5,0,19
84,46,5,0,1
84,47,5,0,8
84,48,5,0,17
84,49,5,0,24
84,50,5,0,4
84,51,5,0,6
84,52,5,0,6
84,53,5,0,24
84,54,5,0,9
84,55,5,0,17
84,56,5,0,21
84,57,5,0,8
84,58,5,0,6
84,59,5,0,24
84,60,5,0,4
84,61,5,0,15
84,62,5,0,4
84,63,5,0,3
84,64,5,0,17
84,65,5,0,15
84,66,5,0,2
84,67,5,0,12
84,68,5,0,16
84,69,5,0,6
84,70,5,0,9
84,71,5,0,8
84,72,5,0,0
84,73,5,0,14
84,74,5,0,4
84,75,5,0,8
84,76,5,0,23
84,77,5,0,12
84,78,5,0,11
85,0,5,0,0
85,1,5,0,13
85,2,5,0,7
85,3,5,0,22
85,4,5,0,5
85,5,5,0,15
85,6,5,0,0
85,7,5,0,11
85,8,5,0,16
85,9,5,0,3
85,10,5,0,0
85,11,5,0,10
85,12,5,0,7
85,13,5,0,11
85,14,5,0,10
85,15,5,0,21
85,16,5,4,20
85,17,5,0,24
85,18,5,4,0
85,19,1,4,6
85,20,1,0,6
85,21,1,4,18
85,22,1,4,16
85,23,4,0,14
85,24,4,0,18
85,25,1,4,16
85,26,4,10,13
85,27,10,0,7
85,28,10,0,6
85,29,10,0,15
85,30,10,0,9
85,31,10,0,16
85,32,4,10,6
85,33,1,4,8
85,34,1,4,8
85,35,4,0,20
85,36,5,4,6
85,37,5,0,8
85,38,5,0,16
85,39,5,0,16
85,40,5,0,1
85,41,5,0,20
85,42,5,0,0
85,43,5,0,17
85,44,5,0,0
85,45,5,0,21
85,46,5,0,23
85,47,5,0,12
85,48,5,0,2
85,49,5,0,9
85,50,5,0,22
85,51,5,0,17
85,52,5,0,2
85,53,5,0,10
85,54,5,0,1
85,55,5,0,18
85,56,5,0,7
85,57,5,0,5
85,58,5,0,4
85,59,5,0,4
85,60,5,0,6
85,61,5,0,9
85,62,5,0,11
85,63,5,0,3
85,64,5,0,15
85,65,5,0,22
85,66,5,0,13
85,67,5,0,15
85,68,5,0,7
85,69,5,0,3
85,70,5,0,13
85,71,5,0,9
85,72,5,0,0
85,73,5,0,10
85,74,5,0,22
85,75,5,0,20
85,76,5,0,8
85,77,5,0,3
85,78,5,0,20
86,0,5,0,8
86,1,5,0,4
86,2,5,0,20
86,3,5,0,21
86,4,5,0,24
86,5,5,0,5
86,6,5,0,11
86,7,5,0,21
86,8,5,0,4
86,9,5,0,18
86,10,5,0,23
86,11,5,0,13
86,12,5,0,16
86,13,5,0,20
86,14,5,0,15
86,15,5,4,10
86,16,5,4,23
86,17,5,4,20
86,18,5,4,18
86,19,1,4,23
86,20,1,4,10
86,21,1,4,9
86,22,1,4,2
86,23,1,4,16
86,24,10,1,16
86,25,10,1,14
86,26,10,0,7
86,27,10,0,8
86,28,10,0,21
86,29,10,0,12
86,30,10,0,24
86,31,10,0,6
86,32,4,10,24
86,33,4,0,16
86,34,4,0,11
86,35,4,0,0
86,36,5,4,24
86,37,5,0,2
86,38,5,0,1
86,39,5,0,13
86,40,5,0,12
86,41,5,0,16
86,42,5,0,17
86,43,5,0,14
86,44,5,0,1
86,45,5,0,13
86,46,5,0,2
86,47,5,0,7
86,48,5,0,15
86,49,5,0,8
86,50,5,0,18
86,51,5,0,24
86,52,5,0,2
86,53,5,0,9
86,54,5,0,22
86,55,5,0,12
86,56,5,0,6
86,57,5,0,13
86,58,5,0,22
86,59,5,0,3
86,60,5,0,17
86,61,5,0,4
86,62,5,0,4
86,63,5,0,3
86,64,5,0,5
86,65,5,0,18
86,66,5,0,6
86,67,5,0,5
86,68,5,0,21
86,69,5,0,3
86,70,5,0,9
86,71,5,0,8
86,72,5,0,21
86,73,5,0,3
86,74,5,0,1
86,75,5,0,15
86,76,5,0,21
86,77,5,0,2
86,78,5,0,24
87,0,5,0,11
87,1,5,0,16
87,2,5,0,19
87,3,5,0,9
87,4,5,0,7
87,5,5,0,17
87,6,5,0,24
87,7,5,0,17
87,8,5,0,17
87,9,5,0,12
87,10,5,0,16
87,11,5,0,3
87,12,5,0,12
87,13,5,0,9
87,14,5,4,13
87,15,4,0,24
87,16,5,4,8
87,17,5,4,8
87,18,4,0,23
87,19,1,4,8
87,20,10,1,16
87,21,10,1,16
87,22,10,1,16
87,23,10,1,19
87,24,10,1,4
87,25,10,0,8
87,26,10,0,4
87,27,10,0,11
87,28,10,0,2
87,29,10,1,20
87,30,4,10,16
87,31,4,10,11
87,32,4,0,17
87,33,4,0,19
87,34,4,0,18
87,35,5,4,14
87,36,5,0,19
87,37,5,0,12
87,38,5,0,24
87,39,5,0,17
87,40,5,0,19
87,41,5,0,20
87,42,5,0,14
87,43,5,0,0
87,44,5,0,17
87,45,5,0,10
87,46,5,0,14
87,47,5,0,3
87,48,5,0,2
87,49,5,0,5
87,50,5,0,17
87,51,5,0,18
87,52,5,0,3
87,53,5,0,4
87,54,5,0,0
87,55,5,0,17
87,56,5,0,16
87,57,5,0,2
87,58,5,0,9
87,59,5,0,11
87,60,5,0,19
87,61,5,0,13
87,62,5,0,8
87,63,5,0,7
87,64,5,0,17
87,65,5,0,7
87,66,5,0,0
87,67,5,0,20
87,68,5,0,16
87,69,5,0,20
87,70,5,0,15
87,71,5,0,20
87,72,5,0,16
87,73,5,0,11
87,74,5,0,10
87,75,5,0,23
87,76,5,0,21
87,77,5,0,1
87,78,5,0,24
88,0,5,0,5
88,1,5,0,0
88,2,5,0,2
88,3,5,0,21
88,4,5,0,24
88,5,5,0,3
88,6,5,0,1
88,7,5,0,12
88,8,5,0,22
88,9,5,0,19
88,10,5,0,6
88,11,5,0,24
88,12,5,0,24
88,13,5,4,0
88,14,4,0,11
88,15,4,0,6
88,16,4,0,7
88,17,4,0,14
88,18,4,0,12
88,19,10,1,11
88,20,10,1,4
88,21,10,1,4
88,22,10,1,4
88,23,10,0,11
88,24,10,0,3
88,25,10,1,20
88,26,10,1,20
88,27,10,0,19
88,28,10,1,0
88,29,4,10,4
88,30,4,10,4
88,31,4,0,12
88,32,4,0,13
88,33,4,0,14
88,34,5,4,9
88,35,5,0,6
88,36,5,0,19
88,37,5,0,10
88,38,5,0,18
88,39,5,0,23
88,40,5,0,21
88,41,5,0,0
88,42,5,0,2
88,43,5,0,1
88,44,5,0,4
88,45,5,0,1
88,46,5,0,7
88,47,5,0,18
88,48,5,0,22
88,49,5,0,8
88,50,5,0,15
88,51,5,0,23
88,52,5,0,9
88,53,5,0,23
88,54,5,0,21
88,55,5,0,2
88,56,5,0,16
88,57,5,0,0
88,58,5,0,23
88,59,5,0,22
88,60,5,0,2
88,61,5,0,3
88,62,5,0,12
88,63,5,0,23
88,64,5,0,14
88,65,5,0,19
88,66,5,0,8
88,67,5,0,17
88,68,5,0,12
88,69,5,0,23
88,70,5,0,14
88,71,5,0,0
88,72,5,0,20
88,73,5,0,19
88,74,5,0,16
88,75,5,0,18
88,76,5,0,6
88,77,5,0,11
88,78,5,0,2
89,0,5,0,15
89,1,5,0,12
89,2,5,0,10
89,3,5,0,3
89,4,5,0,8
89,5,5,0,12
89,6,5,0,16
89,7,5,0,23
89,8,5,0,22
89,9,5,0,7
89,10,5,0,21
89,11,5,0,5
89,12,5,0,13
89,13,5,4,18
89,14,4,0,5
89,15,1,4,16
89,16,4,0,19
89,17,4,0,23
89,18,10,1,11
89,19,10,0,21
89,20,10,0,18
89,21,10,0,17
89,22,10,0,24
89,23,10,1,20
89,24,10,1,13
89,25,10,1,8
89,26,10,1,24
89,27,10,0,11
89,28,10,1,18
89,29,1,4,15
89,30,4,0,15
89,31,4,0,15
89,32,4,0,14
89,33,5,4,19
89,34,5,0,3
89,35,5,0,19
89,36,5,0,24
89,37,5,0,24
89,38,5,0,17
89,39,5,0,16
89,40,5,0,0
89,41,5,0,13
89,42,5,0,2
89,43,5,0,6
89,44,5,0,19
89,45,5,0,9
89,46,5,0,21
89,47,5,0,16
89,48,5,0,23
89,49,5,0,1
89,50,5,0,8
89,51,5,0,7
89,52,5,0,7
89,53,5,0,0
89,54,5,0,10
89,55,5,0,9
89,56,5,0,2
89,57,5,0,12
89,58,5,0,1
89,59,5,0,16
89,60,5,0,18
89,61,5,0,3
89,62,5,0,0
89,63,5,0,22
89,64,5,0,13
89,65,5,0,17
89,66,5,0,19
89,67,5,0,6
89,68,5,0,7
89,69,5,0,12
89,70,5,0,20
89,71,5,0,24
89,72,5,0,20
89,73,5,0,9
89,74,5,0,5
89,75,5,0,9
89,76,5,0,9
89,77,5,0,22
89,78,5,0,17
90,0,5,0,20
90,1,5,0,14
90,2,5,0,23
90,3,5,0,17
90,4,5,0,10
90,5,5,0,19
90,6,5,0,12
90,7,5,0,3
90,8,5,0,14
90,9,5,0,16
90,10,5,0,23
90,11,5,0,5
90,12,5,4,15
90,13,4,0,4
90,14,1,4,9
90,15,1,4,2
90,16,4,0,10
90,17,10,1,9
90,18,10,0,13
90,19,10,1,20
90,20,10,1,20
90,21,10,1,20
90,22,10,1,5
90,23,10,1,8
90,24,1,4,21
90,25,10,1,6
90,26,10,0,13
90,27,10,1,0
90,28,1,4,10
90,29,4,0,14
90,30,1,4,16
90,31,4,0,19
90,32,5,4,11
90,33,5,0,24
90,34,5,0,5
90,35,5,0,16
90,36,5,0,17
90,37,5,0,16
90,38,5,0,1
90,39,5,0,14
90,40,5,0,17
90,41,5,0,10
90,42,5,0,11
90,43,5,0,19
90,44,5,0,18
90,45,5,0,24
90,46,5,0,6
90,47,5,0,14
90,48,5,0,9
90,49,5,0,22
90,50,5,0,20
90,51,5,0,5
90,52,5,0,13
90,53,5,0,4
90,54,5,0,0
90,55,5,0,18
90,56,5,0,11
90,57,5,0,21
90,58,5,0,0
90,59,5,0,2
90,60,5,0,12
90,61,5,0,14
90,62,5,0,3
90,63,5,0,10
90,64,5,0,5
90,65,5,0,12
90,66,5,0,21
90,67,5,0,20
90,68,5,0,21
90,69,5,0,13
90,70,5,0,17
90,71,5,0,13
90,72,5,0,9
90,73,5,0,23
90,74,5,0,7
90,75,5,0,21
90,76,5,0,3
90,77,5,0,24
90,78,5,0,7
91,0,5,0,22
91,1,5,0,6
91,2,5,0,6
91,3,5,0,1
91,4,5,0,10
91,5,5,0,7
91,6,5,0,13
91,7,5,0,9
91,8,5,0,24
91,9,5,0,23
91,10,5,0,1
91,11,5,4,0
91,12,4,0,15
91,13,1,4,11
91,14,1,0,5
91,15,1,4,18
91,16,10,1,11
91,17,10,0,17
91,18,10,1,10
91,19,10,1,8
91,20,10,1,8
91,21,10,1,8
91,22,4,0,21
91,23,4,0,12
91,24,1,4,24
91,25,10,1,7
91,26,10,0,2
91,27,10,1,18
91,28,4,0,24
91,29,1,4,19
91,30,1,4,1
91,31,5,4,6
91,32,5,0,8
91,33,5,0,23
91,34,5,0,14
91,35,5,0,5
91,36,5,0,7
91,37,5,0,20
91,38,5,0,20
91,39,5,0,22
91,40,5,0,14
91,41,5,0,14
91,42,5,0,4
91,43,5,0,16
91,44,5,0,17
91,45,5,0,12
91,46,5,0,7
91,47,5,0,22
91,48,5,0,4
91,49,5,0,16
91,50,5,0,17
91,51,5,0,17
91,52,5,0,23
91,53,5,0,10
91,54,5,0,23
91,55,5,0,1
91,56,5,0,19
91,57,5,0,0
91,58,5,0,7
91,59,5,0,22
91,60,5,0,1
91,61,5,0,0
91,62,5,0,10
91,63,5,0,6
91,64,5,0,9
91,65,5,0,4
91,66,5,0,12
91,67,5,0,23
91,68,5,0,20
91,69,5,0,21
91,70,5,0,1
91,71,5,0,24
91,72,5,0,10
91,73,5,0,19
91,74,5,0,24
91,75,5,0,3
91,76,5,0,21
91,77,5,0,19
91,78,5,0,21
92,0,5,0,22
92,1,5,0,2
92,2,5,0,19
92,3,5,0,2
92,4,5,0,4
92,5,5,0,3
92,6,5,0,1
92,7,5,0,8
92,8,5,0,24
92,9,5,0,1
92,10,5,0,18
92,11,5,4,18
92,12,1,4,11
92,13,1,0,14
92,14,1,4,15
92,15,10,1,6
92,16,10,0,3
92,17,10,1,15
92,18,4,0,16
92,19,4,0,15
92,20,4,0,19
92,21,4,0,4
92,22,4,0,13
92,23,1,4,6
92,24,1,0,23
92,25,10,1,24
92,26,10,1,0
92,27,1,4,18
92,28,1,4,14
92,29,1,0,2
92,30,1,4,18
92,31,5,4,22
92,32,5,0,19
92,33,5,0,18
92,34,5,0,20
92,35,5,0,6
92,36,5,0,19
92,37,5,0,18
92,38,5,0,9
92,39,5,0,2
92,40,5,0,10
92,41,5,0,24
92,42,5,0,11
92,43,5,0,14
92,44,5,0,6
92,45,5,0,4
92,46,5,0,22
92,47,5,0,18
92,48,5,0,17
92,49,5,0,20
92,50,5,0,20
92,51,5,0,6
92,52,5,0,10
92,53,5,0,20
92,54,5,0,17
92,55,5,0,12
92,56,5,0,11
92,57,5,0,11
92,58,5,0,17
92,59,5,0,3
92,60,5,0,9
92,61,5,0,16
92,62,5,0,2
92,63,5,0,0
92,64,5,0,0
92,65,5,0,12
92,66,5,0,3
92,67,5,0,4
92,68,5,0,4
92,69,5,0,9
92,70,5,0,12
92,71,5,0,4
92,72,5,0,15
92,73,5,0,18
92,74,5,0,6
92,75,5,0,24
92,76,5,0,24
92,77,5,0,12
92,78,5,0,10
93,0,5,0,6
93,1,5,0,22
93,2,5,0,11
93,3,5,0,24
93,4,5,0,1
93,5,5,0,23
93,6,5,0,8
93,7,5,0,24
93,8,5,0,7
93,9,5,0,0
93,10,5,4,5
93,11,1,4,6
93,12,1,0,20
93,13,1,4,5
93,14,1,4,9
93,15,10,1,24
93,16,10,1,0
93,17,4,0,5
93,18,4,0,1
93,19,1,4,16
93,20,4,0,15
93,21,4,0,19
93,22,1,4,16
93,23,1,4,24
93,24,10,1,6
93,25,10,0,8
93,26,10,1,1
93,27,1,4,6
93,28,1,0,7
93,29,1,4,15
93,30,4,0,19
93,31,5,4,24
93,32,5,0,5
93,33,5,0,21
93,34,5,0,1
93,35,5,0,18
93,36,5,0,11
93,37,5,0,13
93,38,5,0,15
93,39,5,0,20
93,40,5,0,6
93,41,5,0,10
93,42,5,0,3
93,43,5,0,7
93,44,5,0,6
93,45,5,0,19
93,46,5,0,4
93,47,5,0,18
93,48,5,0,15
93,49,5,0,6
93,50,5,0,17
93,51,5,0,20
93,52,5,0,9
93,53,5,0,15
93,54,5,0,11
93,55,5,0,3
93,56,5,0,14
93,57,5,0,3
93,58,5,0,7
93,59,5,0,1
93,60,5,0,3
93,61,5,0,0
93,62,5,0,24
93,63,5,0,3
93,64,5,0,19
93,65,5,0,17
93,66,5,0,5
93,67,5,0,14
93,68,5,0,15
93,69,5,0,6
93,70,5,0,21
93,71,5,0,17
93,72,5,0,5
93,73,5,0,19
93,74,5,0,20
93,75,5,0,19
93,76,5,0,17
93,77,5,0,23
93,78,5,0,11
94,0,5,0,17
94,1,5,0,24
94,2,5,0,13
94,3,5,0,7
94,4,5,0,7
94,5,5,0,14
94,6,5,0,16
94,7,5,0,21
94,8,5,0,13
94,9,5,4,15
94,10,4,0,18
94,11,1,4,23
94,12,1,4,13
94,13,1,4,6
94,14,10,1,11
94,15,10,0,19
94,16,10,1,18
94,17,4,0,22
94,18,1,4,14
94,19,1,4,17
94,20,1,4,16
94,21,1,4,9
94,22,1,4,4
94,23,1,0,15
94,24,10,1,21
94,25,10,0,10
94,26,10,1,18
94,27,1,4,7
94,28,1,4,5
94,29,4,0,0
94,30,5,4,6
94,31,5,0,3
94,32,5,0,16
94,33,5,0,6
94,34,5,0,12
94,35,5,0,0
94,36,5,0,16
94,37,5,0,16
94,38,5,0,14
94,39,5,0,2
94,40,5,0,22
94,41,5,0,24
94,42,5,0,11
94,43,5,0,15
94,44,5,0,18
94,45,5,0,0
94,46,5,0,14
94,47,5,0,5
94,48,5,0,5
94,49,5,0,21
94,50,5,0,10
94,51,5,0,18
94,52,5,0,4
94,53,5,0,7
94,54,5,0,21
94,55,5,0,18
94,56,5,0,13
94,57,5,0,3
94,58,5,0,21
94,59,5,0,24
94,60,5,0,9
94,61,5,0,20
94,62,5,0,10
94,63,5,0,11
94,64,5,0,23
94,65,5,0,11
94,66,5,0,20
94,67,5,0,20
94,68,5,0,13
94,69,5,0,0
94,70,5,0,18
94,71,5,0,12
94,72,5,0,0
94,73,5,0,0
94,74,5,0,23
94,75,5,0,14
94,76,5,0,11
94,77,5,0,2
94,78,5,0,2
95,0,5,0,5
95,1,5,0,14
95,2,5,0,24
95,3,5,0,11
95,4,5,0,13
95,5,5,0,21
95,6,5,0,19
95,7,5,0,17
95,8,5,4,0
95,9,4,0,4
95,10,4,0,0
95,11,1,4,8
95,12,4,0,13
95,13,10,1,11
95,14,10,0,18
95,15,10,1,0
95,16,10,1,16
95,17,1,4,6
95,18,1,0,1
95,19,1,4,4
95,20,1,4,4
95,21,1,0,6
95,22,1,0,19
95,23,1,0,23
95,24,10,1,24
95,25,10,1,0
95,26,4,0,6
95,27,1,4,8
95,28,4,0,0
95,29,4,0,1
95,30,5,4,24
95,31,5,0,11
95,32,5,0,10
95,33,5,0,23
95,34,5,0,12
95,35,5,0,0
95,36,5,0,19
95,37,5,0,12
95,38,5,0,14
95,39,5,0,5
95,40,5,0,16
95,41,5,0,12
95,42,5,0,7
95,43,5,0,4
95,44,5,0,20
95,45,5,0,0
95,46,5,0,16
95,47,5,0,3
95,48,5,0,6
95,49,5,0,0
95,50,5,0,22
95,51,5,0,16
95,52,5,0,14
95,53,5,0,11
95,54,5,0,1
95,55,5,0,7
95,56,5,0,6
95,57,5,0,14
95,58,5,0,5
95,59,5,0,12
95,60,5,0,2
95,61,5,0,15
95,62,5,0,15
95,63,5,0,4
95,64,5,0,11
95,65,5,0,17
95,66,5,0,0
95,67,5,0,17
95,68,5,0,4
95,69,5,0,15
95,70,5,0,16
95,71,5,0,6
95,72,5,0,2
95,73,5,0,7
95,74,5,0,3
95,75,5,0,5
95,76,5,0,21
95,77,5,0,4
95,78,5,0,20
96,0,5,0,24
96,1,5,0,2
96,2,5,0,17
96,3,5,0,20
96,4,5,4,21
96,5,5,0,3
96,6,5,0,18
96,7,5,0,14
96,8,5,4,18
96,9,4,0,3
96,10,4,0,18
96,11,10,1,16
96,12,10,1,19
96,13,10,0,2
96,14,10,0,20
96,15,10,1,4
96,16,10,1,1
96,17,1,4,7
96,18,1,0,24
96,19,1,0,17
96,20,1,0,8
96,21,1,0,9
96,22,1,0,10
96,23,10,1,6
96,24,10,0,4
96,25,10,1,18
96,26,4,0,8
96,27,4,0,8
96,28,4,0,11
96,29,5,4,9
96,30,5,0,16
96,31,5,0,4
96,32,5,0,19
96,33,5,0,22
96,34,5,0,24
96,35,5,0,13
96,36,5,0,10
96,37,5,0,17
96,38,5,0,16
96,39,5,0,18
96,40,5,4,20
96,41,5,4,20
96,42,5,0,8
96,43,5,0,3
96,44,5,0,22
96,45,5,0,24
96,46,5,0,5
96,47,5,0,11
96,48,5,0,11
96,49,5,0,24
96,50,5,0,9
96,51,5,0,20
96,52,5,0,19
96,53,5,0,12
96,54,5,0,15
96,55,5,0,3
96,56,5,0,1
96,57,5,0,22
96,58,5,0,16
96,59,5,0,9
96,60,5,0,14
96,61,5,0,6
96,62,5,0,18
96,63,5,0,21
96,64,5,0,0
96,65,5,0,7
96,66,5,0,0
96,67,5,0,22
96,68,5,4,20
96,69,5,4,20
96,70,5,4,20
96,71,5,0,15
96,72,5,0,16
96,73,5,0,11
96,74,5,0,15
96,75,5,0,8
96,76,5,0,14
96,77,5,0,17
96,78,5,0,4
97,0,5,0,19
97,1,5,0,9
97,2,5,0,23
97,3,4,0,2
97,4,5,4,7
97,5,5,0,1
97,6,5,0,0
97,7,5,4,13
97,8,4,0,9
97,9,10,1,16
97,10,10,1,11
97,11,10,1,4
97,12,10,0,23
97,13,10,0,18
97,14,10,0,7
97,15,10,0,23
97,16,10,1,18
97,17,1,4,7
97,18,1,0,4
97,19,1,4,20
97,20,1,4,20
97,21,1,0,2
97,22,1,0,24
97,23,10,1,24
97,24,10,1,0
97,25,4,0,3
97,26,4,0,13
97,27,4,0,0
97,28,5,4,19
97,29,5,0,12
97,30,5,0,24
97,31,5,0,22
97,32,5,0,9
97,33,5,0,19
97,34,5,0,12
97,35,5,0,3
97,36,5,0,14
97,37,5,0,13
97,38,5,0,19
97,39,5,4,10
97,40,5,4,8
97,41,5,4,24
97,42,5,0,14
97,43,5,0,0
97,44,5,4,20
97,45,5,4,20
97,46,5,4,20
97,47,5,0,14
97,48,5,0,0
97,49,5,4,20
97,50,5,4,20
97,51,5,0,13
97,52,5,0,4
97,53,5,0,21
97,54,5,0,9
97,55,5,0,2
97,56,5,0,3
97,57,5,0,3
97,58,5,0,5
97,59,5,0,2
97,60,5,0,12
97,61,5,0,24
97,62,5,0,2
97,63,5,0,16
97,64,5,0,18
97,65,5,0,19
97,66,5,0,18
97,67,5,4,13
97,68,4,10,20
97,69,5,4,8
97,70,5,4,7
97,71,5,4,20
97,72,5,0,15
97,73,5,0,22
97,74,5,0,2
97,75,5,0,3
97,76,5,0,0
97,77,5,0,16
97,78,5,0,1
98,0,5,0,20
98,1,5,0,14
98,2,4,0,18
98,3,4,0,10
98,4,5,4,23
98,5,5,4,20
98,6,5,4,5
98,7,4,0,19
98,8,10,1,9
98,9,10,1,4
98,10,10,0,2
98,11,10,0,7
98,12,10,0,1
98,13,10,0,7
98,14,10,0,13
98,15,10,1,0
98,16,4,0,6
98,17,1,4,21
98,18,1,4,5
98,19,1,4,8
98,20,1,4,24
98,21,1,0,3
98,22,10,1,19
98,23,10,0,18
98,24,10,1,18
98,25,4,0,4
98,26,4,0,13
98,27,5,4,19
98,28,5,0,7
98,29,5,0,11
98,30,5,0,1
98,31,5,0,22
98,32,5,0,21
98,33,5,0,5
98,34,5,0,11
98,35,5,0,6
98,36,5,0,4
98,37,5,0,8
98,38,5,4,0
98,39,4,0,1
98,40,5,4,6
98,41,5,0,17
98,42,5,0,5
98,43,5,4,10
98,44,5,4,8
98,45,5,4,8
98,46,5,4,7
98,47,5,0,2
98,48,5,4,15
98,49,5,4,8
98,50,5,4,22
98,51,5,0,4
98,52,5,0,9
98,53,5,0,13
98,54,5,0,11
98,55,5,0,22
98,56,5,0,8
98,57,5,0,4
98,58,5,0,0
98,59,5,0,9
98,60,5,0,2
98,61,5,0,21
98,62,5,0,9
98,63,5,0,10
98,64,5,0,9
98,65,5,0,7
98,66,5,4,5
98,67,4,10,15
98,68,4,10,21
98,69,4,0,7
98,70,5,4,8
98,71,5,4,22
98,72,5,0,10
98,73,5,0,18
98,74,5,0,16
98,75,5,0,21
98,76,5,0,11
98,77,5,0,19
98,78,5,0,20
99,0,5,0,4
99,1,1,4,17
99,2,4,0,11
99,3,4,0,14
99,4,5,4,8
99,5,5,4,8
99,6,4,0,9
99,7,10,1,9
99,8,10,0,17
99,9,10,0,5
99,10,10,0,5
99,11,10,0,0
99,12,10,0,12
99,13,10,0,21
99,14,10,0,19
99,15,10,1,18
99,16,4,0,19
99,17,1,4,8
99,18,4,0,9
99,19,1,4,6
99,20,1,0,6
99,21,10,1,9
99,22,10,0,18
99,23,10,1,0
99,24,4,0,21
99,25,4,0,21
99,26,5,4,6
99,27,5,0,10
99,28,5,0,4
99,29,5,0,3
99,30,5,0,15
99,31,5,0,10
99,32,5,0,7
99,33,5,0,5
99,34,5,0,19
99,35,5,0,21
99,36,5,0,24
99,37,5,0,4
99,38,5,4,18
99,39,4,0,13
99,40,4,10,20
99,41,5,0,6
99,42,5,4,15
99,43,4,0,24
99,44,4,0,15
99,45,4,0,22
99,46,5,4,21
99,47,5,4,13
99,48,4,0,3
99,49,4,0,21
99,50,5,4,22
99,51,5,0,9
99,52,5,0,4
99,53,5,0,1
99,54,5,0,9
99,55,5,0,13
99,56,5,0,21
99,57,5,0,2
99,58,5,0,23
99,59,5,0,12
99,60,5,0,15
99,61,5,0,24
99,62,5,0,8
99,63,5,4,20
99,64,5,4,20
99,65,5,4,10
99,66,4,10,0
99,67,10,0,20
99,68,4,10,24
99,69,4,0,21
99,70,4,0,17
99,71,5,4,24
99,72,5,0,18
99,73,5,0,22
99,74,5,0,7
99,75,5,0,20
99,76,5,0,7
99,77,5,0,8
99,78,5,0,13
100,0,10,1,16
100,1,10,1,16
100,2,10,1,16
100,3,1,4,16
100,4,1,4,16
100,5,1,4,16
100,6,10,1,9
100,7,10,0,15
100,8,10,0,3
100,9,10,0,20
100,10,10,0,0
100,11,10,0,11
100,12,10,0,18
100,13,10,0,15
100,14,10,1,0
100,15,1,4,17
100,16,4,0,8
100,17,4,0,7
100,18,4,0,15
100,19,1,4,24
100,20,10,1,11
100,21,10,0,13
100,22,10,0,22
100,23,10,1,18
100,24,4,0,19
100,25,4,0,9
100,26,5,4,24
100,27,5,0,17
100,28,5,0,21
100,29,5,0,13
100,30,5,0,19
100,31,5,0,7
100,32,5,0,4
100,33,5,0,5
100,34,5,0,23
100,35,5,0,6
100,36,5,0,0
100,37,5,4,13
100,38,4,0,22
100,39,4,10,13
100,40,4,10,23
100,41,5,4,5
100,42,4,0,1
100,43,1,4,16
100,44,4,0,20
100,45,4,0,14
100,46,5,4,8
100,47,4,0,24
100,48,4,0,0
100,49,4,0,7
100,50,5,4,21
100,51,5,0,21
100,52,5,0,15
100,53,5,0,12
100,54,5,0,0
100,55,5,0,18
100,56,5,0,5
100,57,5,0,6
100,58,5,0,12
100,59,5,0,24
100,60,5,0,8
100,61,5,0,14
100,62,5,4,13
100,63,5,4,8
100,64,5,4,8
100,65,4,0,9
100,66,4,10,3
100,67,4,10,14
100,68,4,0,9
100,69,4,0,18
100,70,5,4,6
100,71,5,4,20
100,72,5,0,19
100,73,5,0,8
100,74,5,0,3
100,75,5,0,4
100,76,5,0,12
100,77,5,0,13
100,78,5,0,0
