0,0,1,4,15
0,1,4,0,19
0,2,1,4,14
0,3,5,1,16
0,4,1,0,8
0,5,1,0,21
0,6,1,0,18
0,7,5,1,8
0,8,5,1,8
0,9,1,0,11
0,10,1,0,15
0,11,4,6,1
0,12,6,0,8
0,13,4,6,24
0,14,1,4,24
0,15,1,0,16
0,16,5,1,8
0,17,5,1,8
0,18,1,0,18
0,19,1,0,20
0,20,1,0,23
0,21,5,1,7
0,22,5,0,1
0,23,5,0,3
0,24,5,0,19
0,25,5,0,22
0,26,5,0,12
0,27,5,1,18
0,28,1,0,19
0,29,1,0,21
0,30,1,4,17
0,31,4,0,1
0,32,4,0,6
0,33,4,0,18
0,34,4,0,0
0,35,4,0,3
0,36,4,0,12
0,37,4,0,5
0,38,1,4,9
0,39,1,0,24
0,40,5,1,9
0,41,5,0,22
0,42,5,0,21
0,43,5,0,4
0,44,5,0,2
0,45,5,0,1
0,46,5,0,16
0,47,5,0,23
0,48,5,0,4
0,49,5,0,15
1,0,4,0,5
1,1,1,4,11
1,2,5,1,4
1,3,5,1,3
1,4,5,1,16
1,5,1,0,4
1,6,1,0,23
1,7,1,0,11
1,8,1,0,9
1,9,1,0,20
1,10,1,4,0
1,11,4,6,1
1,12,4,6,14
1,13,1,4,6
1,14,1,0,23
1,15,1,0,16
1,16,1,0,5
1,17,1,0,23
1,18,1,0,1
1,19,1,0,16
1,20,1,0,8
1,21,5,1,23
1,22,5,1,20
1,23,5,0,9
1,24,5,0,21
1,25,5,1,20
1,26,5,1,5
1,27,1,0,4
1,28,1,0,6
1,29,1,0,15
1,30,1,4,1
1,31,1,4,16
1,32,4,0,19
1,33,4,0,2
1,34,4,0,0
1,35,4,0,0
1,36,4,0,12
1,37,1,4,19
1,38,1,0,12
1,39,5,1,6
1,40,5,0,11
1,41,5,0,22
1,42,5,0,2
1,43,5,0,7
1,44,5,0,0
1,45,5,0,17
1,46,5,0,22
1,47,5,0,15
1,48,5,0,2
2,0,1,4,9
2,1,5,1,24
2,2,5,0,9
2,3,5,1,4
2,4,5,1,3
2,5,1,0,0
2,6,1,0,2
2,7,1,0,7
2,8,1,0,19
2,9,1,0,3
2,10,1,4,18
2,11,4,6,4
2,12,4,0,11
2,13,1,4,7
2,14,1,0,7
2,15,1,0,16
2,16,1,0,10
2,17,1,0,9
2,18,1,0,10
2,19,1,0,12
2,20,1,6,20
2,21,5,1,8
2,22,5,1,22
2,23,5,1,20
2,24,5,1,13
2,25,5,1,8
2,26,1,0,12
2,27,1,0,22
2,28,1,0,5
2,29,1,0,5
2,30,1,4,4
2,31,1,4,2
2,32,1,4,16
2,33,1,4,16
2,34,4,0,1
2,35,4,0,8
2,36,1,4,19
2,37,1,0,13
2,38,1,0,5
2,39,5,1,24
2,40,5,0,15
2,41,5,0,6
2,42,5,0,12
2,43,5,0,22
2,44,5,0,3
2,45,5,0,19
2,46,5,0,2
2,47,5,0,18
2,48,1,0,6
3,0,5,1,14
3,1,5,0,9
3,2,5,0,11
3,3,5,0,0
3,4,5,1,2
3,5,1,0,15
3,6,1,0,6
3,7,1,0,19
3,8,1,0,18
3,9,1,4,13
3,10,4,0,1
3,11,4,0,4
3,12,4,0,22
3,13,1,4,7
3,14,1,0,0
3,15,1,0,12
3,16,1,0,7
3,17,1,0,1
3,18,1,0,17
3,19,1,6,15
3,20,1,6,21
3,21,1,0,7
3,22,5,1,8
3,23,1,6,20
3,24,1,0,15
3,25,1,0,12
3,26,1,0,20
3,27,1,0,2
3,28,1,0,13
3,29,1,0,19
3,30,1,0,15
3,31,1,4,4
3,32,1,4,4
3,33,1,4,1
3,34,4,0,20
3,35,1,4,19
3,36,1,0,17
3,37,1,0,17
3,38,5,1,14
3,39,5,0,9
3,40,5,0,6
3,41,5,0,14
3,42,5,0,20
3,43,5,0,7
3,44,5,0,1
3,45,5,0,11
3,46,5,0,14
3,47,1,4,23
3,48,1,0,2
4,0,5,0,19
4,1,5,0,4
4,2,5,0,1
4,3,5,0,1
4,4,5,1,3
4,5,5,1,16
4,6,5,1,16
4,7,1,0,23
4,8,1,4,0
4,9,4,0,5
4,10,4,0,8
4,11,4,0,17
4,12,4,0,2
4,13,1,4,24
4,14,1,0,11
4,15,1,0,9
4,16,1,0,8
4,17,1,0,1
4,18,1,6,0
4,19,6,0,17
4,20,1,6,7
4,21,1,6,20
4,22,1,6,13
4,23,1,6,23
4,24,1,0,1
4,25,1,0,3
4,26,1,0,15
4,27,1,0,19
4,28,1,0,17
4,29,1,0,13
4,30,1,0,1
4,31,1,0,16
4,32,1,0,2
4,33,1,4,3
4,34,1,4,19
4,35,1,0,13
4,36,1,0,5
4,37,5,1,9
4,38,5,0,11
4,39,5,0,16
4,40,5,0,7
4,41,5,0,19
4,42,5,0,13
4,43,5,0,7
4,44,5,0,14
4,45,5,0,17
4,46,4,0,3
4,47,1,4,24
4,48,1,0,18
5,0,5,0,20
5,1,5,0,6
5,2,5,0,2
5,3,5,0,11
5,4,5,1,4
5,5,5,1,4
5,6,5,1,17
5,7,1,0,11
5,8,1,4,1
5,9,1,4,16
5,10,1,4,16
5,11,1,4,16
5,12,1,4,19
5,13,1,0,15
5,14,1,0,6
5,15,1,0,3
5,16,1,0,14
5,17,1,0,16
5,18,1,6,1
5,19,6,0,5
5,20,1,6,8
5,21,1,6,8
5,22,6,0,6
5,23,1,6,24
5,24,1,0,23
5,25,1,0,2
5,26,1,0,11
5,27,1,0,18
5,28,1,0,13
5,29,1,0,24
5,30,1,0,18
5,31,1,0,18
5,32,1,0,21
5,33,1,4,4
5,34,1,0,14
5,35,1,0,15
5,36,5,1,9
5,37,5,0,4
5,38,5,0,24
5,39,5,0,13
5,40,5,0,21
5,41,5,0,2
5,42,5,0,3
5,43,5,0,4
5,44,5,0,3
5,45,4,0,22
5,46,1,4,6
5,47,1,0,21
5,48,5,1,6
6,0,5,0,22
6,1,5,0,7
6,2,5,0,11
6,3,5,0,5
6,4,5,0,6
6,5,5,0,6
6,6,5,1,2
6,7,1,0,14
6,8,1,4,4
6,9,1,4,4
6,10,1,4,4
6,11,1,4,4
6,12,1,0,6
6,13,1,0,10
6,14,1,0,5
6,15,1,0,9
6,16,1,0,9
6,17,1,0,20
6,18,1,6,17
6,19,6,0,24
6,20,6,0,12
6,21,6,0,0
6,22,1,6,19
6,23,1,0,4
6,24,1,0,20
6,25,1,0,3
6,26,5,1,16
6,27,5,1,16
6,28,5,1,16
6,29,5,1,16
6,30,1,0,4
6,31,1,0,14
6,32,1,0,21
6,33,1,0,10
6,34,1,0,18
6,35,5,1,9
6,36,5,0,21
6,37,5,0,19
6,38,5,0,0
6,39,5,0,2
6,40,5,0,9
6,41,5,0,1
6,42,5,0,2
6,43,5,0,24
6,44,4,6,23
6,45,4,0,24
6,46,1,4,24
6,47,1,0,24
6,48,5,1,21
7,0,5,0,3
7,1,5,0,13
7,2,5,0,1
7,3,5,0,14
7,4,5,0,13
7,5,5,0,22
7,6,5,1,3
7,7,1,0,17
7,8,1,0,2
7,9,1,0,8
7,10,1,0,12
7,11,1,0,18
7,12,1,0,11
7,13,1,0,10
7,14,1,0,11
7,15,1,0,10
7,16,1,0,16
7,17,1,0,15
7,18,1,6,17
7,19,6,0,24
7,20,6,0,21
7,21,1,6,6
7,22,1,0,0
7,23,5,1,16
7,24,5,1,16
7,25,5,1,11
7,26,5,1,4
7,27,5,1,4
7,28,5,1,4
7,29,5,1,17
7,30,1,0,4
7,31,5,1,16
7,32,5,1,16
7,33,5,1,16
7,34,5,1,19
7,35,5,0,19
7,36,5,0,17
7,37,5,0,15
7,38,5,0,15
7,39,5,0,15
7,40,5,0,17
7,41,5,0,4
7,42,5,0,6
7,43,6,0,2
7,44,4,6,24
7,45,1,4,6
7,46,1,0,14
7,47,1,0,11
7,48,5,1,24
8,0,5,0,13
8,1,5,0,6
8,2,5,0,13
8,3,5,0,16
8,4,5,0,0
8,5,5,0,12
8,6,5,1,3
8,7,1,0,18
8,8,1,0,15
8,9,1,0,16
8,10,1,0,9
8,11,5,1,16
8,12,5,1,16
8,13,5,1,16
8,14,5,1,16
8,15,5,1,16
8,16,5,1,16
8,17,1,0,11
8,18,1,6,1
8,19,6,0,6
8,20,6,0,18
8,21,1,6,24
8,22,5,1,9
8,23,5,1,4
8,24,5,1,4
8,25,5,0,17
8,26,5,0,24
8,27,5,0,13
8,28,5,0,17
8,29,5,1,2
8,30,5,1,9
8,31,5,1,4
8,32,5,1,4
8,33,5,1,4
8,34,5,0,7
8,35,5,0,5
8,36,5,0,3
8,37,5,0,11
8,38,5,0,4
8,39,5,0,13
8,40,5,0,4
8,41,5,0,1
8,42,6,0,4
8,43,4,6,14
8,44,4,0,12
8,45,1,4,24
8,46,1,0,18
8,47,5,1,6
8,48,5,0,18
9,0,5,0,23
9,1,5,0,11
9,2,5,0,4
9,3,5,0,21
9,4,5,0,7
9,5,5,0,0
9,6,5,1,1
9,7,5,1,16
9,8,5,1,16
9,9,5,1,16
9,10,5,1,9
9,11,5,1,4
9,12,5,1,4
9,13,5,1,4
9,14,5,1,4
9,15,5,1,4
9,16,5,1,17
9,17,1,0,4
9,18,1,6,3
9,19,6,0,2
9,20,1,6,6
9,21,5,1,6
9,22,5,0,1
9,23,5,0,16
9,24,5,0,17
9,25,5,0,19
9,26,5,0,21
9,27,5,0,11
9,28,5,0,5
9,29,5,1,4
9,30,5,0,7
9,31,5,0,10
9,32,5,0,24
9,33,5,0,17
9,34,5,0,23
9,35,5,0,8
9,36,5,0,16
9,37,5,0,7
9,38,5,0,5
9,39,5,0,24
9,40,5,0,11
9,41,4,6,18
9,42,4,6,6
9,43,4,0,21
9,44,1,4,6
9,45,1,0,1
9,46,1,0,20
9,47,5,1,24
9,48,5,0,5
10,0,5,0,14
10,1,5,0,15
10,2,5,0,4
10,3,5,0,10
10,4,5,0,12
10,5,5,0,6
10,6,5,1,4
10,7,5,1,4
10,8,5,1,4
10,9,5,1,4
10,10,5,0,20
10,11,5,0,7
10,12,5,0,15
10,13,5,0,4
10,14,5,0,13
10,15,5,0,4
10,16,5,1,2
10,17,1,0,3
10,18,1,6,18
10,19,6,0,12
10,20,1,6,24
10,21,5,1,24
10,22,5,0,5
10,23,5,0,1
10,24,5,0,7
10,25,5,0,15
10,26,5,0,6
10,27,5,0,20
10,28,5,0,16
10,29,5,0,23
10,30,5,0,10
10,31,5,0,18
10,32,5,0,7
10,33,5,0,10
10,34,5,0,3
10,35,5,0,6
10,36,5,0,9
10,37,5,0,6
10,38,5,0,8
10,39,5,0,12
10,40,4,6,5
10,41,6,0,17
10,42,4,6,24
10,43,4,0,3
10,44,1,4,24
10,45,1,0,14
10,46,5,1,6
10,47,5,0,7
10,48,5,0,23
11,0,5,0,14
11,1,5,0,21
11,2,5,0,22
11,3,5,0,16
11,4,5,0,5
11,5,5,0,10
11,6,5,0,9
11,7,5,0,4
11,8,5,0,14
11,9,5,0,14
11,10,5,0,7
11,11,5,0,2
11,12,5,0,5
11,13,5,0,23
11,14,5,0,16
11,15,5,0,18
11,16,5,1,2
11,17,1,6,0
11,18,6,0,5
11,19,1,6,6
11,20,5,1,6
11,21,5,0,16
11,22,5,0,22
11,23,5,0,21
11,24,5,0,10
11,25,5,0,23
11,26,5,0,12
11,27,5,0,19
11,28,5,0,3
11,29,5,0,5
11,30,5,0,0
11,31,5,0,10
11,32,5,0,5
11,33,5,0,6
11,34,5,0,10
11,35,5,0,17
11,36,5,0,4
11,37,5,0,3
11,38,5,0,6
11,39,4,6,0
11,40,6,0,13
11,41,4,6,11
11,42,4,0,12
11,43,1,4,6
11,44,1,0,10
11,45,1,0,23
11,46,5,1,22
11,47,5,0,1
11,48,5,0,15
12,0,5,0,17
12,1,5,0,21
12,2,5,0,18
12,3,5,0,19
12,4,5,0,0
12,5,5,0,6
12,6,5,0,12
12,7,5,0,10
12,8,5,0,13
12,9,5,0,22
12,10,5,0,11
12,11,5,0,10
12,12,5,0,2
12,13,5,0,15
12,14,5,0,5
12,15,5,0,5
12,16,5,1,18
12,17,1,6,3
12,18,6,0,1
12,19,1,6,24
12,20,5,1,23
12,21,5,0,6
12,22,5,0,20
12,23,5,0,20
12,24,5,0,7
12,25,5,0,10
12,26,5,0,13
12,27,5,0,13
12,28,5,0,14
12,29,5,0,23
12,30,5,0,9
12,31,5,0,22
12,32,5,0,13
12,33,5,0,2
12,34,5,0,14
12,35,5,0,16
12,36,5,0,2
12,37,5,0,19
12,38,4,0,22
12,39,4,6,3
12,40,4,6,19
12,41,4,0,4
12,42,4,0,9
12,43,1,4,24
12,44,1,0,18
12,45,1,0,17
12,46,5,1,24
12,47,5,0,21
12,48,5,0,17
13,0,5,0,7
13,1,5,0,3
13,2,5,0,10
13,3,5,0,0
13,4,5,0,18
13,5,5,0,12
13,6,5,0,12
13,7,5,0,12
13,8,5,0,5
13,9,5,0,0
13,10,5,0,10
13,11,5,0,20
13,12,5,0,3
13,13,5,0,5
13,14,5,0,1
13,15,5,1,0
13,16,1,0,7
13,17,1,6,1
13,18,1,6,11
13,19,1,0,17
13,20,5,1,24
13,21,5,0,10
13,22,5,0,9
13,23,5,0,4
13,24,5,0,13
13,25,5,0,8
13,26,5,0,16
13,27,5,0,8
13,28,5,0,13
13,29,5,0,11
13,30,5,0,1
13,31,5,0,19
13,32,5,0,9
13,33,5,0,7
13,34,5,0,3
13,35,5,0,1
13,36,5,0,3
13,37,4,0,18
13,38,4,0,2
13,39,4,6,4
13,40,4,0,19
13,41,4,0,24
13,42,1,4,14
13,43,1,0,6
13,44,1,0,3
13,45,5,1,6
13,46,5,0,14
13,47,5,0,19
13,48,5,0,11
14,0,5,0,2
14,1,5,0,19
14,2,5,0,4
14,3,5,0,21
14,4,5,0,12
14,5,5,0,9
14,6,5,0,5
14,7,5,0,6
14,8,5,0,2
14,9,5,0,18
14,10,5,0,23
14,11,5,0,7
14,12,5,0,1
14,13,5,0,23
14,14,5,0,4
14,15,5,1,3
14,16,1,0,8
14,17,1,6,4
14,18,1,0,21
14,19,5,1,19
14,20,5,0,1
14,21,5,0,15
14,22,5,0,8
14,23,5,0,0
14,24,5,0,10
14,25,5,0,1
14,26,5,0,7
14,27,5,0,21
14,28,5,0,24
14,29,5,0,4
14,30,5,0,20
14,31,5,0,9
14,32,5,0,4
14,33,5,0,6
14,34,5,0,22
14,35,5,0,9
14,36,4,0,10
14,37,4,0,22
14,38,4,0,8
14,39,4,0,21
14,40,4,0,17
14,41,1,4,19
14,42,1,0,20
14,43,1,0,13
14,44,1,0,3
14,45,5,1,23
14,46,5,0,9
14,47,5,0,4
14,48,5,0,5
15,0,5,0,8
15,1,5,0,8
15,2,5,0,17
15,3,5,0,20
15,4,5,0,16
15,5,5,0,14
15,6,5,0,3
15,7,5,0,0
15,8,5,0,23
15,9,5,0,5
15,10,5,0,2
15,11,5,0,1
15,12,5,0,8
15,13,5,0,3
15,14,5,0,10
15,15,5,1,1
15,16,5,1,16
15,17,5,1,16
15,18,5,1,11
15,19,5,0,24
15,20,5,0,3
15,21,5,0,16
15,22,5,0,21
15,23,5,0,2
15,24,5,0,8
15,25,5,0,6
15,26,5,0,24
15,27,5,0,7
15,28,5,0,22
15,29,5,0,11
15,30,5,0,3
15,31,5,0,13
15,32,5,0,13
15,33,5,0,8
15,34,5,0,14
15,35,4,0,16
15,36,4,0,13
15,37,4,0,24
15,38,1,4,16
15,39,1,4,16
15,40,1,4,14
15,41,1,0,18
15,42,1,0,9
15,43,1,0,1
15,44,1,0,20
15,45,5,1,24
15,46,5,0,0
15,47,5,0,22
15,48,5,0,17
16,0,5,0,8
16,1,5,0,8
16,2,5,0,19
16,3,5,0,21
16,4,5,0,8
16,5,5,0,22
16,6,5,0,1
16,7,5,0,14
16,8,5,0,12
16,9,5,0,17
16,10,5,0,12
16,11,5,0,20
16,12,5,0,8
16,13,5,0,2
16,14,5,0,22
16,15,5,1,4
16,16,5,1,4
16,17,5,1,4
16,18,5,0,12
16,19,5,0,12
16,20,5,0,22
16,21,5,0,2
16,22,5,0,18
16,23,5,0,0
16,24,5,0,1
16,25,5,0,24
16,26,5,0,16
16,27,5,0,18
16,28,5,0,12
16,29,5,0,17
16,30,5,0,18
16,31,5,0,14
16,32,5,0,6
16,33,5,0,19
16,34,4,0,8
16,35,4,0,24
16,36,1,4,16
16,37,1,4,14
16,38,1,4,4
16,39,1,4,4
16,40,1,0,7
16,41,1,0,7
16,42,1,0,0
16,43,1,0,11
16,44,5,1,6
16,45,5,0,11
16,46,5,0,12
16,47,5,0,10
16,48,5,0,15
17,0,5,0,19
17,1,5,0,17
17,2,5,0,13
17,3,5,0,9
17,4,5,0,14
17,5,5,0,14
17,6,5,0,6
17,7,5,0,15
17,8,5,0,1
17,9,5,0,19
17,10,5,0,24
17,11,5,0,16
17,12,5,0,0
17,13,5,0,1
17,14,5,0,13
17,15,5,0,19
17,16,5,0,2
17,17,5,0,24
17,18,5,0,7
17,19,5,0,22
17,20,5,0,22
17,21,5,0,15
17,22,5,0,16
17,23,5,0,11
17,24,5,0,22
17,25,5,0,10
17,26,5,0,6
17,27,5,0,19
17,28,5,0,2
17,29,5,0,0
17,30,5,0,23
17,31,5,0,10
17,32,5,0,2
17,33,4,0,6
17,34,4,0,7
17,35,1,4,9
17,36,1,4,4
17,37,1,0,13
17,38,1,0,7
17,39,1,0,20
17,40,1,0,20
17,41,1,0,18
17,42,1,0,20
17,43,1,0,18
17,44,5,1,7
17,45,5,0,22
17,46,5,0,17
17,47,5,0,22
17,48,5,0,5
18,0,5,0,22
18,1,5,0,7
18,2,5,0,11
18,3,5,0,7
18,4,5,1,20
18,5,5,0,12
18,6,5,0,8
18,7,5,0,7
18,8,5,0,3
18,9,5,0,9
18,10,5,0,22
18,11,5,0,4
18,12,5,0,5
18,13,5,0,10
18,14,5,0,15
18,15,5,0,22
18,16,5,0,16
18,17,5,1,20
18,18,5,1,20
18,19,5,1,20
18,20,5,1,20
18,21,5,0,21
18,22,5,0,8
18,23,5,0,20
18,24,5,0,22
18,25,5,0,1
18,26,5,0,2
18,27,5,0,11
18,28,5,0,18
18,29,5,0,3
18,30,5,0,16
18,31,5,0,13
18,32,4,0,4
18,33,4,0,15
18,34,1,4,19
18,35,1,0,1
18,36,1,0,18
18,37,1,0,9
18,38,1,0,16
18,39,1,0,12
18,40,1,0,2
18,41,1,0,24
18,42,1,0,17
18,43,1,0,13
18,44,5,1,23
18,45,5,0,15
18,46,5,0,2
18,47,5,0,9
18,48,5,0,14
19,0,5,0,17
19,1,5,1,20
19,2,5,1,20
19,3,5,1,13
19,4,5,1,23
19,5,5,1,20
19,6,5,1,20
19,7,5,1,20
19,8,5,0,14
19,9,5,0,20
19,10,5,0,15
19,11,5,0,17
19,12,5,0,16
19,13,5,0,21
19,14,5,0,17
19,15,5,0,23
19,16,5,1,5
19,17,5,1,8
19,18,5,1,8
19,19,5,1,8
19,20,5,1,7
19,21,5,1,20
19,22,5,0,19
19,23,5,0,9
19,24,5,0,16
19,25,5,0,6
19,26,5,0,20
19,27,5,0,4
19,28,5,0,18
19,29,5,0,20
19,30,5,0,4
19,31,4,0,0
19,32,4,0,24
19,33,1,4,11
19,34,1,0,22
19,35,1,0,3
19,36,1,0,0
19,37,1,0,2
19,38,1,0,23
19,39,1,0,21
19,40,1,0,0
19,41,1,0,20
19,42,1,0,7
19,43,1,0,4
19,44,5,1,24
19,45,5,0,12
19,46,5,0,8
19,47,5,0,9
19,48,5,0,12
20,0,5,1,15
20,1,5,1,8
20,2,5,1,8
20,3,1,0,23
20,4,5,1,8
20,5,5,1,8
20,6,5,1,8
20,7,5,1,7
20,8,5,0,6
20,9,5,0,11
20,10,5,0,20
20,11,5,0,19
20,12,5,0,9
20,13,5,0,12
20,14,5,0,1
20,15,5,1,10
20,16,1,0,12
20,17,1,0,20
20,18,1,0,22
20,19,1,0,2
20,20,5,1,8
20,21,5,1,23
20,22,5,0,4
20,23,5,0,16
20,24,5,0,2
20,25,5,0,5
20,26,5,0,16
20,27,5,0,9
20,28,5,0,16
20,29,5,0,2
20,30,4,0,11
20,31,4,0,10
20,32,1,4,19
20,33,1,0,15
20,34,1,0,13
20,35,5,1,16
20,36,5,1,16
20,37,5,1,16
20,38,1,0,22
20,39,1,0,0
20,40,1,0,8
20,41,1,0,23
20,42,1,0,18
20,43,5,1,6
20,44,5,0,10
20,45,5,0,17
20,46,5,0,20
20,47,5,0,3
20,48,5,0,16
21,0,1,0,0
21,1,1,0,8
21,2,1,0,7
21,3,1,0,9
21,4,1,0,21
21,5,1,0,21
21,6,1,0,14
21,7,5,1,7
21,8,5,0,18
21,9,5,0,21
21,10,5,0,9
21,11,5,0,24
21,12,5,0,9
21,13,5,1,20
21,14,5,1,10
21,15,1,0,15
21,16,1,0,4
21,17,1,0,21
21,18,1,0,6
21,19,1,0,18
21,20,1,0,3
21,21,5,1,22
21,22,5,0,14
21,23,5,0,9
21,24,5,0,19
21,25,5,0,13
21,26,5,0,13
21,27,5,0,0
21,28,5,0,9
21,29,4,0,10
21,30,4,0,0
21,31,1,4,19
21,32,1,0,17
21,33,1,0,17
21,34,5,1,11
21,35,5,1,4
21,36,5,1,4
21,37,5,1,3
21,38,5,1,16
21,39,1,0,14
21,40,1,0,1
21,41,1,0,7
21,42,1,0,18
21,43,5,1,7
21,44,5,0,24
21,45,5,0,16
21,46,5,0,17
21,47,5,0,19
21,48,5,0,16
22,0,1,0,19
22,1,1,0,11
22,2,1,0,18
22,3,1,0,5
22,4,1,0,18
22,5,1,0,13
22,6,1,0,24
22,7,5,1,22
22,8,5,1,20
22,9,5,0,0
22,10,5,0,10
22,11,5,0,10
22,12,5,1,13
22,13,5,1,8
22,14,1,0,13
22,15,1,6,20
22,16,1,0,16
22,17,1,0,6
22,18,1,0,13
22,19,1,0,15
22,20,1,0,0
22,21,5,1,7
22,22,5,0,24
22,23,5,0,12
22,24,5,0,1
22,25,5,0,21
22,26,5,0,18
22,27,5,0,0
22,28,4,0,17
22,29,4,0,21
22,30,1,4,19
22,31,1,0,19
22,32,1,0,11
22,33,5,1,19
22,34,5,0,1
22,35,5,0,6
22,36,5,0,21
22,37,5,1,4
22,38,5,1,3
22,39,1,0,3
22,40,1,0,17
22,41,1,0,19
22,42,1,0,1
22,43,5,1,24
22,44,5,0,19
22,45,5,0,5
22,46,5,0,11
22,47,5,0,16
22,48,5,0,6
23,0,1,0,0
23,1,1,0,18
23,2,1,0,18
23,3,1,0,6
23,4,1,0,13
23,5,1,0,22
23,6,1,0,21
23,7,5,1,8
23,8,5,1,7
23,9,5,0,14
23,10,5,0,16
23,11,5,1,15
23,12,1,0,19
23,13,1,0,2
23,14,1,6,5
23,15,1,6,22
23,16,1,0,14
23,17,1,0,20
23,18,1,0,10
23,19,1,0,16
23,20,1,0,13
23,21,5,1,22
23,22,5,0,11
23,23,5,0,14
23,24,5,0,20
23,25,5,0,14
23,26,5,0,3
23,27,4,0,1
23,28,4,0,24
23,29,1,4,11
23,30,1,0,9
23,31,1,0,15
23,32,5,1,9
23,33,5,0,24
23,34,5,0,6
23,35,5,0,11
23,36,5,0,4
23,37,5,0,14
23,38,5,1,3
23,39,5,1,16
23,40,1,0,19
23,41,1,0,11
23,42,5,1,14
23,43,5,0,22
23,44,5,0,18
23,45,5,0,0
23,46,5,0,21
23,47,5,0,23
23,48,5,0,14
24,0,1,0,7
24,1,1,4,20
24,2,1,0,18
24,3,1,0,3
24,4,1,0,14
24,5,1,0,21
24,6,1,0,20
24,7,1,0,14
24,8,5,1,7
24,9,5,1,20
24,10,5,1,10
24,11,1,0,2
24,12,1,0,2
24,13,1,6,5
24,14,6,0,23
24,15,1,6,24
24,16,1,0,10
24,17,1,0,14
24,18,1,0,22
24,19,1,0,17
24,20,1,0,6
24,21,5,1,24
24,22,5,0,9
24,23,5,0,0
24,24,5,0,8
24,25,5,0,18
24,26,4,0,7
24,27,4,0,10
24,28,1,4,14
24,29,1,0,2
24,30,1,0,0
24,31,5,1,19
24,32,5,0,1
24,33,5,0,19
24,34,5,0,13
24,35,5,0,13
24,36,5,0,22
24,37,5,0,16
24,38,5,1,4
24,39,5,1,3
24,40,1,0,14
24,41,5,1,11
24,42,5,0,23
24,43,5,0,9
24,44,5,0,19
24,45,5,0,19
24,46,5,0,2
24,47,5,0,0
24,48,5,0,18
25,0,1,4,10
25,1,1,4,22
25,2,1,0,22
25,3,1,0,20
25,4,1,0,12
25,5,1,0,19
25,6,1,0,16
25,7,1,0,5
25,8,5,1,8
25,9,5,1,8
25,10,1,0,7
25,11,1,0,8
25,12,1,6,5
25,13,6,0,1
25,14,1,6,14
25,15,1,0,4
25,16,1,0,4
25,17,1,0,0
25,18,1,0,1
25,19,1,0,14
25,20,5,1,6
25,21,5,0,20
25,22,5,0,1
25,23,5,0,22
25,24,5,0,24
25,25,4,0,8
25,26,4,0,6
25,27,1,4,19
25,28,1,0,11
25,29,1,0,11
25,30,5,1,9
25,31,5,0,16
25,32,5,0,11
25,33,5,0,23
25,34,5,0,3
25,35,5,0,6
25,36,5,0,5
25,37,5,0,22
25,38,5,0,20
25,39,5,1,3
25,40,5,1,14
25,41,5,0,16
25,42,5,0,3
25,43,5,0,1
25,44,5,0,0
25,45,5,0,13
25,46,5,0,17
25,47,5,0,24
25,48,5,0,23
26,0,4,0,22
26,1,1,4,21
26,2,1,4,20
26,3,1,0,22
26,4,1,0,5
26,5,1,0,0
26,6,1,0,8
26,7,1,0,7
26,8,1,0,14
26,9,1,0,24
26,10,1,0,15
26,11,1,6,0
26,12,6,0,4
26,13,1,6,6
26,14,1,0,22
26,15,1,0,7
26,16,1,0,8
26,17,1,0,3
26,18,1,0,11
26,19,1,0,11
26,20,5,1,7
26,21,5,0,10
26,22,5,0,1
26,23,5,0,20
26,24,4,0,21
26,25,4,0,14
26,26,1,4,6
26,27,1,0,1
26,28,1,0,19
26,29,5,1,6
26,30,5,0,24
26,31,5,0,19
26,32,5,0,10
26,33,5,0,0
26,34,5,0,22
26,35,5,0,0
26,36,5,0,18
26,37,5,0,0
26,38,5,0,11
26,39,5,1,4
26,40,5,0,20
26,41,5,0,3
26,42,5,0,3
26,43,5,0,3
26,44,5,0,3
26,45,5,0,17
26,46,5,0,13
26,47,5,0,9
26,48,5,0,12
27,0,4,0,3
27,1,1,4,8
27,2,1,4,7
27,3,1,4,20
27,4,1,4,20
27,5,1,4,20
27,6,1,4,20
27,7,1,4,20
27,8,1,0,17
27,9,1,0,20
27,10,1,0,18
27,11,1,6,18
27,12,6,0,16
27,13,1,6,24
27,14,1,0,22
27,15,1,0,4
27,16,1,0,14
27,17,1,0,16
27,18,1,0,0
27,19,1,0,18
27,20,5,1,24
27,21,5,0,14
27,22,5,0,9
27,23,1,4,16
27,24,4,0,10
27,25,4,0,7
27,26,1,4,24
27,27,1,0,17
27,28,1,0,1
27,29,5,1,24
27,30,5,0,8
27,31,5,0,21
27,32,5,0,7
27,33,5,0,4
27,34,5,0,15
27,35,5,0,10
27,36,5,0,10
27,37,5,0,20
27,38,5,0,19
27,39,5,0,8
27,40,5,0,10
27,41,5,0,9
27,42,5,0,16
27,43,5,0,16
27,44,5,0,2
27,45,5,0,18
27,46,5,0,20
27,47,5,0,14
27,48,5,0,22
28,0,4,0,6
28,1,4,0,5
28,2,1,4,8
28,3,1,4,8
28,4,1,4,8
28,5,1,4,8
28,6,1,4,8
28,7,1,4,23
28,8,1,0,16
28,9,1,0,3
28,10,1,6,15
28,11,6,0,4
28,12,1,6,9
28,13,1,0,4
28,14,1,0,21
28,15,1,0,21
28,16,1,0,0
28,17,1,0,4
28,18,1,0,21
28,19,5,1,6
28,20,5,0,7
28,21,5,0,17
28,22,1,4,19
28,23,1,4,3
28,24,4,0,21
28,25,1,4,6
28,26,1,0,3
28,27,1,0,15
28,28,5,1,6
28,29,5,1,20
28,30,5,1,20
28,31,5,1,20
28,32,5,1,20
28,33,5,0,16
28,34,5,0,20
28,35,5,0,1
28,36,5,0,4
28,37,5,0,9
28,38,5,0,23
28,39,5,0,0
28,40,5,0,1
28,41,5,0,5
28,42,5,0,22
28,43,5,0,22
28,44,5,0,22
28,45,5,0,18
28,46,5,0,24
28,47,5,0,19
28,48,5,0,4
29,0,4,0,6
29,1,4,0,19
29,2,4,0,8
29,3,4,0,13
29,4,4,0,1
29,5,4,0,21
29,6,4,0,10
29,7,1,4,7
29,8,1,0,19
29,9,1,6,0
29,10,6,0,10
29,11,1,6,6
29,12,1,0,2
29,13,1,0,16
29,14,1,0,15
29,15,1,0,9
29,16,1,0,23
29,17,1,0,21
29,18,1,0,9
29,19,5,1,7
29,20,5,0,21
29,21,1,4,6
29,22,1,0,24
29,23,1,4,1
29,24,4,0,18
29,25,1,4,23
29,26,1,0,9
29,27,1,0,21
29,28,5,1,8
29,29,5,1,8
29,30,5,1,8
29,31,5,1,8
29,32,5,1,22
29,33,5,0,18
29,34,5,0,0
29,35,5,0,21
29,36,5,0,10
29,37,5,0,12
29,38,5,0,1
29,39,5,0,13
29,40,5,0,8
29,41,5,0,17
29,42,5,0,5
29,43,5,0,7
29,44,5,0,18
29,45,5,0,12
29,46,5,0,24
29,47,5,0,11
29,48,5,0,8
30,0,4,0,9
30,1,4,0,10
30,2,4,0,7
30,3,4,0,13
30,4,4,0,21
30,5,4,0,14
30,6,4,0,17
30,7,1,4,24
30,8,1,0,16
30,9,1,6,18
30,10,6,0,10
30,11,1,6,24
30,12,1,0,22
30,13,1,0,9
30,14,1,0,12
30,15,1,0,9
30,16,1,0,0
30,17,1,0,21
30,18,1,0,15
30,19,5,1,23
30,20,1,4,8
30,21,1,4,23
30,22,1,0,11
30,23,1,4,3
30,24,4,0,17
30,25,1,4,21
30,26,1,0,12
30,27,1,0,0
30,28,1,0,19
30,29,1,0,0
30,30,1,0,19
30,31,1,0,2
30,32,5,1,24
30,33,5,0,9
30,34,5,0,5
30,35,5,0,10
30,36,5,0,19
30,37,5,0,13
30,38,5,0,1
30,39,5,0,13
30,40,5,0,20
30,41,5,0,3
30,42,5,0,7
30,43,5,0,9
30,44,5,0,23
30,45,5,0,16
30,46,5,0,15
30,47,5,0,14
30,48,5,0,4
31,0,4,0,15
31,1,4,0,5
31,2,4,0,17
31,3,4,0,3
31,4,4,0,0
31,5,4,0,12
31,6,1,4,11
31,7,1,0,19
31,8,1,6,5
31,9,6,0,1
31,10,1,6,9
31,11,1,0,23
31,12,1,0,17
31,13,1,0,5
31,14,1,0,14
31,15,1,0,16
31,16,1,0,12
31,17,1,0,20
31,18,1,0,23
31,19,4,0,5
31,20,4,0,10
31,21,1,4,24
31,22,1,0,23
31,23,1,4,18
31,24,4,0,18
31,25,1,4,21
31,26,1,0,3
31,27,1,0,1
31,28,1,0,10
31,29,1,0,15
31,30,1,0,16
31,31,5,1,9
31,32,5,0,3
31,33,5,0,13
31,34,5,0,24
31,35,5,0,15
31,36,5,0,13
31,37,5,0,24
31,38,5,0,11
31,39,5,0,4
31,40,5,0,16
31,41,5,0,5
31,42,5,0,4
31,43,5,0,3
31,44,5,0,20
31,45,5,0,0
31,46,5,0,17
31,47,5,0,9
31,48,5,0,17
32,0,4,0,4
32,1,4,0,16
32,2,4,0,1
32,3,4,0,6
32,4,4,0,6
32,5,1,4,19
32,6,1,0,21
32,7,1,6,13
32,8,6,0,12
32,9,1,6,14
32,10,1,0,0
32,11,1,0,3
32,12,1,0,9
32,13,1,0,14
32,14,1,0,3
32,15,1,0,22
32,16,1,0,12
32,17,1,0,24
32,18,4,0,2
32,19,4,0,21
32,20,1,4,6
32,21,1,0,16
32,22,1,4,0
32,23,4,0,11
32,24,4,0,1
32,25,1,4,21
32,26,1,0,6
32,27,1,0,12
32,28,1,0,16
32,29,1,0,21
32,30,5,1,14
32,31,5,0,11
32,32,5,0,3
32,33,5,0,17
32,34,5,0,21
32,35,5,0,3
32,36,5,0,14
32,37,5,0,15
32,38,5,0,12
32,39,5,0,21
32,40,5,0,7
32,41,5,0,19
32,42,5,0,22
32,43,5,0,12
32,44,5,0,23
32,45,5,0,5
32,46,5,0,9
32,47,5,0,4
32,48,5,0,11
33,0,4,0,11
33,1,4,0,22
33,2,4,0,23
33,3,4,0,18
33,4,1,4,11
33,5,1,0,3
33,6,1,6,15
33,7,6,0,14
33,8,1,6,19
33,9,1,0,13
33,10,1,0,7
33,11,1,0,18
33,12,1,0,11
33,13,1,0,16
33,14,1,0,14
33,15,1,0,11
33,16,1,0,2
33,17,1,4,17
33,18,1,4,16
33,19,4,0,13
33,20,1,4,22
33,21,1,0,22
33,22,1,4,2
33,23,4,0,16
33,24,4,0,2
33,25,1,4,24
33,26,1,0,8
33,27,1,0,4
33,28,1,0,6
33,29,5,1,19
33,30,5,0,7
33,31,5,0,7
33,32,5,0,2
33,33,5,0,6
33,34,5,0,9
33,35,5,0,4
33,36,5,0,14
33,37,5,0,15
33,38,5,0,20
33,39,5,0,22
33,40,5,0,17
33,41,5,0,1
33,42,5,0,21
33,43,5,0,17
33,44,5,0,17
33,45,5,0,1
33,46,5,0,16
33,47,5,0,7
33,48,5,0,20
34,0,4,0,0
34,1,4,0,13
34,2,1,4,16
34,3,1,4,19
34,4,1,6,20
34,5,1,6,5
34,6,6,0,3
34,7,1,6,11
34,8,1,0,17
34,9,1,0,17
34,10,1,0,3
34,11,1,0,6
34,12,1,0,16
34,13,1,4,20
34,14,1,4,20
34,15,1,4,20
34,16,1,0,8
34,17,1,4,4
34,18,1,4,17
34,19,4,0,3
34,20,1,4,21
34,21,1,0,7
34,22,1,4,18
34,23,4,0,1
34,24,1,4,6
34,25,1,0,24
34,26,1,0,12
34,27,5,1,16
34,28,5,1,9
34,29,5,0,19
34,30,5,0,9
34,31,5,0,18
34,32,5,0,15
34,33,5,0,8
34,34,5,0,3
34,35,5,0,23
34,36,5,0,8
34,37,5,0,15
34,38,5,0,8
34,39,5,0,13
34,40,5,0,9
34,41,5,0,21
34,42,5,0,16
34,43,5,0,18
34,44,5,0,5
34,45,5,0,5
34,46,5,0,5
34,47,5,0,6
34,48,5,0,21
35,0,4,0,17
35,1,1,4,11
35,2,1,4,4
35,3,1,6,15
35,4,1,6,8
35,5,6,0,23
35,6,1,6,9
35,7,1,0,22
35,8,1,0,23
35,9,1,0,10
35,10,1,0,1
35,11,1,0,9
35,12,1,4,13
35,13,1,4,8
35,14,1,4,8
35,15,1,0,8
35,16,1,0,22
35,17,1,0,9
35,18,1,4,17
35,19,4,0,19
35,20,1,4,22
35,21,1,4,15
35,22,4,0,18
35,23,4,0,0
35,24,1,4,24
35,25,1,0,23
35,26,5,1,6
35,27,5,1,4
35,28,5,0,24
35,29,5,0,17
35,30,5,0,4
35,31,5,0,20
35,32,5,0,2
35,33,5,0,18
35,34,5,0,5
35,35,5,0,12
35,36,5,0,6
35,37,5,0,22
35,38,5,0,19
35,39,5,0,17
35,40,5,0,15
35,41,5,0,1
35,42,5,0,21
35,43,5,0,15
35,44,5,1,20
35,45,5,0,13
35,46,5,0,8
35,47,5,0,1
35,48,5,0,7
36,0,1,4,19
36,1,1,0,10
36,2,1,6,10
36,3,6,0,19
36,4,6,0,20
36,5,1,6,19
36,6,1,0,10
36,7,1,0,13
36,8,1,4,20
36,9,1,4,20
36,10,1,4,20
36,11,1,4,13
36,12,4,0,24
36,13,4,0,13
36,14,1,0,0
36,15,1,0,8
36,16,1,0,24
36,17,1,0,18
36,18,1,4,18
36,19,4,0,10
36,20,1,4,8
36,21,4,0,18
36,22,4,0,8
36,23,1,4,19
36,24,1,0,19
36,25,1,0,7
36,26,5,1,24
36,27,5,0,22
36,28,5,0,12
36,29,5,0,24
36,30,5,0,16
36,31,5,0,16
36,32,5,0,6
36,33,5,0,24
36,34,5,0,22
36,35,5,0,21
36,36,5,0,22
36,37,5,0,1
36,38,5,0,21
36,39,5,0,4
36,40,5,0,5
36,41,5,0,16
36,42,5,1,20
36,43,5,1,15
36,44,5,1,22
36,45,5,1,20
36,46,5,1,20
36,47,5,1,20
36,48,1,6,5
37,0,1,0,7
37,1,1,6,0
37,2,6,0,2
37,3,6,0,13
37,4,1,6,9
37,5,1,0,15
37,6,1,0,2
37,7,1,4,10
37,8,1,4,8
37,9,1,4,8
37,10,1,4,8
37,11,4,0,2
37,12,4,0,15
37,13,5,1,17
37,14,5,1,16
37,15,5,1,16
37,16,1,0,21
37,17,1,4,0
37,18,4,0,24
37,19,4,0,24
37,20,4,0,14
37,21,4,0,16
37,22,1,4,9
37,23,1,0,9
37,24,1,0,3
37,25,5,1,11
37,26,5,0,16
37,27,5,0,3
37,28,5,0,18
37,29,5,0,22
37,30,5,0,4
37,31,5,0,1
37,32,5,0,20
37,33,5,0,8
37,34,5,0,11
37,35,5,0,17
37,36,5,0,22
37,37,5,0,15
37,38,5,0,15
37,39,5,0,12
37,40,5,1,20
37,41,5,1,10
37,42,5,1,8
37,43,1,0,12
37,44,5,1,8
37,45,5,1,8
37,46,5,1,8
37,47,1,6,5
37,48,6,0,2
38,0,1,0,8
38,1,1,6,18
38,2,6,0,0
38,3,1,6,9
38,4,1,0,18
38,5,1,0,4
38,6,1,4,5
38,7,4,0,2
38,8,4,0,1
38,9,4,0,6
38,10,4,0,14
38,11,4,0,2
38,12,5,0,15
38,13,5,1,4
38,14,5,1,4
38,15,5,1,3
38,16,1,0,10
38,17,1,4,1
38,18,4,0,2
38,19,4,0,20
38,20,4,0,22
38,21,1,4,19
38,22,1,0,1
38,23,1,0,0
38,24,5,1,11
38,25,5,0,7
38,26,5,0,24
38,27,5,0,0
38,28,5,0,9
38,29,5,0,15
38,30,5,0,10
38,31,5,0,7
38,32,5,0,16
38,33,5,0,3
38,34,5,0,14
38,35,5,0,22
38,36,5,0,20
38,37,5,0,24
38,38,5,0,4
38,39,5,1,10
38,40,5,1,8
38,41,1,0,7
38,42,1,0,20
38,43,1,0,1
38,44,1,0,22
38,45,1,0,13
38,46,1,6,15
38,47,6,0,13
38,48,1,6,14
39,0,1,6,10
39,1,6,0,24
39,2,1,6,9
39,3,1,0,2
39,4,1,0,7
39,5,1,4,13
39,6,4,0,13
39,7,4,0,21
39,8,4,0,14
39,9,4,0,4
39,10,4,0,0
39,11,5,0,4
39,12,5,0,21
39,13,5,0,4
39,14,5,0,14
39,15,5,1,18
39,16,1,0,11
39,17,1,4,17
39,18,4,0,2
39,19,4,0,19
39,20,1,4,6
39,21,1,0,1
39,22,1,0,11
39,23,5,1,19
39,24,5,0,21
39,25,5,0,5
39,26,5,0,8
39,27,5,0,22
39,28,5,0,2
39,29,5,0,17
39,30,5,0,23
39,31,5,0,16
39,32,5,0,23
39,33,5,0,20
39,34,5,0,14
39,35,5,0,6
39,36,5,0,7
39,37,5,0,14
39,38,5,1,10
39,39,1,0,7
39,40,1,0,2
39,41,1,0,19
39,42,1,0,9
39,43,1,0,6
39,44,1,0,14
39,45,1,6,0
39,46,6,0,1
39,47,1,6,14
39,48,5,1,16
40,0,6,0,6
40,1,1,6,19
40,2,1,0,1
40,3,1,0,2
40,4,1,4,15
40,5,4,0,6
40,6,4,0,23
40,7,4,0,3
40,8,4,0,17
40,9,4,0,11
40,10,5,0,16
40,11,5,0,7
40,12,5,0,18
40,13,5,0,8
40,14,5,1,0
40,15,1,0,12
40,16,1,0,6
40,17,1,4,18
40,18,4,0,4
40,19,4,0,8
40,20,1,4,24
40,21,1,0,0
40,22,5,1,11
40,23,5,0,10
40,24,5,0,6
40,25,5,0,6
40,26,5,0,8
40,27,5,0,16
40,28,5,0,3
40,29,5,0,7
40,30,5,0,3
40,31,5,0,22
40,32,5,0,19
40,33,5,0,13
40,34,5,1,20
40,35,5,1,20
40,36,5,1,20
40,37,5,1,15
40,38,1,0,7
40,39,1,0,8
40,40,1,0,16
40,41,1,0,3
40,42,1,4,20
40,43,1,0,17
40,44,1,0,17
40,45,1,6,1
40,46,1,6,19
40,47,5,1,9
40,48,5,1,4
41,0,1,6,19
41,1,1,0,22
41,2,1,0,1
41,3,1,4,5
41,4,4,0,9
41,5,4,0,15
41,6,4,0,12
41,7,4,0,0
41,8,4,0,11
41,9,5,0,21
41,10,5,0,3
41,11,5,0,3
41,12,5,0,17
41,13,5,0,20
41,14,5,1,1
41,15,1,0,21
41,16,1,4,0
41,17,4,0,21
41,18,4,0,10
41,19,1,4,9
41,20,1,0,7
41,21,5,1,6
41,22,5,0,1
41,23,5,0,9
41,24,5,0,9
41,25,5,0,10
41,26,5,0,9
41,27,5,0,2
41,28,5,0,0
41,29,5,0,22
41,30,5,0,3
41,31,5,0,19
41,32,5,0,7
41,33,5,1,13
41,34,5,1,8
41,35,5,1,8
41,36,5,1,8
41,37,1,0,10
41,38,1,0,2
41,39,1,4,20
41,40,1,4,20
41,41,1,4,15
41,42,1,4,23
41,43,1,0,18
41,44,1,0,16
41,45,1,6,4
41,46,5,1,6
41,47,5,0,21
41,48,5,0,18
42,0,1,0,24
42,1,1,0,19
42,2,1,4,0
42,3,4,0,22
42,4,4,0,6
42,5,4,0,6
42,6,4,0,23
42,7,4,0,3
42,8,5,0,15
42,9,5,0,11
42,10,5,0,14
42,11,5,0,8
42,12,5,0,5
42,13,5,0,10
42,14,5,1,18
42,15,1,0,9
42,16,1,4,18
42,17,4,0,19
42,18,1,4,6
42,19,1,0,20
42,20,1,0,2
42,21,5,1,24
42,22,5,0,23
42,23,5,0,6
42,24,5,0,24
42,25,5,0,7
42,26,5,0,22
42,27,5,0,14
42,28,5,0,19
42,29,5,0,17
42,30,5,0,1
42,31,5,0,11
42,32,5,1,13
42,33,1,0,24
42,34,1,0,6
42,35,1,0,1
42,36,1,0,13
42,37,1,0,10
42,38,1,4,10
42,39,1,4,8
42,40,1,4,8
42,41,4,0,12
42,42,1,4,22
42,43,1,0,21
42,44,1,0,7
42,45,1,0,15
42,46,5,1,24
42,47,5,0,20
42,48,5,0,15
43,0,1,0,19
43,1,1,0,13
43,2,1,4,18
43,3,4,0,2
43,4,4,0,22
43,5,4,0,5
43,6,4,0,12
43,7,5,0,18
43,8,5,0,8
43,9,5,0,11
43,10,5,0,17
43,11,5,0,7
43,12,5,0,11
43,13,5,1,0
43,14,1,0,4
43,15,1,4,0
43,16,4,0,13
43,17,4,0,1
43,18,1,4,24
43,19,1,0,12
43,20,5,1,19
43,21,5,0,3
43,22,5,0,11
43,23,5,0,21
43,24,5,0,13
43,25,5,0,21
43,26,5,0,15
43,27,5,0,15
43,28,5,0,15
43,29,5,0,0
43,30,5,0,14
43,31,5,1,15
43,32,1,0,23
43,33,1,0,17
43,34,1,0,6
43,35,1,0,9
43,36,1,0,8
43,37,1,4,13
43,38,4,0,21
43,39,4,0,12
43,40,4,0,6
43,41,4,0,13
43,42,1,4,21
43,43,1,0,7
43,44,1,0,16
43,45,5,1,9
43,46,5,0,19
43,47,5,0,22
43,48,5,0,10
44,0,1,0,24
44,1,1,4,10
44,2,4,0,12
44,3,4,0,1
44,4,4,0,17
44,5,4,0,16
44,6,5,0,0
44,7,5,0,19
44,8,5,0,1
44,9,5,0,11
44,10,5,0,21
44,11,5,0,16
44,12,5,0,16
44,13,5,1,18
44,14,1,0,20
44,15,1,4,18
44,16,4,0,15
44,17,1,4,6
44,18,1,0,15
44,19,5,1,11
44,20,5,0,10
44,21,5,0,12
44,22,5,0,22
44,23,5,0,1
44,24,5,0,5
44,25,5,0,15
44,26,5,0,4
44,27,5,0,0
44,28,5,0,22
44,29,5,0,4
44,30,5,1,10
44,31,1,0,5
44,32,1,0,9
44,33,1,0,16
44,34,1,0,21
44,35,1,4,20
44,36,1,4,15
44,37,4,0,2
44,38,4,0,8
44,39,4,0,8
44,40,4,0,23
44,41,4,0,19
44,42,1,4,22
44,43,1,0,17
44,44,5,1,6
44,45,5,0,5
44,46,5,0,7
44,47,5,0,7
44,48,5,0,24
45,0,1,4,0
45,1,4,0,19
45,2,4,0,6
45,3,4,0,5
45,4,4,0,15
45,5,5,1,21
45,6,5,0,22
45,7,5,0,17
45,8,5,0,2
45,9,5,0,17
45,10,5,0,0
45,11,5,0,7
45,12,5,1,15
45,13,1,0,20
45,14,1,4,5
45,15,4,0,9
45,16,4,0,16
45,17,1,4,24
45,18,5,1,14
45,19,5,0,0
45,20,5,0,0
45,21,5,0,20
45,22,5,0,0
45,23,5,0,9
45,24,5,0,4
45,25,5,0,6
45,26,5,0,22
45,27,5,0,1
45,28,5,0,21
45,29,5,1,0
45,30,1,0,20
45,31,1,0,17
45,32,1,0,20
45,33,1,4,20
45,34,1,4,5
45,35,1,4,8
45,36,4,0,15
45,37,4,0,7
45,38,4,0,21
45,39,4,0,2
45,40,4,0,16
45,41,4,0,21
45,42,1,4,24
45,43,1,0,24
45,44,5,1,24
45,45,5,0,17
45,46,5,0,17
45,47,5,0,21
45,48,5,0,14
46,0,1,4,18
46,1,4,0,2
46,2,4,0,13
46,3,4,0,12
46,4,1,0,7
46,5,5,1,22
46,6,5,0,16
46,7,5,0,5
46,8,5,0,16
46,9,5,0,16
46,10,5,0,24
46,11,5,1,0
46,12,1,0,4
46,13,1,4,10
46,14,4,6,20
46,15,4,0,22
46,16,1,4,11
46,17,5,1,14
46,18,5,0,6
46,19,5,0,12
46,20,5,0,12
46,21,5,0,11
46,22,5,0,14
46,23,5,0,21
46,24,5,0,18
46,25,5,0,8
46,26,5,0,19
46,27,5,0,5
46,28,5,0,14
46,29,5,1,18
46,30,1,0,22
46,31,1,0,5
46,32,1,4,15
46,33,1,4,8
46,34,4,0,7
46,35,4,0,24
46,36,4,0,4
46,37,4,0,20
46,38,4,0,7
46,39,4,0,14
46,40,4,0,0
46,41,1,4,11
46,42,1,0,16
46,43,5,1,19
46,44,5,0,20
46,45,5,0,16
46,46,5,0,6
46,47,5,0,19
46,48,5,0,7
47,0,4,0,1
47,1,4,0,13
47,2,4,0,8
47,3,1,0,24
47,4,1,0,7
47,5,5,1,21
47,6,5,1,20
47,7,5,0,12
47,8,5,0,15
47,9,5,0,24
47,10,5,0,1
47,11,5,1,18
47,12,1,4,10
47,13,4,6,15
47,14,4,6,7
47,15,1,4,9
47,16,5,1,6
47,17,5,0,12
47,18,5,0,13
47,19,5,0,18
47,20,5,0,9
47,21,5,0,4
47,22,5,0,5
47,23,5,0,9
47,24,5,0,9
47,25,5,0,10
47,26,5,0,18
47,27,5,0,6
47,28,5,1,0
47,29,1,0,8
47,30,1,0,12
47,31,1,4,15
47,32,4,0,15
47,33,4,0,13
47,34,4,0,18
47,35,4,0,20
47,36,4,0,7
47,37,4,0,21
47,38,4,0,1
47,39,4,0,22
47,40,1,4,9
47,41,1,0,24
47,42,5,1,6
47,43,5,0,12
47,44,5,0,5
47,45,5,0,11
47,46,5,0,21
47,47,5,0,11
47,48,5,0,6
48,0,4,0,24
48,1,4,0,4
48,2,1,4,20
48,3,1,0,18
48,4,1,0,21
48,5,5,1,8
48,6,5,1,7
48,7,5,0,23
48,8,5,0,16
48,9,5,0,12
48,10,5,1,13
48,11,1,4,13
48,12,4,6,5
48,13,6,0,3
48,14,4,6,24
48,15,1,0,18
48,16,5,1,24
48,17,5,0,18
48,18,5,0,8
48,19,5,1,20
48,20,5,1,20
48,21,5,0,21
48,22,5,0,0
48,23,5,0,3
48,24,5,0,6
48,25,5,0,0
48,26,5,0,13
48,27,5,0,14
48,28,5,1,18
48,29,1,0,4
48,30,1,4,15
48,31,4,0,15
48,32,4,0,5
48,33,4,0,11
48,34,4,0,1
48,35,4,0,9
48,36,4,0,2
48,37,4,0,17
48,38,4,0,6
48,39,1,4,6
48,40,1,0,8
48,41,1,0,1
48,42,5,1,24
48,43,5,0,11
48,44,5,0,20
48,45,5,0,8
48,46,5,0,15
48,47,5,0,3
48,48,5,0,0
49,0,4,0,2
49,1,1,4,5
49,2,1,4,7
49,3,1,0,18
49,4,1,0,24
49,5,1,0,5
49,6,5,1,22
49,7,5,0,7
49,8,5,0,13
49,9,5,1,10
49,10,1,4,0
49,11,4,6,13
49,12,6,0,7
49,13,4,6,11
49,14,1,4,24
49,15,5,1,6
49,16,5,0,15
49,17,5,0,2
49,18,5,1,13
49,19,5,1,8
49,20,5,1,21
49,21,5,0,11
49,22,5,0,16
49,23,5,0,14
49,24,5,0,16
49,25,5,0,3
49,26,5,0,7
49,27,5,1,13
49,28,1,0,21
49,29,1,4,0
49,30,4,0,15
49,31,4,0,16
49,32,4,0,17
49,33,4,0,16
49,34,4,0,2
49,35,4,0,7
49,36,4,0,1
49,37,4,0,24
49,38,4,0,2
49,39,1,4,24
49,40,1,0,7
49,41,5,1,19
49,42,5,0,11
49,43,5,0,15
49,44,5,0,21
49,45,5,0,14
49,46,5,0,16
49,47,5,0,16
49,48,5,0,7
50,0,1,4,10
50,1,4,0,10
50,2,1,4,24
50,3,1,0,15
50,4,1,0,17
50,5,1,0,24
50,6,5,1,7
50,7,5,1,20
50,8,5,1,5
50,9,1,0,11
50,10,4,6,0
50,11,6,0,5
50,12,4,6,6
50,13,1,4,6
50,14,1,0,0
50,15,5,1,22
50,16,5,1,20
50,17,5,1,13
50,18,1,0,11
50,19,1,0,2
50,20,5,1,21
50,21,5,0,24
50,22,5,0,18
50,23,5,0,4
50,24,5,0,23
50,25,5,0,18
50,26,5,1,0
50,27,1,0,2
50,28,1,0,11
50,29,1,4,2
50,30,4,0,4
50,31,4,0,1
50,32,4,0,11
50,33,4,0,13
50,34,4,0,21
50,35,4,0,17
50,36,4,0,19
50,37,4,0,10
50,38,1,4,9
50,39,1,0,11
50,40,5,1,11
50,41,5,0,5
50,42,5,0,5
50,43,5,0,24
50,44,5,0,3
50,45,5,0,23
50,46,5,0,19
50,47,5,0,6
50,48,5,0,1
