0,0,5,0,14
0,1,5,4,17
0,2,4,0,11
0,3,5,4,16
0,4,5,4,19
0,5,5,4,4
0,6,5,4,18
0,7,4,0,24
0,8,4,6,3
0,9,4,6,11
0,10,4,0,21
0,11,1,4,24
0,12,10,1,8
0,13,1,4,0
0,14,4,0,17
0,15,4,0,8
0,16,1,4,16
0,17,1,4,19
0,18,1,4,17
0,19,4,0,17
0,20,1,4,24
0,21,1,0,20
0,22,1,4,20
0,23,1,4,10
0,24,4,0,3
0,25,4,0,15
0,26,5,4,6
0,27,5,0,11
0,28,5,0,12
0,29,5,0,9
0,30,5,0,2
0,31,5,4,18
0,32,4,0,1
0,33,4,6,17
0,34,6,0,13
0,35,10,6,6
0,36,10,0,24
0,37,4,10,7
0,38,4,10,10
0,39,4,10,8
0,40,10,6,15
0,41,10,6,8
0,42,6,0,17
0,43,4,6,24
0,44,4,0,24
0,45,5,4,9
0,46,5,4,4
0,47,5,0,12
0,48,5,0,21
0,49,5,0,21
0,50,5,0,2
0,51,5,0,3
0,52,5,0,2
0,53,5,0,23
0,54,5,4,18
0,55,1,4,6
0,56,1,0,9
0,57,1,4,0
0,58,1,4,8
0,59,4,0,22
0,60,1,4,16
0,61,4,0,6
0,62,1,4,8
0,63,4,6,20
0,64,4,6,20
0,65,1,4,10
0,66,4,10,4
0,67,1,4,6
0,68,10,1,21
0,69,10,1,20
0,70,10,1,15
0,71,1,0,24
0,72,1,4,5
0,73,4,0,17
0,74,4,6,1
0,75,4,6,16
0,76,4,6,19
0,77,5,4,16
0,78,5,4,16
0,79,5,4,14
1,0,5,0,11
1,1,5,4,17
1,2,5,4,11
1,3,5,4,4
1,4,5,0,17
1,5,5,4,0
1,6,4,0,22
1,7,4,0,4
1,8,4,6,4
1,9,4,0,21
1,10,1,4,6
1,11,1,0,22
1,12,1,0,6
1,13,1,4,18
1,14,1,4,16
1,15,1,4,9
1,16,1,4,4
1,17,1,0,14
1,18,1,4,18
1,19,1,4,6
1,20,1,0,13
1,21,1,4,0
1,22,1,4,8
1,23,4,0,19
1,24,4,0,4
1,25,4,0,16
1,26,5,4,24
1,27,5,0,9
1,28,5,0,22
1,29,5,0,5
1,30,5,4,0
1,31,4,0,12
1,32,4,0,9
1,33,4,6,18
1,34,6,0,21
1,35,10,6,7
1,36,10,0,9
1,37,4,10,8
1,38,10,0,19
1,39,10,6,15
1,40,6,0,23
1,41,6,0,5
1,42,4,6,9
1,43,4,0,10
1,44,5,4,6
1,45,5,0,22
1,46,5,0,20
1,47,5,0,17
1,48,5,0,13
1,49,5,0,1
1,50,5,0,19
1,51,5,0,0
1,52,5,0,19
1,53,5,4,0
1,54,4,0,12
1,55,1,4,24
1,56,1,0,7
1,57,1,4,18
1,58,4,0,16
1,59,1,4,19
1,60,1,4,17
1,61,4,0,20
1,62,4,6,13
1,63,4,6,8
1,64,4,6,21
1,65,4,0,10
1,66,4,0,3
1,67,1,4,24
1,68,10,1,8
1,69,10,1,8
1,70,1,0,14
1,71,1,4,5
1,72,4,0,12
1,73,4,0,18
1,74,4,6,4
1,75,4,6,4
1,76,5,4,9
1,77,5,4,4
1,78,5,4,4
2,0,5,0,11
2,1,5,4,4
2,2,5,0,10
2,3,5,0,1
2,4,5,0,0
2,5,5,4,2
2,6,4,0,23
2,7,1,4,14
2,8,1,4,1
2,9,1,4,16
2,10,1,4,24
2,11,1,0,5
2,12,1,4,13
2,13,1,4,19
2,14,1,4,4
2,15,1,0,13
2,16,1,0,13
2,17,1,4,10
2,18,4,0,3
2,19,1,4,24
2,20,1,0,24
2,21,1,4,18
2,22,4,0,8
2,23,4,0,4
2,24,4,0,9
2,25,5,4,9
2,26,5,0,3
2,27,5,0,14
2,28,5,0,1
2,29,5,0,12
2,30,5,4,17
2,31,4,0,20
2,32,4,6,0
2,33,6,0,8
2,34,6,0,9
2,35,10,6,24
2,36,10,0,3
2,37,10,6,20
2,38,10,6,5
2,39,6,0,2
2,40,6,0,18
2,41,4,6,11
2,42,4,0,15
2,43,4,0,2
2,44,5,4,24
2,45,5,0,8
2,46,5,0,1
2,47,5,0,13
2,48,5,0,2
2,49,5,0,18
2,50,5,0,8
2,51,5,0,13
2,52,5,0,20
2,53,5,4,18
2,54,1,4,6
2,55,1,0,0
2,56,1,4,0
2,57,1,4,16
2,58,1,4,14
2,59,1,0,2
2,60,1,4,2
2,61,4,6,0
2,62,6,0,8
2,63,6,0,13
2,64,4,6,24
2,65,4,0,15
2,66,1,4,11
2,67,1,0,19
2,68,1,0,3
2,69,1,4,20
2,70,1,4,15
2,71,4,0,0
2,72,5,4,16
2,73,5,4,16
2,74,5,4,16
2,75,5,4,14
2,76,5,0,19
2,77,5,0,20
2,78,5,0,0
3,0,5,0,3
3,1,5,0,11
3,2,5,0,12
3,3,5,0,6
3,4,5,0,16
3,5,5,4,18
3,6,1,4,6
3,7,1,0,19
3,8,1,4,4
3,9,1,4,4
3,10,1,0,5
3,11,1,4,15
3,12,1,4,6
3,13,1,0,9
3,14,1,0,4
3,15,1,0,5
3,16,1,4,15
3,17,4,0,1
3,18,1,4,11
3,19,1,0,12
3,20,1,4,0
3,21,4,0,16
3,22,4,0,14
3,23,4,0,24
3,24,5,4,14
3,25,5,0,14
3,26,5,0,12
3,27,5,0,22
3,28,5,0,13
3,29,5,0,1
3,30,5,4,2
3,31,4,0,23
3,32,4,6,18
3,33,6,0,6
3,34,10,6,6
3,35,10,0,15
3,36,10,6,5
3,37,10,6,8
3,38,6,0,15
3,39,6,0,13
3,40,4,6,6
3,41,4,0,10
3,42,4,0,11
3,43,5,4,6
3,44,5,0,13
3,45,5,0,17
3,46,5,0,21
3,47,5,0,14
3,48,5,0,16
3,49,5,0,23
3,50,5,0,7
3,51,5,0,16
3,52,5,4,15
3,53,4,0,13
3,54,1,4,24
3,55,1,0,5
3,56,1,4,4
3,57,1,4,4
3,58,1,0,14
3,59,1,0,4
3,60,1,4,3
3,61,4,6,17
3,62,4,6,16
3,63,4,6,11
3,64,4,0,4
3,65,1,4,14
3,66,1,0,10
3,67,1,0,9
3,68,1,4,0
3,69,1,4,8
3,70,4,0,8
3,71,5,4,19
3,72,5,4,4
3,73,5,4,4
3,74,5,4,4
3,75,5,0,2
3,76,5,0,22
3,77,5,0,17
3,78,5,0,4
4,0,5,0,19
4,1,5,0,1
4,2,5,0,22
4,3,5,0,14
4,4,5,4,0
4,5,4,0,6
4,6,1,4,21
4,7,1,0,2
4,8,1,0,24
4,9,1,0,9
4,10,1,4,13
4,11,4,0,8
4,12,1,4,24
4,13,1,0,12
4,14,1,0,23
4,15,1,4,15
4,16,4,0,5
4,17,1,4,6
4,18,1,0,17
4,19,1,0,12
4,20,1,4,18
4,21,4,0,11
4,22,4,0,21
4,23,5,4,14
4,24,5,0,14
4,25,5,0,19
4,26,5,0,2
4,27,5,0,24
4,28,5,0,21
4,29,5,0,19
4,30,5,4,18
4,31,4,6,0
4,32,6,0,17
4,33,6,0,17
4,34,10,6,21
4,35,10,6,13
4,36,6,0,21
4,37,6,0,11
4,38,6,0,22
4,39,6,0,14
4,40,4,6,24
4,41,4,0,13
4,42,4,0,8
4,43,5,4,24
4,44,5,0,12
4,45,5,0,14
4,46,5,0,20
4,47,5,0,24
4,48,5,0,14
4,49,5,0,2
4,50,5,0,14
4,51,5,4,5
4,52,4,0,19
4,53,1,4,6
4,54,1,0,5
4,55,1,0,23
4,56,1,0,3
4,57,1,0,11
4,58,1,0,14
4,59,1,0,10
4,60,1,4,2
4,61,4,6,4
4,62,4,6,4
4,63,1,4,16
4,64,1,4,19
4,65,1,0,22
4,66,1,0,17
4,67,1,0,10
4,68,1,4,18
4,69,4,0,12
4,70,5,4,9
4,71,5,0,0
4,72,5,0,11
4,73,5,0,23
4,74,5,0,24
4,75,5,0,17
4,76,5,0,20
4,77,5,0,9
4,78,5,0,22
5,0,5,0,21
5,1,5,0,6
5,2,5,0,24
5,3,5,0,24
5,4,5,4,18
5,5,4,0,5
5,6,1,4,22
5,7,1,0,23
5,8,1,4,20
5,9,1,4,15
5,10,4,0,11
5,11,1,4,6
5,12,1,0,13
5,13,1,0,24
5,14,1,4,10
5,15,4,0,13
5,16,1,4,16
5,17,1,4,24
5,18,1,0,8
5,19,1,4,0
5,20,4,0,23
5,21,4,0,7
5,22,5,4,9
5,23,5,0,21
5,24,5,0,10
5,25,5,0,23
5,26,5,0,11
5,27,5,0,9
5,28,5,0,10
5,29,5,4,0
5,30,4,0,24
5,31,4,6,2
5,32,4,6,16
5,33,6,0,17
5,34,10,6,8
5,35,6,0,15
5,36,6,0,18
5,37,6,0,5
5,38,6,0,11
5,39,4,6,6
5,40,4,0,11
5,41,4,0,1
5,42,5,4,9
5,43,5,0,6
5,44,5,0,18
5,45,5,0,2
5,46,5,0,9
5,47,5,0,2
5,48,5,0,1
5,49,5,0,20
5,50,5,4,5
5,51,4,0,18
5,52,4,0,22
5,53,1,4,22
5,54,1,0,15
5,55,1,0,13
5,56,1,0,21
5,57,1,4,20
5,58,1,4,20
5,59,1,0,12
5,60,1,4,18
5,61,1,4,4
5,62,1,4,4
5,63,1,4,4
5,64,1,0,8
5,65,1,0,10
5,66,1,0,23
5,67,1,4,15
5,68,4,0,14
5,69,5,4,6
5,70,5,0,15
5,71,5,0,16
5,72,5,0,6
5,73,5,0,20
5,74,5,0,18
5,75,5,0,5
5,76,5,0,18
5,77,5,0,13
5,78,5,0,10
6,0,5,0,17
6,1,5,0,9
6,2,5,0,7
6,3,5,4,0
6,4,4,0,22
6,5,4,0,14
6,6,1,4,21
6,7,1,4,5
6,8,1,4,8
6,9,4,0,13
6,10,1,4,16
6,11,1,4,24
6,12,1,0,17
6,13,1,4,0
6,14,4,0,18
6,15,1,4,9
6,16,1,4,4
6,17,1,0,17
6,18,1,0,2
6,19,1,4,17
6,20,4,0,14
6,21,5,4,11
6,22,5,0,7
6,23,5,0,12
6,24,5,0,18
6,25,5,0,11
6,26,5,0,11
6,27,5,0,14
6,28,5,0,4
6,29,5,4,18
6,30,4,0,12
6,31,4,6,4
6,32,4,6,18
6,33,6,0,22
6,34,6,0,4
6,35,6,0,12
6,36,6,0,18
6,37,6,0,4
6,38,6,0,12
6,39,4,6,24
6,40,4,0,22
6,41,5,4,11
6,42,5,0,18
6,43,5,0,11
6,44,5,0,19
6,45,5,0,8
6,46,5,0,8
6,47,5,0,4
6,48,5,0,19
6,49,5,4,10
6,50,4,0,6
6,51,4,0,17
6,52,4,0,0
6,53,1,4,7
6,54,1,0,1
6,55,1,4,20
6,56,1,4,5
6,57,1,4,8
6,58,1,4,22
6,59,1,4,15
6,60,1,0,16
6,61,1,0,18
6,62,1,0,10
6,63,1,0,19
6,64,1,0,22
6,65,1,0,20
6,66,1,4,0
6,67,4,0,17
6,68,4,0,24
6,69,5,4,24
6,70,5,0,10
6,71,5,0,1
6,72,5,0,21
6,73,5,0,15
6,74,5,0,17
6,75,5,0,8
6,76,5,0,2
6,77,5,0,0
6,78,5,0,7
7,0,5,0,9
7,1,5,0,6
7,2,5,0,12
7,3,5,4,2
7,4,4,0,17
7,5,4,0,5
7,6,1,4,8
7,7,4,6,20
7,8,4,0,4
7,9,1,4,19
7,10,1,4,4
7,11,1,0,10
7,12,1,0,9
7,13,1,4,18
7,14,1,4,6
7,15,1,0,21
7,16,1,0,2
7,17,1,0,11
7,18,1,0,19
7,19,1,4,18
7,20,5,4,6
7,21,5,0,17
7,22,5,0,2
7,23,5,0,20
7,24,5,0,15
7,25,5,0,22
7,26,5,0,8
7,27,5,0,14
7,28,5,4,0
7,29,4,0,12
7,30,4,0,3
7,31,4,6,0
7,32,6,0,3
7,33,6,0,6
7,34,6,0,21
7,35,6,0,19
7,36,6,0,8
7,37,6,0,19
7,38,4,6,6
7,39,4,0,4
7,40,5,4,6
7,41,5,0,20
7,42,5,0,18
7,43,5,0,2
7,44,5,0,10
7,45,5,0,1
7,46,5,0,14
7,47,5,0,18
7,48,5,4,0
7,49,4,0,5
7,50,4,0,4
7,51,4,0,11
7,52,4,6,20
7,53,1,4,22
7,54,1,4,5
7,55,1,4,8
7,56,4,0,4
7,57,4,0,15
7,58,1,4,8
7,59,1,4,22
7,60,1,4,20
7,61,1,4,20
7,62,1,4,20
7,63,1,0,10
7,64,1,0,15
7,65,1,0,18
7,66,1,4,18
7,67,4,0,14
7,68,5,4,6
7,69,5,0,14
7,70,5,0,11
7,71,5,0,10
7,72,5,0,22
7,73,5,0,2
7,74,5,0,5
7,75,5,0,19
7,76,5,0,6
7,77,5,0,23
7,78,5,0,2
8,0,5,0,17
8,1,5,0,9
8,2,5,0,21
8,3,5,4,1
8,4,4,0,4
8,5,4,0,15
8,6,4,6,13
8,7,4,6,23
8,8,1,4,6
8,9,1,0,15
8,10,1,0,9
8,11,1,0,18
8,12,1,4,13
8,13,4,0,21
8,14,4,10,20
8,15,1,4,20
8,16,1,0,15
8,17,1,0,7
8,18,1,4,13
8,19,4,0,5
8,20,5,4,24
8,21,5,0,5
8,22,5,0,12
8,23,5,0,11
8,24,5,0,12
8,25,5,0,18
8,26,5,0,24
8,27,5,0,20
8,28,5,4,1
8,29,5,4,16
8,30,4,0,6
8,31,4,6,2
8,32,6,0,18
8,33,4,6,16
8,34,4,6,16
8,35,4,6,16
8,36,4,6,16
8,37,6,0,17
8,38,4,6,7
8,39,4,0,0
8,40,5,4,24
8,41,5,0,17
8,42,5,0,10
8,43,5,0,6
8,44,5,0,1
8,45,5,0,6
8,46,5,0,24
8,47,5,0,19
8,48,5,4,1
8,49,4,0,9
8,50,4,0,8
8,51,4,6,13
8,52,4,6,23
8,53,1,4,8
8,54,4,0,16
8,55,4,0,22
8,56,4,0,13
8,57,4,0,6
8,58,4,0,17
8,59,1,4,8
8,60,1,4,8
8,61,1,4,8
8,62,1,4,24
8,63,1,0,23
8,64,1,0,17
8,65,1,4,0
8,66,4,0,11
8,67,4,0,15
8,68,5,4,24
8,69,5,0,11
8,70,5,0,20
8,71,5,0,3
8,72,5,0,5
8,73,5,0,10
8,74,5,0,24
8,75,5,0,16
8,76,5,0,7
8,77,5,0,2
8,78,5,0,19
9,0,5,0,12
9,1,5,0,17
9,2,5,0,13
9,3,5,4,17
9,4,4,0,9
9,5,4,6,0
9,6,6,0,6
9,7,4,6,24
9,8,1,4,7
9,9,1,0,23
9,10,1,0,20
9,11,1,4,0
9,12,4,0,21
9,13,4,10,10
9,14,4,10,21
9,15,1,4,24
9,16,1,0,16
9,17,1,4,15
9,18,4,0,14
9,19,5,4,6
9,20,5,4,20
9,21,5,0,1
9,22,5,0,13
9,23,5,0,3
9,24,5,0,21
9,25,5,0,18
9,26,5,0,2
9,27,5,0,16
9,28,5,4,4
9,29,5,4,18
9,30,4,0,5
9,31,4,6,1
9,32,4,6,9
9,33,4,6,4
9,34,4,6,4
9,35,4,6,4
9,36,4,6,18
9,37,6,0,7
9,38,4,6,24
9,39,5,4,19
9,40,5,0,8
9,41,5,0,1
9,42,5,0,8
9,43,5,0,5
9,44,5,0,7
9,45,5,0,21
9,46,5,0,21
9,47,5,0,11
9,48,5,4,18
9,49,4,0,0
9,50,4,6,0
9,51,6,0,18
9,52,4,6,24
9,53,4,0,8
9,54,4,0,20
9,55,4,0,1
9,56,4,0,22
9,57,4,0,9
9,58,4,0,1
9,59,4,0,13
9,60,4,0,16
9,61,1,4,6
9,62,1,0,8
9,63,1,0,17
9,64,1,0,12
9,65,1,4,18
9,66,5,4,16
9,67,5,4,11
9,68,5,0,2
9,69,5,0,8
9,70,5,0,22
9,71,5,0,21
9,72,5,0,1
9,73,5,0,24
9,74,5,0,21
9,75,5,0,4
9,76,5,0,11
9,77,5,0,10
9,78,5,0,21
10,0,5,0,14
10,1,5,0,9
10,2,5,0,16
10,3,5,4,2
10,4,4,0,8
10,5,4,6,3
10,6,4,6,11
10,7,4,0,18
10,8,1,4,24
10,9,1,0,4
10,10,1,0,23
10,11,1,4,18
10,12,4,10,0
10,13,10,0,5
10,14,4,10,24
10,15,1,0,21
10,16,1,4,10
10,17,4,0,7
10,18,4,0,17
10,19,5,4,8
10,20,5,4,23
10,21,5,0,10
10,22,5,0,14
10,23,5,0,18
10,24,5,0,2
10,25,5,0,7
10,26,5,0,11
10,27,5,0,8
10,28,5,4,0
10,29,4,0,3
10,30,4,0,0
10,31,4,6,4
10,32,4,0,6
10,33,4,0,24
10,34,4,0,18
10,35,4,6,0
10,36,6,0,19
10,37,4,6,6
10,38,5,4,6
10,39,5,0,19
10,40,5,0,7
10,41,5,0,7
10,42,5,0,7
10,43,5,0,20
10,44,5,0,16
10,45,5,0,9
10,46,5,0,10
10,47,5,4,0
10,48,4,0,19
10,49,4,0,8
10,50,4,6,17
10,51,4,6,9
10,52,4,0,21
10,53,4,0,11
10,54,4,0,1
10,55,4,0,12
10,56,4,0,23
10,57,4,0,17
10,58,4,0,22
10,59,4,0,17
10,60,4,0,6
10,61,1,4,24
10,62,1,0,16
10,63,1,0,3
10,64,1,4,5
10,65,5,4,6
10,66,5,4,4
10,67,5,0,13
10,68,5,0,9
10,69,5,0,17
10,70,5,0,21
10,71,5,0,3
10,72,5,0,2
10,73,5,4,20
10,74,5,4,20
10,75,5,0,7
10,76,5,0,1
10,77,5,0,14
10,78,5,0,1
11,0,5,0,14
11,1,5,0,20
11,2,5,0,11
11,3,5,4,17
11,4,4,0,6
11,5,4,6,4
11,6,4,0,9
11,7,1,4,6
11,8,1,0,10
11,9,1,0,22
11,10,1,4,0
11,11,1,4,16
11,12,4,10,1
11,13,4,10,11
11,14,1,4,24
11,15,1,4,0
11,16,4,0,22
11,17,4,6,20
11,18,4,0,18
11,19,4,0,3
11,20,5,4,22
11,21,5,0,15
11,22,5,0,12
11,23,5,0,10
11,24,5,0,0
11,25,5,0,12
11,26,5,0,5
11,27,5,0,7
11,28,5,4,17
11,29,4,0,12
11,30,4,0,0
11,31,4,0,14
11,32,4,0,10
11,33,4,0,12
11,34,4,0,12
11,35,4,6,3
11,36,6,0,11
11,37,4,6,24
11,38,5,4,24
11,39,5,0,12
11,40,5,0,15
11,41,5,0,3
11,42,5,0,20
11,43,5,0,17
11,44,5,0,21
11,45,5,0,0
11,46,5,0,0
11,47,5,4,18
11,48,4,0,18
11,49,4,0,14
11,50,4,6,4
11,51,4,0,11
11,52,4,0,10
11,53,4,0,7
11,54,4,0,5
11,55,4,0,15
11,56,4,0,22
11,57,4,0,18
11,58,4,0,1
11,59,4,0,1
11,60,1,4,6
11,61,1,0,6
11,62,1,0,2
11,63,1,4,13
11,64,4,0,5
11,65,5,4,24
11,66,5,0,18
11,67,5,0,4
11,68,5,0,4
11,69,5,0,0
11,70,5,0,19
11,71,5,0,15
11,72,5,4,10
11,73,5,4,8
11,74,5,4,22
11,75,5,0,0
11,76,5,0,15
11,77,5,0,9
11,78,5,0,21
12,0,5,0,9
12,1,5,0,23
12,2,5,0,23
12,3,5,4,3
12,4,4,0,2
12,5,4,0,5
12,6,4,0,7
12,7,1,4,7
12,8,1,0,15
12,9,1,0,12
12,10,1,6,20
12,11,1,4,1
12,12,4,10,4
12,13,1,4,11
12,14,1,0,0
12,15,1,4,18
12,16,4,6,5
12,17,4,6,23
12,18,4,0,7
12,19,4,0,22
12,20,5,4,7
12,21,5,0,3
12,22,5,0,24
12,23,5,0,19
12,24,5,0,15
12,25,5,0,2
12,26,5,0,10
12,27,5,0,14
12,28,5,4,18
12,29,4,0,1
12,30,4,0,0
12,31,4,0,2
12,32,5,4,16
12,33,4,0,21
12,34,4,0,2
12,35,4,6,1
12,36,4,6,11
12,37,5,4,6
12,38,5,0,23
12,39,5,0,23
12,40,5,0,13
12,41,5,0,9
12,42,5,0,7
12,43,5,0,22
12,44,5,0,1
12,45,5,0,20
12,46,5,4,0
12,47,4,0,9
12,48,5,4,16
12,49,5,4,16
12,50,4,0,12
12,51,4,0,6
12,52,4,0,15
12,53,4,0,1
12,54,5,4,16
12,55,5,4,16
12,56,4,0,23
12,57,5,4,16
12,58,5,4,16
12,59,4,0,14
12,60,1,4,21
12,61,1,0,10
12,62,1,4,5
12,63,5,4,16
12,64,5,4,11
12,65,5,0,21
12,66,5,0,1
12,67,5,0,21
12,68,5,0,3
12,69,5,4,20
12,70,5,4,20
12,71,5,4,10
12,72,4,0,3
12,73,4,0,13
12,74,5,4,22
12,75,5,0,11
12,76,5,0,14
12,77,5,0,21
12,78,5,0,17
13,0,5,0,3
13,1,5,0,23
13,2,5,0,15
13,3,5,4,2
13,4,5,4,16
13,5,4,0,9
13,6,4,0,15
13,7,1,4,23
13,8,1,0,4
13,9,1,6,15
13,10,1,6,23
13,11,1,4,4
13,12,1,4,4
13,13,1,0,2
13,14,1,4,0
13,15,4,6,0
13,16,6,0,17
13,17,4,6,24
13,18,1,4,16
13,19,4,0,19
13,20,5,4,24
13,21,5,0,3
13,22,5,0,4
13,23,5,0,14
13,24,5,0,0
13,25,5,0,15
13,26,5,0,6
13,27,5,4,0
13,28,4,0,1
13,29,5,4,16
13,30,5,4,16
13,31,5,4,14
13,32,5,4,2
13,33,4,0,15
13,34,4,0,17
13,35,4,6,4
13,36,4,0,7
13,37,5,4,23
13,38,5,0,18
13,39,5,0,8
13,40,5,0,14
13,41,5,0,19
13,42,5,0,0
13,43,5,0,8
13,44,5,0,16
13,45,5,0,14
13,46,5,4,3
13,47,5,4,14
13,48,5,4,4
13,49,5,4,1
13,50,5,4,16
13,51,5,4,16
13,52,5,4,16
13,53,5,4,14
13,54,5,4,4
13,55,5,4,1
13,56,5,4,19
13,57,5,4,4
13,58,5,4,18
13,59,4,0,23
13,60,1,4,7
13,61,1,4,5
13,62,5,4,6
13,63,5,4,4
13,64,5,0,21
13,65,5,0,9
13,66,5,0,7
13,67,5,0,1
13,68,5,4,15
13,69,5,4,8
13,70,5,4,8
13,71,4,0,6
13,72,4,0,2
13,73,4,0,2
13,74,5,4,24
13,75,5,0,12
13,76,5,0,6
13,77,5,0,5
13,78,5,0,20
14,0,5,0,11
14,1,5,0,17
14,2,5,0,4
14,3,5,4,4
14,4,5,4,2
14,5,4,0,18
14,6,4,0,18
14,7,1,4,22
14,8,1,6,0
14,9,6,0,11
14,10,1,6,24
14,11,1,0,15
14,12,1,0,14
14,13,1,0,16
14,14,1,4,1
14,15,4,6,2
14,16,4,6,9
14,17,1,4,9
14,18,1,4,2
14,19,5,4,6
14,20,5,0,4
14,21,5,0,18
14,22,5,0,5
14,23,5,0,1
14,24,5,0,5
14,25,5,0,14
14,26,5,0,21
14,27,5,4,17
14,28,5,4,9
14,29,5,4,4
14,30,5,4,4
14,31,5,0,13
14,32,5,4,2
14,33,4,0,21
14,34,4,0,9
14,35,4,0,10
14,36,4,0,18
14,37,5,4,24
14,38,5,0,7
14,39,5,0,11
14,40,5,0,11
14,41,5,0,20
14,42,5,0,18
14,43,5,0,15
14,44,5,0,18
14,45,5,0,17
14,46,5,4,4
14,47,5,0,1
14,48,5,0,2
14,49,5,4,4
14,50,5,4,4
14,51,5,4,4
14,52,5,4,4
14,53,5,0,12
14,54,5,0,13
14,55,5,4,4
14,56,5,0,6
14,57,5,4,0
14,58,4,0,14
14,59,4,0,9
14,60,1,4,8
14,61,4,0,16
14,62,5,4,24
14,63,5,0,21
14,64,5,0,9
14,65,5,0,2
14,66,5,0,13
14,67,5,4,10
14,68,4,0,22
14,69,4,0,19
14,70,4,0,24
14,71,4,0,8
14,72,4,0,20
14,73,5,4,6
14,74,5,0,24
14,75,5,0,1
14,76,5,0,17
14,77,5,0,22
14,78,5,0,7
15,0,5,0,21
15,1,5,0,17
15,2,5,0,6
15,3,5,0,7
15,4,5,4,3
15,5,4,0,18
15,6,4,0,24
15,7,1,4,24
15,8,1,6,1
15,9,1,6,9
15,10,1,4,20
15,11,1,4,20
15,12,1,0,10
15,13,1,0,14
15,14,1,4,4
15,15,4,6,4
15,16,1,4,4
15,17,1,0,5
15,18,1,4,18
15,19,5,4,21
15,20,5,0,1
15,21,5,0,8
15,22,5,0,8
15,23,5,0,12
15,24,5,0,5
15,25,5,0,17
15,26,5,0,1
15,27,5,4,4
15,28,5,0,4
15,29,5,0,16
15,30,5,0,0
15,31,5,0,20
15,32,5,4,2
15,33,4,0,5
15,34,4,0,16
15,35,4,0,19
15,36,5,4,11
15,37,5,0,6
15,38,5,0,1
15,39,5,0,15
15,40,5,0,20
15,41,5,0,24
15,42,5,0,18
15,43,5,0,14
15,44,5,0,11
15,45,5,0,5
15,46,5,0,21
15,47,5,0,6
15,48,5,0,13
15,49,5,0,5
15,50,5,0,2
15,51,5,0,5
15,52,5,0,13
15,53,5,0,14
15,54,5,0,18
15,55,5,0,7
15,56,5,0,15
15,57,5,4,17
15,58,4,0,3
15,59,4,0,13
15,60,4,0,3
15,61,5,4,11
15,62,5,0,23
15,63,5,0,10
15,64,5,0,18
15,65,5,0,11
15,66,5,4,15
15,67,4,0,7
15,68,4,0,7
15,69,4,0,2
15,70,4,0,9
15,71,4,0,2
15,72,4,0,14
15,73,5,4,23
15,74,5,0,10
15,75,5,0,10
15,76,5,0,0
15,77,5,0,10
15,78,5,0,13
16,0,5,0,23
16,1,5,0,7
16,2,5,0,18
16,3,5,0,21
16,4,5,4,3
16,5,4,0,7
16,6,1,4,6
16,7,1,0,15
16,8,1,6,4
16,9,1,4,0
16,10,1,4,8
16,11,1,4,24
16,12,1,0,1
16,13,1,0,9
16,14,1,0,12
16,15,1,0,8
16,16,1,6,20
16,17,1,4,0
16,18,4,0,4
16,19,5,4,22
16,20,5,0,19
16,21,5,0,20
16,22,5,0,20
16,23,5,0,16
16,24,5,0,10
16,25,5,0,5
16,26,5,0,21
16,27,5,0,10
16,28,5,0,0
16,29,5,0,0
16,30,5,0,3
16,31,5,0,5
16,32,5,4,18
16,33,4,0,1
16,34,4,0,7
16,35,5,4,19
16,36,5,0,0
16,37,5,0,12
16,38,5,0,14
16,39,5,0,16
16,40,5,0,23
16,41,5,0,3
16,42,5,0,8
16,43,5,0,19
16,44,5,0,1
16,45,5,0,21
16,46,5,0,3
16,47,5,0,10
16,48,5,0,0
16,49,5,0,4
16,50,5,0,10
16,51,5,0,23
16,52,5,0,4
16,53,5,0,14
16,54,5,0,5
16,55,5,0,5
16,56,5,0,13
16,57,5,4,2
16,58,4,0,3
16,59,4,0,11
16,60,5,4,11
16,61,5,0,3
16,62,5,0,19
16,63,5,0,22
16,64,5,0,14
16,65,5,4,13
16,66,4,0,15
16,67,4,0,12
16,68,4,0,10
16,69,4,0,4
16,70,4,0,6
16,71,4,0,9
16,72,4,0,19
16,73,5,4,21
16,74,5,4,20
16,75,5,0,19
16,76,5,0,8
16,77,5,0,1
16,78,5,0,13
17,0,5,0,21
17,1,5,0,7
17,2,5,0,24
17,3,5,0,16
17,4,5,4,18
17,5,4,0,12
17,6,1,4,21
17,7,1,0,4
17,8,1,0,24
17,9,1,4,18
17,10,1,4,6
17,11,1,0,16
17,12,1,0,11
17,13,1,0,12
17,14,1,0,16
17,15,1,6,5
17,16,1,6,7
17,17,1,4,18
17,18,4,0,5
17,19,5,4,24
17,20,5,0,16
17,21,5,0,11
17,22,5,0,11
17,23,5,0,19
17,24,5,0,14
17,25,5,0,10
17,26,5,0,17
17,27,5,0,9
17,28,5,0,13
17,29,5,0,0
17,30,5,0,11
17,31,5,4,0
17,32,4,0,15
17,33,4,0,15
17,34,5,4,6
17,35,5,0,10
17,36,5,0,20
17,37,5,0,16
17,38,5,0,20
17,39,5,0,10
17,40,5,0,20
17,41,5,0,9
17,42,5,0,3
17,43,5,0,24
17,44,5,0,1
17,45,5,0,23
17,46,5,0,0
17,47,5,0,23
17,48,5,0,17
17,49,5,0,15
17,50,5,0,7
17,51,5,0,4
17,52,5,0,1
17,53,5,0,7
17,54,5,0,10
17,55,5,0,12
17,56,5,0,15
17,57,5,4,3
17,58,4,0,2
17,59,5,4,9
17,60,5,0,12
17,61,5,0,20
17,62,5,0,0
17,63,5,0,18
17,64,5,4,5
17,65,4,0,7
17,66,4,0,24
17,67,4,0,19
17,68,4,0,22
17,69,4,0,15
17,70,4,0,20
17,71,4,0,18
17,72,4,0,20
17,73,5,4,8
17,74,5,4,22
17,75,5,0,22
17,76,5,0,12
17,77,5,0,1
17,78,5,0,19
18,0,5,0,7
18,1,5,0,21
18,2,5,0,4
18,3,5,4,0
18,4,4,0,16
18,5,4,0,11
18,6,1,4,7
18,7,1,0,10
18,8,1,4,0
18,9,1,4,16
18,10,1,4,24
18,11,1,0,18
18,12,1,0,5
18,13,10,1,16
18,14,1,6,0
18,15,6,0,11
18,16,1,6,24
18,17,4,0,3
18,18,5,4,6
18,19,5,0,21
18,20,5,0,17
18,21,5,0,6
18,22,5,0,17
18,23,5,0,3
18,24,5,0,24
18,25,5,0,14
18,26,5,0,12
18,27,5,0,18
18,28,5,0,19
18,29,5,0,22
18,30,5,0,7
18,31,5,4,18
18,32,4,0,1
18,33,4,0,10
18,34,5,4,24
18,35,5,0,1
18,36,5,0,4
18,37,5,0,22
18,38,5,0,5
18,39,5,0,21
18,40,5,0,24
18,41,5,0,3
18,42,5,0,20
18,43,5,0,15
18,44,5,0,2
18,45,5,0,21
18,46,5,0,19
18,47,5,0,17
18,48,5,0,4
18,49,5,0,2
18,50,5,0,9
18,51,5,0,7
18,52,5,0,20
18,53,5,0,18
18,54,5,0,21
18,55,5,0,10
18,56,5,0,0
18,57,5,4,2
18,58,5,4,11
18,59,5,0,2
18,60,5,0,20
18,61,5,0,18
18,62,5,0,18
18,63,5,4,10
18,64,4,0,13
18,65,4,0,6
18,66,4,0,23
18,67,4,0,14
18,68,4,0,11
18,69,4,0,12
18,70,1,4,16
18,71,4,0,0
18,72,4,0,7
18,73,4,0,9
18,74,5,4,23
18,75,5,0,21
18,76,5,0,1
18,77,5,0,11
18,78,5,0,12
19,0,5,0,1
19,1,5,0,5
19,2,5,0,12
19,3,5,4,17
19,4,4,0,7
19,5,4,0,15
19,6,1,4,24
19,7,1,0,8
19,8,1,4,4
19,9,1,4,4
19,10,1,0,6
19,11,1,0,24
19,12,10,1,19
19,13,10,1,2
19,14,1,6,17
19,15,1,6,14
19,16,1,4,18
19,17,4,0,24
19,18,5,4,24
19,19,5,0,23
19,20,5,0,13
19,21,5,0,22
19,22,5,0,1
19,23,5,0,20
19,24,5,0,15
19,25,5,0,4
19,26,5,0,14
19,27,5,0,18
19,28,5,0,0
19,29,5,0,13
19,30,5,4,0
19,31,4,0,23
19,32,4,0,5
19,33,5,4,6
19,34,5,0,7
19,35,5,0,11
19,36,5,0,10
19,37,5,0,3
19,38,5,0,7
19,39,5,0,11
19,40,5,0,8
19,41,5,0,10
19,42,5,0,13
19,43,5,0,21
19,44,5,0,11
19,45,5,0,10
19,46,5,0,8
19,47,5,0,10
19,48,5,0,0
19,49,5,0,14
19,50,5,0,9
19,51,5,0,4
19,52,5,0,18
19,53,5,0,10
19,54,5,0,0
19,55,5,0,22
19,56,5,0,16
19,57,5,4,4
19,58,5,0,0
19,59,5,0,2
19,60,5,0,15
19,61,5,0,10
19,62,5,4,0
19,63,4,0,18
19,64,4,0,23
19,65,1,4,16
19,66,1,4,16
19,67,1,4,16
19,68,1,4,16
19,69,1,4,19
19,70,1,4,3
19,71,4,0,4
19,72,4,0,8
19,73,4,0,2
19,74,5,4,21
19,75,5,0,21
19,76,5,0,22
19,77,5,0,16
19,78,5,0,0
20,0,5,0,13
20,1,5,0,4
20,2,5,0,11
20,3,5,4,2
20,4,4,0,19
20,5,1,4,6
20,6,1,0,13
20,7,1,0,3
20,8,1,0,0
20,9,1,0,2
20,10,1,0,1
20,11,10,1,6
20,12,10,0,21
20,13,10,1,18
20,14,1,6,4
20,15,1,4,16
20,16,4,0,18
20,17,5,4,6
20,18,5,0,10
20,19,5,0,22
20,20,5,0,5
20,21,5,0,7
20,22,5,0,5
20,23,5,0,10
20,24,5,0,7
20,25,5,0,5
20,26,5,0,5
20,27,5,0,10
20,28,5,0,23
20,29,5,0,7
20,30,5,4,18
20,31,4,0,11
20,32,4,0,12
20,33,5,4,24
20,34,5,0,19
20,35,5,0,0
20,36,5,0,0
20,37,5,0,6
20,38,5,0,3
20,39,5,0,7
20,40,5,0,13
20,41,5,0,21
20,42,5,0,12
20,43,5,0,11
20,44,5,0,16
20,45,5,0,14
20,46,5,0,15
20,47,5,0,12
20,48,5,0,15
20,49,5,0,7
20,50,5,0,15
20,51,5,0,24
20,52,5,0,24
20,53,5,0,11
20,54,5,0,21
20,55,5,0,17
20,56,5,0,19
20,57,5,0,7
20,58,5,0,24
20,59,5,0,4
20,60,5,0,13
20,61,5,0,23
20,62,5,4,18
20,63,4,0,13
20,64,1,4,11
20,65,1,4,4
20,66,1,4,4
20,67,1,4,4
20,68,1,4,4
20,69,1,0,18
20,70,1,4,18
20,71,4,0,3
20,72,4,0,10
20,73,4,0,17
20,74,5,4,23
20,75,5,4,20
20,76,5,0,24
20,77,5,0,17
20,78,5,0,24
21,0,5,0,3
21,1,5,0,19
21,2,5,0,16
21,3,5,4,18
21,4,4,0,14
21,5,1,4,21
21,6,1,0,14
21,7,1,0,0
21,8,1,0,7
21,9,1,0,20
21,10,1,0,16
21,11,10,1,23
21,12,10,1,15
21,13,1,4,10
21,14,1,4,11
21,15,1,4,3
21,16,4,0,8
21,17,5,4,24
21,18,5,0,22
21,19,5,0,12
21,20,5,0,24
21,21,5,0,14
21,22,5,0,11
21,23,5,0,15
21,24,5,0,15
21,25,5,0,12
21,26,5,0,16
21,27,5,0,5
21,28,5,0,8
21,29,5,4,0
21,30,4,0,18
21,31,4,0,13
21,32,5,4,6
21,33,5,0,11
21,34,5,0,5
21,35,5,0,16
21,36,5,0,19
21,37,5,0,9
21,38,5,0,13
21,39,5,0,24
21,40,5,0,18
21,41,5,0,10
21,42,5,0,9
21,43,5,0,6
21,44,5,0,13
21,45,5,0,2
21,46,5,0,4
21,47,5,0,7
21,48,5,0,3
21,49,5,0,11
21,50,5,0,1
21,51,5,0,10
21,52,5,0,21
21,53,5,0,4
21,54,5,0,8
21,55,5,0,6
21,56,5,0,0
21,57,5,0,18
21,58,5,0,0
21,59,5,0,23
21,60,5,0,9
21,61,5,4,13
21,62,4,0,16
21,63,1,4,14
21,64,1,0,22
21,65,1,0,0
21,66,1,0,7
21,67,1,0,14
21,68,1,0,10
21,69,1,4,0
21,70,4,0,10
21,71,4,0,15
21,72,1,4,16
21,73,4,0,2
21,74,5,4,8
21,75,5,4,21
21,76,5,0,0
21,77,5,0,16
21,78,5,0,22
22,0,5,0,11
22,1,5,0,6
22,2,5,4,0
22,3,4,0,3
22,4,4,0,24
22,5,1,4,7
22,6,1,4,20
22,7,1,4,20
22,8,1,4,20
22,9,1,0,4
22,10,1,0,6
22,11,10,1,8
22,12,1,4,15
22,13,1,4,6
22,14,1,0,4
22,15,1,4,18
22,16,5,4,6
22,17,5,0,2
22,18,5,0,12
22,19,5,0,4
22,20,5,0,2
22,21,5,0,9
22,22,5,0,23
22,23,5,0,23
22,24,5,0,22
22,25,5,0,7
22,26,5,0,7
22,27,5,0,22
22,28,5,0,5
22,29,5,4,18
22,30,4,0,5
22,31,4,0,16
22,32,5,4,24
22,33,5,0,14
22,34,5,0,21
22,35,5,0,23
22,36,5,0,10
22,37,5,0,17
22,38,5,0,15
22,39,5,0,3
22,40,5,0,21
22,41,5,0,20
22,42,5,0,1
22,43,5,0,7
22,44,5,0,4
22,45,5,0,14
22,46,5,0,10
22,47,5,0,0
22,48,5,0,1
22,49,5,0,12
22,50,5,0,11
22,51,5,0,5
22,52,5,0,4
22,53,5,0,3
22,54,5,0,7
22,55,5,0,5
22,56,5,0,18
22,57,5,0,17
22,58,5,0,11
22,59,5,0,0
22,60,5,4,13
22,61,4,0,21
22,62,1,4,9
22,63,1,0,24
22,64,1,4,20
22,65,1,4,20
22,66,1,4,20
22,67,1,4,20
22,68,1,0,1
22,69,1,4,2
22,70,1,4,16
22,71,1,4,11
22,72,1,4,17
22,73,4,0,2
22,74,4,0,9
22,75,5,4,7
22,76,5,0,17
22,77,5,0,9
22,78,5,0,10
23,0,5,0,22
23,1,5,0,15
23,2,5,4,18
23,3,4,0,19
23,4,4,0,6
23,5,1,4,8
23,6,1,4,8
23,7,1,4,8
23,8,1,4,23
23,9,1,0,1
23,10,1,0,15
23,11,1,4,0
23,12,4,0,1
23,13,1,4,21
23,14,1,4,10
23,15,4,0,15
23,16,5,4,24
23,17,5,0,1
23,18,5,0,23
23,19,5,0,5
23,20,5,0,18
23,21,5,0,3
23,22,5,0,4
23,23,5,0,19
23,24,5,0,22
23,25,5,0,23
23,26,5,0,2
23,27,5,0,23
23,28,5,4,10
23,29,4,0,11
23,30,4,0,12
23,31,5,4,6
23,32,5,0,16
23,33,5,0,11
23,34,5,4,20
23,35,5,0,14
23,36,5,0,7
23,37,5,0,5
23,38,5,0,3
23,39,5,0,4
23,40,5,0,7
23,41,5,0,22
23,42,5,0,21
23,43,5,0,4
23,44,5,0,7
23,45,5,0,19
23,46,5,0,22
23,47,5,0,16
23,48,5,0,22
23,49,5,0,0
23,50,5,0,15
23,51,5,0,4
23,52,5,0,17
23,53,5,0,17
23,54,5,0,24
23,55,5,0,6
23,56,5,0,19
23,57,5,0,21
23,58,5,4,20
23,59,5,4,13
23,60,4,0,16
23,61,1,4,6
23,62,1,0,8
23,63,1,4,15
23,64,1,4,8
23,65,1,4,8
23,66,1,4,8
23,67,1,4,24
23,68,1,0,10
23,69,1,4,4
23,70,1,4,4
23,71,1,0,6
23,72,1,4,17
23,73,4,0,1
23,74,4,0,21
23,75,5,4,21
23,76,5,0,22
23,77,5,0,3
23,78,5,0,11
24,0,5,0,2
24,1,5,4,0
24,2,4,0,2
24,3,4,0,15
24,4,4,0,4
24,5,4,0,21
24,6,4,0,1
24,7,4,0,2
24,8,1,4,7
24,9,1,0,24
24,10,1,0,4
24,11,1,4,18
24,12,4,0,13
24,13,1,4,8
24,14,4,0,7
24,15,5,4,9
24,16,5,0,0
24,17,5,0,7
24,18,5,0,3
24,19,5,0,1
24,20,5,0,24
24,21,5,0,10
24,22,5,0,9
24,23,5,0,1
24,24,5,0,24
24,25,5,0,22
24,26,5,0,16
24,27,5,4,5
24,28,4,0,24
24,29,4,0,17
24,30,4,0,22
24,31,5,4,24
24,32,5,0,6
24,33,5,4,5
24,34,5,4,7
24,35,5,0,22
24,36,5,0,14
24,37,5,0,21
24,38,5,0,16
24,39,5,0,9
24,40,5,0,13
24,41,5,0,8
24,42,5,0,9
24,43,5,0,21
24,44,5,0,6
24,45,5,0,23
24,46,5,4,20
24,47,5,0,20
24,48,5,0,20
24,49,5,0,3
24,50,5,0,12
24,51,5,0,12
24,52,5,0,7
24,53,5,0,9
24,54,5,0,15
24,55,5,0,19
24,56,5,0,0
24,57,5,4,5
24,58,5,4,8
24,59,4,0,17
24,60,4,0,6
24,61,1,4,24
24,62,1,4,0
24,63,4,0,6
24,64,4,0,0
24,65,4,0,6
24,66,1,4,6
24,67,1,0,8
24,68,1,0,13
24,69,1,0,12
24,70,1,0,18
24,71,1,0,11
24,72,1,4,17
24,73,4,0,12
24,74,4,0,1
24,75,5,4,7
24,76,5,0,14
24,77,5,0,1
24,78,5,0,11
25,0,5,0,4
25,1,5,4,17
25,2,4,0,18
25,3,4,0,15
25,4,4,0,5
25,5,4,0,13
25,6,4,0,16
25,7,4,0,2
25,8,1,4,7
25,9,1,0,14
25,10,1,4,13
25,11,4,0,5
25,12,4,0,1
25,13,4,0,20
25,14,5,4,9
25,15,5,0,3
25,16,5,0,8
25,17,5,0,5
25,18,5,0,23
25,19,5,0,6
25,20,5,0,17
25,21,5,0,1
25,22,5,0,6
25,23,5,4,20
25,24,5,0,10
25,25,5,0,16
25,26,5,4,0
25,27,4,0,15
25,28,4,0,5
25,29,4,0,4
25,30,5,4,6
25,31,5,0,1
25,32,5,4,0
25,33,4,0,14
25,34,5,4,7
25,35,5,0,14
25,36,5,0,8
25,37,5,0,16
25,38,5,0,15
25,39,5,0,21
25,40,5,4,20
25,41,5,4,20
25,42,5,0,22
25,43,5,0,14
25,44,5,0,4
25,45,5,4,5
25,46,5,4,23
25,47,5,0,17
25,48,5,0,21
25,49,5,0,10
25,50,5,0,4
25,51,5,0,21
25,52,5,0,11
25,53,5,0,3
25,54,5,0,8
25,55,5,0,16
25,56,5,4,0
25,57,4,0,21
25,58,4,0,11
25,59,4,0,1
25,60,1,4,11
25,61,1,0,6
25,62,1,4,18
25,63,4,0,0
25,64,4,0,0
25,65,4,0,19
25,66,1,4,24
25,67,1,0,8
25,68,1,0,6
25,69,1,0,21
25,70,1,0,0
25,71,1,0,13
25,72,1,4,17
25,73,4,0,0
25,74,4,0,7
25,75,5,4,22
25,76,5,0,3
25,77,5,0,12
25,78,5,0,6
26,0,5,0,10
26,1,5,4,17
26,2,4,0,11
26,3,4,0,7
26,4,4,0,4
26,5,4,0,1
26,6,4,0,22
26,7,4,0,22
26,8,1,4,22
26,9,1,4,15
26,10,4,0,9
26,11,4,0,13
26,12,5,4,16
26,13,5,4,11
26,14,5,0,7
26,15,5,0,2
26,16,5,0,20
26,17,5,0,22
26,18,5,0,20
26,19,5,0,3
26,20,5,0,3
26,21,5,0,3
26,22,5,4,5
26,23,5,4,22
26,24,5,4,20
26,25,5,4,20
26,26,5,4,18
26,27,4,6,20
26,28,4,0,10
26,29,4,0,22
26,30,5,4,22
26,31,5,4,20
26,32,5,4,18
26,33,4,0,9
26,34,5,4,24
26,35,5,0,14
26,36,5,0,10
26,37,5,0,15
26,38,5,4,20
26,39,5,4,13
26,40,5,4,8
26,41,5,4,23
26,42,5,0,15
26,43,5,0,15
26,44,5,4,15
26,45,4,0,9
26,46,5,4,21
26,47,5,0,19
26,48,5,0,6
26,49,5,0,6
26,50,5,0,5
26,51,5,0,6
26,52,5,0,2
26,53,5,0,23
26,54,5,0,17
26,55,5,0,2
26,56,5,4,18
26,57,4,0,13
26,58,4,0,5
26,59,1,4,14
26,60,1,0,7
26,61,1,4,10
26,62,4,0,8
26,63,1,4,16
26,64,4,0,24
26,65,1,4,6
26,66,1,0,2
26,67,1,0,10
26,68,1,0,24
26,69,1,0,6
26,70,1,0,23
26,71,1,0,15
26,72,1,4,18
26,73,4,0,7
26,74,4,0,21
26,75,5,4,24
26,76,5,0,20
26,77,5,0,10
26,78,5,0,10
27,0,5,0,13
27,1,5,4,1
27,2,4,0,2
27,3,4,0,9
27,4,4,0,19
27,5,4,0,8
27,6,4,0,14
27,7,4,0,16
27,8,1,4,8
27,9,4,0,18
27,10,4,0,24
27,11,5,4,14
27,12,5,4,4
27,13,5,0,5
27,14,5,0,17
27,15,5,0,3
27,16,5,0,13
27,17,5,0,12
27,18,5,0,18
27,19,5,0,21
27,20,5,0,5
27,21,5,4,0
27,22,4,0,21
27,23,5,4,8
27,24,5,4,8
27,25,5,4,8
27,26,4,6,10
27,27,4,6,23
27,28,4,0,13
27,29,4,0,23
27,30,5,4,8
27,31,5,4,8
27,32,4,0,9
27,33,5,4,6
27,34,5,0,18
27,35,5,0,7
27,36,5,4,20
27,37,5,4,10
27,38,5,4,8
27,39,4,0,12
27,40,4,6,20
27,41,5,4,7
27,42,5,4,20
27,43,5,4,15
27,44,4,0,3
27,45,4,0,24
27,46,5,4,24
27,47,5,0,9
27,48,5,0,7
27,49,5,0,4
27,50,5,0,21
27,51,5,0,21
27,52,5,0,5
27,53,5,0,21
27,54,5,0,20
27,55,5,4,0
27,56,4,0,12
27,57,4,0,13
27,58,1,4,14
27,59,1,0,15
27,60,1,4,10
27,61,4,0,18
27,62,1,4,11
27,63,1,4,17
27,64,4,0,8
27,65,1,4,22
27,66,1,0,3
27,67,1,0,9
27,68,1,4,20
27,69,1,4,20
27,70,1,0,4
27,71,1,4,0
27,72,4,0,13
27,73,4,0,9
27,74,5,4,6
27,75,5,0,17
27,76,5,0,7
27,77,5,0,11
27,78,5,0,0
28,0,5,0,13
28,1,5,4,2
28,2,5,4,16
28,3,5,4,16
28,4,5,4,16
28,5,4,0,3
28,6,4,0,23
28,7,4,0,5
28,8,4,0,3
28,9,4,0,9
28,10,5,4,6
28,11,5,0,24
28,12,5,0,19
28,13,5,0,4
28,14,5,0,14
28,15,5,0,10
28,16,5,0,1
28,17,5,0,15
28,18,5,0,15
28,19,5,0,2
28,20,5,0,2
28,21,5,4,18
28,22,4,0,16
28,23,4,0,14
28,24,4,0,10
28,25,4,6,0
28,26,6,0,23
28,27,4,6,24
28,28,4,0,16
28,29,4,0,2
28,30,4,0,11
28,31,4,0,16
28,32,4,0,6
28,33,5,4,23
28,34,5,4,20
28,35,5,4,13
28,36,5,4,8
28,37,4,0,9
28,38,4,0,17
28,39,4,6,13
28,40,4,6,7
28,41,5,4,8
28,42,5,4,8
28,43,4,0,17
28,44,4,0,24
28,45,5,4,14
28,46,5,0,0
28,47,5,0,21
28,48,5,0,14
28,49,5,0,8
28,50,5,0,17
28,51,5,0,16
28,52,5,0,24
28,53,5,0,2
28,54,5,0,18
28,55,5,4,18
28,56,4,0,20
28,57,1,4,11
28,58,1,0,13
28,59,1,4,13
28,60,4,0,1
28,61,1,4,6
28,62,1,0,19
28,63,1,4,18
28,64,4,0,17
28,65,1,4,21
28,66,1,0,9
28,67,1,4,0
28,68,1,4,8
28,69,1,4,24
28,70,1,0,16
28,71,1,4,2
28,72,4,0,21
28,73,4,0,14
28,74,5,4,24
28,75,5,0,11
28,76,5,0,18
28,77,5,0,7
28,78,5,0,6
29,0,5,0,5
29,1,5,4,4
29,2,5,4,4
29,3,5,4,4
29,4,5,4,18
29,5,4,0,19
29,6,4,0,1
29,7,4,0,10
29,8,4,0,21
29,9,4,0,8
29,10,5,4,24
29,11,5,0,19
29,12,5,0,14
29,13,5,0,11
29,14,5,0,1
29,15,5,0,7
29,16,5,0,20
29,17,5,0,17
29,18,5,0,7
29,19,5,0,4
29,20,5,4,0
29,21,4,0,0
29,22,4,0,7
29,23,4,0,17
29,24,4,0,10
29,25,4,6,3
29,26,4,6,19
29,27,4,0,15
29,28,4,0,7
29,29,4,0,1
29,30,4,0,18
29,31,4,0,18
29,32,4,0,22
29,33,4,6,20
29,34,5,4,8
29,35,4,0,17
29,36,4,0,6
29,37,4,0,18
29,38,4,6,0
29,39,6,0,1
29,40,4,6,24
29,41,4,0,16
29,42,4,0,13
29,43,4,0,8
29,44,5,4,14
29,45,5,0,13
29,46,5,0,13
29,47,5,0,5
29,48,5,0,18
29,49,5,0,23
29,50,5,0,22
29,51,5,0,22
29,52,5,4,20
29,53,5,4,20
29,54,5,4,5
29,55,4,0,21
29,56,1,4,9
29,57,1,0,9
29,58,1,4,13
29,59,4,0,2
29,60,4,0,17
29,61,1,4,24
29,62,1,4,0
29,63,4,0,3
29,64,4,0,8
29,65,1,4,24
29,66,1,0,11
29,67,1,4,18
29,68,1,4,6
29,69,1,0,21
29,70,1,0,5
29,71,1,4,18
29,72,4,0,0
29,73,5,4,14
29,74,5,0,12
29,75,5,0,1
29,76,5,0,13
29,77,5,0,22
29,78,5,0,7
30,0,5,0,6
30,1,5,0,22
30,2,5,0,11
30,3,5,4,0
30,4,4,0,13
30,5,4,0,2
30,6,4,0,9
30,7,4,0,11
30,8,4,0,16
30,9,5,4,9
30,10,5,0,1
30,11,5,0,23
30,12,5,0,0
30,13,5,0,2
30,14,5,0,2
30,15,5,0,9
30,16,5,0,10
30,17,5,0,10
30,18,5,4,20
30,19,5,4,20
30,20,5,4,18
30,21,4,0,2
30,22,1,4,16
30,23,1,4,16
30,24,1,4,16
30,25,4,6,4
30,26,4,0,16
30,27,4,0,14
30,28,4,0,23
30,29,1,4,16
30,30,4,0,23
30,31,4,0,0
30,32,4,6,10
30,33,4,6,21
30,34,4,0,9
30,35,4,0,9
30,36,4,0,21
30,37,4,0,0
30,38,4,6,17
30,39,4,6,11
30,40,4,0,7
30,41,4,0,7
30,42,5,4,16
30,43,5,4,11
30,44,5,0,6
30,45,5,0,22
30,46,5,0,22
30,47,5,0,4
30,48,5,0,23
30,49,5,0,11
30,50,5,0,10
30,51,5,4,15
30,52,5,4,8
30,53,5,4,8
30,54,4,0,13
30,55,1,4,9
30,56,1,0,12
30,57,1,4,13
30,58,1,4,16
30,59,4,0,1
30,60,1,4,6
30,61,1,0,15
30,62,1,4,18
30,63,4,0,23
30,64,1,4,6
30,65,1,0,23
30,66,1,4,0
30,67,4,0,17
30,68,1,4,24
30,69,1,0,17
30,70,1,4,15
30,71,4,0,6
30,72,5,4,11
30,73,5,0,24
30,74,5,0,5
30,75,5,0,21
30,76,5,0,15
30,77,5,0,9
30,78,5,0,11
31,0,5,0,19
31,1,5,0,12
31,2,5,0,23
31,3,5,4,1
31,4,4,0,22
31,5,4,0,19
31,6,4,0,6
31,7,5,4,16
31,8,5,4,14
31,9,5,0,9
31,10,5,0,10
31,11,5,0,15
31,12,5,0,0
31,13,5,0,6
31,14,5,0,9
31,15,5,0,1
31,16,5,0,24
31,17,5,4,15
31,18,5,4,8
31,19,5,4,8
31,20,1,4,16
31,21,1,4,14
31,22,1,4,4
31,23,1,4,4
31,24,1,4,17
31,25,4,0,15
31,26,1,4,16
31,27,4,0,12
31,28,1,4,14
31,29,1,4,2
31,30,4,0,6
31,31,4,6,0
31,32,6,0,11
31,33,4,6,24
31,34,4,0,21
31,35,1,4,16
31,36,4,0,10
31,37,4,0,18
31,38,4,6,4
31,39,4,0,11
31,40,4,0,11
31,41,5,4,6
31,42,5,4,4
31,43,5,0,11
31,44,5,0,11
31,45,5,0,11
31,46,5,0,15
31,47,5,0,23
31,48,5,0,23
31,49,5,0,8
31,50,5,4,0
31,51,4,0,1
31,52,4,0,10
31,53,4,0,14
31,54,1,4,6
31,55,1,0,3
31,56,1,4,15
31,57,1,4,14
31,58,1,4,3
31,59,4,0,11
31,60,1,4,7
31,61,1,4,5
31,62,4,0,7
31,63,4,0,4
31,64,1,4,24
31,65,1,0,24
31,66,1,4,17
31,67,1,4,6
31,68,1,0,18
31,69,1,4,0
31,70,4,0,6
31,71,5,4,6
31,72,5,0,10
31,73,5,0,1
31,74,5,0,7
31,75,5,0,17
31,76,5,0,1
31,77,5,0,10
31,78,5,0,19
32,0,5,0,5
32,1,5,0,18
32,2,5,0,22
32,3,5,4,3
32,4,4,0,13
32,5,4,0,8
32,6,5,4,14
32,7,5,4,4
32,8,5,0,13
32,9,5,0,24
32,10,5,0,14
32,11,5,0,10
32,12,5,0,13
32,13,5,0,21
32,14,5,0,24
32,15,5,0,13
32,16,5,4,0
32,17,4,0,6
32,18,1,4,16
32,19,1,4,11
32,20,1,4,4
32,21,1,0,20
32,22,1,0,22
32,23,1,0,24
32,24,1,4,18
32,25,1,4,19
32,26,1,4,3
32,27,1,4,6
32,28,1,0,12
32,29,1,4,2
32,30,4,0,7
32,31,4,6,2
32,32,4,6,11
32,33,4,0,18
32,34,1,4,14
32,35,1,4,17
32,36,1,4,16
32,37,1,4,16
32,38,4,0,12
32,39,4,0,16
32,40,4,0,12
32,41,5,4,24
32,42,5,0,11
32,43,5,0,19
32,44,5,0,16
32,45,5,0,4
32,46,5,0,6
32,47,5,0,21
32,48,5,0,11
32,49,5,0,13
32,50,5,4,18
32,51,4,0,5
32,52,4,0,20
32,53,4,0,11
32,54,1,4,22
32,55,1,4,5
32,56,1,4,14
32,57,1,0,8
32,58,1,4,18
32,59,4,0,2
32,60,1,4,8
32,61,4,0,12
32,62,4,0,18
32,63,1,4,6
32,64,1,0,17
32,65,1,0,17
32,66,1,4,18
32,67,1,4,24
32,68,1,0,18
32,69,1,4,18
32,70,4,0,4
32,71,5,4,24
32,72,5,0,10
32,73,5,0,23
32,74,5,0,11
32,75,5,0,21
32,76,5,0,20
32,77,5,0,8
32,78,5,0,20
33,0,5,0,19
33,1,5,0,4
33,2,5,0,23
33,3,5,4,1
33,4,5,4,16
33,5,5,4,11
33,6,5,0,7
33,7,5,0,10
33,8,5,0,17
33,9,5,0,5
33,10,5,0,22
33,11,5,0,19
33,12,5,0,23
33,13,5,0,11
33,14,5,0,18
33,15,5,0,6
33,16,5,4,18
33,17,1,4,9
33,18,1,4,4
33,19,1,0,19
33,20,1,0,15
33,21,1,0,10
33,22,1,0,6
33,23,1,4,5
33,24,1,4,6
33,25,1,0,18
33,26,1,4,18
33,27,1,4,22
33,28,1,0,9
33,29,1,4,1
33,30,4,0,16
33,31,4,6,4
33,32,4,0,1
33,33,1,4,6
33,34,1,0,20
33,35,1,4,4
33,36,1,4,4
33,37,1,4,2
33,38,4,0,10
33,39,4,0,7
33,40,5,4,11
33,41,5,0,14
33,42,5,0,11
33,43,5,0,9
33,44,5,0,23
33,45,5,0,6
33,46,5,0,19
33,47,5,0,16
33,48,5,0,19
33,49,5,4,0
33,50,4,0,6
33,51,4,0,2
33,52,4,0,21
33,53,4,0,9
33,54,1,4,8
33,55,1,4,19
33,56,1,0,9
33,57,1,4,0
33,58,4,0,8
33,59,4,0,23
33,60,4,0,13
33,61,4,0,12
33,62,4,0,11
33,63,1,4,24
33,64,1,0,19
33,65,1,4,13
33,66,1,4,6
33,67,1,0,7
33,68,1,4,0
33,69,4,0,5
33,70,5,4,6
33,71,5,0,1
33,72,5,0,20
33,73,5,0,4
33,74,5,0,9
33,75,5,0,11
33,76,5,0,24
33,77,5,0,21
33,78,5,0,20
34,0,5,0,14
34,1,5,0,8
34,2,5,0,4
34,3,5,4,4
34,4,5,4,4
34,5,5,0,19
34,6,5,0,19
34,7,5,0,17
34,8,5,0,19
34,9,5,0,23
34,10,5,0,19
34,11,5,0,15
34,12,5,0,19
34,13,5,0,1
34,14,5,0,19
34,15,5,4,5
34,16,1,4,6
34,17,1,0,11
34,18,1,0,3
34,19,1,0,8
34,20,1,0,8
34,21,1,0,11
34,22,1,4,0
34,23,4,0,5
34,24,1,4,7
34,25,1,4,13
34,26,4,0,11
34,27,1,4,24
34,28,1,0,20
34,29,1,4,18
34,30,4,0,11
34,31,4,0,22
34,32,4,0,13
34,33,1,4,23
34,34,1,0,15
34,35,1,0,15
34,36,1,0,8
34,37,1,4,1
34,38,4,0,13
34,39,5,4,9
34,40,5,0,3
34,41,5,0,1
34,42,5,0,9
34,43,5,0,24
34,44,5,0,5
34,45,5,0,7
34,46,5,0,16
34,47,5,4,20
34,48,5,4,20
34,49,5,4,18
34,50,4,0,6
34,51,4,0,5
34,52,4,0,14
34,53,4,0,3
34,54,1,4,14
34,55,1,0,2
34,56,1,0,8
34,57,1,4,1
34,58,1,4,16
34,59,1,4,16
34,60,4,0,17
34,61,4,0,4
34,62,1,4,11
34,63,1,0,7
34,64,1,4,15
34,65,4,0,15
34,66,1,4,24
34,67,1,0,22
34,68,1,4,18
34,69,4,0,6
34,70,5,4,23
34,71,5,0,24
34,72,5,0,5
34,73,5,0,3
34,74,5,0,4
34,75,5,0,18
34,76,5,0,7
34,77,5,0,5
34,78,5,0,3
35,0,5,0,18
35,1,5,0,17
35,2,5,0,15
35,3,5,0,2
35,4,5,0,19
35,5,5,0,12
35,6,5,0,0
35,7,5,0,16
35,8,5,0,4
35,9,5,0,10
35,10,5,0,24
35,11,5,0,8
35,12,5,0,2
35,13,5,0,14
35,14,5,4,10
35,15,4,0,8
35,16,1,4,7
35,17,1,0,17
35,18,1,0,1
35,19,1,0,1
35,20,1,0,4
35,21,1,0,10
35,22,1,4,18
35,23,4,0,6
35,24,1,4,8
35,25,4,0,3
35,26,1,4,6
35,27,1,0,20
35,28,1,4,0
35,29,4,0,21
35,30,4,0,8
35,31,1,4,16
35,32,4,0,5
35,33,1,4,24
35,34,1,0,2
35,35,1,0,20
35,36,1,0,21
35,37,1,4,18
35,38,5,4,6
35,39,5,0,11
35,40,5,0,3
35,41,5,0,12
35,42,5,0,6
35,43,5,0,11
35,44,5,0,23
35,45,5,0,8
35,46,5,4,13
35,47,5,4,8
35,48,5,4,8
35,49,4,0,0
35,50,4,0,13
35,51,4,0,14
35,52,1,4,16
35,53,1,4,11
35,54,1,0,15
35,55,1,0,21
35,56,1,0,13
35,57,1,4,4
35,58,1,4,4
35,59,1,4,2
35,60,1,4,16
35,61,1,4,9
35,62,1,0,9
35,63,1,4,10
35,64,4,0,10
35,65,1,4,14
35,66,1,0,21
35,67,1,4,15
35,68,4,0,7
35,69,4,0,12
35,70,5,4,22
35,71,5,0,22
35,72,5,0,19
35,73,5,0,19
35,74,5,0,16
35,75,5,0,11
35,76,5,0,23
35,77,5,0,17
35,78,5,0,1
36,0,5,0,18
36,1,5,0,7
36,2,5,0,8
36,3,5,0,20
36,4,5,0,7
36,5,5,0,16
36,6,5,0,2
36,7,5,0,3
36,8,5,0,10
36,9,5,0,2
36,10,5,0,9
36,11,5,0,10
36,12,5,0,13
36,13,5,4,0
36,14,4,0,8
36,15,4,0,7
36,16,1,4,21
36,17,1,4,20
36,18,1,0,19
36,19,1,0,22
36,20,1,0,24
36,21,1,4,5
36,22,4,0,17
36,23,4,0,12
36,24,4,0,8
36,25,4,6,20
36,26,1,4,23
36,27,1,0,3
36,28,1,4,18
36,29,4,0,9
36,30,1,4,11
36,31,1,4,17
36,32,1,4,6
36,33,1,0,11
36,34,1,0,9
36,35,1,0,17
36,36,1,4,5
36,37,4,0,23
36,38,5,4,24
36,39,5,0,6
36,40,5,0,13
36,41,5,0,23
36,42,5,0,6
36,43,5,0,7
36,44,5,0,12
36,45,5,4,10
36,46,4,0,14
36,47,4,0,15
36,48,4,0,6
36,49,4,0,24
36,50,4,0,17
36,51,1,4,19
36,52,1,4,4
36,53,1,0,22
36,54,1,4,20
36,55,1,4,20
36,56,1,0,1
36,57,1,0,17
36,58,1,0,20
36,59,1,4,4
36,60,1,4,4
36,61,1,0,0
36,62,1,4,5
36,63,4,0,13
36,64,1,4,6
36,65,1,0,22
36,66,1,4,5
36,67,4,0,2
36,68,4,0,22
36,69,4,0,13
36,70,5,4,24
36,71,5,0,18
36,72,5,0,2
36,73,5,0,22
36,74,5,0,15
36,75,5,0,13
36,76,5,0,9
36,77,5,0,0
36,78,5,0,5
37,0,5,0,14
37,1,5,0,3
37,2,5,0,12
37,3,5,0,0
37,4,5,0,19
37,5,5,0,12
37,6,5,0,9
37,7,5,0,15
37,8,5,0,1
37,9,5,0,6
37,10,5,0,14
37,11,5,0,10
37,12,5,4,20
37,13,5,4,18
37,14,4,6,20
37,15,4,0,21
37,16,1,4,8
37,17,1,4,23
37,18,1,0,5
37,19,1,0,7
37,20,1,4,13
37,21,4,0,15
37,22,4,0,9
37,23,4,0,22
37,24,4,6,15
37,25,4,6,23
37,26,1,4,21
37,27,1,4,13
37,28,4,0,4
37,29,1,4,6
37,30,1,0,1
37,31,1,4,2
37,32,1,4,22
37,33,1,0,8
37,34,1,0,8
37,35,1,4,10
37,36,4,0,15
37,37,5,4,6
37,38,5,0,24
37,39,5,0,7
37,40,5,0,1
37,41,5,0,0
37,42,5,0,23
37,43,5,0,22
37,44,5,4,0
37,45,4,0,21
37,46,4,0,8
37,47,4,0,19
37,48,1,4,16
37,49,4,0,5
37,50,1,4,6
37,51,1,0,0
37,52,1,0,2
37,53,1,4,15
37,54,1,4,8
37,55,1,4,24
37,56,1,0,23
37,57,1,0,8
37,58,1,0,24
37,59,1,0,12
37,60,1,0,8
37,61,1,4,13
37,62,4,0,14
37,63,4,0,2
37,64,1,4,24
37,65,1,4,0
37,66,4,0,6
37,67,4,0,21
37,68,4,0,1
37,69,5,4,9
37,70,5,0,17
37,71,5,0,23
37,72,5,0,10
37,73,5,0,3
37,74,5,0,14
37,75,5,0,24
37,76,5,0,9
37,77,5,0,9
37,78,5,0,23
38,0,5,0,20
38,1,5,0,10
38,2,5,0,13
38,3,5,0,9
38,4,5,0,1
38,5,5,0,12
38,6,5,0,22
38,7,5,0,21
38,8,5,0,6
38,9,5,0,3
38,10,5,0,1
38,11,5,4,5
38,12,5,4,8
38,13,4,6,13
38,14,4,6,7
38,15,4,0,21
38,16,1,4,16
38,17,1,4,22
38,18,1,0,4
38,19,1,4,0
38,20,4,0,9
38,21,4,0,4
38,22,1,4,16
38,23,4,6,0
38,24,6,0,16
38,25,4,6,24
38,26,4,10,20
38,27,4,0,18
38,28,4,0,19
38,29,1,4,23
38,30,1,0,9
38,31,1,4,18
38,32,1,4,7
38,33,1,0,8
38,34,1,4,0
38,35,4,0,6
38,36,4,0,24
38,37,5,4,24
38,38,5,0,15
38,39,5,0,16
38,40,5,0,23
38,41,5,0,10
38,42,5,0,10
38,43,5,0,18
38,44,5,4,17
38,45,4,0,2
38,46,4,0,10
38,47,1,4,9
38,48,1,4,2
38,49,4,0,8
38,50,1,4,24
38,51,1,0,5
38,52,1,4,0
38,53,4,0,19
38,54,1,4,6
38,55,1,0,8
38,56,1,0,15
38,57,1,0,24
38,58,1,0,20
38,59,1,0,9
38,60,1,4,13
38,61,4,0,2
38,62,4,0,0
38,63,1,4,14
38,64,1,0,12
38,65,1,4,18
38,66,4,0,4
38,67,4,0,2
38,68,5,4,6
38,69,5,0,4
38,70,5,0,2
38,71,5,0,7
38,72,5,0,7
38,73,5,0,15
38,74,5,0,8
38,75,5,0,4
38,76,5,0,15
38,77,5,0,18
38,78,5,0,4
39,0,5,0,1
39,1,5,0,14
39,2,5,0,12
39,3,5,0,5
39,4,5,0,0
39,5,5,0,24
39,6,5,0,15
39,7,5,0,17
39,8,5,4,20
39,9,5,0,7
39,10,5,4,0
39,11,4,0,22
39,12,4,6,0
39,13,6,0,19
39,14,4,6,24
39,15,1,4,14
39,16,1,4,3
39,17,1,4,21
39,18,1,0,20
39,19,1,4,18
39,20,4,0,9
39,21,1,4,9
39,22,1,4,17
39,23,4,6,1
39,24,4,6,11
39,25,4,10,5
39,26,4,10,7
39,27,4,0,21
39,28,4,0,21
39,29,1,4,24
39,30,1,4,0
39,31,4,0,18
39,32,1,4,21
39,33,1,0,24
39,34,1,4,18
39,35,4,0,9
39,36,5,4,6
39,37,5,0,7
39,38,5,0,20
39,39,5,0,10
39,40,5,0,6
39,41,5,0,21
39,42,5,0,18
39,43,5,0,9
39,44,5,4,2
39,45,4,0,22
39,46,1,4,6
39,47,1,0,21
39,48,1,4,1
39,49,1,4,6
39,50,1,0,8
39,51,1,0,11
39,52,1,4,18
39,53,4,0,1
39,54,1,4,7
39,55,1,0,23
39,56,1,0,23
39,57,1,0,17
39,58,1,0,5
39,59,1,4,15
39,60,4,0,16
39,61,4,0,21
39,62,1,4,14
39,63,1,0,24
39,64,1,4,15
39,65,4,0,17
39,66,4,0,19
39,67,4,0,23
39,68,5,4,24
39,69,5,0,9
39,70,5,0,16
39,71,5,0,10
39,72,5,0,5
39,73,5,0,6
39,74,5,0,13
39,75,5,0,6
39,76,5,0,4
39,77,5,0,6
39,78,5,0,5
40,0,5,0,0
40,1,5,0,6
40,2,5,0,4
40,3,5,0,12
40,4,5,0,17
40,5,5,0,9
40,6,5,0,22
40,7,5,4,10
40,8,5,4,23
40,9,5,4,20
40,10,5,4,18
40,11,4,0,19
40,12,4,6,3
40,13,4,6,19
40,14,1,4,14
40,15,1,0,10
40,16,1,4,18
40,17,1,4,24
40,18,1,4,0
40,19,4,0,15
40,20,1,4,19
40,21,1,0,9
40,22,1,4,18
40,23,4,6,4
40,24,4,10,0
40,25,10,0,9
40,26,4,10,24
40,27,4,0,19
40,28,1,4,6
40,29,1,0,19
40,30,1,4,18
40,31,4,0,19
40,32,1,4,22
40,33,1,4,15
40,34,4,0,2
40,35,4,0,7
40,36,5,4,7
40,37,5,0,14
40,38,5,0,18
40,39,5,0,1
40,40,5,0,24
40,41,5,0,2
40,42,5,0,5
40,43,5,0,2
40,44,5,4,17
40,45,4,0,16
40,46,1,4,24
40,47,1,0,20
40,48,1,4,18
40,49,1,4,24
40,50,1,0,6
40,51,1,4,0
40,52,4,0,7
40,53,4,0,1
40,54,1,4,22
40,55,1,4,20
40,56,1,4,20
40,57,1,0,21
40,58,1,4,10
40,59,4,0,19
40,60,1,4,16
40,61,1,4,6
40,62,1,0,1
40,63,1,4,10
40,64,4,0,4
40,65,4,0,3
40,66,4,0,8
40,67,5,4,19
40,68,5,0,15
40,69,5,0,12
40,70,5,0,20
40,71,5,0,23
40,72,5,0,13
40,73,5,0,12
40,74,5,0,14
40,75,5,0,22
40,76,5,0,7
40,77,5,0,1
40,78,5,0,11
41,0,5,0,18
41,1,5,0,7
41,2,5,0,14
41,3,5,0,22
41,4,5,0,5
41,5,5,0,4
41,6,5,4,0
41,7,4,0,16
41,8,5,4,8
41,9,5,4,8
41,10,4,0,16
41,11,4,0,24
41,12,4,6,4
41,13,1,4,6
41,14,1,0,19
41,15,1,4,0
41,16,1,4,6
41,17,1,0,18
41,18,1,4,18
41,19,1,4,19
41,20,1,0,6
41,21,1,4,5
41,22,1,4,8
41,23,1,4,23
41,24,4,10,2
41,25,4,10,19
41,26,4,0,3
41,27,4,0,15
41,28,1,4,21
41,29,1,4,10
41,30,4,0,8
41,31,4,0,9
41,32,1,4,8
41,33,4,0,10
41,34,4,0,0
41,35,4,0,0
41,36,5,4,24
41,37,5,0,5
41,38,5,0,10
41,39,5,0,16
41,40,5,0,21
41,41,5,0,20
41,42,5,0,11
41,43,5,0,22
41,44,5,4,1
41,45,1,4,6
41,46,1,0,12
41,47,1,4,0
41,48,1,4,6
41,49,1,0,10
41,50,1,0,24
41,51,1,4,2
41,52,1,4,16
41,53,4,0,23
41,54,1,4,8
41,55,1,4,8
41,56,1,4,21
41,57,1,4,5
41,58,4,0,1
41,59,1,4,14
41,60,1,4,1
41,61,1,4,7
41,62,1,4,15
41,63,4,0,11
41,64,4,0,6
41,65,4,0,6
41,66,5,4,6
41,67,5,0,15
41,68,5,0,22
41,69,5,0,19
41,70,5,0,8
41,71,5,0,0
41,72,5,0,1
41,73,5,0,22
41,74,5,0,10
41,75,5,0,3
41,76,5,0,16
41,77,5,0,4
41,78,5,0,21
42,0,5,0,22
42,1,5,0,17
42,2,5,0,9
42,3,5,0,3
42,4,5,0,20
42,5,5,0,16
42,6,5,4,1
42,7,4,0,17
42,8,4,0,9
42,9,4,0,10
42,10,4,0,1
42,11,4,0,9
42,12,4,0,24
42,13,1,4,24
42,14,1,0,16
42,15,1,4,18
42,16,1,4,23
42,17,1,4,5
42,18,1,4,9
42,19,1,0,24
42,20,1,4,5
42,21,1,4,16
42,22,4,0,9
42,23,1,4,23
42,24,4,10,4
42,25,1,4,1
42,26,4,0,8
42,27,4,0,7
42,28,4,10,20
42,29,4,10,20
42,30,4,10,20
42,31,4,0,24
42,32,4,0,17
42,33,4,0,3
42,34,5,4,16
42,35,5,4,11
42,36,5,0,3
42,37,5,0,20
42,38,5,0,17
42,39,5,0,2
42,40,5,0,14
42,41,5,0,3
42,42,5,0,24
42,43,5,0,13
42,44,5,4,1
42,45,1,4,23
42,46,1,0,7
42,47,1,4,18
42,48,1,4,21
42,49,1,0,2
42,50,1,0,22
42,51,1,4,4
42,52,1,4,1
42,53,4,0,7
42,54,4,0,4
42,55,4,0,24
42,56,1,4,8
42,57,1,4,16
42,58,1,4,19
42,59,1,0,14
42,60,1,4,2
42,61,1,4,8
42,62,4,0,9
42,63,4,0,4
42,64,4,0,24
42,65,4,0,11
42,66,5,4,24
42,67,5,0,24
42,68,5,0,16
42,69,5,0,24
42,70,5,0,11
42,71,5,0,9
42,72,5,0,14
42,73,5,0,7
42,74,5,0,14
42,75,5,0,1
42,76,5,0,18
42,77,5,0,6
42,78,5,0,6
43,0,5,0,13
43,1,5,0,23
43,2,5,0,7
43,3,5,0,3
43,4,5,0,16
43,5,5,0,1
43,6,5,4,2
43,7,4,0,7
43,8,4,0,13
43,9,4,0,21
43,10,1,4,16
43,11,4,0,22
43,12,1,4,6
43,13,1,0,14
43,14,1,4,0
43,15,4,0,13
43,16,1,4,8
43,17,1,4,11
43,18,1,0,14
43,19,1,4,5
43,20,1,4,11
43,21,1,4,17
43,22,1,4,16
43,23,1,4,21
43,24,1,0,8
43,25,1,4,2
43,26,4,0,12
43,27,4,10,5
43,28,4,10,8
43,29,4,10,8
43,30,4,10,21
43,31,4,0,4
43,32,4,0,5
43,33,5,4,19
43,34,5,4,4
43,35,5,0,21
43,36,5,0,21
43,37,5,0,21
43,38,5,0,21
43,39,5,0,18
43,40,5,0,16
43,41,5,0,6
43,42,5,0,6
43,43,5,0,0
43,44,5,4,18
43,45,1,4,23
43,46,1,4,13
43,47,4,0,4
43,48,1,4,7
43,49,1,0,23
43,50,1,0,15
43,51,1,0,21
43,52,1,4,3
43,53,4,0,15
43,54,4,0,13
43,55,4,0,12
43,56,1,4,9
43,57,1,4,4
43,58,1,0,7
43,59,1,0,11
43,60,1,4,18
43,61,4,0,17
43,62,4,0,23
43,63,4,0,20
43,64,5,4,16
43,65,5,4,11
43,66,5,0,17
43,67,5,0,18
43,68,5,0,10
43,69,5,0,18
43,70,5,0,11
43,71,5,0,21
43,72,5,0,2
43,73,5,0,11
43,74,5,0,8
43,75,5,0,10
43,76,5,0,1
43,77,5,0,11
43,78,5,0,0
44,0,5,0,9
44,1,5,0,16
44,2,5,0,12
44,3,5,0,10
44,4,5,0,7
44,5,5,0,15
44,6,5,4,1
44,7,4,0,15
44,8,4,0,6
44,9,1,4,19
44,10,1,4,1
44,11,4,0,15
44,12,1,4,23
44,13,1,0,22
44,14,1,4,3
44,15,1,4,16
44,16,1,4,19
44,17,1,0,2
44,18,1,4,13
44,19,1,4,14
44,20,1,0,0
44,21,1,4,4
44,22,1,4,2
44,23,1,4,21
44,24,1,0,3
44,25,1,4,17
44,26,4,10,0
44,27,10,0,23
44,28,10,0,5
44,29,10,0,9
44,30,4,10,21
44,31,4,0,21
44,32,5,4,14
44,33,5,0,2
44,34,5,0,16
44,35,5,0,3
44,36,5,0,0
44,37,5,0,5
44,38,5,0,16
44,39,5,0,16
44,40,5,0,11
44,41,5,0,12
44,42,5,0,7
44,43,5,4,0
44,44,4,0,5
44,45,1,4,8
44,46,4,0,9
44,47,4,0,7
44,48,1,4,24
44,49,1,0,13
44,50,1,0,2
44,51,1,0,0
44,52,1,4,18
44,53,4,0,5
44,54,1,4,16
44,55,1,4,14
44,56,1,0,4
44,57,1,0,17
44,58,1,4,20
44,59,1,4,10
44,60,4,0,6
44,61,4,0,17
44,62,4,0,1
44,63,5,4,6
44,64,5,4,4
44,65,5,0,4
44,66,5,0,9
44,67,5,0,6
44,68,5,0,15
44,69,5,0,9
44,70,5,0,2
44,71,5,0,11
44,72,5,0,15
44,73,5,0,14
44,74,5,0,13
44,75,5,0,23
44,76,5,0,12
44,77,5,0,0
44,78,5,0,9
45,0,5,0,9
45,1,5,0,3
45,2,5,0,13
45,3,5,0,24
45,4,5,0,12
45,5,5,0,5
45,6,5,4,1
45,7,4,0,1
45,8,1,4,11
45,9,1,0,17
45,10,1,4,18
45,11,4,0,15
45,12,1,4,21
45,13,1,0,2
45,14,1,4,4
45,15,1,4,4
45,16,1,0,16
45,17,1,4,5
45,18,1,4,6
45,19,1,0,18
45,20,1,0,9
45,21,1,0,20
45,22,1,4,18
45,23,1,4,24
45,24,1,0,1
45,25,1,4,1
45,26,4,10,1
45,27,4,10,16
45,28,4,10,16
45,29,10,0,4
45,30,4,10,24
45,31,5,4,9
45,32,5,0,22
45,33,5,0,22
45,34,5,0,3
45,35,5,0,23
45,36,5,0,5
45,37,5,0,15
45,38,5,0,16
45,39,5,0,11
45,40,5,0,9
45,41,5,0,13
45,42,5,0,22
45,43,5,4,18
45,44,4,0,15
45,45,4,0,6
45,46,4,0,12
45,47,1,4,6
45,48,1,0,2
45,49,1,0,5
45,50,1,0,15
45,51,1,4,0
45,52,4,0,0
45,53,1,4,9
45,54,1,4,4
45,55,1,0,13
45,56,1,0,18
45,57,1,4,5
45,58,1,4,8
45,59,5,4,16
45,60,5,4,16
45,61,5,4,16
45,62,4,0,2
45,63,5,4,24
45,64,5,0,12
45,65,5,0,20
45,66,5,0,1
45,67,5,0,23
45,68,5,0,5
45,69,5,0,15
45,70,5,0,20
45,71,5,0,19
45,72,5,0,19
45,73,5,0,11
45,74,5,0,8
45,75,5,0,3
45,76,5,0,20
45,77,5,0,16
45,78,5,0,15
46,0,5,0,10
46,1,5,0,14
46,2,5,0,22
46,3,5,0,9
46,4,5,0,20
46,5,5,0,24
46,6,5,4,18
46,7,1,4,6
46,8,1,0,5
46,9,1,4,0
46,10,4,0,8
46,11,4,0,2
46,12,1,4,22
46,13,1,0,15
46,14,1,0,16
46,15,1,0,5
46,16,1,4,10
46,17,4,0,12
46,18,1,4,24
46,19,1,0,8
46,20,1,4,20
46,21,1,4,15
46,22,1,4,6
46,23,1,0,13
46,24,1,0,4
46,25,1,4,18
46,26,4,10,4
46,27,4,10,4
46,28,4,10,1
46,29,4,10,19
46,30,5,4,4
46,31,5,0,17
46,32,5,0,20
46,33,5,0,12
46,34,5,0,12
46,35,5,0,24
46,36,5,0,23
46,37,5,0,5
46,38,5,0,0
46,39,5,0,24
46,40,5,0,0
46,41,5,0,18
46,42,5,4,0
46,43,4,0,13
46,44,4,0,0
46,45,4,0,4
46,46,4,0,16
46,47,1,4,21
46,48,1,4,20
46,49,1,4,20
46,50,1,0,5
46,51,1,4,18
46,52,1,4,6
46,53,1,0,14
46,54,1,0,13
46,55,1,4,20
46,56,1,4,13
46,57,4,0,18
46,58,5,4,6
46,59,5,4,4
46,60,5,4,4
46,61,5,4,3
46,62,5,4,14
46,63,5,0,17
46,64,5,0,11
46,65,5,0,7
46,66,5,0,12
46,67,5,0,0
46,68,5,0,17
46,69,5,0,20
46,70,5,0,20
46,71,5,0,1
46,72,5,0,11
46,73,5,0,22
46,74,5,0,5
46,75,5,0,15
46,76,5,0,9
46,77,5,0,13
46,78,5,0,21
47,0,5,0,1
47,1,5,0,22
47,2,5,0,9
47,3,5,0,15
47,4,5,0,8
47,5,5,4,0
47,6,4,0,12
47,7,1,4,7
47,8,1,0,9
47,9,1,4,18
47,10,4,0,22
47,11,4,0,24
47,12,1,4,24
47,13,1,0,9
47,14,1,0,23
47,15,1,4,5
47,16,4,0,0
47,17,1,4,11
47,18,1,0,15
47,19,1,4,10
47,20,1,4,8
47,21,4,0,21
47,22,1,4,24
47,23,1,0,11
47,24,1,4,0
47,25,4,0,2
47,26,4,0,20
47,27,4,0,23
47,28,4,10,4
47,29,5,4,24
47,30,5,0,14
47,31,5,0,19
47,32,5,0,18
47,33,5,0,10
47,34,5,0,12
47,35,5,0,23
47,36,5,0,23
47,37,5,0,0
47,38,5,0,8
47,39,5,0,0
47,40,5,0,2
47,41,5,0,2
47,42,5,4,18
47,43,4,0,2
47,44,4,0,23
47,45,4,0,21
47,46,4,0,8
47,47,1,4,8
47,48,1,4,8
47,49,1,4,7
47,50,1,4,5
47,51,4,0,15
47,52,1,4,24
47,53,1,0,23
47,54,1,4,0
47,55,1,4,8
47,56,4,0,11
47,57,4,0,12
47,58,5,4,24
47,59,5,0,13
47,60,5,0,9
47,61,5,4,4
47,62,5,0,20
47,63,5,0,12
47,64,5,0,16
47,65,5,0,2
47,66,5,0,20
47,67,5,0,16
47,68,5,0,0
47,69,5,0,13
47,70,5,0,12
47,71,5,0,20
47,72,5,0,4
47,73,5,0,13
47,74,5,0,9
47,75,5,0,20
47,76,5,0,20
47,77,5,0,1
47,78,5,0,17
48,0,5,0,19
48,1,5,0,12
48,2,5,0,22
48,3,5,0,22
48,4,5,0,18
48,5,5,4,18
48,6,4,0,1
48,7,1,4,21
48,8,1,4,13
48,9,4,0,24
48,10,4,0,4
48,11,1,4,6
48,12,1,0,10
48,13,1,0,20
48,14,1,4,15
48,15,4,0,15
48,16,1,4,9
48,17,1,0,7
48,18,1,4,0
48,19,4,0,18
48,20,4,0,21
48,21,1,4,11
48,22,1,0,15
48,23,1,0,5
48,24,1,4,18
48,25,4,0,19
48,26,4,0,8
48,27,4,0,0
48,28,5,4,6
48,29,5,0,13
48,30,5,0,1
48,31,5,0,11
48,32,5,0,14
48,33,5,0,22
48,34,5,0,23
48,35,5,0,8
48,36,5,0,4
48,37,5,0,13
48,38,5,0,22
48,39,5,0,13
48,40,5,0,7
48,41,5,4,0
48,42,4,0,17
48,43,4,0,7
48,44,4,0,20
48,45,4,0,4
48,46,4,0,7
48,47,4,0,4
48,48,4,0,3
48,49,1,4,8
48,50,4,0,7
48,51,1,4,6
48,52,1,0,14
48,53,1,0,18
48,54,1,4,18
48,55,4,0,17
48,56,4,0,2
48,57,5,4,11
48,58,5,0,16
48,59,5,0,22
48,60,5,0,7
48,61,5,0,24
48,62,5,0,8
48,63,5,0,14
48,64,5,0,14
48,65,5,0,18
48,66,5,0,20
48,67,5,0,23
48,68,5,0,18
48,69,5,0,2
48,70,5,0,22
48,71,5,0,17
48,72,5,0,23
48,73,5,0,4
48,74,5,0,6
48,75,5,0,1
48,76,5,0,14
48,77,5,0,15
48,78,5,0,24
49,0,5,0,20
49,1,5,0,24
49,2,5,0,5
49,3,5,0,2
49,4,5,4,0
49,5,4,0,24
49,6,4,0,21
49,7,1,4,8
49,8,4,0,8
49,9,4,0,16
49,10,4,0,19
49,11,1,4,22
49,12,1,0,24
49,13,1,4,13
49,14,4,0,22
49,15,1,4,19
49,16,1,0,10
49,17,1,0,6
49,18,1,4,18
49,19,4,0,5
49,20,1,4,14
49,21,1,0,22
49,22,1,0,13
49,23,1,4,15
49,24,4,0,9
49,25,4,0,22
49,26,4,0,18
49,27,4,0,18
49,28,5,4,24
49,29,5,0,0
49,30,5,0,4
49,31,5,0,18
49,32,5,0,4
49,33,5,0,5
49,34,5,0,24
49,35,5,0,10
49,36,5,0,14
49,37,5,0,24
49,38,5,0,15
49,39,5,0,11
49,40,5,0,11
49,41,5,4,17
49,42,4,0,20
49,43,5,4,16
49,44,5,4,16
49,45,4,0,5
49,46,5,4,16
49,47,5,4,16
49,48,4,0,3
49,49,4,0,18
49,50,4,0,15
49,51,1,4,7
49,52,1,0,5
49,53,1,4,5
49,54,4,0,1
49,55,5,4,16
49,56,5,4,14
49,57,5,0,18
49,58,5,0,4
49,59,5,0,16
49,60,5,0,4
49,61,5,0,7
49,62,5,0,18
49,63,5,0,18
49,64,5,0,20
49,65,5,0,12
49,66,5,0,4
49,67,5,0,5
49,68,5,0,24
49,69,5,0,24
49,70,5,0,1
49,71,5,0,4
49,72,5,0,2
49,73,5,0,2
49,74,5,0,18
49,75,5,0,5
49,76,5,0,1
49,77,5,0,13
49,78,5,0,24
50,0,5,0,4
50,1,5,0,23
50,2,5,0,23
50,3,5,0,9
50,4,5,4,1
50,5,4,0,5
50,6,4,0,3
50,7,4,0,1
50,8,4,0,18
50,9,1,4,16
50,10,4,0,14
50,11,1,4,21
50,12,1,4,15
50,13,4,0,11
50,14,1,4,9
50,15,1,0,2
50,16,1,4,20
50,17,1,4,5
50,18,4,0,19
50,19,1,4,14
50,20,1,0,17
50,21,1,4,20
50,22,1,4,15
50,23,4,0,18
50,24,4,0,21
50,25,4,0,10
50,26,4,0,0
50,27,5,4,11
50,28,5,0,23
50,29,5,0,12
50,30,5,0,19
50,31,5,0,11
50,32,5,0,3
50,33,5,0,10
50,34,5,0,12
50,35,5,0,15
50,36,5,0,13
50,37,5,0,22
50,38,5,0,10
50,39,5,0,18
50,40,5,0,23
50,41,5,4,17
50,42,5,4,9
50,43,5,4,4
50,44,5,4,2
50,45,5,4,14
50,46,5,4,4
50,47,5,4,2
50,48,4,0,7
50,49,4,0,15
50,50,4,0,18
50,51,1,4,22
50,52,1,4,13
50,53,4,0,2
50,54,5,4,6
50,55,5,4,4
50,56,5,0,3
50,57,5,0,17
50,58,5,0,2
50,59,5,0,12
50,60,5,0,15
50,61,5,0,15
50,62,5,0,9
50,63,5,0,1
50,64,5,0,24
50,65,5,0,7
50,66,5,0,21
50,67,5,0,3
50,68,5,0,9
50,69,5,0,19
50,70,5,0,3
50,71,5,0,5
50,72,5,0,13
50,73,5,0,11
50,74,5,0,21
50,75,5,0,1
50,76,5,0,17
50,77,5,0,12
50,78,5,0,23
51,0,5,0,12
51,1,5,0,0
51,2,5,0,14
51,3,5,0,11
51,4,5,4,17
51,5,5,4,16
51,6,4,0,5
51,7,4,0,16
51,8,1,4,9
51,9,1,4,1
51,10,4,0,6
51,11,1,4,8
51,12,4,0,19
51,13,1,4,9
51,14,1,0,8
51,15,1,4,5
51,16,1,4,8
51,17,4,0,9
51,18,1,4,14
51,19,1,0,6
51,20,1,4,13
51,21,1,4,8
51,22,4,0,22
51,23,4,0,14
51,24,4,0,13
51,25,4,0,10
51,26,5,4,19
51,27,5,0,3
51,28,5,0,23
51,29,5,0,11
51,30,5,0,18
51,31,5,0,23
51,32,5,0,7
51,33,5,0,4
51,34,5,0,15
51,35,5,0,22
51,36,5,0,24
51,37,5,0,24
51,38,5,0,18
51,39,5,0,3
51,40,5,0,16
51,41,5,4,4
51,42,5,0,5
51,43,5,0,21
51,44,5,4,4
51,45,5,0,13
51,46,5,0,18
51,47,5,4,1
51,48,5,4,16
51,49,4,0,22
51,50,4,0,5
51,51,1,4,8
51,52,4,0,9
51,53,4,0,1
51,54,5,4,24
51,55,5,0,3
51,56,5,0,1
51,57,5,0,11
51,58,5,0,1
51,59,5,0,16
51,60,5,0,20
51,61,5,0,8
51,62,5,0,15
51,63,5,0,15
51,64,5,0,21
51,65,5,0,9
51,66,5,0,17
51,67,5,0,11
51,68,5,0,11
51,69,5,0,14
51,70,5,0,14
51,71,5,0,24
51,72,5,0,20
51,73,5,0,6
51,74,5,0,17
51,75,5,0,17
51,76,5,0,4
51,77,5,0,3
51,78,5,0,16
52,0,5,0,4
52,1,5,0,21
52,2,5,0,16
52,3,5,0,22
52,4,5,4,4
52,5,5,4,3
52,6,4,0,20
52,7,1,4,6
52,8,1,0,15
52,9,1,4,2
52,10,4,0,9
52,11,4,0,11
52,12,1,4,11
52,13,1,0,5
52,14,1,4,10
52,15,4,0,24
52,16,4,0,19
52,17,1,4,9
52,18,1,0,23
52,19,1,4,10
52,20,4,0,12
52,21,4,0,23
52,22,4,0,8
52,23,4,0,17
52,24,4,0,18
52,25,5,4,19
52,26,5,0,22
52,27,5,0,2
52,28,5,0,15
52,29,5,0,3
52,30,5,0,0
52,31,5,0,1
52,32,5,0,9
52,33,5,0,17
52,34,5,0,9
52,35,5,0,9
52,36,5,0,23
52,37,5,0,14
52,38,5,0,4
52,39,5,0,2
52,40,5,0,3
52,41,5,0,23
52,42,5,0,4
52,43,5,0,20
52,44,5,0,6
52,45,5,0,10
52,46,5,0,23
52,47,5,4,4
52,48,5,4,2
52,49,5,4,16
52,50,4,0,14
52,51,4,0,10
52,52,4,0,19
52,53,5,4,6
52,54,5,0,1
52,55,5,0,19
52,56,5,0,11
52,57,5,0,20
52,58,5,0,17
52,59,5,0,22
52,60,5,0,10
52,61,5,0,13
52,62,5,0,18
52,63,5,0,10
52,64,5,0,16
52,65,5,0,17
52,66,5,0,11
52,67,5,0,16
52,68,5,0,8
52,69,5,4,20
52,70,5,0,17
52,71,5,0,7
52,72,5,0,6
52,73,5,0,24
52,74,5,0,22
52,75,5,4,20
52,76,5,0,16
52,77,5,0,6
52,78,5,0,4
53,0,5,0,6
53,1,5,0,4
53,2,5,0,8
53,3,5,0,15
53,4,5,0,2
53,5,5,4,18
53,6,4,0,3
53,7,1,4,21
53,8,1,0,6
53,9,1,4,18
53,10,4,0,2
53,11,1,4,9
53,12,1,0,20
53,13,4,10,20
53,14,4,0,8
53,15,4,0,20
53,16,1,4,11
53,17,1,0,0
53,18,1,4,10
53,19,4,0,15
53,20,4,0,22
53,21,4,0,12
53,22,4,0,11
53,23,5,4,16
53,24,5,4,9
53,25,5,0,14
53,26,5,0,12
53,27,5,0,1
53,28,5,0,17
53,29,5,0,16
53,30,5,0,9
53,31,5,0,20
53,32,5,0,23
53,33,5,0,7
53,34,5,0,16
53,35,5,0,3
53,36,5,0,7
53,37,5,0,8
53,38,5,0,24
53,39,5,0,9
53,40,5,0,20
53,41,5,0,23
53,42,5,0,11
53,43,5,0,23
53,44,5,0,18
53,45,5,0,16
53,46,5,0,16
53,47,5,0,12
53,48,5,4,4
53,49,5,4,2
53,50,4,0,21
53,51,4,0,0
53,52,4,0,16
53,53,5,4,7
53,54,5,0,12
53,55,5,0,0
53,56,5,0,23
53,57,5,0,3
53,58,5,0,10
53,59,5,0,10
53,60,5,0,20
53,61,5,0,14
53,62,5,0,13
53,63,5,0,12
53,64,5,0,4
53,65,5,0,18
53,66,5,0,23
53,67,5,0,5
53,68,5,4,5
53,69,5,4,7
53,70,5,4,20
53,71,5,4,20
53,72,5,4,20
53,73,5,4,20
53,74,5,4,13
53,75,5,4,21
53,76,5,0,5
53,77,5,0,16
53,78,5,0,5
54,0,5,0,10
54,1,5,0,24
54,2,5,0,3
54,3,5,0,22
54,4,5,4,0
54,5,4,0,12
54,6,4,6,20
54,7,1,4,22
54,8,1,4,15
54,9,4,0,5
54,10,1,4,14
54,11,1,0,4
54,12,4,10,5
54,13,4,10,21
54,14,4,0,7
54,15,1,4,19
54,16,1,0,20
54,17,1,4,5
54,18,4,0,9
54,19,4,0,20
54,20,4,0,7
54,21,4,0,9
54,22,5,4,6
54,23,5,4,4
54,24,5,0,12
54,25,5,0,19
54,26,5,0,14
54,27,5,0,11
54,28,5,0,3
54,29,5,0,18
54,30,5,0,9
54,31,5,0,9
54,32,5,0,23
54,33,5,0,10
54,34,5,0,9
54,35,5,0,23
54,36,5,0,24
54,37,5,0,20
54,38,5,0,7
54,39,5,0,22
54,40,5,0,10
54,41,5,0,12
54,42,5,0,11
54,43,5,0,19
54,44,5,0,17
54,45,5,0,4
54,46,5,0,14
54,47,5,0,22
54,48,5,0,20
54,49,5,4,18
54,50,4,0,16
54,51,4,0,4
54,52,4,0,24
54,53,5,4,24
54,54,5,0,22
54,55,5,0,10
54,56,5,0,4
54,57,5,0,23
54,58,5,0,3
54,59,5,0,14
54,60,5,0,12
54,61,5,0,19
54,62,5,0,16
54,63,5,0,6
54,64,5,0,14
54,65,5,0,20
54,66,5,0,1
54,67,5,4,15
54,68,4,0,6
54,69,5,4,8
54,70,5,4,8
54,71,5,4,8
54,72,5,4,8
54,73,5,4,8
54,74,4,0,22
54,75,5,4,22
54,76,5,0,4
54,77,5,0,20
54,78,5,0,4
55,0,5,0,8
55,1,5,0,2
55,2,5,0,10
55,3,5,0,14
55,4,5,4,1
55,5,4,6,15
55,6,4,6,22
55,7,1,4,8
55,8,4,0,9
55,9,1,4,6
55,10,1,0,9
55,11,4,10,0
55,12,10,0,20
55,13,4,10,24
55,14,1,4,14
55,15,1,0,16
55,16,1,4,15
55,17,4,6,20
55,18,4,0,19
55,19,4,0,3
55,20,4,0,0
55,21,4,0,8
55,22,5,4,24
55,23,5,0,23
55,24,5,0,10
55,25,5,0,0
55,26,5,0,13
55,27,5,0,19
55,28,5,0,17
55,29,5,0,20
55,30,5,0,1
55,31,5,0,16
55,32,5,0,4
55,33,5,0,12
55,34,5,0,15
55,35,5,0,9
55,36,5,0,5
55,37,5,0,18
55,38,5,0,5
55,39,5,0,23
55,40,5,0,12
55,41,5,0,13
55,42,5,0,14
55,43,5,0,10
55,44,5,0,18
55,45,5,0,12
55,46,5,0,8
55,47,5,0,8
55,48,5,4,0
55,49,4,0,11
55,50,4,0,8
55,51,4,0,14
55,52,5,4,6
55,53,5,0,22
55,54,5,0,8
55,55,5,0,4
55,56,5,0,24
55,57,5,0,11
55,58,5,0,21
55,59,5,0,20
55,60,5,0,17
55,61,5,0,1
55,62,5,0,23
55,63,5,0,8
55,64,5,0,23
55,65,5,0,15
55,66,5,4,10
55,67,4,0,17
55,68,4,0,11
55,69,4,0,22
55,70,4,0,17
55,71,4,0,20
55,72,4,0,15
55,73,4,0,5
55,74,4,0,14
55,75,5,4,24
55,76,5,0,24
55,77,5,0,9
55,78,5,0,13
56,0,5,0,5
56,1,5,0,15
56,2,5,0,16
56,3,5,0,4
56,4,4,6,0
56,5,6,0,3
56,6,4,6,24
56,7,4,0,4
56,8,4,0,5
56,9,1,4,21
56,10,1,0,23
56,11,4,10,17
56,12,4,10,19
56,13,1,4,9
56,14,1,0,21
56,15,1,4,15
56,16,4,6,13
56,17,4,6,23
56,18,4,0,6
56,19,4,0,23
56,20,5,4,16
56,21,5,4,11
56,22,5,0,5
56,23,5,0,0
56,24,5,0,4
56,25,5,0,23
56,26,5,0,23
56,27,5,0,22
56,28,5,0,24
56,29,5,0,2
56,30,5,0,17
56,31,5,0,13
56,32,5,0,5
56,33,5,0,8
56,34,5,0,20
56,35,5,0,18
56,36,5,0,11
56,37,5,0,21
56,38,5,0,20
56,39,5,0,1
56,40,5,0,1
56,41,5,0,6
56,42,5,0,1
56,43,5,0,22
56,44,5,0,5
56,45,5,0,4
56,46,5,0,12
56,47,5,0,23
56,48,5,4,18
56,49,4,0,4
56,50,4,0,8
56,51,4,0,22
56,52,5,4,24
56,53,5,0,19
56,54,5,0,12
56,55,5,0,4
56,56,5,0,3
56,57,5,0,18
56,58,5,0,20
56,59,5,0,21
56,60,5,0,10
56,61,5,0,8
56,62,5,0,6
56,63,5,0,20
56,64,5,0,18
56,65,5,4,0
56,66,4,0,17
56,67,4,0,6
56,68,4,0,9
56,69,4,0,9
56,70,4,0,23
56,71,1,4,16
56,72,4,0,3
56,73,4,0,3
56,74,5,4,6
56,75,5,0,7
56,76,5,0,2
56,77,5,0,24
56,78,5,0,6
57,0,5,0,16
57,1,5,0,12
57,2,5,0,14
57,3,5,4,0
57,4,4,6,1
57,5,4,6,11
57,6,5,4,16
57,7,5,4,16
57,8,4,0,12
57,9,1,4,24
57,10,1,4,0
57,11,4,10,4
57,12,1,4,9
57,13,1,0,17
57,14,1,4,13
57,15,4,6,0
57,16,6,0,3
57,17,4,6,24
57,18,4,0,18
57,19,5,4,14
57,20,5,4,4
57,21,5,0,16
57,22,5,0,3
57,23,5,0,22
57,24,5,0,19
57,25,5,0,21
57,26,5,0,20
57,27,5,0,17
57,28,5,0,12
57,29,5,0,11
57,30,5,0,0
57,31,5,0,11
57,32,5,0,4
57,33,5,0,16
57,34,5,0,23
57,35,5,0,8
57,36,5,0,22
57,37,5,0,8
57,38,5,0,17
57,39,5,0,20
57,40,5,0,20
57,41,5,0,0
57,42,5,0,5
57,43,5,0,10
57,44,5,0,11
57,45,5,0,15
57,46,5,0,10
57,47,5,4,15
57,48,4,0,18
57,49,4,0,15
57,50,4,0,0
57,51,5,4,6
57,52,5,0,18
57,53,5,0,8
57,54,5,0,1
57,55,5,0,24
57,56,5,0,6
57,57,5,0,21
57,58,5,0,20
57,59,5,0,13
57,60,5,0,11
57,61,5,0,18
57,62,5,0,0
57,63,5,0,6
57,64,5,0,9
57,65,5,4,18
57,66,4,0,1
57,67,1,4,16
57,68,1,4,16
57,69,1,4,16
57,70,1,4,19
57,71,1,4,1
57,72,4,0,7
57,73,4,0,5
57,74,5,4,21
57,75,5,0,3
57,76,5,0,17
57,77,5,0,16
57,78,5,0,17
58,0,5,0,9
58,1,5,0,3
58,2,5,0,3
58,3,5,4,2
58,4,4,6,4
58,5,5,4,19
58,6,5,4,4
58,7,5,4,2
58,8,1,4,6
58,9,1,0,10
58,10,1,4,3
58,11,1,4,6
58,12,1,0,13
58,13,1,4,15
58,14,4,0,5
58,15,4,6,2
58,16,4,6,14
58,17,4,0,22
58,18,5,4,6
58,19,5,0,12
58,20,5,0,13
58,21,5,0,8
58,22,5,0,22
58,23,5,0,1
58,24,5,0,23
58,25,5,0,2
58,26,5,0,17
58,27,5,0,8
58,28,5,0,5
58,29,5,0,5
58,30,5,0,24
58,31,5,0,5
58,32,5,0,4
58,33,5,0,8
58,34,5,0,4
58,35,5,0,9
58,36,5,0,21
58,37,5,0,24
58,38,5,0,15
58,39,5,0,8
58,40,5,0,14
58,41,5,0,6
58,42,5,0,0
58,43,5,0,5
58,44,5,0,1
58,45,5,0,1
58,46,5,4,0
58,47,4,0,3
58,48,4,0,16
58,49,4,0,23
58,50,5,4,16
58,51,5,4,24
58,52,5,0,3
58,53,5,0,4
58,54,5,0,20
58,55,5,0,13
58,56,5,0,5
58,57,5,0,4
58,58,5,0,8
58,59,5,0,10
58,60,5,0,0
58,61,5,0,2
58,62,5,0,23
58,63,5,0,5
58,64,5,4,0
58,65,4,0,9
58,66,1,4,11
58,67,1,4,4
58,68,1,4,4
58,69,1,4,4
58,70,1,0,22
58,71,1,4,18
58,72,4,0,2
58,73,4,0,15
58,74,5,4,21
58,75,5,4,20
58,76,5,4,20
58,77,5,4,20
58,78,5,0,9
59,0,5,0,9
59,1,5,0,23
59,2,5,0,17
59,3,5,4,3
59,4,5,4,19
59,5,5,0,21
59,6,5,0,18
59,7,5,4,18
59,8,1,4,22
59,9,1,0,22
59,10,1,4,18
59,11,1,4,24
59,12,1,4,0
59,13,4,0,11
59,14,4,0,11
59,15,4,6,4
59,16,4,0,1
59,17,4,0,1
59,18,5,4,24
59,19,5,0,5
59,20,5,0,4
59,21,5,0,2
59,22,5,0,22
59,23,5,0,10
59,24,5,0,5
59,25,5,0,22
59,26,5,0,17
59,27,5,0,6
59,28,5,0,17
59,29,5,0,14
59,30,5,0,12
59,31,5,0,18
59,32,5,0,14
59,33,5,0,18
59,34,5,0,8
59,35,5,0,17
59,36,5,0,12
59,37,5,0,6
59,38,5,0,23
59,39,5,0,1
59,40,5,0,14
59,41,5,0,18
59,42,5,0,14
59,43,5,0,1
59,44,5,0,11
59,45,5,0,15
59,46,5,4,18
59,47,4,0,21
59,48,4,0,3
59,49,5,4,14
59,50,5,4,4
59,51,5,0,3
59,52,5,0,3
59,53,5,0,11
59,54,5,0,13
59,55,5,0,4
59,56,5,0,11
59,57,5,0,13
59,58,5,0,6
59,59,5,0,10
59,60,5,0,15
59,61,5,0,15
59,62,5,0,19
59,63,5,0,24
59,64,5,4,18
59,65,1,4,6
59,66,1,0,17
59,67,1,0,1
59,68,1,0,11
59,69,1,0,10
59,70,1,4,0
59,71,4,0,14
59,72,4,0,18
59,73,4,0,9
59,74,5,4,8
59,75,5,4,8
59,76,5,4,8
59,77,5,4,23
59,78,5,0,14
60,0,5,0,19
60,1,5,0,17
60,2,5,0,19
60,3,5,4,4
60,4,5,0,12
60,5,5,0,0
60,6,5,4,0
60,7,4,0,24
60,8,1,4,7
60,9,1,4,16
60,10,1,4,9
60,11,1,0,9
60,12,1,4,18
60,13,4,0,15
60,14,4,0,2
60,15,4,0,19
60,16,4,0,0
60,17,5,4,11
60,18,5,0,24
60,19,5,0,5
60,20,5,0,6
60,21,5,0,8
60,22,5,0,16
60,23,5,0,20
60,24,5,0,0
60,25,5,0,15
60,26,5,0,22
60,27,5,0,0
60,28,5,0,2
60,29,5,0,2
60,30,5,0,15
60,31,5,0,3
60,32,5,0,21
60,33,5,0,22
60,34,5,0,3
60,35,5,0,19
60,36,5,0,14
60,37,5,0,14
60,38,5,0,18
60,39,5,0,19
60,40,5,0,11
60,41,5,0,14
60,42,5,0,24
60,43,5,0,4
60,44,5,0,12
60,45,5,4,0
60,46,4,0,11
60,47,4,0,6
60,48,5,4,6
60,49,5,0,19
60,50,5,0,16
60,51,5,0,11
60,52,5,0,18
60,53,5,0,10
60,54,5,0,3
60,55,5,0,6
60,56,5,0,23
60,57,5,0,0
60,58,5,0,7
60,59,5,0,4
60,60,5,0,3
60,61,5,0,3
60,62,5,0,5
60,63,5,4,15
60,64,4,0,22
60,65,1,4,24
60,66,1,0,1
60,67,1,4,20
60,68,1,4,20
60,69,1,0,9
60,70,1,4,3
60,71,4,0,6
60,72,4,0,5
60,73,4,0,8
60,74,4,0,20
60,75,4,0,24
60,76,4,6,20
60,77,5,4,22
60,78,5,0,14
61,0,5,0,16
61,1,5,0,9
61,2,5,0,1
61,3,5,0,0
61,4,5,0,12
61,5,5,0,24
61,6,5,4,18
61,7,4,0,13
61,8,1,4,19
61,9,1,4,4
61,10,1,0,9
61,11,1,4,13
61,12,4,0,5
61,13,4,0,10
61,14,4,0,13
61,15,4,0,5
61,16,5,4,9
61,17,5,0,3
61,18,5,0,0
61,19,5,0,5
61,20,5,0,10
61,21,5,0,23
61,22,5,0,10
61,23,5,0,24
61,24,5,0,4
61,25,5,0,12
61,26,5,0,17
61,27,5,0,9
61,28,5,0,2
61,29,5,0,2
61,30,5,0,16
61,31,5,0,8
61,32,5,0,2
61,33,5,0,11
61,34,5,0,11
61,35,5,0,9
61,36,5,0,10
61,37,5,0,23
61,38,5,0,8
61,39,5,0,24
61,40,5,0,6
61,41,5,0,3
61,42,5,0,17
61,43,5,0,9
61,44,5,0,20
61,45,5,4,18
61,46,4,0,20
61,47,4,0,9
61,48,5,4,22
61,49,5,0,24
61,50,5,0,17
61,51,5,0,11
61,52,5,0,4
61,53,5,0,8
61,54,5,0,2
61,55,5,0,10
61,56,5,0,19
61,57,5,0,23
61,58,5,4,20
61,59,5,4,20
61,60,5,4,20
61,61,5,4,20
61,62,5,4,13
61,63,4,0,18
61,64,1,4,6
61,65,1,0,1
61,66,1,4,0
61,67,1,4,8
61,68,1,4,23
61,69,1,0,16
61,70,1,4,3
61,71,1,4,16
61,72,1,4,16
61,73,4,0,14
61,74,4,0,18
61,75,4,6,15
61,76,4,6,23
61,77,5,4,23
61,78,5,0,12
62,0,5,0,0
62,1,5,0,8
62,2,5,0,5
62,3,5,0,7
62,4,5,0,5
62,5,5,4,13
62,6,4,0,21
62,7,1,4,6
62,8,1,0,22
62,9,1,0,6
62,10,1,4,5
62,11,4,0,7
62,12,4,0,23
62,13,5,4,16
62,14,5,4,16
62,15,5,4,14
62,16,5,0,0
62,17,5,0,4
62,18,5,0,18
62,19,5,0,5
62,20,5,0,14
62,21,5,4,20
62,22,5,0,11
62,23,5,0,11
62,24,5,4,20
62,25,5,0,9
62,26,5,0,3
62,27,5,0,12
62,28,5,0,14
62,29,5,0,16
62,30,5,0,1
62,31,5,0,24
62,32,5,0,1
62,33,5,0,24
62,34,5,0,11
62,35,5,0,11
62,36,5,0,24
62,37,5,0,22
62,38,5,0,1
62,39,5,0,16
62,40,5,0,20
62,41,5,0,17
62,42,5,0,3
62,43,5,0,1
62,44,5,4,0
62,45,4,0,10
62,46,4,0,2
62,47,4,0,10
62,48,5,4,21
62,49,5,0,10
62,50,5,0,9
62,51,5,0,22
62,52,5,0,2
62,53,5,0,13
62,54,5,0,19
62,55,5,0,15
62,56,5,0,16
62,57,5,4,10
62,58,5,4,8
62,59,5,4,8
62,60,1,4,16
62,61,5,4,8
62,62,4,0,7
62,63,4,0,17
62,64,1,4,24
62,65,1,0,9
62,66,1,4,18
62,67,4,0,4
62,68,1,4,24
62,69,1,0,20
62,70,1,4,4
62,71,10,1,16
62,72,1,4,17
62,73,4,0,14
62,74,4,6,0
62,75,6,0,23
62,76,4,6,24
62,77,5,4,24
62,78,5,0,14
63,0,5,0,5
63,1,5,0,23
63,2,5,0,9
63,3,5,0,22
63,4,5,4,0
63,5,4,0,23
63,6,4,0,3
63,7,1,4,24
63,8,1,0,14
63,9,1,4,0
63,10,4,0,22
63,11,4,0,24
63,12,5,4,14
63,13,5,4,4
63,14,5,4,4
63,15,5,0,23
63,16,5,0,5
63,17,5,0,17
63,18,5,0,20
63,19,5,0,22
63,20,5,4,15
63,21,5,4,21
63,22,5,4,20
63,23,5,4,10
63,24,5,4,22
63,25,5,0,7
63,26,5,0,10
63,27,5,0,7
63,28,5,0,18
63,29,5,0,18
63,30,5,0,16
63,31,5,0,4
63,32,5,0,0
63,33,5,0,16
63,34,5,0,19
63,35,5,0,4
63,36,5,0,24
63,37,5,0,14
63,38,5,0,23
63,39,5,0,8
63,40,5,0,16
63,41,5,0,14
63,42,5,0,11
63,43,5,0,24
63,44,5,4,18
63,45,4,0,11
63,46,4,0,3
63,47,4,0,11
63,48,5,4,7
63,49,5,4,20
63,50,5,4,20
63,51,5,0,18
63,52,5,0,4
63,53,5,0,20
63,54,5,0,14
63,55,5,0,19
63,56,5,4,10
63,57,4,0,15
63,58,4,0,18
63,59,1,4,14
63,60,1,4,3
63,61,4,0,9
63,62,4,0,18
63,63,1,4,9
63,64,1,0,18
63,65,1,4,10
63,66,4,0,13
63,67,1,4,6
63,68,1,0,22
63,69,1,0,9
63,70,10,1,11
63,71,10,1,17
63,72,1,4,17
63,73,4,0,23
63,74,4,6,17
63,75,4,6,11
63,76,5,4,6
63,77,5,0,11
63,78,5,0,23
64,0,5,0,0
64,1,5,0,22
64,2,5,0,6
64,3,5,0,18
64,4,5,4,2
64,5,4,0,5
64,6,1,4,6
64,7,1,0,22
64,8,1,0,13
64,9,1,4,18
64,10,4,0,20
64,11,5,4,6
64,12,5,0,8
64,13,5,0,3
64,14,5,0,4
64,15,5,0,17
64,16,5,0,21
64,17,5,0,6
64,18,5,0,4
64,19,5,4,15
64,20,4,0,13
64,21,5,4,8
64,22,5,4,8
64,23,4,0,20
64,24,5,4,22
64,25,5,0,23
64,26,5,0,14
64,27,5,0,9
64,28,5,0,6
64,29,5,0,2
64,30,5,0,3
64,31,5,0,2
64,32,5,0,19
64,33,5,0,10
64,34,5,0,21
64,35,5,0,3
64,36,5,0,8
64,37,5,0,1
64,38,5,0,0
64,39,5,0,4
64,40,5,0,13
64,41,5,0,0
64,42,5,0,10
64,43,5,4,15
64,44,4,0,6
64,45,4,0,21
64,46,4,0,4
64,47,4,6,20
64,48,5,4,8
64,49,5,4,8
64,50,5,4,22
64,51,5,0,14
64,52,5,0,7
64,53,5,0,18
64,54,5,0,14
64,55,5,4,0
64,56,4,0,12
64,57,4,0,24
64,58,1,4,6
64,59,1,0,5
64,60,1,4,3
64,61,1,4,16
64,62,1,4,9
64,63,1,0,14
64,64,1,4,5
64,65,4,0,0
64,66,1,4,16
64,67,1,4,24
64,68,1,0,8
64,69,10,1,14
64,70,10,0,7
64,71,10,1,18
64,72,1,4,3
64,73,4,0,16
64,74,4,6,4
64,75,4,0,22
64,76,5,4,24
64,77,5,0,20
64,78,5,0,10
65,0,5,0,20
65,1,5,0,17
65,2,5,0,2
65,3,5,0,16
65,4,5,4,18
65,5,4,0,24
65,6,1,4,23
65,7,1,0,1
65,8,1,4,13
65,9,4,0,19
65,10,4,0,23
65,11,5,4,24
65,12,5,0,16
65,13,5,0,2
65,14,5,0,5
65,15,5,0,1
65,16,5,0,15
65,17,5,0,20
65,18,5,4,13
65,19,4,0,16
65,20,4,0,1
65,21,4,0,10
65,22,4,0,18
65,23,4,0,21
65,24,5,4,24
65,25,5,0,18
65,26,5,0,5
65,27,5,0,9
65,28,5,0,11
65,29,5,0,7
65,30,5,0,18
65,31,5,0,16
65,32,5,0,12
65,33,5,0,8
65,34,5,0,24
65,35,5,0,3
65,36,5,0,3
65,37,5,0,4
65,38,5,0,19
65,39,5,0,18
65,40,5,0,20
65,41,5,0,21
65,42,5,4,15
65,43,4,0,8
65,44,4,0,16
65,45,4,0,0
65,46,4,6,5
65,47,4,6,23
65,48,4,6,20
65,49,4,0,24
65,50,5,4,21
65,51,5,0,3
65,52,5,0,3
65,53,5,0,10
65,54,5,0,19
65,55,5,4,17
65,56,4,0,7
65,57,4,0,2
65,58,1,4,24
65,59,1,0,9
65,60,1,4,4
65,61,1,4,6
65,62,1,0,10
65,63,1,4,15
65,64,1,4,16
65,65,1,4,19
65,66,1,4,4
65,67,1,0,3
65,68,10,1,11
65,69,10,0,10
65,70,10,1,5
65,71,1,0,12
65,72,1,4,1
65,73,4,0,19
65,74,4,0,23
65,75,5,4,6
65,76,5,0,22
65,77,5,0,18
65,78,5,0,20
66,0,5,0,11
66,1,5,0,22
66,2,5,0,22
66,3,5,4,0
66,4,4,0,21
66,5,4,0,20
66,6,1,4,23
66,7,1,4,10
66,8,4,0,3
66,9,5,4,16
66,10,5,4,11
66,11,5,0,11
66,12,5,0,24
66,13,5,0,7
66,14,5,0,2
66,15,5,0,23
66,16,5,0,0
66,17,5,4,0
66,18,4,0,16
66,19,4,0,18
66,20,4,0,8
66,21,4,0,21
66,22,4,6,20
66,23,5,4,6
66,24,5,0,2
66,25,5,0,20
66,26,5,0,23
66,27,5,0,19
66,28,5,0,23
66,29,5,0,13
66,30,5,0,1
66,31,5,0,1
66,32,5,0,22
66,33,5,0,0
66,34,5,0,18
66,35,5,0,5
66,36,5,0,3
66,37,5,0,1
66,38,5,0,2
66,39,5,0,23
66,40,5,0,15
66,41,5,4,13
66,42,4,0,12
66,43,4,6,20
66,44,4,0,6
66,45,4,6,0
66,46,6,0,20
66,47,4,6,24
66,48,4,6,7
66,49,4,0,22
66,50,5,4,7
66,51,5,0,21
66,52,5,0,14
66,53,5,0,4
66,54,5,0,16
66,55,5,4,18
66,56,4,0,14
66,57,1,4,19
66,58,1,0,22
66,59,10,1,16
66,60,10,1,16
66,61,1,4,23
66,62,1,4,13
66,63,1,4,9
66,64,1,4,4
66,65,10,1,16
66,66,10,1,16
66,67,10,1,14
66,68,10,0,16
66,69,10,1,5
66,70,1,0,15
66,71,1,0,8
66,72,1,4,1
66,73,4,0,1
66,74,4,0,6
66,75,5,4,24
66,76,5,0,0
66,77,5,0,17
66,78,5,0,18
67,0,5,0,20
67,1,5,0,4
67,2,5,0,21
67,3,5,4,2
67,4,4,0,13
67,5,4,0,3
67,6,1,4,8
67,7,4,0,6
67,8,5,4,6
67,9,5,4,4
67,10,5,0,13
67,11,5,0,3
67,12,5,0,13
67,13,5,0,20
67,14,5,0,7
67,15,5,0,4
67,16,5,0,13
67,17,5,4,18
67,18,4,0,11
67,19,1,4,16
67,20,4,0,18
67,21,4,6,10
67,22,4,6,21
67,23,5,4,23
67,24,5,4,20
67,25,5,4,20
67,26,5,0,1
67,27,5,0,8
67,28,5,0,2
67,29,5,0,19
67,30,5,0,3
67,31,5,0,21
67,32,5,0,21
67,33,5,0,1
67,34,5,0,9
67,35,5,0,4
67,36,5,0,14
67,37,5,0,9
67,38,5,0,11
67,39,5,0,24
67,40,5,4,0
67,41,4,0,13
67,42,4,6,10
67,43,4,6,7
67,44,4,0,8
67,45,4,6,17
67,46,4,6,11
67,47,6,0,12
67,48,4,6,24
67,49,4,0,22
67,50,5,4,23
67,51,5,4,20
67,52,5,4,20
67,53,5,0,14
67,54,5,4,0
67,55,4,0,1
67,56,1,4,14
67,57,1,0,5
67,58,10,1,19
67,59,10,1,4
67,60,10,1,1
67,61,1,4,8
67,62,1,4,6
67,63,1,0,5
67,64,10,1,9
67,65,10,1,4
67,66,10,1,4
67,67,10,0,7
67,68,10,1,13
67,69,1,4,20
67,70,1,4,20
67,71,1,0,13
67,72,1,4,3
67,73,4,0,22
67,74,5,4,6
67,75,5,0,15
67,76,5,0,20
67,77,5,0,2
67,78,5,0,10
68,0,5,0,6
68,1,5,0,1
68,2,5,0,8
68,3,5,4,2
68,4,5,4,16
68,5,4,0,11
68,6,4,0,11
68,7,4,0,1
68,8,5,4,24
68,9,5,0,0
68,10,5,0,21
68,11,5,0,12
68,12,5,0,24
68,13,5,0,19
68,14,5,0,13
68,15,5,4,20
68,16,5,4,5
68,17,4,0,5
68,18,1,4,19
68,19,1,4,3
68,20,4,6,0
68,21,6,0,19
68,22,4,6,24
68,23,5,4,8
68,24,5,4,8
68,25,5,4,21
68,26,5,0,22
68,27,5,0,22
68,28,5,0,17
68,29,5,0,19
68,30,5,0,13
68,31,5,0,0
68,32,5,0,20
68,33,5,4,20
68,34,5,0,15
68,35,5,0,23
68,36,5,4,20
68,37,5,0,9
68,38,5,0,6
68,39,5,0,17
68,40,5,4,18
68,41,4,6,0
68,42,6,0,3
68,43,4,6,23
68,44,4,0,15
68,45,4,6,4
68,46,4,6,1
68,47,4,6,19
68,48,4,0,12
68,49,4,0,13
68,50,4,6,20
68,51,5,4,8
68,52,5,4,23
68,53,5,4,20
68,54,5,4,18
68,55,1,4,6
68,56,1,0,3
68,57,10,1,6
68,58,10,0,13
68,59,10,0,18
68,60,10,1,17
68,61,4,0,1
68,62,1,4,24
68,63,10,1,6
68,64,10,0,11
68,65,10,0,1
68,66,10,0,18
68,67,10,1,5
68,68,1,4,0
68,69,1,4,8
68,70,1,4,24
68,71,1,0,19
68,72,1,4,18
68,73,4,0,21
68,74,5,4,23
68,75,5,0,18
68,76,5,0,5
68,77,5,0,9
68,78,5,0,20
69,0,5,0,4
69,1,5,0,13
69,2,5,0,7
69,3,5,4,4
69,4,5,4,18
69,5,4,0,0
69,6,4,0,21
69,7,5,4,14
69,8,5,0,22
69,9,5,0,12
69,10,5,0,17
69,11,5,0,10
69,12,5,0,9
69,13,5,0,12
69,14,5,4,15
69,15,4,10,20
69,16,4,0,3
69,17,1,4,6
69,18,1,0,1
69,19,1,4,18
69,20,4,6,17
69,21,4,6,14
69,22,4,0,14
69,23,4,0,11
69,24,4,0,24
69,25,5,4,23
69,26,5,4,20
69,27,5,4,20
69,28,5,0,2
69,29,5,0,6
69,30,5,0,2
69,31,5,0,22
69,32,5,4,13
69,33,5,4,23
69,34,5,4,20
69,35,5,4,15
69,36,5,4,23
69,37,5,0,19
69,38,5,0,3
69,39,5,4,10
69,40,4,0,17
69,41,4,6,1
69,42,6,0,22
69,43,4,6,7
69,44,4,0,7
69,45,4,0,20
69,46,4,6,4
69,47,4,0,15
69,48,4,6,20
69,49,4,6,13
69,50,4,6,21
69,51,4,0,4
69,52,5,4,8
69,53,5,4,8
69,54,1,4,16
69,55,1,4,24
69,56,1,0,4
69,57,10,1,23
69,58,10,1,20
69,59,10,0,7
69,60,4,10,24
69,61,1,4,6
69,62,1,0,22
69,63,10,1,22
69,64,10,0,9
69,65,10,1,20
69,66,10,1,10
69,67,1,0,5
69,68,1,4,18
69,69,1,4,6
69,70,1,0,12
69,71,1,4,0
69,72,4,0,7
69,73,4,0,24
69,74,5,4,24
69,75,5,0,22
69,76,5,0,0
69,77,5,0,22
69,78,5,0,14
70,0,5,0,11
70,1,5,0,11
70,2,5,0,22
70,3,5,4,0
70,4,4,0,6
70,5,4,0,21
70,6,5,4,14
70,7,5,0,7
70,8,5,0,9
70,9,5,0,18
70,10,5,0,24
70,11,5,0,5
70,12,5,0,7
70,13,5,4,10
70,14,4,10,5
70,15,4,10,7
70,16,4,0,4
70,17,1,4,24
70,18,1,4,0
70,19,4,0,5
70,20,4,6,4
70,21,1,4,16
70,22,4,0,22
70,23,4,0,16
70,24,4,0,12
70,25,5,4,8
70,26,4,10,20
70,27,5,4,7
70,28,5,0,7
70,29,5,0,16
70,30,5,0,1
70,31,5,4,15
70,32,4,0,24
70,33,5,4,8
70,34,1,4,16
70,35,4,0,20
70,36,5,4,23
70,37,5,4,20
70,38,5,4,13
70,39,4,0,19
70,40,4,0,9
70,41,4,6,18
70,42,6,0,3
70,43,4,6,23
70,44,4,0,11
70,45,4,0,4
70,46,4,6,20
70,47,4,6,13
70,48,4,6,8
70,49,6,0,1
70,50,4,6,24
70,51,4,0,24
70,52,4,0,11
70,53,1,4,9
70,54,1,4,4
70,55,1,0,14
70,56,1,4,20
70,57,10,1,8
70,58,10,1,21
70,59,4,10,11
70,60,4,0,2
70,61,1,4,21
70,62,1,0,16
70,63,10,1,23
70,64,10,1,13
70,65,10,1,8
70,66,1,0,12
70,67,1,4,10
70,68,4,0,14
70,69,1,4,24
70,70,1,0,12
70,71,1,4,18
70,72,4,0,8
70,73,5,4,6
70,74,5,0,24
70,75,5,0,9
70,76,5,0,6
70,77,5,0,14
70,78,5,0,15
71,0,5,0,14
71,1,5,0,0
71,2,5,0,3
71,3,5,4,1
71,4,4,0,13
71,5,5,4,19
71,6,5,0,5
71,7,5,0,19
71,8,5,0,4
71,9,5,0,10
71,10,5,0,8
71,11,5,0,6
71,12,5,4,0
71,13,4,10,0
71,14,10,0,14
71,15,4,10,24
71,16,1,4,11
71,17,1,0,13
71,18,1,4,1
71,19,1,4,16
71,20,1,4,9
71,21,1,4,3
71,22,4,0,16
71,23,4,0,6
71,24,4,0,17
71,25,4,10,10
71,26,4,10,23
71,27,5,4,24
71,28,5,0,6
71,29,5,0,3
71,30,5,4,15
71,31,4,0,13
71,32,1,4,16
71,33,1,4,19
71,34,1,4,1
71,35,4,0,19
71,36,5,4,8
71,37,5,4,8
71,38,4,0,7
71,39,4,0,7
71,40,4,6,0
71,41,6,0,21
71,42,6,0,5
71,43,4,6,21
71,44,4,6,20
71,45,4,6,15
71,46,4,6,8
71,47,6,0,5
71,48,6,0,21
71,49,4,6,6
71,50,4,0,9
71,51,4,0,23
71,52,1,4,19
71,53,1,0,11
71,54,1,0,20
71,55,1,4,13
71,56,4,6,20
71,57,1,4,21
71,58,4,10,4
71,59,1,4,1
71,60,1,4,16
71,61,1,4,21
71,62,1,4,20
71,63,10,1,8
71,64,1,0,18
71,65,1,0,9
71,66,1,4,15
71,67,4,0,4
71,68,1,4,6
71,69,1,0,24
71,70,1,4,0
71,71,4,0,6
71,72,4,0,24
71,73,5,4,21
71,74,5,4,20
71,75,5,0,4
71,76,5,0,7
71,77,5,0,8
71,78,5,0,7
72,0,5,0,9
72,1,5,0,13
72,2,5,0,0
72,3,5,4,2
72,4,5,4,9
72,5,5,0,19
72,6,5,0,0
72,7,5,0,14
72,8,5,0,14
72,9,5,0,20
72,10,5,0,18
72,11,5,0,2
72,12,5,4,18
72,13,4,10,1
72,14,4,10,14
72,15,1,4,9
72,16,1,0,9
72,17,1,0,16
72,18,1,4,4
72,19,1,4,4
72,20,10,1,16
72,21,1,4,3
72,22,1,4,16
72,23,4,0,7
72,24,4,10,0
72,25,10,0,15
72,26,4,10,24
72,27,5,0,11
72,28,5,0,23
72,29,5,4,5
72,30,1,4,16
72,31,1,4,9
72,32,1,4,6
72,33,1,0,18
72,34,1,4,18
72,35,4,0,20
72,36,4,0,13
72,37,4,0,7
72,38,4,0,12
72,39,4,0,2
72,40,4,6,18
72,41,6,0,0
72,42,6,0,4
72,43,4,6,8
72,44,4,6,8
72,45,6,0,8
72,46,6,0,22
72,47,6,0,10
72,48,6,0,3
72,49,4,6,21
72,50,4,0,23
72,51,1,4,6
72,52,1,0,21
72,53,1,0,0
72,54,1,4,15
72,55,4,6,5
72,56,4,6,23
72,57,1,4,24
72,58,1,0,8
72,59,1,4,4
72,60,1,4,2
72,61,1,4,8
72,62,1,4,8
72,63,1,4,24
72,64,1,0,16
72,65,1,4,13
72,66,4,0,22
72,67,4,0,20
72,68,1,4,21
72,69,1,0,21
72,70,1,4,17
72,71,4,0,18
72,72,4,0,14
72,73,5,4,8
72,74,5,4,7
72,75,5,0,8
72,76,5,0,9
72,77,5,0,9
72,78,5,0,24
73,0,5,0,1
73,1,5,0,4
73,2,5,0,8
73,3,5,4,4
73,4,5,0,0
73,5,5,0,9
73,6,5,0,12
73,7,5,0,7
73,8,5,0,17
73,9,5,0,0
73,10,5,0,15
73,11,5,4,0
73,12,4,0,8
73,13,4,10,4
73,14,1,4,6
73,15,1,0,18
73,16,1,0,0
73,17,10,1,16
73,18,10,1,16
73,19,10,1,14
73,20,10,1,2
73,21,1,4,4
73,22,1,4,3
73,23,4,0,6
73,24,4,10,17
73,25,4,10,14
73,26,5,4,23
73,27,5,4,20
73,28,5,4,5
73,29,1,4,19
73,30,1,4,17
73,31,1,0,21
73,32,1,4,23
73,33,1,4,10
73,34,4,0,16
73,35,4,6,20
73,36,4,0,21
73,37,4,0,6
73,38,4,6,20
73,39,4,6,13
73,40,6,0,12
73,41,10,6,16
73,42,6,0,15
73,43,6,0,23
73,44,6,0,0
73,45,6,0,2
73,46,6,0,7
73,47,6,0,3
73,48,6,0,21
73,49,4,6,24
73,50,4,0,20
73,51,1,4,23
73,52,1,4,20
73,53,1,4,5
73,54,4,6,0
73,55,6,0,18
73,56,4,6,24
73,57,1,0,7
73,58,1,0,14
73,59,1,0,3
73,60,1,4,2
73,61,4,0,22
73,62,1,4,6
73,63,1,0,2
73,64,1,4,0
73,65,4,0,2
73,66,4,0,4
73,67,1,4,16
73,68,1,4,22
73,69,1,0,24
73,70,1,4,17
73,71,4,0,17
73,72,4,0,6
73,73,4,0,3
73,74,5,4,21
73,75,5,0,11
73,76,5,0,14
73,77,5,0,17
73,78,5,0,6
74,0,5,0,6
74,1,5,0,14
74,2,5,0,21
74,3,5,0,0
74,4,5,0,6
74,5,5,0,11
74,6,5,0,8
74,7,5,0,1
74,8,5,4,20
74,9,5,0,11
74,10,5,0,9
74,11,5,4,18
74,12,4,0,22
74,13,4,0,18
74,14,1,4,24
74,15,1,0,15
74,16,10,1,14
74,17,10,1,4
74,18,10,1,4
74,19,10,0,18
74,20,10,1,18
74,21,1,0,7
74,22,1,4,1
74,23,4,0,18
74,24,4,10,4
74,25,4,0,21
74,26,5,4,8
74,27,5,4,8
74,28,1,4,6
74,29,1,0,2
74,30,1,4,18
74,31,1,4,10
74,32,1,4,8
74,33,4,0,7
74,34,4,6,13
74,35,4,6,7
74,36,4,6,20
74,37,4,6,13
74,38,4,6,8
74,39,6,0,17
74,40,10,6,19
74,41,10,6,1
74,42,6,0,0
74,43,6,0,13
74,44,6,0,2
74,45,6,0,2
74,46,6,0,7
74,47,6,0,1
74,48,4,6,6
74,49,4,0,8
74,50,4,0,8
74,51,1,4,8
74,52,1,4,8
74,53,4,0,0
74,54,4,6,3
74,55,4,6,9
74,56,1,4,22
74,57,1,0,19
74,58,1,0,19
74,59,1,0,4
74,60,1,4,1
74,61,1,4,16
74,62,1,4,24
74,63,1,0,15
74,64,1,4,18
74,65,4,0,3
74,66,1,4,9
74,67,1,4,17
74,68,1,4,21
74,69,1,0,16
74,70,1,4,1
74,71,4,0,0
74,72,4,0,18
74,73,4,0,14
74,74,5,4,21
74,75,5,4,20
74,76,5,0,2
74,77,5,0,2
74,78,5,0,11
75,0,5,0,20
75,1,5,0,17
75,2,5,0,19
75,3,5,0,21
75,4,5,0,2
75,5,5,0,13
75,6,5,0,24
75,7,5,4,13
75,8,5,4,7
75,9,5,0,12
75,10,5,4,0
75,11,4,0,8
75,12,4,0,0
75,13,1,4,6
75,14,1,0,10
75,15,10,1,19
75,16,10,0,0
75,17,10,0,24
75,18,10,0,9
75,19,10,1,15
75,20,1,0,21
75,21,1,0,2
75,22,1,4,1
75,23,4,0,17
75,24,4,0,5
75,25,4,0,21
75,26,4,0,15
75,27,4,0,11
75,28,1,4,23
75,29,1,4,5
75,30,1,4,8
75,31,4,0,11
75,32,4,0,6
75,33,4,6,0
75,34,6,0,24
75,35,4,6,8
75,36,4,6,8
75,37,6,0,10
75,38,10,6,16
75,39,10,6,14
75,40,10,0,4
75,41,10,6,2
75,42,6,0,22
75,43,6,0,6
75,44,6,0,7
75,45,6,0,11
75,46,6,0,1
75,47,6,0,8
75,48,4,6,24
75,49,4,0,2
75,50,4,0,22
75,51,4,0,18
75,52,4,0,1
75,53,4,0,21
75,54,4,6,4
75,55,4,0,10
75,56,1,4,23
75,57,1,4,20
75,58,1,0,4
75,59,1,0,18
75,60,1,4,4
75,61,1,4,4
75,62,1,0,3
75,63,1,4,13
75,64,4,0,5
75,65,1,4,14
75,66,1,0,14
75,67,1,4,18
75,68,1,4,23
75,69,1,0,17
75,70,1,4,3
75,71,4,0,5
75,72,4,0,22
75,73,4,0,2
75,74,5,4,8
75,75,5,4,21
75,76,5,4,20
75,77,5,4,20
75,78,5,4,13
76,0,5,0,22
76,1,5,0,11
76,2,5,0,14
76,3,5,0,23
76,4,5,0,18
76,5,5,0,11
76,6,5,4,10
76,7,4,0,8
76,8,5,4,22
76,9,5,4,20
76,10,5,4,18
76,11,4,0,3
76,12,1,4,16
76,13,1,4,24
76,14,10,1,9
76,15,10,0,22
76,16,10,0,15
76,17,10,0,14
76,18,10,1,5
76,19,1,4,20
76,20,1,4,20
76,21,1,0,24
76,22,1,4,18
76,23,4,0,9
76,24,4,0,17
76,25,4,0,5
76,26,1,4,16
76,27,4,0,17
76,28,1,4,8
76,29,5,4,16
76,30,5,4,16
76,31,5,4,16
76,32,4,0,0
76,33,4,6,2
76,34,6,0,5
76,35,6,0,6
76,36,6,0,1
76,37,10,6,9
76,38,10,6,4
76,39,4,10,16
76,40,10,0,6
76,41,10,6,17
76,42,10,6,16
76,43,6,0,13
76,44,6,0,11
76,45,6,0,20
76,46,6,0,15
76,47,4,6,11
76,48,4,0,24
76,49,5,4,16
76,50,5,4,16
76,51,4,0,7
76,52,5,4,16
76,53,5,4,16
76,54,5,4,16
76,55,4,0,6
76,56,1,4,8
76,57,1,4,22
76,58,1,0,8
76,59,1,0,8
76,60,1,0,19
76,61,1,0,15
76,62,1,4,5
76,63,4,0,24
76,64,1,4,11
76,65,1,0,20
76,66,1,4,0
76,67,4,0,14
76,68,1,4,7
76,69,1,0,18
76,70,1,4,3
76,71,4,0,19
76,72,4,0,6
76,73,4,0,11
76,74,4,0,4
76,75,5,4,8
76,76,5,4,8
76,77,5,4,8
76,78,4,6,5
77,0,5,0,0
77,1,5,0,18
77,2,5,0,13
77,3,5,4,22
77,4,5,4,20
77,5,5,4,5
77,6,4,0,13
77,7,4,0,10
77,8,5,4,8
77,9,4,6,20
77,10,4,0,16
77,11,1,4,11
77,12,1,4,4
77,13,10,1,14
77,14,10,0,18
77,15,10,0,16
77,16,10,0,9
77,17,10,1,13
77,18,1,4,15
77,19,1,4,8
77,20,1,4,24
77,21,1,4,0
77,22,4,0,24
77,23,4,0,8
77,24,1,4,16
77,25,1,4,14
77,26,1,4,2
77,27,4,0,15
77,28,5,4,14
77,29,5,4,4
77,30,5,4,4
77,31,5,4,2
77,32,4,0,2
77,33,4,6,1
77,34,6,0,24
77,35,6,0,3
77,36,10,6,6
77,37,10,0,2
77,38,4,10,14
77,39,4,10,17
77,40,4,10,16
77,41,10,6,4
77,42,10,6,1
77,43,6,0,1
77,44,6,0,11
77,45,6,0,24
77,46,4,6,14
77,47,4,0,17
77,48,5,4,6
77,49,5,4,4
77,50,5,4,1
77,51,5,4,9
77,52,5,4,4
77,53,5,4,4
77,54,5,4,18
77,55,4,0,15
77,56,4,0,19
77,57,1,4,24
77,58,1,0,6
77,59,1,0,3
77,60,1,0,1
77,61,1,4,10
77,62,4,0,24
77,63,1,4,14
77,64,1,0,24
77,65,1,0,18
77,66,1,4,17
77,67,4,10,20
77,68,1,4,23
77,69,1,0,23
77,70,1,4,18
77,71,4,0,19
77,72,4,0,18
77,73,1,4,16
77,74,4,0,14
77,75,4,0,14
77,76,4,0,17
77,77,4,6,5
77,78,6,0,13
78,0,5,0,14
78,1,5,0,12
78,2,4,0,5
78,3,5,4,8
78,4,5,4,8
78,5,4,0,6
78,6,4,0,22
78,7,4,0,17
78,8,4,6,5
78,9,4,6,7
78,10,1,4,6
78,11,1,0,0
78,12,10,1,14
78,13,10,0,1
78,14,10,1,20
78,15,10,1,20
78,16,10,1,15
78,17,1,4,5
78,18,4,0,23
78,19,1,4,6
78,20,1,0,16
78,21,1,4,2
78,22,1,4,16
78,23,1,4,14
78,24,1,4,6
78,25,1,0,19
78,26,1,4,18
78,27,5,4,9
78,28,5,0,21
78,29,5,0,19
78,30,5,0,1
78,31,5,4,1
78,32,4,0,21
78,33,4,6,17
78,34,6,0,12
78,35,6,0,20
78,36,10,6,24
78,37,4,10,6
78,38,4,0,17
78,39,4,10,4
78,40,4,10,2
78,41,10,0,8
78,42,10,6,17
78,43,6,0,1
78,44,6,0,19
78,45,4,6,11
78,46,4,0,4
78,47,4,0,12
78,48,5,4,24
78,49,5,0,17
78,50,5,4,4
78,51,5,0,18
78,52,5,0,21
78,53,5,4,0
78,54,4,0,22
78,55,4,0,11
78,56,1,4,6
78,57,1,0,6
78,58,1,0,19
78,59,1,0,13
78,60,1,4,10
78,61,4,0,20
78,62,1,4,19
78,63,1,0,3
78,64,1,0,5
78,65,1,0,23
78,66,4,10,13
78,67,4,10,7
78,68,1,4,24
78,69,10,1,16
78,70,10,1,16
78,71,4,0,12
78,72,1,4,14
78,73,1,4,1
78,74,4,0,5
78,75,4,6,20
78,76,4,6,15
78,77,6,0,2
78,78,4,6,16
79,0,5,0,7
79,1,4,0,4
79,2,4,0,3
79,3,4,0,22
79,4,4,0,3
79,5,4,0,18
79,6,4,0,9
79,7,4,6,0
79,8,6,0,3
79,9,4,6,7
79,10,1,4,21
79,11,10,1,6
79,12,10,0,10
79,13,10,1,13
79,14,10,1,8
79,15,10,1,8
79,16,1,4,8
79,17,4,0,8
79,18,4,0,4
79,19,1,4,23
79,20,1,0,16
79,21,1,4,4
79,22,1,4,4
79,23,1,0,23
79,24,1,4,23
79,25,1,4,5
79,26,5,4,6
79,27,5,0,24
79,28,5,0,16
79,29,5,0,3
79,30,5,0,18
79,31,5,4,18
79,32,4,0,12
79,33,4,6,18
79,34,6,0,12
79,35,10,6,6
79,36,10,0,19
79,37,4,10,24
79,38,4,0,11
79,39,4,0,14
79,40,4,10,18
79,41,10,0,9
79,42,10,6,18
79,43,4,6,16
79,44,4,6,14
79,45,4,0,4
79,46,4,0,0
79,47,5,4,16
79,48,5,4,24
79,49,5,0,10
79,50,5,0,24
79,51,5,0,7
79,52,5,0,14
79,53,5,4,1
79,54,4,0,21
79,55,4,0,20
79,56,1,4,24
79,57,1,0,12
79,58,1,0,3
79,59,1,4,13
79,60,4,0,1
79,61,1,4,6
79,62,1,0,9
79,63,1,0,19
79,64,1,0,20
79,65,4,10,0
79,66,10,0,13
79,67,4,10,24
79,68,10,1,9
79,69,10,1,4
79,70,10,1,2
79,71,1,4,11
79,72,1,0,22
79,73,1,4,18
79,74,4,6,13
79,75,4,6,8
79,76,6,0,8
79,77,4,6,11
79,78,4,6,4
80,0,5,4,1
80,1,4,0,16
80,2,4,0,13
80,3,4,0,17
80,4,5,4,16
80,5,5,4,16
80,6,4,0,21
80,7,4,6,17
80,8,6,0,15
80,9,4,6,24
80,10,1,4,7
80,11,10,1,21
80,12,10,1,13
80,13,1,4,5
80,14,4,0,8
80,15,4,0,16
80,16,4,0,16
80,17,1,4,16
80,18,4,0,13
80,19,1,4,23
80,20,1,0,1
80,21,1,0,3
80,22,1,0,17
80,23,1,4,15
80,24,1,4,8
80,25,4,0,7
80,26,5,4,24
80,27,5,0,17
80,28,5,0,17
80,29,5,0,0
80,30,5,4,0
80,31,4,0,9
80,32,4,6,0
80,33,6,0,7
80,34,6,0,12
80,35,10,6,24
80,36,4,10,6
80,37,4,0,3
80,38,4,10,20
80,39,4,10,15
80,40,10,6,20
80,41,10,6,5
80,42,4,6,6
80,43,4,6,4
80,44,4,0,12
80,45,5,4,16
80,46,5,4,19
80,47,5,4,4
80,48,5,0,17
80,49,5,0,8
80,50,5,0,23
80,51,5,0,6
80,52,5,0,20
80,53,5,4,3
80,54,4,0,13
80,55,1,4,19
80,56,1,0,2
80,57,1,4,20
80,58,1,4,13
80,59,4,0,5
80,60,4,0,7
80,61,1,4,22
80,62,1,4,20
80,63,1,4,20
80,64,1,0,1
80,65,4,10,1
80,66,4,10,11
80,67,10,1,6
80,68,10,0,9
80,69,10,0,11
80,70,10,1,18
80,71,1,0,23
80,72,1,4,15
80,73,4,6,0
80,74,6,0,5
80,75,6,0,19
80,76,4,6,11
80,77,4,0,13
80,78,4,0,5
