0,0,9,0,5
0,1,9,0,3
0,2,9,0,15
0,3,9,0,14
0,4,9,0,17
0,5,9,0,16
0,6,9,0,2
0,7,9,0,17
0,8,9,0,10
0,9,9,0,20
0,10,9,0,3
0,11,9,0,10
0,12,9,0,6
0,13,9,2,5
0,14,9,2,8
0,15,2,0,1
0,16,2,0,19
0,17,9,2,8
0,18,2,0,3
0,19,2,0,21
0,20,9,2,7
0,21,9,2,10
0,22,9,2,8
0,23,9,2,8
0,24,9,2,8
0,25,2,0,2
0,26,2,0,15
0,27,2,0,4
0,28,2,0,0
0,29,9,2,24
0,30,9,0,24
0,31,9,0,13
0,32,9,0,2
0,33,9,0,1
0,34,9,0,16
0,35,9,2,3
0,36,9,2,16
0,37,9,2,16
0,38,2,0,1
0,39,2,0,21
0,40,2,0,1
0,41,2,0,21
0,42,2,0,12
0,43,9,2,21
0,44,9,0,3
0,45,9,0,9
0,46,9,0,13
0,47,9,0,2
0,48,9,0,16
0,49,9,0,21
1,0,9,0,24
1,1,9,0,16
1,2,9,0,9
1,3,9,0,16
1,4,9,0,18
1,5,9,0,5
1,6,9,0,0
1,7,9,0,16
1,8,9,0,6
1,9,9,0,3
1,10,9,0,6
1,11,9,0,18
1,12,9,2,10
1,13,2,0,19
1,14,2,0,16
1,15,2,0,2
1,16,2,0,12
1,17,2,0,7
1,18,2,0,13
1,19,2,0,15
1,20,9,2,8
1,21,2,0,21
1,22,2,0,16
1,23,2,0,8
1,24,2,0,8
1,25,2,0,15
1,26,2,0,17
1,27,2,0,17
1,28,9,2,19
1,29,9,0,24
1,30,9,0,24
1,31,9,0,2
1,32,9,0,17
1,33,9,0,16
1,34,9,0,23
1,35,9,2,4
1,36,9,2,4
1,37,9,2,18
1,38,2,0,14
1,39,2,0,14
1,40,2,0,17
1,41,2,0,7
1,42,2,0,21
1,43,9,2,24
1,44,9,0,5
1,45,9,0,2
1,46,9,0,20
1,47,9,0,19
1,48,9,0,20
1,49,9,0,3
2,0,9,0,10
2,1,9,0,14
2,2,9,0,6
2,3,9,0,22
2,4,9,0,11
2,5,9,0,19
2,6,9,0,21
2,7,9,0,10
2,8,9,0,11
2,9,9,0,11
2,10,9,0,17
2,11,9,2,0
2,12,2,0,18
2,13,2,0,1
2,14,2,0,6
2,15,2,0,17
2,16,2,0,10
2,17,2,0,20
2,18,2,0,23
2,19,2,0,9
2,20,2,0,3
2,21,2,0,13
2,22,2,0,5
2,23,2,0,9
2,24,2,0,7
2,25,2,0,10
2,26,2,0,2
2,27,9,2,14
2,28,9,0,23
2,29,9,0,21
2,30,9,0,7
2,31,9,0,21
2,32,9,0,3
2,33,9,0,4
2,34,9,0,22
2,35,9,0,4
2,36,9,2,0
2,37,2,0,2
2,38,2,0,19
2,39,2,0,16
2,40,2,0,10
2,41,2,0,15
2,42,9,2,6
2,43,9,0,3
2,44,9,0,20
2,45,9,0,23
2,46,9,0,15
2,47,9,0,6
2,48,9,0,10
2,49,9,0,23
3,0,9,0,11
3,1,9,0,2
3,2,9,0,23
3,3,9,0,22
3,4,9,0,7
3,5,9,0,15
3,6,9,0,2
3,7,9,0,4
3,8,9,0,8
3,9,9,0,16
3,10,9,0,24
3,11,9,2,18
3,12,2,0,15
3,13,2,0,20
3,14,2,0,14
3,15,2,0,14
3,16,2,0,0
3,17,2,0,15
3,18,2,0,8
3,19,2,0,10
3,20,2,0,5
3,21,2,0,22
3,22,2,0,0
3,23,2,0,17
3,24,2,0,16
3,25,2,0,19
3,26,9,2,6
3,27,9,0,22
3,28,9,0,14
3,29,9,0,4
3,30,9,0,9
3,31,9,0,3
3,32,9,0,20
3,33,9,0,2
3,34,9,0,10
3,35,9,0,13
3,36,9,2,18
3,37,2,0,6
3,38,2,0,12
3,39,2,0,22
3,40,2,0,23
3,41,2,0,8
3,42,9,2,23
3,43,9,0,17
3,44,9,0,19
3,45,9,0,19
3,46,9,0,0
3,47,9,0,23
3,48,9,0,14
3,49,9,0,3
4,0,9,0,18
4,1,9,0,16
4,2,9,0,15
4,3,9,0,22
4,4,9,0,12
4,5,9,0,3
4,6,9,0,8
4,7,9,0,4
4,8,9,0,4
4,9,9,0,19
4,10,9,2,15
4,11,2,0,14
4,12,2,0,7
4,13,2,0,22
4,14,2,0,21
4,15,2,0,11
4,16,2,0,6
4,17,2,0,19
4,18,2,0,19
4,19,2,0,1
4,20,2,0,23
4,21,2,0,2
4,22,2,0,23
4,23,2,0,18
4,24,2,0,8
4,25,2,0,16
4,26,9,2,23
4,27,9,0,9
4,28,9,0,8
4,29,9,0,2
4,30,9,0,18
4,31,9,0,4
4,32,9,0,16
4,33,9,0,3
4,34,9,0,13
4,35,9,2,0
4,36,9,2,16
4,37,2,0,2
4,38,2,0,21
4,39,2,0,5
4,40,2,0,19
4,41,2,0,11
4,42,9,2,24
4,43,9,0,15
4,44,9,0,20
4,45,9,0,22
4,46,9,0,21
4,47,9,0,16
4,48,9,0,16
4,49,9,0,19
5,0,9,0,23
5,1,9,0,17
5,2,9,0,21
5,3,9,0,2
5,4,9,0,7
5,5,9,0,24
5,6,9,0,6
5,7,9,0,22
5,8,9,0,1
5,9,9,2,0
5,10,2,0,8
5,11,2,0,6
5,12,2,0,12
5,13,2,0,7
5,14,2,0,10
5,15,2,0,10
5,16,2,0,12
5,17,2,0,7
5,18,2,0,6
5,19,2,0,20
5,20,2,0,9
5,21,2,0,1
5,22,2,0,23
5,23,2,0,8
5,24,2,0,13
5,25,2,0,2
5,26,9,2,22
5,27,9,0,9
5,28,9,0,19
5,29,9,0,24
5,30,9,0,14
5,31,9,0,3
5,32,9,0,3
5,33,9,0,18
5,34,9,0,13
5,35,9,2,4
5,36,9,2,1
5,37,2,0,7
5,38,2,0,18
5,39,2,0,4
5,40,2,0,11
5,41,9,2,6
5,42,9,0,20
5,43,9,0,6
5,44,9,0,17
5,45,9,0,3
5,46,9,0,12
5,47,9,0,18
5,48,9,0,12
5,49,9,0,17
6,0,9,0,3
6,1,9,0,13
6,2,9,0,22
6,3,9,0,11
6,4,9,0,5
6,5,9,0,24
6,6,9,0,7
6,7,9,0,16
6,8,9,0,23
6,9,9,2,18
6,10,2,0,8
6,11,2,0,5
6,12,2,0,23
6,13,2,0,7
6,14,2,0,15
6,15,2,0,7
6,16,2,0,24
6,17,2,0,6
6,18,2,0,5
6,19,2,0,17
6,20,2,0,3
6,21,2,0,14
6,22,2,0,8
6,23,2,0,3
6,24,2,0,12
6,25,2,0,13
6,26,9,2,24
6,27,9,0,6
6,28,9,0,24
6,29,9,0,7
6,30,9,0,2
6,31,9,0,6
6,32,9,0,4
6,33,9,0,7
6,34,9,0,15
6,35,9,0,19
6,36,9,2,18
6,37,2,0,20
6,38,2,0,1
6,39,2,0,20
6,40,2,0,3
6,41,9,2,22
6,42,9,0,18
6,43,9,0,6
6,44,9,0,22
6,45,9,0,10
6,46,9,0,23
6,47,9,0,13
6,48,9,0,4
6,49,9,0,22
7,0,9,0,5
7,1,9,0,12
7,2,9,0,9
7,3,9,0,1
7,4,9,0,14
7,5,9,0,24
7,6,9,0,8
7,7,9,0,22
7,8,9,2,0
7,9,2,0,0
7,10,2,0,20
7,11,2,0,22
7,12,2,0,7
7,13,2,0,11
7,14,2,0,24
7,15,2,0,23
7,16,2,0,6
7,17,2,0,14
7,18,2,0,21
7,19,2,0,4
7,20,2,0,0
7,21,2,0,21
7,22,2,0,5
7,23,2,0,2
7,24,2,0,13
7,25,9,2,6
7,26,9,0,8
7,27,9,0,18
7,28,9,0,17
7,29,9,0,1
7,30,9,0,7
7,31,9,0,24
7,32,9,0,11
7,33,9,0,15
7,34,9,0,11
7,35,9,2,0
7,36,2,0,18
7,37,2,0,1
7,38,2,0,7
7,39,2,0,10
7,40,2,0,11
7,41,9,2,23
7,42,9,0,8
7,43,9,0,4
7,44,9,0,18
7,45,9,0,21
7,46,9,0,19
7,47,9,0,6
7,48,9,0,14
7,49,9,0,1
8,0,9,0,12
8,1,9,0,21
8,2,9,0,15
8,3,9,0,9
8,4,9,0,12
8,5,9,0,24
8,6,9,0,6
8,7,9,0,3
8,8,9,2,18
8,9,2,0,4
8,10,2,0,4
8,11,2,0,20
8,12,2,0,12
8,13,2,0,10
8,14,2,0,5
8,15,2,0,16
8,16,2,0,13
8,17,2,0,17
8,18,2,0,8
8,19,2,0,12
8,20,2,0,12
8,21,2,0,15
8,22,2,0,1
8,23,2,0,22
8,24,2,0,3
8,25,9,2,24
8,26,9,0,8
8,27,9,0,1
8,28,9,0,16
8,29,9,0,0
8,30,9,0,3
8,31,9,0,6
8,32,9,0,17
8,33,9,0,3
8,34,9,0,4
8,35,9,2,18
8,36,2,0,16
8,37,2,0,17
8,38,2,0,4
8,39,2,0,13
8,40,2,0,23
8,41,9,2,23
8,42,9,0,1
8,43,9,0,18
8,44,9,0,24
8,45,9,0,0
8,46,9,0,0
8,47,9,0,11
8,48,9,0,16
8,49,9,0,19
9,0,9,0,19
9,1,9,0,22
9,2,9,0,18
9,3,9,0,10
9,4,9,0,8
9,5,9,0,1
9,6,9,0,0
9,7,9,2,0
9,8,2,0,0
9,9,2,0,21
9,10,2,0,3
9,11,2,0,7
9,12,2,0,8
9,13,2,0,22
9,14,2,0,18
9,15,2,0,16
9,16,2,0,24
9,17,2,0,14
9,18,2,0,8
9,19,2,0,20
9,20,2,0,4
9,21,2,0,9
9,22,2,0,22
9,23,2,0,4
9,24,9,2,14
9,25,9,0,20
9,26,9,0,17
9,27,9,0,9
9,28,9,0,8
9,29,9,0,18
9,30,9,0,0
9,31,9,0,8
9,32,9,0,15
9,33,9,0,5
9,34,9,2,0
9,35,2,0,12
9,36,2,0,22
9,37,2,0,13
9,38,2,0,5
9,39,2,0,19
9,40,2,0,11
9,41,9,2,22
9,42,9,0,19
9,43,9,0,23
9,44,9,0,1
9,45,9,0,13
9,46,9,0,22
9,47,9,0,14
9,48,9,0,0
9,49,9,0,11
10,0,9,0,1
10,1,9,0,23
10,2,9,0,7
10,3,9,0,6
10,4,9,0,8
10,5,9,0,4
10,6,9,0,12
10,7,9,2,18
10,8,2,0,0
10,9,2,0,14
10,10,2,0,9
10,11,2,0,15
10,12,2,0,0
10,13,2,0,20
10,14,2,0,12
10,15,2,0,14
10,16,2,0,0
10,17,2,0,22
10,18,2,0,9
10,19,2,0,15
10,20,2,0,3
10,21,2,0,23
10,22,2,0,22
10,23,9,2,6
10,24,9,0,7
10,25,9,0,23
10,26,9,0,20
10,27,9,0,24
10,28,9,0,20
10,29,9,0,1
10,30,9,0,4
10,31,9,0,17
10,32,9,0,2
10,33,9,0,21
10,34,9,2,18
10,35,2,0,17
10,36,2,0,13
10,37,2,0,19
10,38,2,0,21
10,39,2,0,2
10,40,2,0,21
10,41,9,2,7
10,42,9,0,6
10,43,9,0,17
10,44,9,0,22
10,45,9,0,2
10,46,9,0,10
10,47,9,0,10
10,48,9,0,20
10,49,9,0,16
11,0,9,0,7
11,1,9,0,17
11,2,9,0,13
11,3,9,0,6
11,4,9,0,24
11,5,9,0,8
11,6,9,2,0
11,7,2,0,18
11,8,2,0,11
11,9,2,0,9
11,10,2,0,1
11,11,2,0,15
11,12,2,0,4
11,13,2,0,14
11,14,2,0,7
11,15,2,0,17
11,16,2,0,12
11,17,2,0,18
11,18,2,0,21
11,19,2,0,10
11,20,2,0,5
11,21,2,0,20
11,22,2,0,0
11,23,9,2,24
11,24,9,0,1
11,25,9,0,14
11,26,9,0,19
11,27,9,0,12
11,28,9,0,17
11,29,9,0,19
11,30,9,0,5
11,31,9,0,20
11,32,9,0,9
11,33,9,2,0
11,34,2,0,20
11,35,2,0,5
11,36,2,0,14
11,37,2,0,18
11,38,2,0,14
11,39,2,0,21
11,40,2,0,2
11,41,9,2,22
11,42,9,2,20
11,43,9,0,2
11,44,9,0,12
11,45,9,0,17
11,46,9,0,19
11,47,9,0,22
11,48,9,0,18
11,49,9,0,18
12,0,9,0,4
12,1,9,0,24
12,2,9,0,19
12,3,9,0,18
12,4,9,0,15
12,5,9,0,23
12,6,9,2,17
12,7,2,0,1
12,8,2,0,20
12,9,2,0,11
12,10,2,0,20
12,11,2,0,3
12,12,2,0,12
12,13,2,0,22
12,14,2,0,18
12,15,2,0,9
12,16,2,0,11
12,17,2,0,16
12,18,2,0,7
12,19,2,0,3
12,20,2,0,12
12,21,2,0,8
12,22,9,2,9
12,23,9,0,10
12,24,9,0,3
12,25,9,0,13
12,26,9,0,20
12,27,9,0,6
12,28,9,0,15
12,29,9,0,24
12,30,9,0,12
12,31,9,0,8
12,32,9,0,20
12,33,9,2,17
12,34,2,0,16
12,35,2,0,21
12,36,2,0,0
12,37,2,0,15
12,38,2,0,18
12,39,2,0,0
12,40,2,0,7
12,41,9,2,8
12,42,9,2,21
12,43,9,2,20
12,44,9,0,24
12,45,9,0,0
12,46,9,0,20
12,47,9,0,16
12,48,9,0,1
12,49,9,0,14
13,0,9,0,11
13,1,9,0,24
13,2,9,0,18
13,3,9,0,22
13,4,9,0,1
13,5,9,0,0
13,6,9,2,18
13,7,2,0,6
13,8,2,0,16
13,9,2,0,16
13,10,2,0,1
13,11,2,0,20
13,12,2,0,5
13,13,2,0,2
13,14,2,0,22
13,15,2,0,2
13,16,2,0,20
13,17,2,0,19
13,18,2,0,23
13,19,2,0,13
13,20,2,0,2
13,21,9,2,11
13,22,9,0,8
13,23,9,0,3
13,24,9,0,3
13,25,9,0,20
13,26,9,0,1
13,27,9,0,9
13,28,9,0,19
13,29,9,0,3
13,30,9,0,0
13,31,9,0,1
13,32,9,0,14
13,33,9,2,3
13,34,2,0,0
13,35,2,0,5
13,36,2,0,3
13,37,2,0,12
13,38,2,0,5
13,39,2,0,2
13,40,2,0,11
13,41,2,0,10
13,42,9,2,8
13,43,9,2,23
13,44,9,2,20
13,45,9,0,14
13,46,9,0,15
13,47,9,0,16
13,48,9,0,17
13,49,9,0,23
14,0,9,0,24
14,1,9,0,6
14,2,9,0,19
14,3,9,0,19
14,4,9,0,17
14,5,9,2,0
14,6,2,0,6
14,7,2,0,10
14,8,2,0,4
14,9,2,0,5
14,10,2,0,2
14,11,2,0,2
14,12,2,0,23
14,13,2,0,9
14,14,2,0,5
14,15,2,0,3
14,16,2,0,24
14,17,2,0,0
14,18,2,0,12
14,19,2,0,4
14,20,9,2,11
14,21,9,0,1
14,22,9,0,2
14,23,9,0,7
14,24,9,0,14
14,25,9,0,9
14,26,9,0,13
14,27,9,0,10
14,28,9,0,22
14,29,9,0,18
14,30,9,0,8
14,31,9,0,19
14,32,9,0,0
14,33,9,2,18
14,34,2,0,23
14,35,2,0,21
14,36,2,0,5
14,37,2,0,24
14,38,2,0,13
14,39,2,0,16
14,40,2,0,16
14,41,2,0,14
14,42,2,0,20
14,43,9,2,8
14,44,9,2,21
14,45,9,0,0
14,46,9,0,0
14,47,9,0,14
14,48,9,0,24
14,49,9,0,8
15,0,9,0,17
15,1,9,0,18
15,2,9,0,22
15,3,9,0,3
15,4,9,0,9
15,5,9,2,18
15,6,2,0,14
15,7,2,0,11
15,8,2,0,23
15,9,2,0,22
15,10,2,0,7
15,11,2,0,6
15,12,2,0,3
15,13,2,0,10
15,14,2,0,12
15,15,2,0,22
15,16,2,0,15
15,17,2,0,23
15,18,2,0,9
15,19,9,2,6
15,20,9,0,23
15,21,9,0,14
15,22,9,0,21
15,23,9,0,4
15,24,9,0,13
15,25,9,0,16
15,26,9,0,18
15,27,9,0,18
15,28,9,0,21
15,29,9,0,4
15,30,9,0,15
15,31,9,0,2
15,32,9,2,13
15,33,2,0,17
15,34,2,0,16
15,35,2,0,24
15,36,2,0,15
15,37,2,0,4
15,38,2,0,14
15,39,2,0,0
15,40,2,0,15
15,41,2,0,13
15,42,2,0,15
15,43,2,0,24
15,44,9,2,7
15,45,9,0,19
15,46,9,0,23
15,47,9,0,10
15,48,9,0,10
15,49,9,0,5
16,0,9,0,11
16,1,9,0,5
16,2,9,0,11
16,3,9,0,1
16,4,9,2,0
16,5,2,0,24
16,6,2,0,14
16,7,2,0,12
16,8,2,0,19
16,9,2,0,17
16,10,2,0,4
16,11,2,0,11
16,12,2,0,5
16,13,2,0,16
16,14,2,0,16
16,15,2,0,1
16,16,2,0,9
16,17,2,0,12
16,18,2,0,0
16,19,9,2,24
16,20,9,0,4
16,21,9,0,17
16,22,9,0,15
16,23,9,0,21
16,24,9,0,8
16,25,9,0,14
16,26,9,0,19
16,27,9,0,16
16,28,9,0,4
16,29,9,0,22
16,30,9,0,4
16,31,9,2,10
16,32,2,0,2
16,33,2,0,8
16,34,2,0,20
16,35,2,0,12
16,36,2,0,13
16,37,2,0,24
16,38,2,0,13
16,39,2,0,9
16,40,2,0,12
16,41,2,0,4
16,42,2,0,18
16,43,2,0,7
16,44,9,2,21
16,45,9,0,15
16,46,9,0,7
16,47,9,0,10
16,48,9,0,14
16,49,9,0,4
17,0,9,0,15
17,1,9,0,17
17,2,9,0,1
17,3,9,0,7
17,4,9,2,1
17,5,2,0,14
17,6,2,0,6
17,7,2,0,7
17,8,2,0,1
17,9,2,0,17
17,10,9,2,16
17,11,9,2,16
17,12,9,2,16
17,13,2,0,8
17,14,2,0,17
17,15,2,0,10
17,16,2,0,8
17,17,2,0,0
17,18,9,2,9
17,19,9,0,10
17,20,9,0,13
17,21,9,0,0
17,22,9,0,16
17,23,9,0,3
17,24,9,0,17
17,25,9,0,1
17,26,9,0,10
17,27,9,0,22
17,28,9,0,11
17,29,9,0,7
17,30,9,2,0
17,31,2,0,17
17,32,2,0,16
17,33,2,0,20
17,34,2,0,21
17,35,2,0,5
17,36,2,0,16
17,37,2,0,8
17,38,2,0,4
17,39,2,0,7
17,40,2,0,15
17,41,2,0,15
17,42,2,0,19
17,43,2,0,13
17,44,9,2,21
17,45,9,0,16
17,46,9,0,17
17,47,9,0,23
17,48,9,0,8
17,49,9,0,9
18,0,9,0,22
18,1,9,0,15
18,2,9,0,5
18,3,9,0,15
18,4,9,2,2
18,5,9,2,16
18,6,2,0,0
18,7,2,0,5
18,8,2,0,22
18,9,9,2,11
18,10,9,2,4
18,11,9,2,4
18,12,9,2,3
18,13,9,2,16
18,14,2,0,16
18,15,2,0,17
18,16,2,0,12
18,17,9,2,6
18,18,9,0,22
18,19,9,0,6
18,20,9,0,11
18,21,9,0,5
18,22,9,0,15
18,23,9,0,23
18,24,9,0,16
18,25,9,0,12
18,26,9,0,21
18,27,9,0,2
18,28,9,0,14
18,29,9,0,5
18,30,9,2,18
18,31,2,0,12
18,32,2,0,0
18,33,2,0,1
18,34,2,0,19
18,35,2,0,11
18,36,2,0,11
18,37,2,0,6
18,38,2,0,11
18,39,2,0,19
18,40,2,0,16
18,41,2,0,23
18,42,2,0,17
18,43,2,0,7
18,44,9,2,22
18,45,9,0,12
18,46,9,0,22
18,47,9,0,6
18,48,9,0,7
18,49,9,0,14
19,0,9,0,3
19,1,9,0,12
19,2,9,0,13
19,3,9,0,12
19,4,9,2,4
19,5,9,2,2
19,6,9,2,16
19,7,9,2,16
19,8,9,2,19
19,9,9,0,22
19,10,9,0,4
19,11,9,0,13
19,12,9,2,4
19,13,9,2,18
19,14,2,0,11
19,15,2,0,12
19,16,2,0,8
19,17,9,2,7
19,18,9,0,15
19,19,9,0,23
19,20,9,0,22
19,21,9,0,8
19,22,9,0,2
19,23,9,0,15
19,24,9,0,5
19,25,9,0,15
19,26,9,0,15
19,27,9,0,1
19,28,9,2,20
19,29,9,2,10
19,30,2,0,16
19,31,2,0,13
19,32,2,0,9
19,33,2,0,19
19,34,2,0,4
19,35,2,0,24
19,36,2,0,0
19,37,2,0,14
19,38,2,0,10
19,39,2,0,24
19,40,2,0,1
19,41,2,0,12
19,42,2,0,22
19,43,2,0,3
19,44,9,2,7
19,45,9,0,0
19,46,9,0,15
19,47,9,0,11
19,48,9,0,14
19,49,9,0,12
20,0,9,0,18
20,1,9,0,22
20,2,9,0,13
20,3,9,0,18
20,4,9,0,8
20,5,9,2,4
20,6,9,2,4
20,7,9,2,4
20,8,9,0,19
20,9,9,0,18
20,10,9,0,4
20,11,9,0,18
20,12,9,2,0
20,13,2,0,8
20,14,2,0,2
20,15,2,0,17
20,16,2,0,18
20,17,9,2,24
20,18,9,0,13
20,19,9,0,24
20,20,9,0,20
20,21,9,0,24
20,22,9,0,0
20,23,9,0,20
20,24,9,0,20
20,25,9,0,20
20,26,9,0,19
20,27,9,2,0
20,28,9,2,8
20,29,2,0,23
20,30,2,0,8
20,31,2,0,3
20,32,2,0,19
20,33,2,0,16
20,34,2,0,22
20,35,2,0,17
20,36,2,0,5
20,37,2,0,8
20,38,2,0,14
20,39,2,0,12
20,40,2,0,10
20,41,2,0,2
20,42,2,0,9
20,43,2,0,3
20,44,9,2,24
20,45,9,0,8
20,46,9,0,24
20,47,9,0,24
20,48,9,0,0
20,49,9,0,20
21,0,9,0,13
21,1,9,0,17
21,2,9,0,8
21,3,9,0,2
21,4,9,0,12
21,5,9,0,7
21,6,9,0,13
21,7,9,0,2
21,8,9,0,4
21,9,9,0,0
21,10,9,0,4
21,11,9,0,21
21,12,9,2,18
21,13,2,0,9
21,14,2,0,2
21,15,2,0,5
21,16,9,2,6
21,17,9,0,8
21,18,9,0,19
21,19,9,0,17
21,20,9,0,10
21,21,9,0,22
21,22,9,0,17
21,23,9,0,23
21,24,9,0,13
21,25,9,0,20
21,26,9,0,20
21,27,9,2,18
21,28,2,0,2
21,29,2,0,14
21,30,2,0,17
21,31,2,0,7
21,32,2,0,16
21,33,2,0,8
21,34,2,0,16
21,35,2,0,22
21,36,2,0,10
21,37,2,0,13
21,38,2,0,12
21,39,2,0,2
21,40,2,0,16
21,41,2,0,9
21,42,2,0,13
21,43,9,2,6
21,44,9,0,4
21,45,9,0,21
21,46,9,0,3
21,47,9,0,24
21,48,9,0,16
21,49,9,0,21
22,0,9,0,1
22,1,9,0,16
22,2,9,0,6
22,3,9,0,23
22,4,9,0,21
22,5,9,0,21
22,6,9,0,9
22,7,9,0,7
22,8,9,0,0
22,9,9,0,8
22,10,9,0,8
22,11,9,2,0
22,12,2,0,8
22,13,2,0,21
22,14,2,0,4
22,15,2,0,20
22,16,9,2,24
22,17,9,0,16
22,18,9,0,11
22,19,9,0,6
22,20,9,0,9
22,21,9,0,2
22,22,9,0,14
22,23,9,0,15
22,24,9,0,5
22,25,9,0,13
22,26,9,2,0
22,27,9,2,16
22,28,2,0,7
22,29,2,0,7
22,30,2,0,24
22,31,2,0,1
22,32,2,0,8
22,33,2,0,5
22,34,2,0,6
22,35,2,0,10
22,36,2,0,23
22,37,2,0,10
22,38,2,0,1
22,39,2,0,11
22,40,2,0,4
22,41,2,0,18
22,42,2,0,21
22,43,9,2,24
22,44,9,0,5
22,45,9,0,8
22,46,9,0,0
22,47,9,0,9
22,48,9,0,19
22,49,9,0,7
23,0,9,0,1
23,1,9,0,11
23,2,9,0,5
23,3,9,0,11
23,4,9,0,22
23,5,9,0,5
23,6,9,0,22
23,7,9,0,6
23,8,9,0,13
23,9,9,0,19
23,10,9,0,5
23,11,9,2,17
23,12,2,0,5
23,13,2,0,4
23,14,2,0,23
23,15,9,2,6
23,16,9,0,20
23,17,9,0,18
23,18,9,0,5
23,19,9,0,11
23,20,9,0,9
23,21,9,0,7
23,22,9,0,20
23,23,9,0,2
23,24,9,0,6
23,25,9,0,13
23,26,9,2,4
23,27,9,2,2
23,28,2,0,7
23,29,2,0,8
23,30,2,0,14
23,31,2,0,24
23,32,2,0,16
23,33,2,0,20
23,34,2,0,4
23,35,2,0,21
23,36,2,0,13
23,37,2,0,22
23,38,2,0,7
23,39,2,0,22
23,40,2,0,2
23,41,2,0,5
23,42,9,2,6
23,43,9,0,3
23,44,9,0,23
23,45,9,0,15
23,46,9,0,19
23,47,9,0,22
23,48,9,0,1
23,49,9,0,20
24,0,9,0,6
24,1,9,0,3
24,2,9,0,3
24,3,9,0,1
24,4,9,0,3
24,5,9,0,20
24,6,9,0,21
24,7,9,0,2
24,8,9,0,19
24,9,9,0,22
24,10,9,0,17
24,11,9,2,18
24,12,2,0,19
24,13,2,0,20
24,14,2,0,14
24,15,9,2,24
24,16,9,0,1
24,17,9,0,4
24,18,9,0,5
24,19,9,0,21
24,20,9,0,16
24,21,9,0,23
24,22,9,0,11
24,23,9,0,5
24,24,9,0,4
24,25,9,0,9
24,26,9,0,8
24,27,9,2,18
24,28,2,0,23
24,29,2,0,3
24,30,2,0,7
24,31,2,0,6
24,32,2,0,2
24,33,2,0,12
24,34,2,0,7
24,35,2,0,5
24,36,2,0,3
24,37,2,0,23
24,38,2,0,12
24,39,2,0,22
24,40,2,0,12
24,41,2,0,14
24,42,9,2,24
24,43,9,0,5
24,44,9,0,8
24,45,9,0,17
24,46,9,0,5
24,47,9,0,21
24,48,9,0,23
24,49,9,0,2
25,0,9,0,13
25,1,9,0,22
25,2,9,0,14
25,3,9,0,19
25,4,9,0,22
25,5,9,0,20
25,6,9,0,8
25,7,9,0,20
25,8,9,0,21
25,9,9,0,5
25,10,9,2,0
25,11,2,0,13
25,12,2,0,6
25,13,2,0,19
25,14,9,2,9
25,15,9,0,24
25,16,9,0,24
25,17,9,0,18
25,18,9,0,19
25,19,9,0,6
25,20,9,0,21
25,21,9,0,9
25,22,9,0,19
25,23,9,0,12
25,24,9,0,10
25,25,9,2,20
25,26,9,2,10
25,27,2,0,9
25,28,2,0,12
25,29,2,0,8
25,30,2,0,10
25,31,2,0,18
25,32,2,0,4
25,33,2,0,9
25,34,2,0,18
25,35,2,0,8
25,36,2,0,6
25,37,2,0,3
25,38,2,0,11
25,39,2,0,8
25,40,2,0,1
25,41,9,2,14
25,42,9,0,11
25,43,9,0,20
25,44,9,0,23
25,45,9,0,22
25,46,9,0,23
25,47,9,0,8
25,48,9,0,1
25,49,9,0,21
26,0,9,0,22
26,1,9,0,20
26,2,9,0,16
26,3,9,0,22
26,4,9,0,6
26,5,9,0,13
26,6,9,0,14
26,7,9,0,20
26,8,9,0,17
26,9,9,0,12
26,10,9,2,18
26,11,2,0,0
26,12,2,0,12
26,13,9,2,6
26,14,9,0,2
26,15,9,0,8
26,16,9,0,1
26,17,9,0,13
26,18,9,0,14
26,19,9,0,8
26,20,9,0,23
26,21,9,0,6
26,22,9,0,1
26,23,9,0,11
26,24,9,2,15
26,25,9,2,8
26,26,2,0,3
26,27,2,0,11
26,28,2,0,6
26,29,2,0,9
26,30,2,0,6
26,31,2,0,1
26,32,2,0,3
26,33,2,0,10
26,34,2,0,2
26,35,2,0,0
26,36,2,0,20
26,37,2,0,1
26,38,2,0,6
26,39,2,0,18
26,40,9,2,14
26,41,9,0,0
26,42,9,0,13
26,43,9,0,6
26,44,9,0,23
26,45,9,0,15
26,46,9,0,15
26,47,9,0,1
26,48,9,0,2
26,49,9,0,6
27,0,9,0,1
27,1,9,0,7
27,2,9,0,15
27,3,9,0,4
27,4,9,0,1
27,5,9,0,13
27,6,9,0,16
27,7,9,0,4
27,8,9,0,15
27,9,9,2,15
27,10,2,0,23
27,11,2,0,19
27,12,2,0,7
27,13,9,2,24
27,14,9,0,3
27,15,9,0,6
27,16,9,0,10
27,17,9,0,5
27,18,9,0,5
27,19,9,0,5
27,20,9,0,23
27,21,9,0,11
27,22,9,0,7
27,23,9,2,0
27,24,2,0,10
27,25,2,0,21
27,26,2,0,20
27,27,2,0,0
27,28,2,0,12
27,29,2,0,6
27,30,2,0,23
27,31,2,0,16
27,32,2,0,13
27,33,2,0,24
27,34,2,0,2
27,35,2,0,16
27,36,2,0,1
27,37,2,0,20
27,38,2,0,10
27,39,9,2,6
27,40,9,0,5
27,41,9,0,3
27,42,9,2,20
27,43,9,2,20
27,44,9,0,6
27,45,9,0,7
27,46,9,0,21
27,47,9,0,5
27,48,9,0,6
27,49,9,0,24
28,0,9,0,8
28,1,9,0,23
28,2,9,0,16
28,3,9,0,4
28,4,9,0,6
28,5,9,0,4
28,6,9,0,19
28,7,9,0,0
28,8,9,2,0
28,9,2,0,20
28,10,2,0,17
28,11,2,0,22
28,12,9,2,11
28,13,9,0,4
28,14,9,0,10
28,15,9,0,17
28,16,9,0,19
28,17,9,0,7
28,18,9,0,5
28,19,9,0,3
28,20,9,0,4
28,21,9,0,18
28,22,9,0,18
28,23,9,2,18
28,24,2,0,2
28,25,2,0,11
28,26,2,0,17
28,27,2,0,1
28,28,2,0,5
28,29,2,0,15
28,30,2,0,23
28,31,2,0,11
28,32,2,0,12
28,33,2,0,5
28,34,2,0,16
28,35,2,0,19
28,36,2,0,14
28,37,2,0,22
28,38,2,0,15
28,39,9,2,24
28,40,9,0,2
28,41,9,2,10
28,42,9,2,8
28,43,9,2,7
28,44,9,0,23
28,45,9,0,7
28,46,9,0,6
28,47,9,0,15
28,48,9,0,13
28,49,9,0,12
29,0,9,0,16
29,1,9,0,20
29,2,9,0,4
29,3,9,0,8
29,4,9,0,4
29,5,9,0,13
29,6,9,0,22
29,7,9,0,10
29,8,9,2,18
29,9,2,0,7
29,10,2,0,18
29,11,9,2,6
29,12,9,0,7
29,13,9,0,13
29,14,9,0,18
29,15,9,0,19
29,16,9,0,9
29,17,9,0,1
29,18,9,0,4
29,19,9,0,22
29,20,9,0,16
29,21,9,0,11
29,22,9,2,15
29,23,2,0,9
29,24,2,0,2
29,25,2,0,10
29,26,2,0,10
29,27,2,0,19
29,28,2,0,23
29,29,2,0,3
29,30,2,0,12
29,31,2,0,6
29,32,2,0,6
29,33,2,0,22
29,34,2,0,11
29,35,2,0,3
29,36,2,0,0
29,37,2,0,23
29,38,9,2,14
29,39,9,0,0
29,40,9,2,13
29,41,2,0,22
29,42,2,0,15
29,43,9,2,7
29,44,9,0,5
29,45,9,0,7
29,46,9,0,17
29,47,9,0,10
29,48,9,0,2
29,49,9,0,12
30,0,9,0,15
30,1,9,0,11
30,2,9,0,8
30,3,9,0,11
30,4,9,0,13
30,5,9,0,15
30,6,9,0,9
30,7,9,2,0
30,8,2,0,17
30,9,2,0,2
30,10,2,0,11
30,11,9,2,7
30,12,9,0,18
30,13,9,0,21
30,14,9,0,20
30,15,9,0,7
30,16,9,0,19
30,17,9,0,9
30,18,9,0,1
30,19,9,0,19
30,20,9,0,2
30,21,9,2,0
30,22,2,0,6
30,23,2,0,16
30,24,2,0,5
30,25,2,0,20
30,26,2,0,11
30,27,2,0,17
30,28,2,0,6
30,29,2,0,23
30,30,2,0,20
30,31,2,0,24
30,32,2,0,12
30,33,2,0,11
30,34,2,0,1
30,35,2,0,14
30,36,2,0,6
30,37,9,2,14
30,38,9,0,12
30,39,9,2,0
30,40,2,0,1
30,41,2,0,22
30,42,2,0,10
30,43,9,2,21
30,44,9,0,9
30,45,9,0,19
30,46,9,0,1
30,47,9,0,12
30,48,9,0,3
30,49,9,0,13
31,0,9,0,6
31,1,9,0,20
31,2,9,0,20
31,3,9,0,19
31,4,9,0,13
31,5,9,0,22
31,6,9,0,13
31,7,9,2,18
31,8,2,0,8
31,9,2,0,21
31,10,2,0,21
31,11,9,2,7
31,12,9,0,7
31,13,9,0,10
31,14,9,0,21
31,15,9,0,10
31,16,9,0,0
31,17,9,0,7
31,18,9,0,23
31,19,9,0,20
31,20,9,0,18
31,21,9,2,18
31,22,2,0,21
31,23,2,0,2
31,24,2,0,15
31,25,2,0,21
31,26,2,0,17
31,27,2,0,8
31,28,2,0,2
31,29,2,0,18
31,30,2,0,6
31,31,2,0,10
31,32,2,0,3
31,33,2,0,21
31,34,2,0,10
31,35,2,0,14
31,36,9,2,9
31,37,9,0,1
31,38,9,0,7
31,39,9,2,18
31,40,2,0,10
31,41,2,0,9
31,42,2,0,14
31,43,9,2,22
31,44,9,0,5
31,45,9,0,2
31,46,9,0,14
31,47,9,0,21
31,48,9,0,12
32,0,9,0,7
32,1,9,0,3
32,2,9,0,9
32,3,9,0,22
32,4,9,0,12
32,5,9,0,11
32,6,9,2,0
32,7,2,0,17
32,8,2,0,20
32,9,2,0,24
32,10,2,0,13
32,11,9,2,24
32,12,9,0,3
32,13,9,0,21
32,14,9,0,1
32,15,9,0,11
32,16,9,0,4
32,17,9,0,0
32,18,9,0,14
32,19,9,0,7
32,20,9,2,0
32,21,2,0,13
32,22,2,0,4
32,23,2,0,2
32,24,2,0,13
32,25,2,0,18
32,26,2,0,12
32,27,2,0,6
32,28,2,0,14
32,29,2,0,22
32,30,2,0,20
32,31,2,0,17
32,32,2,0,2
32,33,2,0,7
32,34,2,0,24
32,35,9,2,9
32,36,9,0,6
32,37,9,0,11
32,38,9,2,5
32,39,2,0,10
32,40,2,0,14
32,41,2,0,17
32,42,2,0,24
32,43,9,2,24
32,44,9,0,2
32,45,9,0,3
32,46,9,0,16
32,47,9,0,21
32,48,9,0,0
33,0,9,0,4
33,1,9,0,10
33,2,9,0,1
33,3,9,0,19
33,4,9,0,10
33,5,9,0,24
33,6,9,2,18
33,7,2,0,21
33,8,2,0,10
33,9,2,0,7
33,10,9,2,6
33,11,9,0,14
33,12,9,0,3
33,13,9,0,19
33,14,9,0,23
33,15,9,0,5
33,16,9,0,18
33,17,9,0,13
33,18,9,0,8
33,19,9,0,8
33,20,9,2,18
33,21,2,0,13
33,22,2,0,15
33,23,2,0,0
33,24,2,0,16
33,25,2,0,19
33,26,2,0,20
33,27,2,0,21
33,28,2,0,16
33,29,2,0,17
33,30,2,0,13
33,31,2,0,9
33,32,2,0,1
33,33,2,0,13
33,34,9,2,14
33,35,9,0,16
33,36,9,0,10
33,37,9,2,15
33,38,2,0,5
33,39,2,0,14
33,40,2,0,12
33,41,2,0,14
33,42,9,2,9
33,43,9,0,14
33,44,9,0,24
33,45,9,0,17
33,46,9,0,21
33,47,9,0,14
33,48,9,0,9
34,0,9,0,22
34,1,9,0,7
34,2,9,0,6
34,3,9,0,6
34,4,9,0,24
34,5,9,2,0
34,6,2,0,14
34,7,2,0,23
34,8,2,0,9
34,9,2,0,24
34,10,9,2,24
34,11,9,0,11
34,12,9,0,16
34,13,9,0,21
34,14,9,0,1
34,15,9,0,24
34,16,9,0,17
34,17,9,0,5
34,18,9,0,8
34,19,9,2,0
34,20,2,0,5
34,21,2,0,11
34,22,2,0,21
34,23,2,0,7
34,24,2,0,6
34,25,2,0,24
34,26,2,0,5
34,27,2,0,9
34,28,2,0,3
34,29,2,0,24
34,30,2,0,6
34,31,2,0,13
34,32,2,0,8
34,33,9,2,6
34,34,9,0,21
34,35,9,0,0
34,36,9,2,0
34,37,2,0,3
34,38,2,0,22
34,39,2,0,20
34,40,2,0,12
34,41,9,2,6
34,42,9,0,4
34,43,9,0,23
34,44,9,0,23
34,45,9,0,20
34,46,9,0,7
34,47,9,0,17
34,48,9,0,11
35,0,9,0,23
35,1,9,0,13
35,2,9,0,18
35,3,9,0,1
35,4,9,0,22
35,5,9,2,2
35,6,2,0,9
35,7,2,0,20
35,8,2,0,0
35,9,9,2,6
35,10,9,0,17
35,11,9,0,17
35,12,9,0,12
35,13,9,0,3
35,14,9,0,12
35,15,9,0,2
35,16,9,0,6
35,17,9,0,20
35,18,9,0,17
35,19,9,2,18
35,20,2,0,23
35,21,2,0,17
35,22,2,0,10
35,23,2,0,24
35,24,2,0,3
35,25,2,0,4
35,26,2,0,21
35,27,2,0,5
35,28,2,0,6
35,29,2,0,6
35,30,2,0,12
35,31,2,0,9
35,32,2,0,8
35,33,9,2,24
35,34,9,0,1
35,35,9,0,8
35,36,9,2,18
35,37,2,0,3
35,38,2,0,11
35,39,2,0,20
35,40,2,0,9
35,41,9,2,24
35,42,9,0,19
35,43,9,0,12
35,44,9,0,2
35,45,9,0,18
35,46,9,0,11
35,47,9,0,21
35,48,9,0,5
36,0,9,0,3
36,1,9,0,17
36,2,9,0,7
36,3,9,0,1
36,4,9,0,7
36,5,9,2,2
36,6,2,0,17
36,7,2,0,24
36,8,2,0,18
36,9,9,2,22
36,10,9,0,24
36,11,9,0,3
36,12,9,0,3
36,13,9,0,3
36,14,9,0,22
36,15,9,0,17
36,16,9,0,6
36,17,9,0,11
36,18,9,2,10
36,19,2,0,9
36,20,2,0,0
36,21,2,0,20
36,22,2,0,24
36,23,2,0,15
36,24,2,0,7
36,25,2,0,23
36,26,2,0,24
36,27,2,0,18
36,28,2,0,0
36,29,2,0,19
36,30,2,0,18
36,31,2,0,3
36,32,9,2,19
36,33,9,0,8
36,34,9,0,14
36,35,9,2,0
36,36,2,0,21
36,37,2,0,5
36,38,2,0,13
36,39,2,0,2
36,40,9,2,19
36,41,9,0,9
36,42,9,0,11
36,43,9,0,0
36,44,9,0,11
36,45,9,0,10
36,46,9,0,1
36,47,9,0,5
36,48,9,0,3
37,0,9,0,24
37,1,9,0,18
37,2,9,0,22
37,3,9,0,10
37,4,9,0,7
37,5,9,2,18
37,6,2,0,5
37,7,2,0,15
37,8,2,0,2
37,9,9,2,22
37,10,9,2,20
37,11,9,0,14
37,12,9,0,18
37,13,9,0,1
37,14,9,0,23
37,15,9,0,6
37,16,9,0,20
37,17,9,2,0
37,18,2,0,2
37,19,2,0,10
37,20,2,0,9
37,21,2,0,9
37,22,2,0,16
37,23,2,0,4
37,24,2,0,10
37,25,2,0,12
37,26,2,0,18
37,27,2,0,0
37,28,2,0,4
37,29,2,0,13
37,30,2,0,17
37,31,9,2,14
37,32,9,0,16
37,33,9,0,20
37,34,9,0,18
37,35,9,2,18
37,36,2,0,24
37,37,2,0,18
37,38,2,0,1
37,39,9,2,19
37,40,9,0,12
37,41,9,0,20
37,42,9,0,20
37,43,9,0,1
37,44,9,0,9
37,45,9,0,2
37,46,9,0,5
37,47,9,0,8
37,48,9,0,20
38,0,9,0,9
38,1,9,0,19
38,2,9,0,11
38,3,9,0,10
38,4,9,2,0
38,5,2,0,24
38,6,2,0,24
38,7,2,0,21
38,8,2,0,15
38,9,9,2,8
38,10,9,2,23
38,11,9,0,1
38,12,9,0,17
38,13,9,0,6
38,14,9,0,10
38,15,9,0,12
38,16,9,0,6
38,17,9,2,18
38,18,2,0,11
38,19,2,0,21
38,20,2,0,4
38,21,9,2,16
38,22,9,2,16
38,23,2,0,3
38,24,2,0,20
38,25,2,0,13
38,26,2,0,22
38,27,2,0,13
38,28,2,0,19
38,29,9,2,16
38,30,9,2,14
38,31,9,0,22
38,32,9,0,5
38,33,9,0,6
38,34,9,2,0
38,35,2,0,11
38,36,2,0,12
38,37,2,0,12
38,38,9,2,9
38,39,9,0,24
38,40,9,0,17
38,41,9,0,21
38,42,9,0,1
38,43,9,0,4
38,44,9,0,1
38,45,9,0,14
38,46,9,0,21
38,47,9,0,21
38,48,9,0,10
39,0,9,0,0
39,1,9,0,0
39,2,9,0,17
39,3,9,0,13
39,4,9,2,2
39,5,2,0,11
39,6,2,0,19
39,7,2,0,1
39,8,2,0,9
39,9,2,0,24
39,10,9,2,23
39,11,9,0,21
39,12,9,0,23
39,13,9,0,5
39,14,9,0,8
39,15,9,0,10
39,16,9,2,10
39,17,2,0,17
39,18,2,0,2
39,19,2,0,12
39,20,9,2,6
39,21,9,2,4
39,22,9,2,3
39,23,2,0,0
39,24,2,0,11
39,25,2,0,3
39,26,2,0,15
39,27,2,0,13
39,28,9,2,9
39,29,9,2,4
39,30,9,0,19
39,31,9,0,20
39,32,9,0,11
39,33,9,0,12
39,34,9,2,2
39,35,9,2,16
39,36,9,2,16
39,37,9,2,14
39,38,9,0,14
39,39,9,0,3
39,40,9,0,11
39,41,9,0,1
39,42,9,0,16
39,43,9,0,24
39,44,9,0,13
39,45,9,0,7
39,46,9,0,5
39,47,9,0,16
39,48,9,0,24
40,0,9,0,14
40,1,9,0,23
40,2,9,0,19
40,3,9,0,10
40,4,9,2,2
40,5,2,0,16
40,6,2,0,24
40,7,2,0,6
40,8,2,0,2
40,9,2,0,4
40,10,9,2,24
40,11,9,0,8
40,12,9,0,7
40,13,9,0,5
40,14,9,0,7
40,15,9,2,15
40,16,2,0,18
40,17,2,0,22
40,18,2,0,8
40,19,2,0,11
40,20,9,2,24
40,21,9,0,10
40,22,9,2,17
40,23,9,2,16
40,24,9,2,16
40,25,9,2,16
40,26,9,2,16
40,27,9,2,19
40,28,9,0,18
40,29,9,0,5
40,30,9,0,16
40,31,9,0,16
40,32,9,0,19
40,33,9,0,23
40,34,9,2,4
40,35,9,2,4
40,36,9,2,4
40,37,9,0,4
40,38,9,0,5
40,39,9,0,23
40,40,9,0,14
40,41,9,0,14
40,42,9,0,23
40,43,9,0,11
40,44,9,0,5
40,45,9,0,17
40,46,9,0,8
40,47,9,0,16
40,48,9,0,9
41,0,9,0,0
41,1,9,0,19
41,2,9,0,17
41,3,9,0,22
41,4,9,2,1
41,5,2,0,12
41,6,2,0,17
41,7,2,0,22
41,8,2,0,15
41,9,9,2,6
41,10,9,0,18
41,11,9,0,4
41,12,9,0,21
41,13,9,0,23
41,14,9,2,0
41,15,2,0,1
41,16,2,0,2
41,17,2,0,20
41,18,2,0,0
41,19,9,2,6
41,20,9,0,15
41,21,9,0,8
41,22,9,2,4
41,23,9,2,4
41,24,9,2,4
41,25,9,2,4
41,26,9,2,4
41,27,9,0,2
41,28,9,0,22
41,29,9,0,19
41,30,9,0,4
41,31,9,0,7
41,32,9,0,14
41,33,9,0,17
41,34,9,0,1
41,35,9,0,8
41,36,9,0,14
41,37,9,0,23
41,38,9,0,14
41,39,9,0,5
41,40,9,0,18
41,41,9,0,0
41,42,9,0,15
41,43,9,0,4
41,44,9,0,3
41,45,9,0,13
41,46,9,0,15
41,47,9,0,5
41,48,9,0,15
42,0,9,0,13
42,1,9,0,20
42,2,9,0,23
42,3,9,0,11
42,4,9,2,2
42,5,2,0,1
42,6,2,0,23
42,7,2,0,0
42,8,2,0,3
42,9,9,2,21
42,10,9,0,10
42,11,9,0,3
42,12,9,0,9
42,13,9,0,12
42,14,9,2,18
42,15,2,0,10
42,16,2,0,0
42,17,2,0,18
42,18,2,0,1
42,19,9,2,24
42,20,9,0,13
42,21,9,0,4
42,22,9,0,23
42,23,9,0,15
42,24,9,0,15
42,25,9,0,11
42,26,9,0,18
42,27,9,0,18
42,28,9,0,7
42,29,9,0,7
42,30,9,0,17
42,31,9,0,6
42,32,9,0,7
42,33,9,0,17
42,34,9,0,18
42,35,9,0,14
42,36,9,0,10
42,37,9,0,17
42,38,9,0,12
42,39,9,0,0
42,40,9,0,6
42,41,9,0,8
42,42,9,0,19
42,43,9,0,8
42,44,9,0,8
42,45,9,0,6
42,46,9,0,24
42,47,9,0,18
42,48,9,0,0
43,0,9,0,0
43,1,9,0,8
43,2,9,0,1
43,3,9,0,11
43,4,9,2,2
43,5,2,0,19
43,6,2,0,6
43,7,2,0,0
43,8,2,0,20
43,9,9,2,22
43,10,9,2,20
43,11,9,2,20
43,12,9,0,8
43,13,9,2,15
43,14,2,0,19
43,15,2,0,22
43,16,2,0,22
43,17,2,0,2
43,18,9,2,9
43,19,9,0,21
43,20,9,0,19
43,21,9,0,10
43,22,9,0,21
43,23,9,0,2
43,24,9,0,0
43,25,9,0,5
43,26,9,0,13
43,27,9,0,6
43,28,9,0,9
43,29,9,0,13
43,30,9,0,18
43,31,9,0,19
43,32,9,0,9
43,33,9,0,5
43,34,9,0,24
43,35,9,0,18
43,36,9,0,15
43,37,9,0,0
43,38,9,0,4
43,39,9,0,17
43,40,9,0,24
43,41,9,0,12
43,42,9,0,3
43,43,9,0,18
43,44,9,0,20
43,45,9,0,5
43,46,9,0,3
43,47,9,0,8
43,48,9,0,14
44,0,9,0,16
44,1,9,0,21
44,2,9,0,1
44,3,9,0,18
44,4,9,2,17
44,5,2,0,2
44,6,2,0,19
44,7,2,0,3
44,8,2,0,7
44,9,9,2,8
44,10,9,2,8
44,11,9,2,22
44,12,9,2,10
44,13,2,0,24
44,14,2,0,15
44,15,2,0,22
44,16,2,0,20
44,17,9,2,9
44,18,9,0,9
44,19,9,0,1
44,20,9,0,2
44,21,9,0,23
44,22,9,0,10
44,23,9,0,13
44,24,9,0,1
44,25,9,0,1
44,26,9,0,17
44,27,9,0,17
44,28,9,0,7
44,29,9,0,21
44,30,9,0,4
44,31,9,0,12
44,32,9,0,10
44,33,9,0,15
44,34,9,0,22
44,35,9,0,15
44,36,9,0,8
44,37,9,0,0
44,38,9,0,11
44,39,9,0,20
44,40,9,0,24
44,41,9,0,7
44,42,9,0,21
44,43,9,0,16
44,44,9,0,13
44,45,9,0,12
44,46,9,0,14
44,47,9,0,24
44,48,9,0,13
45,0,9,0,16
45,1,9,0,11
45,2,9,0,16
45,3,9,0,4
45,4,9,2,1
45,5,2,0,10
45,6,2,0,18
45,7,2,0,0
45,8,2,0,18
45,9,2,0,4
45,10,2,0,18
45,11,9,2,8
45,12,2,0,18
45,13,2,0,5
45,14,2,0,23
45,15,2,0,19
45,16,9,2,11
45,17,9,0,4
45,18,9,0,8
45,19,9,0,14
45,20,9,0,15
45,21,9,0,15
45,22,9,0,6
45,23,9,0,22
45,24,9,0,3
45,25,9,0,18
45,26,9,0,13
45,27,9,0,16
45,28,9,0,10
45,29,9,0,13
45,30,9,0,7
45,31,9,0,22
45,32,9,0,6
45,33,9,0,0
45,34,9,0,2
45,35,9,0,0
45,36,9,0,10
45,37,9,0,13
45,38,9,0,3
45,39,9,0,18
45,40,9,0,16
45,41,9,0,18
45,42,9,0,1
45,43,9,0,11
45,44,9,0,18
45,45,9,0,18
45,46,9,0,22
45,47,9,0,10
45,48,9,0,4
46,0,9,0,19
46,1,9,0,18
46,2,9,0,20
46,3,9,0,21
46,4,9,2,17
46,5,9,2,16
46,6,2,0,9
46,7,2,0,14
46,8,2,0,12
46,9,2,0,21
46,10,2,0,6
46,11,2,0,24
46,12,2,0,18
46,13,2,0,10
46,14,2,0,12
46,15,9,2,19
46,16,9,0,6
46,17,9,0,23
46,18,9,0,9
46,19,9,0,19
46,20,9,0,20
46,21,9,0,13
46,22,9,0,6
46,23,9,0,15
46,24,9,0,9
46,25,9,0,7
46,26,9,0,1
46,27,9,0,5
46,28,9,0,24
46,29,9,0,2
46,30,9,0,4
46,31,9,0,19
46,32,9,0,2
46,33,9,0,6
46,34,9,0,15
46,35,9,0,3
46,36,9,0,1
46,37,9,0,6
46,38,9,0,8
46,39,9,0,1
46,40,9,0,11
46,41,9,0,8
46,42,9,0,14
46,43,9,0,15
46,44,9,0,22
46,45,9,0,13
46,46,9,0,23
46,47,9,0,15
46,48,9,0,2
47,0,9,0,7
47,1,9,0,13
47,2,9,0,11
47,3,9,0,16
47,4,9,2,4
47,5,9,2,3
47,6,2,0,2
47,7,2,0,24
47,8,2,0,10
47,9,2,0,8
47,10,2,0,11
47,11,2,0,6
47,12,2,0,14
47,13,2,0,15
47,14,9,2,6
47,15,9,0,17
47,16,9,0,3
47,17,9,0,2
47,18,9,0,4
47,19,9,0,0
47,20,9,0,17
47,21,9,0,18
47,22,9,0,6
47,23,9,0,17
47,24,9,0,5
47,25,9,0,4
47,26,9,0,2
47,27,9,0,13
47,28,9,0,6
47,29,9,0,21
47,30,9,0,23
47,31,9,0,6
47,32,9,0,12
47,33,9,0,16
47,34,9,0,0
47,35,9,0,1
47,36,9,0,13
47,37,9,0,9
47,38,9,0,7
47,39,9,0,1
47,40,9,0,20
47,41,9,0,10
47,42,9,0,24
47,43,9,0,3
47,44,9,0,8
47,45,9,0,17
47,46,9,0,21
47,47,9,0,24
47,48,9,0,14
48,0,9,0,22
48,1,9,0,22
48,2,9,0,9
48,3,9,0,3
48,4,9,0,5
48,5,9,2,17
48,6,9,2,16
48,7,2,0,16
48,8,2,0,17
48,9,2,0,24
48,10,2,0,20
48,11,2,0,20
48,12,2,0,15
48,13,2,0,14
48,14,9,2,24
48,15,9,0,8
48,16,9,0,6
48,17,9,0,15
48,18,9,0,7
48,19,9,0,0
48,20,9,0,20
48,21,9,0,23
48,22,9,0,19
48,23,9,0,15
48,24,9,0,12
48,25,9,0,22
48,26,9,0,6
48,27,9,0,0
48,28,9,0,11
48,29,9,0,15
48,30,9,0,13
48,31,9,0,2
48,32,9,0,19
48,33,9,0,20
48,34,9,0,14
48,35,9,0,7
48,36,9,0,9
48,37,9,0,3
48,38,9,0,15
48,39,9,0,20
48,40,9,0,14
48,41,9,0,14
48,42,9,0,12
48,43,9,0,12
48,44,9,0,5
48,45,9,0,17
48,46,9,0,16
48,47,9,0,11
48,48,9,0,12
49,0,9,0,0
49,1,9,0,6
49,2,9,0,22
49,3,9,0,21
49,4,9,0,10
49,5,9,2,4
49,6,9,2,3
49,7,2,0,21
49,8,2,0,10
49,9,2,0,12
49,10,2,0,9
49,11,2,0,2
49,12,2,0,5
49,13,9,2,11
49,14,9,0,18
49,15,9,0,11
49,16,9,0,24
49,17,9,0,18
49,18,9,0,21
49,19,9,0,3
49,20,9,0,9
49,21,9,0,16
49,22,9,0,21
49,23,9,0,15
49,24,9,0,9
49,25,9,0,5
49,26,9,0,18
49,27,9,0,14
49,28,9,0,13
49,29,9,0,0
49,30,9,0,9
49,31,9,0,12
49,32,9,0,10
49,33,9,0,18
49,34,9,0,19
49,35,9,0,22
49,36,9,0,11
49,37,9,0,4
49,38,9,0,15
49,39,9,0,14
49,40,9,0,7
49,41,9,0,1
49,42,9,0,9
49,43,9,0,1
49,44,9,0,24
49,45,9,0,6
49,46,9,0,13
49,47,9,0,9
49,48,9,0,14
50,0,9,0,8
50,1,9,0,12
50,2,9,0,8
50,3,9,0,20
50,4,9,0,17
50,5,9,0,12
50,6,9,2,1
50,7,2,0,12
50,8,2,0,9
50,9,2,0,15
50,10,2,0,15
50,11,2,0,21
50,12,9,2,19
50,13,9,0,18
50,14,9,0,6
50,15,9,0,0
50,16,9,0,9
50,17,9,0,12
50,18,9,0,5
50,19,9,0,12
50,20,9,0,10
50,21,9,0,5
50,22,9,0,1
50,23,9,0,9
50,24,9,0,12
50,25,9,0,18
50,26,9,0,18
50,27,9,0,14
50,28,9,0,18
50,29,9,0,15
50,30,9,0,9
50,31,9,0,14
50,32,9,0,13
50,33,9,0,8
50,34,9,0,13
50,35,9,0,1
50,36,9,0,20
50,37,9,0,14
50,38,9,0,1
50,39,9,0,22
50,40,9,0,22
50,41,9,0,7
50,42,9,0,19
50,43,9,0,11
50,44,9,0,19
50,45,9,0,2
50,46,9,0,12
50,47,9,0,22
50,48,9,0,12
51,0,9,0,4
51,1,9,0,5
51,2,9,0,4
51,3,9,0,7
51,4,9,0,17
51,5,9,0,23
51,6,9,2,17
51,7,2,0,12
51,8,2,0,20
51,9,2,0,19
51,10,2,0,6
51,11,9,2,14
51,12,9,0,15
51,13,9,0,4
51,14,9,0,13
51,15,9,0,7
51,16,9,0,5
51,17,9,0,15
51,18,9,0,0
51,19,9,0,2
51,20,9,0,24
51,21,9,0,11
51,22,9,0,16
51,23,9,0,3
51,24,9,0,7
51,25,9,0,14
51,26,9,0,13
51,27,9,0,18
51,28,9,0,4
51,29,9,0,24
51,30,9,0,4
51,31,9,0,1
51,32,9,0,6
51,33,9,0,21
51,34,9,0,17
51,35,9,0,14
51,36,9,0,24
51,37,9,0,12
51,38,9,0,5
51,39,9,0,0
51,40,9,0,13
51,41,9,0,0
51,42,9,0,1
51,43,9,0,8
51,44,9,0,11
51,45,9,0,11
51,46,9,0,1
51,47,9,0,12
51,48,9,0,9
52,0,9,0,3
52,1,9,0,6
52,2,9,0,8
52,3,9,0,21
52,4,9,0,24
52,5,9,0,0
52,6,9,2,3
52,7,9,2,16
52,8,2,0,1
52,9,9,2,16
52,10,9,2,19
52,11,9,0,17
52,12,9,0,20
52,13,9,0,10
52,14,9,0,14
52,15,9,0,10
52,16,9,0,24
52,17,9,0,19
52,18,9,0,20
52,19,9,0,12
52,20,9,0,7
52,21,9,0,3
52,22,9,0,4
52,23,9,0,19
52,24,9,0,14
52,25,9,0,4
52,26,9,0,3
52,27,9,0,8
52,28,9,0,21
52,29,9,0,23
52,30,9,0,8
52,31,9,0,22
52,32,9,0,10
52,33,9,0,6
52,34,9,0,14
52,35,9,0,3
52,36,9,0,12
52,37,9,0,2
52,38,9,0,13
52,39,9,0,11
52,40,9,0,5
52,41,9,0,11
52,42,9,0,24
52,43,9,0,23
52,44,9,0,19
52,45,9,0,22
52,46,9,0,13
52,47,9,0,24
52,48,9,0,1
53,0,9,0,22
53,1,9,0,21
53,2,9,0,7
53,3,9,0,2
53,4,9,0,1
53,5,9,0,17
53,6,9,2,4
53,7,9,2,17
53,8,9,2,14
53,9,9,2,4
53,10,9,0,6
53,11,9,0,19
53,12,9,0,9
53,13,9,0,5
53,14,9,0,8
53,15,9,0,18
53,16,9,2,20
53,17,9,2,20
53,18,9,0,2
53,19,9,0,5
53,20,9,0,12
53,21,9,0,18
53,22,9,0,10
53,23,9,0,8
53,24,9,0,10
53,25,9,0,24
53,26,9,0,10
53,27,9,0,15
53,28,9,0,18
53,29,9,0,13
53,30,9,0,13
53,31,9,0,18
53,32,9,0,12
53,33,9,0,20
53,34,9,0,9
53,35,9,0,15
53,36,9,0,6
53,37,9,0,12
53,38,9,0,8
53,39,9,0,1
53,40,9,0,14
53,41,9,0,18
53,42,9,0,22
53,43,9,0,1
53,44,9,0,5
53,45,9,0,17
53,46,9,0,19
53,47,9,0,13
53,48,9,0,10
54,0,9,0,23
54,1,9,0,8
54,2,9,0,20
54,3,9,0,0
54,4,9,0,22
54,5,9,0,9
54,6,9,0,11
54,7,9,2,4
54,8,9,0,18
54,9,9,0,16
54,10,9,0,13
54,11,9,0,7
54,12,9,0,8
54,13,9,0,7
54,14,9,0,13
54,15,9,2,5
54,16,9,2,8
54,17,9,2,7
54,18,9,0,17
54,19,9,0,16
54,20,9,0,21
54,21,9,0,15
54,22,9,0,11
54,23,9,0,24
54,24,9,0,7
54,25,9,0,18
54,26,9,0,19
54,27,9,0,9
54,28,9,0,15
54,29,9,0,12
54,30,9,0,10
54,31,9,0,6
54,32,9,0,10
54,33,9,0,0
54,34,9,0,10
54,35,9,0,15
54,36,9,0,24
54,37,9,0,12
54,38,9,0,0
54,39,9,0,4
54,40,9,0,17
54,41,9,0,14
54,42,9,0,21
54,43,9,0,20
54,44,9,0,0
54,45,9,0,3
54,46,9,0,12
54,47,9,0,6
54,48,9,0,19
55,0,9,0,6
55,1,9,0,19
55,2,9,0,18
55,3,9,0,15
55,4,9,0,14
55,5,9,0,15
55,6,9,0,21
55,7,9,0,11
55,8,9,0,4
55,9,9,0,17
55,10,9,0,0
55,11,9,0,24
55,12,9,0,16
55,13,9,0,23
55,14,9,2,10
55,15,2,0,12
55,16,2,0,17
55,17,9,2,24
55,18,9,0,9
55,19,9,0,14
55,20,9,0,15
55,21,9,0,10
55,22,9,0,17
55,23,9,0,5
55,24,9,0,15
55,25,9,0,23
55,26,9,0,16
55,27,9,0,16
55,28,9,0,2
55,29,9,0,0
55,30,9,0,8
55,31,9,0,9
55,32,9,0,8
55,33,9,0,11
55,34,9,0,22
55,35,9,0,24
55,36,9,0,6
55,37,9,0,16
55,38,9,0,1
55,39,9,0,23
55,40,9,0,8
55,41,9,0,17
55,42,9,0,12
55,43,9,0,13
55,44,9,0,8
55,45,9,0,13
55,46,9,0,4
55,47,9,0,2
55,48,9,0,22
56,0,9,0,11
56,1,9,0,0
56,2,9,0,22
56,3,9,0,7
56,4,9,0,5
56,5,9,0,8
56,6,9,0,2
56,7,9,0,3
56,8,9,0,20
56,9,9,0,6
56,10,9,0,5
56,11,9,0,16
56,12,9,0,12
56,13,9,2,10
56,14,2,0,20
56,15,2,0,7
56,16,9,2,6
56,17,9,0,12
56,18,9,0,24
56,19,9,0,18
56,20,9,0,20
56,21,9,0,9
56,22,9,0,17
56,23,9,0,8
56,24,9,0,15
56,25,9,0,9
56,26,9,0,18
56,27,9,0,15
56,28,9,0,2
56,29,9,0,14
56,30,9,0,20
56,31,9,0,17
56,32,9,0,7
56,33,9,0,24
56,34,9,0,16
56,35,9,0,22
56,36,9,0,15
56,37,9,0,2
56,38,9,0,12
56,39,9,0,11
56,40,9,0,4
56,41,9,0,1
56,42,9,0,8
56,43,9,0,18
56,44,9,0,5
56,45,9,0,0
56,46,9,0,18
56,47,9,0,4
56,48,9,0,5
57,0,9,0,16
57,1,9,0,19
57,2,9,0,22
57,3,9,0,20
57,4,9,0,11
57,5,9,0,19
57,6,9,0,21
57,7,9,0,12
57,8,9,0,22
57,9,9,0,2
57,10,9,0,17
57,11,9,0,19
57,12,9,2,15
57,13,2,0,11
57,14,2,0,6
57,15,2,0,10
57,16,9,2,24
57,17,9,0,2
57,18,9,0,8
57,19,9,0,6
57,20,9,0,21
57,21,9,0,22
57,22,9,0,6
57,23,9,0,10
57,24,9,0,10
57,25,9,0,23
57,26,9,0,10
57,27,9,0,5
57,28,9,0,19
57,29,9,0,18
57,30,9,0,8
57,31,9,0,12
57,32,9,0,16
57,33,9,0,0
57,34,9,0,19
57,35,9,0,9
57,36,9,0,0
57,37,9,0,10
57,38,9,0,7
57,39,9,0,21
57,40,9,0,9
57,41,9,0,12
57,42,9,0,15
57,43,9,0,1
57,44,9,0,14
57,45,9,0,16
57,46,9,0,21
57,47,9,0,13
57,48,9,0,21
58,0,9,0,9
58,1,9,0,16
58,2,9,0,23
58,3,9,0,0
58,4,9,0,12
58,5,9,0,15
58,6,9,0,5
58,7,9,0,17
58,8,9,0,16
58,9,9,0,0
58,10,9,0,7
58,11,9,2,13
58,12,2,0,11
58,13,2,0,20
58,14,2,0,24
58,15,9,2,6
58,16,9,0,1
58,17,9,0,17
58,18,9,0,6
58,19,9,0,23
58,20,9,0,21
58,21,9,0,16
58,22,9,0,22
58,23,9,0,12
58,24,9,0,7
58,25,9,0,20
58,26,9,0,23
58,27,9,0,18
58,28,9,0,6
58,29,9,0,15
58,30,9,0,16
58,31,9,0,18
58,32,9,0,3
58,33,9,2,20
58,34,9,2,20
58,35,9,0,18
58,36,9,0,20
58,37,9,0,2
58,38,9,0,7
58,39,9,0,5
58,40,9,0,1
58,41,9,0,7
58,42,9,0,17
58,43,9,0,16
58,44,9,0,24
58,45,9,0,5
58,46,9,0,0
58,47,9,0,24
58,48,9,0,11
59,0,9,0,21
59,1,9,0,3
59,2,9,0,22
59,3,9,0,8
59,4,9,0,19
59,5,9,0,15
59,6,9,0,13
59,7,9,0,0
59,8,9,0,23
59,9,9,2,20
59,10,9,2,5
59,11,2,0,22
59,12,2,0,7
59,13,2,0,22
59,14,2,0,7
59,15,9,2,24
59,16,9,0,3
59,17,9,0,9
59,18,9,0,10
59,19,9,0,15
59,20,9,0,20
59,21,9,0,14
59,22,9,0,11
59,23,9,0,22
59,24,9,0,1
59,25,9,0,20
59,26,9,0,6
59,27,9,0,10
59,28,9,0,21
59,29,9,0,7
59,30,9,0,0
59,31,9,0,1
59,32,9,2,5
59,33,9,2,8
59,34,9,2,23
59,35,9,0,17
59,36,9,0,6
59,37,9,0,1
59,38,9,0,10
59,39,9,0,2
59,40,9,0,2
59,41,9,0,15
59,42,9,0,1
59,43,9,0,18
59,44,9,0,13
59,45,9,0,5
59,46,9,0,8
59,47,9,0,20
59,48,9,0,21
60,0,9,0,1
60,1,9,0,20
60,2,9,0,9
60,3,9,0,16
60,4,9,0,5
60,5,9,0,4
60,6,9,0,5
60,7,9,0,20
60,8,9,2,5
60,9,9,2,8
60,10,2,0,20
60,11,2,0,1
60,12,2,0,20
60,13,2,0,1
60,14,9,2,14
60,15,9,0,23
60,16,9,0,5
60,17,9,0,3
60,18,9,0,5
60,19,9,0,3
60,20,9,0,1
60,21,9,0,4
60,22,9,0,19
60,23,9,0,12
60,24,9,0,10
60,25,9,0,4
60,26,9,0,6
60,27,9,0,9
60,28,9,0,24
60,29,9,0,8
60,30,9,0,21
60,31,9,2,15
60,32,2,0,9
60,33,2,0,13
60,34,9,2,24
60,35,9,0,0
60,36,9,0,16
60,37,9,0,18
60,38,9,0,17
60,39,9,0,8
60,40,9,0,10
60,41,9,0,15
60,42,9,0,0
60,43,9,0,4
60,44,9,0,16
60,45,9,0,20
60,46,9,0,11
60,47,9,0,2
60,48,9,0,7
61,0,9,0,16
61,1,9,0,16
61,2,9,0,12
61,3,9,0,15
61,4,9,0,11
61,5,9,0,8
61,6,9,0,23
61,7,9,2,0
61,8,2,0,2
61,9,2,0,8
61,10,2,0,8
61,11,2,0,7
61,12,2,0,7
61,13,9,2,9
61,14,9,0,11
61,15,9,0,7
61,16,9,0,22
61,17,9,0,19
61,18,9,0,21
61,19,9,0,22
61,20,9,0,9
61,21,9,0,24
61,22,9,0,11
61,23,9,0,8
61,24,9,0,7
61,25,9,0,21
61,26,9,0,11
61,27,9,0,7
61,28,9,0,11
61,29,9,0,15
61,30,9,2,10
61,31,2,0,3
61,32,2,0,8
61,33,9,2,6
61,34,9,0,17
61,35,9,0,18
61,36,9,0,1
61,37,9,0,21
61,38,9,0,7
61,39,9,0,17
61,40,9,0,3
61,41,9,0,21
61,42,9,0,10
61,43,9,0,23
61,44,9,0,5
61,45,9,0,10
61,46,9,0,17
61,47,9,0,9
61,48,9,0,9
62,0,9,0,6
62,1,9,0,17
62,2,9,0,8
62,3,9,0,4
62,4,9,0,9
62,5,9,0,14
62,6,9,0,11
62,7,9,2,18
62,8,2,0,11
62,9,2,0,12
62,10,2,0,21
62,11,2,0,19
62,12,9,2,11
62,13,9,0,24
62,14,9,0,4
62,15,9,0,12
62,16,9,0,8
62,17,9,0,7
62,18,9,0,16
62,19,9,0,23
62,20,9,0,15
62,21,9,0,6
62,22,9,0,2
62,23,9,0,11
62,24,9,0,8
62,25,9,0,10
62,26,9,0,19
62,27,9,0,6
62,28,9,0,9
62,29,9,2,5
62,30,2,0,12
62,31,2,0,2
62,32,2,0,3
62,33,9,2,22
62,34,9,0,21
62,35,9,0,3
62,36,9,0,17
62,37,9,0,7
62,38,9,0,23
62,39,9,0,11
62,40,9,0,9
62,41,9,0,15
62,42,9,0,15
62,43,9,0,8
62,44,9,0,18
62,45,9,0,22
62,46,9,0,10
62,47,9,0,12
62,48,9,0,13
63,0,9,0,12
63,1,9,0,24
63,2,9,0,3
63,3,9,0,11
63,4,9,0,3
63,5,9,0,19
63,6,9,2,0
63,7,2,0,6
63,8,2,0,21
63,9,2,0,2
63,10,2,0,8
63,11,9,2,19
63,12,9,0,21
63,13,9,0,11
63,14,9,0,19
63,15,9,0,23
63,16,9,0,20
63,17,9,0,22
63,18,9,0,15
63,19,9,0,18
63,20,9,0,3
63,21,9,0,6
63,22,9,0,10
63,23,9,0,16
63,24,9,0,14
63,25,9,0,0
63,26,9,0,13
63,27,9,0,5
63,28,9,2,13
63,29,2,0,3
63,30,2,0,16
63,31,2,0,17
63,32,2,0,4
63,33,9,2,24
63,34,9,0,21
63,35,9,0,6
63,36,9,0,16
63,37,9,0,19
63,38,9,0,9
63,39,9,0,13
63,40,9,0,1
63,41,9,0,5
63,42,9,0,0
63,43,9,0,12
63,44,9,0,1
63,45,9,0,23
63,46,9,0,19
63,47,9,0,10
63,48,9,0,2
64,0,9,0,1
64,1,9,0,4
64,2,9,0,15
64,3,9,0,20
64,4,9,0,19
64,5,9,0,8
64,6,9,2,18
64,7,2,0,17
64,8,2,0,13
64,9,2,0,20
64,10,9,2,11
64,11,9,0,9
64,12,9,0,17
64,13,9,0,13
64,14,9,0,17
64,15,9,0,17
64,16,9,0,3
64,17,9,0,6
64,18,9,0,10
64,19,9,0,12
64,20,9,0,10
64,21,9,0,0
64,22,9,0,23
64,23,9,0,6
64,24,9,0,13
64,25,9,0,1
64,26,9,0,4
64,27,9,2,0
64,28,2,0,12
64,29,2,0,21
64,30,2,0,2
64,31,2,0,13
64,32,9,2,6
64,33,9,0,23
64,34,9,0,14
64,35,9,0,18
64,36,9,0,18
64,37,9,0,16
64,38,9,0,12
64,39,9,2,20
64,40,9,0,9
64,41,9,0,0
64,42,9,0,19
64,43,9,0,11
64,44,9,0,13
64,45,9,0,1
64,46,9,0,2
64,47,9,0,7
64,48,9,0,1
65,0,9,0,2
65,1,9,0,23
65,2,9,0,0
65,3,9,0,24
65,4,9,0,7
65,5,9,2,0
65,6,9,2,16
65,7,9,2,16
65,8,9,2,16
65,9,9,2,9
65,10,9,0,20
65,11,9,0,10
65,12,9,0,13
65,13,9,0,15
65,14,9,0,5
65,15,9,0,0
65,16,9,0,17
65,17,9,0,16
65,18,9,0,15
65,19,9,0,2
65,20,9,0,2
65,21,9,0,6
65,22,9,0,18
65,23,9,0,23
65,24,9,0,17
65,25,9,0,8
65,26,9,0,2
65,27,9,2,17
65,28,2,0,11
65,29,2,0,10
65,30,2,0,3
65,31,2,0,18
65,32,9,2,24
65,33,9,0,19
65,34,9,0,19
65,35,9,0,10
65,36,9,0,4
65,37,9,0,6
65,38,9,2,15
65,39,9,2,22
65,40,9,2,20
65,41,9,0,14
65,42,9,0,11
65,43,9,0,17
65,44,9,0,4
65,45,9,0,14
65,46,9,0,8
65,47,9,0,11
65,48,9,0,20
66,0,9,0,11
66,1,9,0,1
66,2,9,0,24
66,3,9,0,22
66,4,9,0,11
66,5,9,2,4
66,6,9,2,4
66,7,9,2,4
66,8,9,2,4
66,9,9,0,13
66,10,9,0,5
66,11,9,0,16
66,12,9,0,19
66,13,9,0,18
66,14,9,0,1
66,15,9,0,17
66,16,9,0,14
66,17,9,0,20
66,18,9,0,22
66,19,9,0,10
66,20,9,0,15
66,21,9,0,9
66,22,9,0,19
66,23,9,0,5
66,24,9,0,19
66,25,9,0,24
66,26,9,0,20
66,27,9,2,18
66,28,2,0,16
66,29,2,0,5
66,30,2,0,12
66,31,9,2,14
66,32,9,0,22
66,33,9,0,2
66,34,9,0,7
66,35,9,0,17
66,36,9,2,20
66,37,9,2,15
66,38,2,0,12
66,39,9,2,8
66,40,9,2,7
66,41,9,0,8
66,42,9,0,1
66,43,9,0,23
66,44,9,0,23
66,45,9,0,13
66,46,9,0,10
66,47,9,0,5
66,48,9,0,7
67,0,9,0,4
67,1,9,0,7
67,2,9,0,23
67,3,9,0,15
67,4,9,0,8
67,5,9,0,22
67,6,9,0,14
67,7,9,0,24
67,8,9,0,20
67,9,9,0,16
67,10,9,0,17
67,11,9,0,6
67,12,9,0,14
67,13,9,0,21
67,14,9,0,1
67,15,9,0,5
67,16,9,0,9
67,17,9,0,9
67,18,9,0,20
67,19,9,0,3
67,20,9,0,11
67,21,9,0,15
67,22,9,0,11
67,23,9,0,12
67,24,9,0,5
67,25,9,0,22
67,26,9,2,0
67,27,2,0,22
67,28,2,0,2
67,29,2,0,1
67,30,9,2,19
67,31,9,0,23
67,32,9,0,1
67,33,9,0,1
67,34,9,0,2
67,35,9,2,10
67,36,9,2,8
67,37,2,0,14
67,38,2,0,6
67,39,2,0,4
67,40,9,2,21
67,41,9,2,20
67,42,9,0,2
67,43,9,0,6
67,44,9,0,6
67,45,9,0,14
67,46,9,0,5
67,47,9,0,19
67,48,9,0,18
68,0,9,0,13
68,1,9,0,5
68,2,9,0,20
68,3,9,0,7
68,4,9,0,22
68,5,9,0,17
68,6,9,0,9
68,7,9,0,0
68,8,9,0,7
68,9,9,0,11
68,10,9,0,2
68,11,9,0,0
68,12,9,0,22
68,13,9,0,17
68,14,9,0,16
68,15,9,0,16
68,16,9,0,1
68,17,9,0,2
68,18,9,0,21
68,19,9,0,7
68,20,9,0,24
68,21,9,0,6
68,22,9,0,15
68,23,9,0,2
68,24,9,0,24
68,25,9,0,0
68,26,9,2,17
68,27,9,2,16
68,28,2,0,24
68,29,9,2,14
68,30,9,0,1
68,31,9,0,23
68,32,9,0,3
68,33,9,0,3
68,34,9,2,13
68,35,2,0,18
68,36,2,0,11
68,37,2,0,20
68,38,2,0,2
68,39,2,0,24
68,40,9,2,8
68,41,9,2,22
68,42,9,2,20
68,43,9,0,18
68,44,9,0,10
68,45,9,0,13
68,46,9,0,19
68,47,9,0,9
68,48,9,0,12
69,0,9,0,13
69,1,9,0,1
69,2,9,0,7
69,3,9,0,23
69,4,9,0,19
69,5,9,0,6
69,6,9,0,9
69,7,9,0,17
69,8,9,0,19
69,9,9,0,9
69,10,9,0,9
69,11,9,0,20
69,12,9,0,7
69,13,9,0,24
69,14,9,0,22
69,15,9,0,13
69,16,9,0,2
69,17,9,0,21
69,18,9,0,5
69,19,9,0,12
69,20,9,0,8
69,21,9,0,3
69,22,9,0,24
69,23,9,0,16
69,24,9,0,11
69,25,9,0,17
69,26,9,2,4
69,27,9,2,3
69,28,9,2,19
69,29,9,0,6
69,30,9,0,1
69,31,9,0,5
69,32,9,0,15
69,33,9,2,15
69,34,2,0,4
69,35,2,0,16
69,36,2,0,18
69,37,2,0,19
69,38,2,0,9
69,39,2,0,20
69,40,2,0,0
69,41,9,2,8
69,42,9,2,21
69,43,9,0,13
69,44,9,0,1
69,45,9,0,9
69,46,9,0,18
69,47,9,0,0
69,48,9,0,19
70,0,9,0,10
70,1,9,0,16
70,2,9,0,13
70,3,9,0,14
70,4,9,0,18
70,5,9,0,7
70,6,9,0,9
70,7,9,0,10
70,8,9,0,4
70,9,9,0,23
70,10,9,0,4
70,11,9,0,19
70,12,9,0,4
70,13,9,0,12
70,14,9,0,9
70,15,9,0,15
70,16,9,0,4
70,17,9,0,13
70,18,9,0,16
70,19,9,0,15
70,20,9,0,5
70,21,9,0,2
70,22,9,0,12
70,23,9,0,9
70,24,9,0,9
70,25,9,0,19
70,26,9,0,6
70,27,9,2,4
70,28,9,0,16
70,29,9,0,18
70,30,9,0,19
70,31,9,0,10
70,32,9,2,10
70,33,2,0,1
70,34,2,0,18
70,35,2,0,23
70,36,2,0,9
70,37,2,0,23
70,38,2,0,12
70,39,2,0,9
70,40,2,0,12
70,41,2,0,8
70,42,9,2,22
70,43,9,0,13
70,44,9,0,16
70,45,9,0,3
70,46,9,0,11
70,47,9,0,16
70,48,9,0,22
71,0,9,0,18
71,1,9,0,8
71,2,9,0,24
71,3,9,0,19
71,4,9,0,0
71,5,9,0,24
71,6,9,0,5
71,7,9,0,13
71,8,9,0,2
71,9,9,0,12
71,10,9,0,21
71,11,9,0,8
71,12,9,0,18
71,13,9,0,3
71,14,9,0,11
71,15,9,0,21
71,16,9,0,13
71,17,9,0,2
71,18,9,0,20
71,19,9,0,21
71,20,9,0,20
71,21,9,0,1
71,22,9,0,15
71,23,9,0,7
71,24,9,0,1
71,25,9,0,17
71,26,9,0,6
71,27,9,0,5
71,28,9,0,6
71,29,9,0,9
71,30,9,0,6
71,31,9,2,10
71,32,2,0,16
71,33,2,0,6
71,34,2,0,3
71,35,2,0,22
71,36,2,0,23
71,37,9,2,16
71,38,2,0,11
71,39,2,0,5
71,40,2,0,2
71,41,2,0,23
71,42,9,2,23
71,43,9,0,15
71,44,9,0,21
71,45,9,0,9
71,46,9,0,16
71,47,9,0,18
71,48,9,0,20
72,0,9,0,21
72,1,9,0,19
72,2,9,0,13
72,3,9,0,21
72,4,9,0,0
72,5,9,0,0
72,6,9,0,12
72,7,9,0,2
72,8,9,0,8
72,9,9,0,10
72,10,9,0,14
72,11,9,0,22
72,12,9,0,8
72,13,9,0,11
72,14,9,0,0
72,15,9,0,13
72,16,9,0,8
72,17,9,0,20
72,18,9,0,2
72,19,9,0,11
72,20,9,0,21
72,21,9,0,24
72,22,9,0,13
72,23,9,0,17
72,24,9,0,19
72,25,9,0,21
72,26,9,0,2
72,27,9,0,24
72,28,9,0,16
72,29,9,0,0
72,30,9,2,15
72,31,2,0,8
72,32,2,0,20
72,33,2,0,5
72,34,2,0,11
72,35,9,2,16
72,36,9,2,9
72,37,9,2,18
72,38,2,0,4
72,39,2,0,21
72,40,2,0,7
72,41,2,0,17
72,42,9,2,21
72,43,9,0,5
72,44,9,0,8
72,45,9,0,14
72,46,9,0,22
72,47,9,0,22
72,48,9,0,16
73,0,9,0,18
73,1,9,0,0
73,2,9,0,4
73,3,9,0,1
73,4,9,0,14
73,5,9,0,3
73,6,9,0,6
73,7,9,0,7
73,8,9,0,6
73,9,9,0,22
73,10,9,0,8
73,11,9,0,15
73,12,9,0,9
73,13,9,0,17
73,14,9,0,21
73,15,9,0,23
73,16,9,0,10
73,17,9,0,1
73,18,9,0,7
73,19,9,0,12
73,20,9,0,6
73,21,9,0,5
73,22,9,0,1
73,23,9,0,1
73,24,9,0,4
73,25,9,0,8
73,26,9,0,4
73,27,9,0,2
73,28,9,0,12
73,29,9,2,0
73,30,2,0,8
73,31,2,0,24
73,32,2,0,23
73,33,2,0,0
73,34,9,2,9
73,35,9,2,4
73,36,9,2,0
73,37,2,0,12
73,38,2,0,0
73,39,2,0,4
73,40,2,0,0
73,41,2,0,24
73,42,9,2,22
73,43,9,0,22
73,44,9,0,4
73,45,9,0,11
73,46,9,0,16
73,47,9,0,11
73,48,9,0,19
74,0,9,0,7
74,1,9,0,6
74,2,9,0,16
74,3,9,0,19
74,4,9,0,13
74,5,9,0,23
74,6,9,0,23
74,7,9,0,4
74,8,9,0,9
74,9,9,0,8
74,10,9,0,12
74,11,9,0,2
74,12,9,0,23
74,13,9,0,21
74,14,9,0,11
74,15,9,0,10
74,16,9,0,19
74,17,9,0,17
74,18,9,0,13
74,19,9,0,7
74,20,9,0,7
74,21,9,0,9
74,22,9,0,2
74,23,9,0,0
74,24,9,0,23
74,25,9,0,4
74,26,9,0,7
74,27,9,0,13
74,28,9,0,13
74,29,9,2,18
74,30,2,0,6
74,31,2,0,3
74,32,2,0,19
74,33,9,2,6
74,34,9,0,19
74,35,9,0,22
74,36,9,2,17
74,37,2,0,20
74,38,2,0,4
74,39,2,0,13
74,40,2,0,11
74,41,2,0,5
74,42,9,2,22
74,43,9,0,8
74,44,9,0,11
74,45,9,0,9
74,46,9,0,21
74,47,9,0,24
74,48,9,0,6
75,0,9,0,10
75,1,9,0,10
75,2,9,0,8
75,3,9,0,18
75,4,9,0,9
75,5,9,0,19
75,6,9,0,24
75,7,9,0,2
75,8,9,0,5
75,9,9,0,12
75,10,9,0,8
75,11,9,0,20
75,12,9,0,19
75,13,9,0,11
75,14,9,0,15
75,15,9,0,7
75,16,9,0,22
75,17,9,0,13
75,18,9,0,22
75,19,9,0,22
75,20,9,0,1
75,21,9,0,11
75,22,9,0,5
75,23,9,0,1
75,24,9,0,7
75,25,9,0,20
75,26,9,0,21
75,27,9,0,24
75,28,9,2,0
75,29,2,0,6
75,30,2,0,15
75,31,2,0,16
75,32,2,0,14
75,33,9,2,24
75,34,9,0,20
75,35,9,0,7
75,36,9,2,18
75,37,2,0,21
75,38,2,0,3
75,39,2,0,23
75,40,2,0,11
75,41,2,0,0
75,42,9,2,23
75,43,9,0,23
75,44,9,0,9
75,45,9,0,10
75,46,9,0,19
75,47,9,0,15
75,48,9,0,18
76,0,9,0,21
76,1,9,0,3
76,2,9,0,20
76,3,9,0,24
76,4,9,0,10
76,5,9,0,12
76,6,9,0,2
76,7,9,0,7
76,8,9,0,7
76,9,9,0,0
76,10,9,0,10
76,11,9,0,23
76,12,9,0,13
76,13,9,0,20
76,14,9,0,17
76,15,9,0,6
76,16,9,0,2
76,17,9,0,20
76,18,9,0,2
76,19,9,0,8
76,20,9,0,17
76,21,9,0,14
76,22,9,0,17
76,23,9,0,21
76,24,9,0,5
76,25,9,0,9
76,26,9,0,23
76,27,9,2,20
76,28,9,2,18
76,29,2,0,5
76,30,2,0,20
76,31,9,2,16
76,32,9,2,11
76,33,9,0,13
76,34,9,0,24
76,35,9,2,0
76,36,2,0,17
76,37,2,0,14
76,38,2,0,11
76,39,2,0,14
76,40,2,0,18
76,41,2,0,13
76,42,9,2,7
76,43,9,0,24
76,44,9,0,18
76,45,9,0,24
76,46,9,0,22
76,47,9,0,22
76,48,9,0,16
77,0,9,0,0
77,1,9,0,20
77,2,9,0,23
77,3,9,0,10
77,4,9,0,13
77,5,9,0,10
77,6,9,0,22
77,7,9,0,8
77,8,9,0,22
77,9,9,0,19
77,10,9,0,17
77,11,9,0,5
77,12,9,0,22
77,13,9,0,1
77,14,9,0,2
77,15,9,0,17
77,16,9,0,23
77,17,9,0,22
77,18,9,0,13
77,19,9,0,9
77,20,9,0,22
77,21,9,0,23
77,22,9,0,3
77,23,9,0,1
77,24,9,0,20
77,25,9,0,11
77,26,9,2,5
77,27,9,2,8
77,28,2,0,17
77,29,2,0,7
77,30,9,2,14
77,31,9,2,4
77,32,9,0,19
77,33,9,0,4
77,34,9,0,10
77,35,9,2,18
77,36,2,0,17
77,37,2,0,1
77,38,2,0,23
77,39,2,0,7
77,40,2,0,5
77,41,2,0,17
77,42,9,2,21
77,43,9,0,9
77,44,9,0,10
77,45,9,0,2
77,46,9,0,12
77,47,9,0,18
77,48,9,0,13
78,0,9,0,20
78,1,9,0,17
78,2,9,0,8
78,3,9,0,22
78,4,9,0,5
78,5,9,0,7
78,6,9,0,6
78,7,9,0,19
78,8,9,0,23
78,9,9,0,8
78,10,9,0,2
78,11,9,0,15
78,12,9,0,10
78,13,9,0,18
78,14,9,0,24
78,15,9,0,1
78,16,9,0,10
78,17,9,0,0
78,18,9,0,1
78,19,9,0,0
78,20,9,0,21
78,21,9,0,11
78,22,9,0,22
78,23,9,0,1
78,24,9,0,15
78,25,9,2,0
78,26,2,0,3
78,27,2,0,23
78,28,2,0,4
78,29,9,2,6
78,30,9,0,20
78,31,9,0,10
78,32,9,0,0
78,33,9,0,1
78,34,9,2,0
78,35,2,0,6
78,36,2,0,20
78,37,2,0,20
78,38,2,0,6
78,39,2,0,16
78,40,2,0,2
78,41,2,0,4
78,42,9,2,23
78,43,9,0,23
78,44,9,0,7
78,45,9,0,21
78,46,9,0,5
78,47,9,0,5
78,48,9,0,0
79,0,9,0,11
79,1,9,0,18
79,2,9,0,10
79,3,9,0,11
79,4,9,0,20
79,5,9,0,14
79,6,9,0,12
79,7,9,0,0
79,8,9,0,4
79,9,9,0,18
79,10,9,0,20
79,11,9,0,21
79,12,9,0,11
79,13,9,0,10
79,14,9,0,24
79,15,9,2,20
79,16,9,2,20
79,17,9,0,7
79,18,9,2,20
79,19,9,2,20
79,20,9,0,3
79,21,9,0,8
79,22,9,0,22
79,23,9,0,12
79,24,9,0,18
79,25,9,2,18
79,26,2,0,17
79,27,2,0,11
79,28,2,0,10
79,29,9,2,24
79,30,9,0,5
79,31,9,0,14
79,32,9,0,22
79,33,9,0,7
79,34,9,2,17
79,35,2,0,19
79,36,2,0,14
79,37,2,0,5
79,38,2,0,17
79,39,2,0,6
79,40,2,0,11
79,41,2,0,18
79,42,9,2,21
79,43,9,0,13
79,44,9,0,6
79,45,9,0,19
79,46,9,0,17
79,47,9,0,13
79,48,9,0,14
80,0,9,0,4
80,1,9,0,22
80,2,9,0,5
80,3,9,0,20
80,4,9,0,21
80,5,9,0,21
80,6,9,0,1
80,7,9,0,13
80,8,9,0,16
80,9,9,0,6
80,10,9,0,9
80,11,9,0,14
80,12,9,0,17
80,13,9,2,20
80,14,9,2,15
80,15,9,2,8
80,16,9,2,22
80,17,9,2,15
80,18,9,2,8
80,19,9,2,22
80,20,9,0,22
80,21,9,2,20
80,22,9,2,20
80,23,9,2,20
80,24,9,2,10
80,25,2,0,20
80,26,2,0,6
80,27,2,0,12
80,28,9,2,6
80,29,9,0,1
80,30,9,0,21
80,31,9,0,7
80,32,9,0,16
80,33,9,0,3
80,34,9,2,17
80,35,2,0,11
80,36,2,0,16
80,37,2,0,4
80,38,2,0,5
80,39,2,0,14
80,40,2,0,15
80,41,2,0,8
80,42,9,2,23
80,43,9,0,0
80,44,9,0,21
80,45,9,0,20
80,46,9,0,1
80,47,9,0,11
80,48,9,0,18
