0,0,5,0,23
0,1,5,0,22
0,2,5,0,18
0,3,5,0,16
0,4,5,0,5
0,5,5,0,3
0,6,5,0,15
0,7,5,0,12
0,8,5,0,17
0,9,5,0,24
0,10,5,0,24
0,11,5,0,4
0,12,5,0,2
0,13,5,0,5
0,14,5,0,20
0,15,5,4,0
0,16,4,0,10
0,17,4,0,8
0,18,4,0,18
0,19,1,4,16
0,20,1,4,16
0,21,1,4,9
0,22,1,0,21
0,23,1,0,12
0,24,10,1,9
0,25,10,0,9
0,26,10,1,4
0,27,10,1,2
0,28,10,1,16
0,29,10,1,16
0,30,1,0,5
0,31,1,4,4
0,32,1,4,2
0,33,4,0,0
0,34,4,0,2
0,35,4,0,12
0,36,4,0,10
0,37,4,0,5
0,38,5,4,6
0,39,5,0,3
0,40,5,0,23
0,41,5,0,0
0,42,5,0,4
0,43,5,0,11
0,44,5,0,20
0,45,5,0,10
0,46,5,0,13
0,47,5,0,17
0,48,5,0,5
0,49,5,0,18
1,0,5,0,14
1,1,5,0,4
1,2,5,0,2
1,3,5,0,18
1,4,5,0,19
1,5,5,0,24
1,6,5,0,15
1,7,5,0,13
1,8,5,0,3
1,9,5,0,20
1,10,5,0,18
1,11,5,0,23
1,12,5,0,21
1,13,5,0,1
1,14,5,0,18
1,15,5,4,18
1,16,4,0,11
1,17,4,0,16
1,18,1,4,11
1,19,1,4,4
1,20,1,4,4
1,21,1,0,17
1,22,1,0,16
1,23,10,1,6
1,24,10,0,2
1,25,10,0,4
1,26,10,0,23
1,27,10,1,4
1,28,10,1,4
1,29,10,1,2
1,30,1,0,7
1,31,1,0,12
1,32,1,4,3
1,33,4,0,13
1,34,4,6,20
1,35,4,0,13
1,36,4,0,14
1,37,4,0,22
1,38,5,4,21
1,39,5,4,20
1,40,5,0,4
1,41,5,0,17
1,42,5,0,9
1,43,5,0,20
1,44,5,0,15
1,45,5,0,17
1,46,5,0,14
1,47,5,0,7
1,48,5,0,6
1,49,5,0,5
2,0,5,0,6
2,1,5,0,12
2,2,5,0,23
2,3,5,0,13
2,4,5,0,22
2,5,5,0,5
2,6,5,0,14
2,7,5,0,4
2,8,5,0,14
2,9,5,0,14
2,10,5,0,20
2,11,5,0,16
2,12,5,0,18
2,13,5,0,16
2,14,5,4,0
2,15,4,0,9
2,16,4,0,14
2,17,1,4,6
2,18,1,0,0
2,19,1,0,16
2,20,1,0,18
2,21,1,0,13
2,22,1,0,21
2,23,10,1,24
2,24,10,0,8
2,25,10,0,6
2,26,10,0,19
2,27,10,0,17
2,28,10,0,23
2,29,10,1,18
2,30,1,0,21
2,31,1,0,10
2,32,1,4,18
2,33,4,6,5
2,34,4,6,23
2,35,4,0,10
2,36,4,0,6
2,37,4,0,14
2,38,5,4,8
2,39,5,4,22
2,40,5,0,6
2,41,5,0,7
2,42,5,0,14
2,43,5,0,12
2,44,5,0,2
2,45,5,0,10
2,46,5,0,19
2,47,5,0,6
2,48,5,0,7
2,49,5,0,16
3,0,5,0,23
3,1,5,0,2
3,2,5,0,1
3,3,5,0,4
3,4,5,0,10
3,5,5,0,4
3,6,5,0,14
3,7,5,0,0
3,8,5,0,18
3,9,5,0,2
3,10,5,0,4
3,11,5,0,18
3,12,5,0,18
3,13,5,0,22
3,14,5,4,18
3,15,4,0,5
3,16,4,0,14
3,17,1,4,24
3,18,1,0,22
3,19,1,0,19
3,20,1,0,3
3,21,10,1,16
3,22,10,1,9
3,23,10,0,3
3,24,10,0,15
3,25,10,0,10
3,26,10,0,6
3,27,10,0,17
3,28,10,1,5
3,29,1,0,2
3,30,1,0,0
3,31,1,4,0
3,32,4,6,0
3,33,6,0,13
3,34,4,6,24
3,35,4,0,13
3,36,4,0,0
3,37,4,0,4
3,38,4,0,22
3,39,5,4,24
3,40,5,0,7
3,41,5,0,11
3,42,5,0,15
3,43,5,0,13
3,44,5,0,5
3,45,5,0,21
3,46,5,0,9
3,47,5,0,13
3,48,5,0,14
3,49,5,0,11
4,0,5,0,15
4,1,5,0,21
4,2,5,0,16
4,3,5,0,5
4,4,5,0,15
4,5,5,0,24
4,6,5,0,0
4,7,5,0,8
4,8,5,0,2
4,9,5,0,23
4,10,5,0,19
4,11,5,0,24
4,12,5,0,23
4,13,5,4,0
4,14,4,0,12
4,15,4,0,10
4,16,1,4,6
4,17,1,0,23
4,18,1,0,15
4,19,1,0,13
4,20,10,1,11
4,21,10,1,4
4,22,10,0,10
4,23,10,0,3
4,24,10,0,11
4,25,10,0,17
4,26,10,0,20
4,27,10,1,0
4,28,1,0,12
4,29,1,0,7
4,30,1,0,7
4,31,1,4,18
4,32,4,6,17
4,33,4,6,14
4,34,4,0,12
4,35,4,0,17
4,36,4,0,1
4,37,4,0,13
4,38,5,4,6
4,39,5,0,10
4,40,5,0,19
4,41,5,0,14
4,42,5,0,20
4,43,5,0,1
4,44,5,0,24
4,45,5,0,3
4,46,5,0,19
4,47,5,0,5
4,48,5,0,15
4,49,5,0,17
5,0,5,0,12
5,1,5,0,2
5,2,5,0,17
5,3,5,0,4
5,4,5,0,21
5,5,5,0,8
5,6,5,0,8
5,7,5,0,2
5,8,5,0,13
5,9,5,0,18
5,10,5,0,11
5,11,5,0,23
5,12,5,0,22
5,13,5,4,17
5,14,4,0,1
5,15,4,0,2
5,16,1,4,24
5,17,1,0,2
5,18,1,0,20
5,19,10,1,11
5,20,10,0,18
5,21,10,0,24
5,22,10,0,22
5,23,10,0,6
5,24,10,0,15
5,25,10,0,2
5,26,10,0,7
5,27,10,1,18
5,28,1,0,20
5,29,1,0,18
5,30,1,4,0
5,31,4,0,15
5,32,4,6,4
5,33,4,0,23
5,34,4,0,16
5,35,4,0,3
5,36,4,0,2
5,37,4,0,10
5,38,5,4,22
5,39,5,4,20
5,40,5,0,23
5,41,5,0,19
5,42,5,0,0
5,43,5,0,8
5,44,5,0,2
5,45,5,0,21
5,46,5,0,15
5,47,5,0,11
5,48,5,0,11
5,49,5,0,4
6,0,5,0,8
6,1,5,0,22
6,2,5,0,5
6,3,5,0,20
6,4,5,0,20
6,5,5,0,21
6,6,5,0,10
6,7,5,0,13
6,8,5,0,9
6,9,5,0,6
6,10,5,0,4
6,11,5,0,20
6,12,5,0,2
6,13,5,4,18
6,14,4,0,11
6,15,1,4,6
6,16,1,0,24
6,17,1,0,24
6,18,10,1,6
6,19,10,0,4
6,20,10,0,16
6,21,10,0,21
6,22,10,0,3
6,23,10,0,15
6,24,10,0,8
6,25,10,0,4
6,26,10,1,0
6,27,1,0,3
6,28,1,0,0
6,29,1,0,8
6,30,1,4,2
6,31,4,0,14
6,32,4,0,18
6,33,4,0,24
6,34,4,0,19
6,35,4,0,5
6,36,4,0,8
6,37,4,0,7
6,38,5,4,8
6,39,5,4,7
6,40,5,0,6
6,41,5,0,3
6,42,5,0,8
6,43,5,0,20
6,44,5,0,13
6,45,5,0,22
6,46,5,0,8
6,47,5,0,24
6,48,5,0,2
6,49,5,0,5
7,0,5,0,23
7,1,5,0,1
7,2,5,0,11
7,3,5,0,6
7,4,5,0,24
7,5,5,0,10
7,6,5,0,12
7,7,5,0,14
7,8,5,0,9
7,9,5,0,0
7,10,5,0,10
7,11,5,0,0
7,12,5,4,0
7,13,4,0,3
7,14,4,0,13
7,15,1,4,24
7,16,1,0,4
7,17,1,0,15
7,18,10,1,24
7,19,10,0,6
7,20,10,0,4
7,21,10,0,9
7,22,10,0,5
7,23,10,0,9
7,24,10,0,18
7,25,10,0,24
7,26,10,1,3
7,27,1,0,22
7,28,1,0,9
7,29,1,0,6
7,30,1,4,18
7,31,4,0,16
7,32,4,0,18
7,33,4,0,7
7,34,4,0,9
7,35,4,0,9
7,36,4,0,4
7,37,4,0,6
7,38,4,0,1
7,39,5,4,24
7,40,5,0,12
7,41,5,0,6
7,42,5,0,22
7,43,5,0,16
7,44,5,0,2
7,45,5,0,11
7,46,5,0,19
7,47,5,0,8
7,48,5,0,5
7,49,5,0,24
8,0,5,0,24
8,1,5,0,6
8,2,5,0,12
8,3,5,0,18
8,4,5,0,8
8,5,5,0,23
8,6,5,0,2
8,7,5,0,24
8,8,5,0,18
8,9,5,0,6
8,10,5,0,19
8,11,5,0,8
8,12,5,4,1
8,13,4,0,11
8,14,1,4,6
8,15,1,0,10
8,16,1,0,18
8,17,10,1,6
8,18,10,0,14
8,19,10,0,21
8,20,10,0,7
8,21,10,0,24
8,22,10,0,24
8,23,10,0,0
8,24,10,0,6
8,25,10,0,12
8,26,10,1,17
8,27,1,0,7
8,28,1,0,23
8,29,1,4,0
8,30,4,0,13
8,31,4,0,24
8,32,4,0,24
8,33,4,0,4
8,34,4,0,7
8,35,4,0,11
8,36,4,0,8
8,37,5,4,16
8,38,5,4,19
8,39,5,0,3
8,40,5,0,9
8,41,5,0,22
8,42,5,0,24
8,43,5,0,6
8,44,5,0,6
8,45,5,0,11
8,46,5,0,16
8,47,5,0,8
8,48,5,0,18
8,49,5,0,12
9,0,5,0,21
9,1,5,0,7
9,2,5,0,4
9,3,5,0,12
9,4,5,0,12
9,5,5,0,19
9,6,5,0,1
9,7,5,0,17
9,8,5,0,21
9,9,5,0,5
9,10,5,0,18
9,11,5,0,20
9,12,5,4,17
9,13,4,0,10
9,14,1,4,23
9,15,1,0,4
9,16,1,0,3
9,17,10,1,24
9,18,10,0,0
9,19,10,0,4
9,20,10,0,11
9,21,10,0,0
9,22,10,0,2
9,23,10,0,7
9,24,10,0,15
9,25,10,0,17
9,26,10,1,18
9,27,1,0,24
9,28,1,0,9
9,29,1,4,18
9,30,4,0,19
9,31,4,0,3
9,32,4,0,5
9,33,4,0,24
9,34,4,0,4
9,35,4,0,9
9,36,5,4,6
9,37,5,4,4
9,38,5,0,4
9,39,5,0,1
9,40,5,0,8
9,41,5,0,10
9,42,5,0,11
9,43,5,0,24
9,44,5,0,14
9,45,5,0,21
9,46,5,0,18
9,47,5,0,9
9,48,5,0,12
9,49,5,0,18
10,0,5,0,12
10,1,5,0,10
10,2,5,0,7
10,3,5,0,17
10,4,5,0,10
10,5,5,0,16
10,6,5,0,4
10,7,5,0,19
10,8,5,0,3
10,9,5,0,7
10,10,5,0,11
10,11,5,0,18
10,12,5,4,17
10,13,4,0,7
10,14,1,4,21
10,15,1,4,20
10,16,10,1,6
10,17,10,0,16
10,18,10,0,10
10,19,10,0,5
10,20,10,0,6
10,21,10,0,1
10,22,10,0,10
10,23,10,0,20
10,24,10,0,6
10,25,10,1,15
10,26,1,0,16
10,27,1,0,4
10,28,1,4,5
10,29,4,0,4
10,30,4,0,3
10,31,4,0,24
10,32,4,0,5
10,33,4,0,10
10,34,4,0,18
10,35,4,0,3
10,36,5,4,24
10,37,5,0,15
10,38,5,0,14
10,39,5,0,19
10,40,5,0,17
10,41,5,0,19
10,42,5,0,23
10,43,5,0,16
10,44,5,0,19
10,45,5,0,10
10,46,5,0,6
10,47,5,0,8
10,48,5,0,7
10,49,5,0,22
11,0,5,0,11
11,1,5,0,23
11,2,5,0,2
11,3,5,0,20
11,4,5,0,23
11,5,5,0,11
11,6,5,0,16
11,7,5,0,8
11,8,5,0,24
11,9,5,0,16
11,10,5,0,5
11,11,5,0,11
11,12,5,4,17
11,13,4,0,7
11,14,1,4,8
11,15,1,4,24
11,16,10,1,24
11,17,10,0,6
11,18,10,0,22
11,19,10,0,14
11,20,10,0,23
11,21,10,0,21
11,22,10,0,16
11,23,10,0,17
11,24,10,1,0
11,25,1,0,6
11,26,1,0,12
11,27,1,4,15
11,28,4,0,6
11,29,4,0,5
11,30,4,0,1
11,31,4,0,20
11,32,4,0,5
11,33,4,0,16
11,34,4,0,15
11,35,5,4,11
11,36,5,0,13
11,37,5,0,7
11,38,5,0,20
11,39,5,0,16
11,40,5,0,5
11,41,5,0,11
11,42,5,0,8
11,43,5,0,5
11,44,5,0,11
11,45,5,0,17
11,46,5,0,15
11,47,5,0,17
11,48,5,0,3
11,49,5,0,7
12,0,5,0,20
12,1,5,0,6
12,2,5,0,20
12,3,5,0,21
12,4,5,0,22
12,5,5,0,23
12,6,5,0,15
12,7,5,0,23
12,8,5,0,19
12,9,5,0,24
12,10,5,0,0
12,11,5,0,2
12,12,5,4,18
12,13,4,0,9
12,14,1,4,6
12,15,10,1,6
12,16,10,0,1
12,17,10,0,23
12,18,10,0,17
12,19,10,0,19
12,20,10,0,0
12,21,10,0,16
12,22,10,0,20
12,23,10,0,17
12,24,10,1,18
12,25,1,0,22
12,26,1,4,10
12,27,4,0,1
12,28,4,0,18
12,29,4,0,0
12,30,4,0,15
12,31,4,0,15
12,32,4,0,13
12,33,4,0,9
12,34,5,4,14
12,35,5,0,24
12,36,5,0,11
12,37,5,0,0
12,38,5,0,2
12,39,5,0,22
12,40,5,0,21
12,41,5,0,2
12,42,5,0,24
12,43,5,0,22
12,44,5,0,23
12,45,5,0,21
12,46,5,0,18
12,47,5,0,6
12,48,5,0,20
12,49,5,0,13
13,0,5,0,18
13,1,5,0,4
13,2,5,0,12
13,3,5,0,19
13,4,5,0,7
13,5,5,0,20
13,6,5,0,4
13,7,5,0,3
13,8,5,0,16
13,9,5,0,18
13,10,5,0,13
13,11,5,4,0
13,12,4,0,5
13,13,4,0,13
13,14,1,4,24
13,15,10,1,7
13,16,10,0,24
13,17,10,0,12
13,18,10,0,17
13,19,10,0,4
13,20,10,0,10
13,21,10,0,9
13,22,10,0,19
13,23,10,1,0
13,24,1,0,23
13,25,1,4,0
13,26,4,0,16
13,27,4,0,24
13,28,4,0,11
13,29,4,0,9
13,30,4,0,19
13,31,4,0,15
13,32,4,0,1
13,33,5,4,11
13,34,5,0,1
13,35,5,0,11
13,36,5,0,23
13,37,5,0,22
13,38,5,0,22
13,39,5,0,10
13,40,5,0,13
13,41,5,0,22
13,42,5,0,20
13,43,5,0,8
13,44,5,0,16
13,45,5,0,5
13,46,5,0,7
13,47,5,0,20
13,48,5,0,1
13,49,5,0,3
14,0,5,0,19
14,1,5,0,24
14,2,5,0,11
14,3,5,0,6
14,4,5,0,18
14,5,5,0,19
14,6,5,0,1
14,7,5,0,18
14,8,5,0,8
14,9,5,0,10
14,10,5,0,5
14,11,5,4,1
14,12,4,0,7
14,13,1,4,14
14,14,1,0,16
14,15,10,1,22
14,16,10,0,19
14,17,10,0,18
14,18,10,0,16
14,19,10,0,11
14,20,10,0,6
14,21,10,0,3
14,22,10,0,24
14,23,10,1,18
14,24,1,0,3
14,25,1,4,18
14,26,4,0,7
14,27,4,0,22
14,28,4,6,20
14,29,4,0,16
14,30,4,0,6
14,31,4,0,4
14,32,5,4,6
14,33,5,0,20
14,34,5,0,13
14,35,5,0,2
14,36,5,0,19
14,37,5,0,5
14,38,5,0,13
14,39,5,0,5
14,40,5,0,19
14,41,5,0,7
14,42,5,0,5
14,43,5,0,13
14,44,5,0,22
14,45,5,0,9
14,46,5,0,13
14,47,5,0,3
14,48,5,0,5
14,49,5,0,0
15,0,5,0,7
15,1,5,0,4
15,2,5,0,8
15,3,5,0,5
15,4,5,0,19
15,5,5,0,19
15,6,5,0,21
15,7,5,0,18
15,8,5,0,18
15,9,5,0,4
15,10,5,0,1
15,11,5,4,18
15,12,1,4,6
15,13,1,0,2
15,14,1,0,6
15,15,10,1,21
15,16,10,0,23
15,17,10,0,18
15,18,10,0,9
15,19,10,0,6
15,20,10,0,18
15,21,10,0,13
15,22,10,1,5
15,23,1,0,9
15,24,1,4,0
15,25,4,0,24
15,26,4,0,22
15,27,4,6,13
15,28,4,6,21
15,29,4,0,18
15,30,4,0,7
15,31,4,0,3
15,32,5,4,24
15,33,5,0,0
15,34,5,0,3
15,35,5,0,14
15,36,5,0,23
15,37,5,0,10
15,38,5,0,18
15,39,5,0,10
15,40,5,0,9
15,41,5,0,22
15,42,5,0,2
15,43,5,0,17
15,44,5,0,12
15,45,5,0,9
15,46,5,0,9
15,47,5,0,20
15,48,5,0,23
15,49,5,0,20
16,0,5,0,8
16,1,5,0,4
16,2,5,0,0
16,3,5,0,7
16,4,5,0,17
16,5,5,0,12
16,6,5,0,17
16,7,5,0,16
16,8,5,0,15
16,9,5,0,3
16,10,5,4,0
16,11,4,0,21
16,12,1,4,22
16,13,1,0,15
16,14,1,0,24
16,15,10,1,21
16,16,10,1,20
16,17,10,1,20
16,18,10,0,4
16,19,10,0,18
16,20,10,0,16
16,21,10,1,10
16,22,1,0,1
16,23,1,0,22
16,24,1,4,1
16,25,4,0,0
16,26,4,6,0
16,27,6,0,23
16,28,4,6,24
16,29,4,0,0
16,30,4,0,3
16,31,5,4,6
16,32,5,0,6
16,33,5,0,13
16,34,5,0,3
16,35,5,0,4
16,36,5,0,10
16,37,5,0,14
16,38,5,0,16
16,39,5,0,3
16,40,5,0,16
16,41,5,0,21
16,42,5,0,8
16,43,5,0,18
16,44,5,0,15
16,45,5,0,8
16,46,5,0,20
16,47,5,0,10
16,48,5,0,4
16,49,5,0,6
17,0,5,0,7
17,1,5,0,24
17,2,5,0,8
17,3,5,0,1
17,4,5,0,7
17,5,5,0,24
17,6,5,0,4
17,7,5,0,22
17,8,5,0,1
17,9,5,0,7
17,10,5,4,18
17,11,4,0,22
17,12,1,4,7
17,13,1,0,13
17,14,1,0,2
17,15,10,1,8
17,16,10,1,8
17,17,10,1,23
17,18,10,0,3
17,19,10,0,13
17,20,10,1,0
17,21,1,0,0
17,22,1,0,7
17,23,1,0,16
17,24,1,4,3
17,25,4,0,14
17,26,4,6,1
17,27,4,6,9
17,28,4,0,21
17,29,4,0,13
17,30,5,4,16
17,31,5,4,24
17,32,5,0,23
17,33,5,0,6
17,34,5,0,22
17,35,5,0,21
17,36,5,0,9
17,37,5,0,7
17,38,5,0,15
17,39,5,0,20
17,40,5,0,10
17,41,5,0,17
17,42,5,0,4
17,43,5,0,13
17,44,5,0,15
17,45,5,0,24
17,46,5,0,14
17,47,5,0,16
17,48,5,0,19
17,49,5,0,7
18,0,5,0,22
18,1,5,0,24
18,2,5,0,6
18,3,5,0,19
18,4,5,0,12
18,5,5,0,8
18,6,5,0,7
18,7,5,0,10
18,8,5,0,14
18,9,5,4,0
18,10,4,0,20
18,11,4,0,15
18,12,1,4,23
18,13,1,0,5
18,14,1,0,22
18,15,1,0,0
18,16,1,0,24
18,17,10,1,23
18,18,10,0,15
18,19,10,0,16
18,20,10,1,18
18,21,1,0,21
18,22,1,0,7
18,23,1,0,24
18,24,1,4,18
18,25,4,0,0
18,26,4,6,4
18,27,4,0,9
18,28,4,0,4
18,29,5,4,14
18,30,5,4,4
18,31,5,0,20
18,32,5,0,19
18,33,5,0,6
18,34,5,0,1
18,35,5,0,16
18,36,5,0,3
18,37,5,0,22
18,38,5,0,18
18,39,5,0,8
18,40,5,0,13
18,41,5,0,22
18,42,5,0,12
18,43,5,0,18
18,44,5,0,3
18,45,5,0,12
18,46,5,0,13
18,47,5,0,1
18,48,5,0,23
18,49,5,0,3
19,0,5,0,7
19,1,5,0,12
19,2,5,0,12
19,3,5,0,24
19,4,5,0,7
19,5,5,0,4
19,6,5,0,19
19,7,5,0,12
19,8,5,0,23
19,9,5,4,18
19,10,4,0,9
19,11,4,0,16
19,12,1,4,22
19,13,1,0,15
19,14,1,0,1
19,15,1,0,13
19,16,1,0,10
19,17,10,1,7
19,18,10,0,11
19,19,10,1,0
19,20,1,0,13
19,21,1,0,14
19,22,1,0,22
19,23,1,4,0
19,24,4,0,15
19,25,4,0,10
19,26,4,0,4
19,27,4,0,21
19,28,5,4,19
19,29,5,0,10
19,30,5,0,20
19,31,5,0,11
19,32,5,0,6
19,33,5,0,8
19,34,5,0,0
19,35,5,0,24
19,36,5,0,1
19,37,5,0,16
19,38,5,0,3
19,39,5,0,16
19,40,5,0,22
19,41,5,0,20
19,42,5,0,6
19,43,5,0,2
19,44,5,0,4
19,45,5,0,3
19,46,5,0,15
19,47,5,0,21
19,48,5,0,5
19,49,5,0,23
20,0,5,0,4
20,1,5,0,0
20,2,5,0,7
20,3,5,0,0
20,4,5,0,19
20,5,5,0,16
20,6,5,0,23
20,7,5,0,3
20,8,5,4,0
20,9,4,0,0
20,10,4,0,20
20,11,4,0,18
20,12,1,4,22
20,13,1,0,20
20,14,1,0,6
20,15,1,0,10
20,16,1,0,10
20,17,10,1,23
20,18,10,1,20
20,19,10,1,18
20,20,1,0,19
20,21,1,0,4
20,22,1,0,17
20,23,1,4,18
20,24,4,0,20
20,25,4,0,19
20,26,4,0,9
20,27,5,4,19
20,28,5,0,17
20,29,5,0,11
20,30,5,0,2
20,31,5,0,0
20,32,5,0,24
20,33,5,0,24
20,34,5,0,16
20,35,5,0,2
20,36,5,0,22
20,37,5,0,10
20,38,5,0,23
20,39,5,0,7
20,40,5,0,18
20,41,5,0,18
20,42,5,0,17
20,43,5,0,18
20,44,5,0,18
20,45,5,0,0
20,46,5,0,20
20,47,5,0,10
20,48,5,0,15
20,49,5,0,10
21,0,5,0,23
21,1,5,0,5
21,2,5,0,15
21,3,5,0,11
21,4,5,0,15
21,5,5,0,16
21,6,5,0,14
21,7,5,0,16
21,8,5,4,17
21,9,5,4,16
21,10,5,4,16
21,11,5,4,16
21,12,1,4,23
21,13,1,0,23
21,14,1,0,2
21,15,1,0,19
21,16,1,0,8
21,17,10,1,8
21,18,10,1,8
21,19,1,0,4
21,20,1,0,11
21,21,1,0,15
21,22,1,4,0
21,23,4,0,24
21,24,4,0,19
21,25,4,0,15
21,26,5,4,11
21,27,5,0,6
21,28,5,0,7
21,29,5,0,14
21,30,5,0,13
21,31,5,0,7
21,32,5,0,2
21,33,5,0,0
21,34,5,0,3
21,35,5,0,21
21,36,5,0,19
21,37,5,0,4
21,38,5,0,3
21,39,5,0,15
21,40,5,0,19
21,41,5,0,18
21,42,5,0,5
21,43,5,0,17
21,44,5,0,21
21,45,5,0,16
21,46,5,0,18
21,47,5,0,20
21,48,5,0,19
21,49,5,0,11
22,0,5,0,14
22,1,5,0,3
22,2,5,0,13
22,3,5,0,7
22,4,5,0,11
22,5,5,0,6
22,6,5,0,23
22,7,5,0,9
22,8,5,4,4
22,9,5,4,4
22,10,5,4,4
22,11,5,4,2
22,12,1,4,21
22,13,1,4,20
22,14,1,0,13
22,15,1,0,14
22,16,1,0,3
22,17,1,0,8
22,18,1,0,4
22,19,1,0,5
22,20,1,0,21
22,21,1,0,12
22,22,1,4,18
22,23,4,0,18
22,24,4,0,7
22,25,5,4,9
22,26,5,0,10
22,27,5,0,23
22,28,5,0,17
22,29,5,0,22
22,30,5,0,15
22,31,5,0,24
22,32,5,0,20
22,33,5,0,5
22,34,5,0,18
22,35,5,0,17
22,36,5,0,3
22,37,5,0,11
22,38,5,0,19
22,39,5,0,22
22,40,5,0,0
22,41,5,0,16
22,42,5,0,7
22,43,5,0,17
22,44,5,0,5
22,45,5,0,7
22,46,5,0,21
22,47,5,0,3
22,48,5,0,22
22,49,5,0,8
23,0,5,0,16
23,1,5,0,7
23,2,5,0,4
23,3,5,0,5
23,4,5,0,6
23,5,5,0,15
23,6,5,0,4
23,7,5,0,13
23,8,5,0,8
23,9,5,0,11
23,10,5,0,17
23,11,5,4,2
23,12,1,4,8
23,13,1,4,23
23,14,1,0,1
23,15,1,0,17
23,16,1,0,9
23,17,1,0,0
23,18,1,0,1
23,19,1,0,5
23,20,1,0,0
23,21,1,4,0
23,22,4,0,4
23,23,4,0,7
23,24,5,4,11
23,25,5,0,12
23,26,5,0,22
23,27,5,0,5
23,28,5,0,4
23,29,5,0,6
23,30,5,0,3
23,31,5,0,21
23,32,5,0,10
23,33,5,0,22
23,34,5,0,20
23,35,5,0,16
23,36,5,0,9
23,37,5,0,13
23,38,5,0,17
23,39,5,0,8
23,40,5,0,3
23,41,5,0,20
23,42,5,0,2
23,43,5,0,6
23,44,5,0,4
23,45,5,0,2
23,46,5,0,2
23,47,5,0,1
23,48,5,0,14
23,49,5,0,23
24,0,5,0,2
24,1,5,0,21
24,2,5,0,16
24,3,5,0,15
24,4,5,0,24
24,5,5,0,3
24,6,5,0,5
24,7,5,0,22
24,8,5,0,5
24,9,5,0,19
24,10,5,0,1
24,11,5,4,3
24,12,4,0,11
24,13,1,4,21
24,14,1,0,6
24,15,1,0,21
24,16,1,0,0
24,17,1,0,13
24,18,1,0,11
24,19,1,0,23
24,20,1,0,22
24,21,1,4,18
24,22,4,0,10
24,23,5,4,6
24,24,5,0,20
24,25,5,0,18
24,26,5,0,24
24,27,5,0,11
24,28,5,0,12
24,29,5,0,4
24,30,5,0,0
24,31,5,0,19
24,32,5,0,17
24,33,5,0,15
24,34,5,0,14
24,35,5,0,22
24,36,5,0,4
24,37,5,0,17
24,38,5,0,13
24,39,5,0,18
24,40,5,0,16
24,41,5,0,14
24,42,5,0,15
24,43,5,0,9
24,44,5,0,19
24,45,5,0,5
24,46,5,0,16
24,47,5,0,22
24,48,5,0,3
24,49,5,0,21
25,0,5,0,22
25,1,5,0,16
25,2,5,0,11
25,3,5,0,8
25,4,5,0,21
25,5,5,0,7
25,6,5,0,7
25,7,5,0,18
25,8,5,0,9
25,9,5,0,20
25,10,5,0,19
25,11,5,4,18
25,12,4,0,4
25,13,1,4,24
25,14,1,0,23
25,15,1,0,13
25,16,1,0,4
25,17,1,0,12
25,18,1,0,7
25,19,1,0,2
25,20,1,4,15
25,21,4,0,10
25,22,4,0,3
25,23,5,4,24
25,24,5,0,1
25,25,5,0,20
25,26,5,0,18
25,27,5,0,17
25,28,5,0,16
25,29,5,0,1
25,30,5,0,8
25,31,5,0,9
25,32,5,0,18
25,33,5,0,17
25,34,5,0,3
25,35,5,0,0
25,36,5,0,13
25,37,5,0,10
25,38,5,0,11
25,39,5,0,1
25,40,5,0,19
25,41,5,0,3
25,42,5,0,24
25,43,5,0,6
25,44,5,0,1
25,45,5,0,13
25,46,5,0,10
25,47,5,0,23
25,48,5,0,2
25,49,5,0,14
26,0,5,0,0
26,1,5,0,20
26,2,5,0,0
26,3,5,0,21
26,4,5,0,15
26,5,5,0,13
26,6,5,0,8
26,7,5,0,0
26,8,5,0,15
26,9,5,0,17
26,10,5,4,0
26,11,4,0,22
26,12,1,4,6
26,13,1,0,14
26,14,1,0,20
26,15,1,0,15
26,16,1,0,1
26,17,1,0,3
26,18,1,0,14
26,19,1,4,13
26,20,4,0,4
26,21,4,0,20
26,22,5,4,9
26,23,5,0,10
26,24,5,0,12
26,25,5,0,3
26,26,5,0,2
26,27,5,0,3
26,28,5,0,20
26,29,5,0,5
26,30,5,0,6
26,31,5,0,17
26,32,5,0,19
26,33,5,0,3
26,34,5,0,9
26,35,5,0,16
26,36,5,0,20
26,37,5,0,11
26,38,5,0,9
26,39,5,0,4
26,40,5,0,14
26,41,5,0,0
26,42,5,0,21
26,43,5,0,3
26,44,5,0,13
26,45,5,0,3
26,46,5,0,15
26,47,5,0,12
26,48,5,0,20
26,49,5,0,16
27,0,5,0,18
27,1,5,0,7
27,2,5,0,17
27,3,5,0,24
27,4,5,0,17
27,5,5,0,7
27,6,5,0,7
27,7,5,0,7
27,8,5,0,17
27,9,5,0,3
27,10,5,4,18
27,11,4,0,15
27,12,1,4,24
27,13,1,0,6
27,14,1,0,9
27,15,1,0,24
27,16,1,0,14
27,17,1,0,16
27,18,1,4,5
27,19,4,0,12
27,20,4,0,24
27,21,5,4,11
27,22,5,0,8
27,23,5,0,22
27,24,5,0,17
27,25,5,0,2
27,26,5,0,4
27,27,5,0,2
27,28,5,0,11
27,29,5,0,17
27,30,5,0,1
27,31,5,0,17
27,32,5,0,23
27,33,5,0,14
27,34,5,0,18
27,35,5,0,12
27,36,5,0,18
27,37,5,0,22
27,38,5,0,10
27,39,5,0,19
27,40,5,0,16
27,41,5,0,22
27,42,5,0,1
27,43,5,0,10
27,44,5,0,4
27,45,5,0,12
27,46,5,0,16
27,47,5,0,14
27,48,5,0,4
27,49,5,0,1
28,0,5,0,12
28,1,5,0,24
28,2,5,0,4
28,3,5,0,21
28,4,5,0,23
28,5,5,0,18
28,6,5,0,15
28,7,5,0,20
28,8,5,0,20
28,9,5,4,0
28,10,4,0,1
28,11,1,4,6
28,12,1,0,2
28,13,1,0,0
28,14,1,0,2
28,15,1,0,15
28,16,1,0,15
28,17,1,4,15
28,18,4,0,4
28,19,4,0,16
28,20,5,4,6
28,21,5,0,10
28,22,5,0,19
28,23,5,0,11
28,24,5,0,24
28,25,5,0,7
28,26,5,0,17
28,27,5,0,3
28,28,5,0,24
28,29,5,0,10
28,30,5,0,5
28,31,5,0,14
28,32,5,0,23
28,33,5,0,6
28,34,5,0,7
28,35,5,0,9
28,36,5,0,23
28,37,5,0,24
28,38,5,0,13
28,39,5,0,21
28,40,5,0,15
28,41,5,0,8
28,42,5,0,1
28,43,5,0,13
28,44,5,0,22
28,45,5,0,3
28,46,5,0,16
28,47,5,0,1
28,48,5,0,18
28,49,5,0,12
29,0,5,0,5
29,1,5,0,1
29,2,5,0,2
29,3,5,0,14
29,4,5,0,23
29,5,5,0,11
29,6,5,0,1
29,7,5,0,1
29,8,5,0,11
29,9,5,4,1
29,10,4,0,22
29,11,1,4,22
29,12,1,0,2
29,13,1,0,4
29,14,1,0,9
29,15,1,0,21
29,16,1,4,13
29,17,4,0,24
29,18,4,0,24
29,19,4,0,18
29,20,5,4,24
29,21,5,0,24
29,22,5,0,13
29,23,5,0,1
29,24,5,0,2
29,25,5,0,11
29,26,5,0,6
29,27,5,0,10
29,28,5,0,7
29,29,5,0,5
29,30,5,0,5
29,31,5,0,18
29,32,5,0,21
29,33,5,0,1
29,34,5,0,10
29,35,5,0,20
29,36,5,0,12
29,37,5,0,17
29,38,5,0,17
29,39,5,0,10
29,40,5,0,15
29,41,5,0,4
29,42,5,0,8
29,43,5,0,2
29,44,5,0,12
29,45,5,0,22
29,46,5,0,10
29,47,5,0,9
29,48,5,0,15
29,49,5,0,13
30,0,5,0,9
30,1,5,0,10
30,2,5,0,13
30,3,5,0,10
30,4,5,0,13
30,5,5,0,13
30,6,5,0,5
30,7,5,0,16
30,8,5,0,19
30,9,5,4,2
30,10,5,4,16
30,11,1,4,7
30,12,1,4,20
30,13,1,0,22
30,14,1,0,15
30,15,1,4,15
30,16,4,0,20
30,17,4,0,23
30,18,4,0,0
30,19,5,4,9
30,20,5,0,6
30,21,5,0,24
30,22,5,0,14
30,23,5,0,4
30,24,5,0,4
30,25,5,0,23
30,26,5,0,7
30,27,5,0,7
30,28,5,0,10
30,29,5,0,20
30,30,5,0,7
30,31,5,0,0
30,32,5,0,13
30,33,5,0,23
30,34,5,0,21
30,35,5,0,12
30,36,5,0,1
30,37,5,0,7
30,38,5,0,13
30,39,5,0,10
30,40,5,0,17
30,41,5,0,15
30,42,5,0,11
30,43,5,0,7
30,44,5,0,2
30,45,5,0,6
30,46,5,0,7
30,47,5,0,18
30,48,5,0,10
30,49,5,0,10
31,0,5,0,22
31,1,5,0,3
31,2,5,0,20
31,3,5,0,19
31,4,5,0,8
31,5,5,0,14
31,6,5,0,15
31,7,5,0,16
31,8,5,0,6
31,9,5,4,4
31,10,5,4,3
31,11,1,4,8
31,12,1,4,7
31,13,1,4,20
31,14,1,4,10
31,15,4,0,10
31,16,4,0,16
31,17,4,0,17
31,18,5,4,11
31,19,5,0,12
31,20,5,0,20
31,21,5,0,24
31,22,5,0,0
31,23,5,0,16
31,24,5,0,6
31,25,5,0,0
31,26,5,0,23
31,27,5,0,17
31,28,5,0,13
31,29,5,0,23
31,30,5,0,9
31,31,5,0,15
31,32,5,0,0
31,33,5,0,8
31,34,5,0,13
31,35,5,0,10
31,36,5,0,16
31,37,5,0,8
31,38,5,0,6
31,39,5,0,8
31,40,5,0,10
31,41,5,0,6
31,42,5,0,2
31,43,5,0,0
31,44,5,0,15
31,45,5,0,18
31,46,5,0,10
31,47,5,0,21
31,48,5,0,17
32,0,5,0,16
32,1,5,0,15
32,2,5,0,22
32,3,5,0,11
32,4,5,0,11
32,5,5,0,23
32,6,5,0,0
32,7,5,0,22
32,8,5,0,1
32,9,5,0,16
32,10,5,4,2
32,11,4,0,10
32,12,5,4,8
32,13,5,4,8
32,14,4,0,16
32,15,4,0,4
32,16,5,4,16
32,17,5,4,9
32,18,5,0,12
32,19,5,0,2
32,20,5,0,11
32,21,5,0,6
32,22,5,0,18
32,23,5,0,5
32,24,5,0,19
32,25,5,0,20
32,26,5,0,22
32,27,5,0,8
32,28,5,0,0
32,29,5,0,10
32,30,5,0,0
32,31,5,0,17
32,32,5,0,14
32,33,5,0,4
32,34,5,0,14
32,35,5,0,21
32,36,5,0,3
32,37,5,0,19
32,38,5,0,24
32,39,5,0,20
32,40,5,0,20
32,41,5,0,11
32,42,5,0,13
32,43,5,0,16
32,44,5,0,2
32,45,5,0,5
32,46,5,0,17
32,47,5,0,17
32,48,5,0,22
33,0,5,0,10
33,1,5,0,19
33,2,5,0,0
33,3,5,0,3
33,4,5,0,3
33,5,5,0,15
33,6,5,0,15
33,7,5,0,17
33,8,5,0,4
33,9,5,0,17
33,10,5,4,18
33,11,4,0,5
33,12,4,0,12
33,13,4,0,7
33,14,4,0,13
33,15,5,4,14
33,16,5,4,4
33,17,5,0,0
33,18,5,0,23
33,19,5,0,9
33,20,5,0,10
33,21,5,0,5
33,22,5,0,22
33,23,5,0,24
33,24,5,0,11
33,25,5,0,18
33,26,5,0,8
33,27,5,0,18
33,28,5,0,19
33,29,5,0,15
33,30,5,0,1
33,31,5,0,23
33,32,5,0,0
33,33,5,0,9
33,34,5,0,24
33,35,5,0,4
33,36,5,0,12
33,37,5,0,9
33,38,5,0,22
33,39,5,0,11
33,40,5,0,24
33,41,5,0,10
33,42,5,0,9
33,43,5,0,15
33,44,5,0,18
33,45,5,0,18
33,46,5,0,9
33,47,5,0,8
33,48,5,0,19
34,0,5,0,5
34,1,5,0,1
34,2,5,0,24
34,3,5,0,20
34,4,5,0,7
34,5,5,0,10
34,6,5,0,17
34,7,5,0,23
34,8,5,0,22
34,9,5,4,0
34,10,5,4,1
34,11,4,0,16
34,12,4,0,4
34,13,5,4,16
34,14,5,4,9
34,15,5,0,13
34,16,5,0,23
34,17,5,0,9
34,18,5,0,1
34,19,5,0,2
34,20,5,0,22
34,21,5,0,9
34,22,5,0,22
34,23,5,0,11
34,24,5,0,2
34,25,5,0,15
34,26,5,0,13
34,27,5,0,24
34,28,5,0,5
34,29,5,0,3
34,30,5,0,16
34,31,5,0,15
34,32,5,0,15
34,33,5,0,2
34,34,5,0,21
34,35,5,0,24
34,36,5,0,9
34,37,5,0,17
34,38,5,0,12
34,39,5,0,3
34,40,5,0,13
34,41,5,0,20
34,42,5,0,15
34,43,5,0,12
34,44,5,0,19
34,45,5,0,21
34,46,5,0,3
34,47,5,0,18
34,48,5,0,6
35,0,5,0,15
35,1,5,0,7
35,2,5,0,13
35,3,5,0,21
35,4,5,0,9
35,5,5,0,7
35,6,5,0,13
35,7,5,0,0
35,8,5,0,24
35,9,5,4,4
35,10,5,4,17
35,11,4,0,3
35,12,5,4,11
35,13,5,4,4
35,14,5,0,10
35,15,5,0,0
35,16,5,0,12
35,17,5,0,19
35,18,5,0,19
35,19,5,0,14
35,20,5,0,17
35,21,5,0,20
35,22,5,0,10
35,23,5,0,18
35,24,5,0,4
35,25,5,0,15
35,26,5,0,14
35,27,5,0,15
35,28,5,0,24
35,29,5,0,2
35,30,5,0,12
35,31,5,0,3
35,32,5,0,5
35,33,5,0,11
35,34,5,0,20
35,35,5,0,19
35,36,5,0,7
35,37,5,0,5
35,38,5,0,14
35,39,5,0,16
35,40,5,0,2
35,41,5,0,11
35,42,5,0,1
35,43,5,0,16
35,44,5,0,5
35,45,5,0,17
35,46,5,0,2
35,47,5,0,19
35,48,5,0,14
36,0,5,0,8
36,1,5,0,20
36,2,5,0,3
36,3,5,0,14
36,4,5,0,20
36,5,5,0,12
36,6,5,0,19
36,7,5,0,9
36,8,5,0,23
36,9,5,0,9
36,10,5,4,3
36,11,5,4,9
36,12,5,0,5
36,13,5,0,23
36,14,5,0,3
36,15,5,0,8
36,16,5,0,22
36,17,5,0,2
36,18,5,0,3
36,19,5,0,24
36,20,5,0,2
36,21,5,0,20
36,22,5,0,13
36,23,5,0,3
36,24,5,0,9
36,25,5,0,4
36,26,5,0,16
36,27,5,0,17
36,28,5,0,14
36,29,5,0,5
36,30,5,0,17
36,31,5,0,10
36,32,5,0,6
36,33,5,0,13
36,34,5,0,10
36,35,5,0,18
36,36,5,0,23
36,37,5,0,20
36,38,5,0,14
36,39,5,0,6
36,40,5,0,10
36,41,5,0,0
36,42,5,0,3
36,43,5,0,11
36,44,5,0,7
36,45,5,0,9
36,46,5,0,18
36,47,5,0,4
36,48,5,0,16
37,0,5,0,6
37,1,5,0,22
37,2,5,0,2
37,3,5,0,13
37,4,5,0,10
37,5,5,0,0
37,6,5,0,23
37,7,5,0,5
37,8,5,0,0
37,9,5,0,9
37,10,5,4,4
37,11,5,0,24
37,12,5,0,16
37,13,5,0,0
37,14,5,0,23
37,15,5,0,17
37,16,5,0,15
37,17,5,0,7
37,18,5,0,5
37,19,5,0,1
37,20,5,0,5
37,21,5,0,7
37,22,5,0,13
37,23,5,0,2
37,24,5,0,7
37,25,5,0,3
37,26,5,0,8
37,27,5,0,10
37,28,5,0,9
37,29,5,0,4
37,30,5,0,20
37,31,5,0,16
37,32,5,0,17
37,33,5,0,1
37,34,5,0,2
37,35,5,0,0
37,36,5,0,11
37,37,5,0,4
37,38,5,0,8
37,39,5,0,20
37,40,5,0,22
37,41,5,0,2
37,42,5,0,17
37,43,5,0,6
37,44,5,0,3
37,45,5,0,24
37,46,5,0,22
37,47,5,0,22
37,48,5,0,24
38,0,5,0,0
38,1,5,0,23
38,2,5,0,21
38,3,5,0,21
38,4,5,0,14
38,5,5,0,18
38,6,5,0,13
38,7,5,0,15
38,8,5,0,8
38,9,5,0,11
38,10,5,0,7
38,11,5,0,4
38,12,5,0,13
38,13,5,0,10
38,14,5,0,12
38,15,5,0,21
38,16,5,0,23
38,17,5,0,12
38,18,5,0,24
38,19,5,0,6
38,20,5,0,19
38,21,5,0,11
38,22,5,0,1
38,23,5,0,12
38,24,5,0,20
38,25,5,0,24
38,26,5,0,21
38,27,5,0,13
38,28,5,0,7
38,29,5,0,10
38,30,5,0,21
38,31,5,0,22
38,32,5,0,14
38,33,5,0,11
38,34,5,0,18
38,35,5,0,0
38,36,5,0,5
38,37,5,0,10
38,38,5,0,24
38,39,5,0,7
38,40,5,0,6
38,41,5,0,23
38,42,5,0,21
38,43,5,0,0
38,44,5,0,7
38,45,5,0,20
38,46,5,0,19
38,47,5,0,11
38,48,5,0,24
39,0,5,0,6
39,1,5,0,1
39,2,5,0,8
39,3,5,0,6
39,4,5,0,22
39,5,5,0,5
39,6,5,0,18
39,7,5,0,14
39,8,5,0,6
39,9,5,0,14
39,10,5,0,0
39,11,5,0,11
39,12,5,0,19
39,13,5,0,14
39,14,5,0,10
39,15,5,0,21
39,16,5,0,22
39,17,5,0,4
39,18,5,0,11
39,19,5,0,20
39,20,5,0,22
39,21,5,0,15
39,22,5,0,9
39,23,5,0,15
39,24,5,0,15
39,25,5,0,6
39,26,5,0,6
39,27,5,0,24
39,28,5,0,7
39,29,5,0,5
39,30,5,0,16
39,31,5,0,18
39,32,5,0,20
39,33,5,0,9
39,34,5,0,2
39,35,5,0,12
39,36,5,0,13
39,37,5,0,4
39,38,5,0,18
39,39,5,0,13
39,40,5,0,8
39,41,5,0,10
39,42,5,0,12
39,43,5,0,12
39,44,5,0,23
39,45,5,0,15
39,46,5,0,8
39,47,5,0,9
39,48,5,0,16
40,0,5,0,9
40,1,5,0,12
40,2,5,0,21
40,3,5,0,10
40,4,5,0,14
40,5,5,0,22
40,6,5,0,22
40,7,5,0,9
40,8,5,0,1
40,9,5,0,19
40,10,5,0,16
40,11,5,0,3
40,12,5,0,7
40,13,5,0,20
40,14,5,0,21
40,15,5,0,11
40,16,5,0,24
40,17,5,0,9
40,18,5,0,5
40,19,5,0,0
40,20,5,0,2
40,21,5,0,12
40,22,5,0,5
40,23,5,0,9
40,24,5,0,24
40,25,5,0,1
40,26,5,0,23
40,27,5,0,12
40,28,5,0,2
40,29,5,0,14
40,30,5,0,9
40,31,5,0,7
40,32,5,0,7
40,33,5,0,5
40,34,5,0,21
40,35,5,0,20
40,36,5,0,19
40,37,5,0,20
40,38,5,0,17
40,39,5,0,21
40,40,5,0,7
40,41,5,0,4
40,42,5,0,11
40,43,5,0,9
40,44,5,0,16
40,45,5,0,4
40,46,5,0,10
40,47,5,0,13
40,48,5,0,15
41,0,5,0,20
41,1,5,0,4
41,2,5,0,10
41,3,5,0,21
41,4,5,0,17
41,5,5,0,4
41,6,5,0,22
41,7,5,0,2
41,8,5,0,24
41,9,5,0,23
41,10,5,0,13
41,11,5,0,24
41,12,5,0,16
41,13,5,0,18
41,14,5,0,6
41,15,5,0,16
41,16,5,0,15
41,17,5,0,20
41,18,5,0,20
41,19,5,0,18
41,20,5,0,9
41,21,5,0,14
41,22,5,0,7
41,23,5,0,5
41,24,5,0,14
41,25,5,0,1
41,26,5,0,3
41,27,5,0,18
41,28,5,0,4
41,29,5,0,7
41,30,5,0,23
41,31,5,0,20
41,32,5,0,24
41,33,5,0,2
41,34,5,0,7
41,35,5,0,0
41,36,5,0,2
41,37,5,0,13
41,38,5,0,15
41,39,5,0,19
41,40,5,0,14
41,41,5,0,22
41,42,5,0,3
41,43,5,0,7
41,44,5,0,14
41,45,5,0,21
41,46,5,0,6
41,47,5,0,16
41,48,5,0,21
42,0,5,0,1
42,1,5,0,22
42,2,5,0,12
42,3,5,0,17
42,4,5,0,4
42,5,5,0,19
42,6,5,0,24
42,7,5,0,4
42,8,5,0,1
42,9,5,0,0
42,10,5,0,22
42,11,5,0,12
42,12,5,0,8
42,13,5,0,8
42,14,5,0,14
42,15,5,0,16
42,16,5,0,11
42,17,5,0,8
42,18,5,0,23
42,19,5,0,15
42,20,5,0,9
42,21,5,0,11
42,22,5,0,10
42,23,5,0,7
42,24,5,0,2
42,25,5,0,6
42,26,5,0,12
42,27,5,0,2
42,28,5,0,7
42,29,5,0,20
42,30,5,0,4
42,31,5,0,23
42,32,5,0,1
42,33,5,0,24
42,34,5,0,7
42,35,5,0,2
42,36,5,0,22
42,37,5,0,16
42,38,5,0,4
42,39,5,0,8
42,40,5,0,17
42,41,5,0,9
42,42,5,0,19
42,43,5,0,1
42,44,5,0,13
42,45,5,0,22
42,46,5,0,2
42,47,5,0,2
42,48,5,0,11
43,0,5,0,23
43,1,5,0,17
43,2,5,0,12
43,3,5,0,18
43,4,5,0,4
43,5,5,0,0
43,6,5,0,0
43,7,5,0,21
43,8,5,0,17
43,9,5,0,8
43,10,5,0,22
43,11,5,0,11
43,12,5,0,19
43,13,5,0,1
43,14,5,0,3
43,15,5,0,21
43,16,5,0,17
43,17,5,0,23
43,18,5,0,19
43,19,5,0,12
43,20,5,0,23
43,21,5,0,19
43,22,5,0,21
43,23,5,0,23
43,24,5,0,22
43,25,5,0,16
43,26,5,0,20
43,27,5,0,5
43,28,5,0,24
43,29,5,0,19
43,30,5,0,16
43,31,5,0,13
43,32,5,0,0
43,33,5,0,22
43,34,5,0,11
43,35,5,0,14
43,36,5,0,1
43,37,5,0,19
43,38,5,0,24
43,39,5,0,15
43,40,5,0,1
43,41,5,0,11
43,42,5,0,5
43,43,5,0,7
43,44,5,0,13
43,45,5,0,7
43,46,5,0,16
43,47,5,0,20
43,48,5,0,13
44,0,5,0,20
44,1,5,0,14
44,2,5,0,16
44,3,5,0,2
44,4,5,0,14
44,5,5,0,24
44,6,5,0,3
44,7,5,0,14
44,8,5,0,17
44,9,5,0,9
44,10,5,0,22
44,11,5,0,15
44,12,5,0,8
44,13,5,0,14
44,14,5,0,23
44,15,5,0,23
44,16,5,0,2
44,17,5,0,9
44,18,5,0,18
44,19,5,0,18
44,20,5,0,17
44,21,5,0,18
44,22,5,0,7
44,23,5,0,3
44,24,5,0,14
44,25,5,0,23
44,26,5,0,22
44,27,5,0,12
44,28,5,0,21
44,29,5,0,16
44,30,5,0,7
44,31,5,0,10
44,32,5,0,2
44,33,5,0,16
44,34,5,0,9
44,35,5,0,21
44,36,5,0,23
44,37,5,0,0
44,38,5,0,12
44,39,5,0,8
44,40,5,0,15
44,41,5,0,14
44,42,5,0,21
44,43,5,0,5
44,44,5,0,11
44,45,5,0,2
44,46,5,0,10
44,47,5,0,7
44,48,5,0,5
45,0,5,0,13
45,1,5,0,18
45,2,5,0,16
45,3,5,0,22
45,4,5,0,16
45,5,5,0,18
45,6,5,0,18
45,7,5,0,5
45,8,5,0,14
45,9,5,0,12
45,10,5,0,24
45,11,5,0,19
45,12,5,0,14
45,13,5,0,10
45,14,5,0,3
45,15,5,0,18
45,16,5,0,1
45,17,5,0,23
45,18,5,0,23
45,19,5,0,11
45,20,5,0,14
45,21,5,0,1
45,22,5,0,0
45,23,5,0,13
45,24,5,0,0
45,25,5,0,1
45,26,5,0,11
45,27,5,0,19
45,28,5,0,14
45,29,5,0,6
45,30,5,0,6
45,31,5,0,6
45,32,5,0,7
45,33,5,0,3
45,34,5,0,3
45,35,5,0,23
45,36,5,0,2
45,37,5,0,4
45,38,5,0,4
45,39,5,0,14
45,40,5,0,18
45,41,5,0,3
45,42,5,0,1
45,43,5,0,0
45,44,5,0,24
45,45,5,0,0
45,46,5,0,0
45,47,5,0,20
45,48,5,0,23
46,0,5,0,20
46,1,5,0,21
46,2,5,0,8
46,3,5,0,14
46,4,5,0,11
46,5,5,0,5
46,6,5,0,6
46,7,5,0,0
46,8,5,0,1
46,9,5,0,21
46,10,5,0,18
46,11,5,0,16
46,12,5,0,3
46,13,5,0,7
46,14,5,0,3
46,15,5,0,8
46,16,5,0,21
46,17,5,0,16
46,18,5,0,8
46,19,5,0,22
46,20,5,0,0
46,21,5,0,15
46,22,5,0,20
46,23,5,0,14
46,24,5,0,14
46,25,5,0,21
46,26,5,0,21
46,27,5,0,22
46,28,5,0,3
46,29,5,0,14
46,30,5,0,16
46,31,5,0,23
46,32,5,0,15
46,33,5,0,23
46,34,5,0,2
46,35,5,0,18
46,36,5,0,10
46,37,5,0,18
46,38,5,0,16
46,39,5,0,5
46,40,5,0,22
46,41,5,0,1
46,42,5,0,4
46,43,5,0,22
46,44,5,0,11
46,45,5,0,16
46,46,5,0,22
46,47,5,0,2
46,48,5,0,18
47,0,5,0,20
47,1,5,0,4
47,2,5,0,9
47,3,5,0,3
47,4,5,0,4
47,5,5,0,2
47,6,5,0,5
47,7,5,0,9
47,8,5,0,8
47,9,5,0,10
47,10,5,0,10
47,11,5,0,23
47,12,5,0,14
47,13,5,0,14
47,14,5,0,18
47,15,5,0,8
47,16,5,0,22
47,17,5,0,16
47,18,5,0,6
47,19,5,0,24
47,20,5,0,0
47,21,5,0,19
47,22,5,0,6
47,23,5,0,6
47,24,5,0,20
47,25,5,0,8
47,26,5,0,6
47,27,5,0,19
47,28,5,0,11
47,29,5,0,15
47,30,5,0,4
47,31,5,0,17
47,32,5,0,9
47,33,5,0,18
47,34,5,0,12
47,35,5,0,1
47,36,5,0,24
47,37,5,0,4
47,38,5,0,16
47,39,5,0,23
47,40,5,0,7
47,41,5,0,8
47,42,5,0,9
47,43,5,0,14
47,44,5,0,7
47,45,5,0,21
47,46,5,0,3
47,47,5,0,17
47,48,5,0,5
48,0,5,0,18
48,1,5,0,14
48,2,5,0,13
48,3,5,0,14
48,4,5,0,1
48,5,5,0,20
48,6,5,0,7
48,7,5,0,12
48,8,5,0,5
48,9,5,0,10
48,10,5,0,15
48,11,5,0,23
48,12,5,0,11
48,13,5,0,22
48,14,5,0,4
48,15,5,0,18
48,16,5,0,20
48,17,5,0,6
48,18,5,0,18
48,19,5,0,6
48,20,5,0,18
48,21,5,0,14
48,22,5,0,22
48,23,5,0,9
48,24,5,0,15
48,25,5,0,3
48,26,5,0,24
48,27,5,0,24
48,28,5,0,11
48,29,5,0,12
48,30,5,0,4
48,31,5,0,11
48,32,5,0,4
48,33,5,0,24
48,34,5,0,23
48,35,5,0,1
48,36,5,0,11
48,37,5,0,13
48,38,5,0,2
48,39,5,0,21
48,40,5,0,19
48,41,5,0,0
48,42,5,0,3
48,43,5,0,0
48,44,5,0,23
48,45,5,0,16
48,46,5,0,18
48,47,5,0,12
48,48,5,0,7
49,0,5,0,17
49,1,5,0,12
49,2,5,0,12
49,3,5,0,11
49,4,5,0,9
49,5,5,0,15
49,6,5,0,10
49,7,5,0,11
49,8,5,0,4
49,9,5,0,24
49,10,5,0,12
49,11,5,0,0
49,12,5,0,8
49,13,5,0,5
49,14,5,0,6
49,15,5,0,0
49,16,5,0,10
49,17,5,0,4
49,18,5,0,10
49,19,5,0,23
49,20,5,0,2
49,21,5,0,8
49,22,5,0,14
49,23,5,0,24
49,24,5,0,4
49,25,5,0,14
49,26,5,0,5
49,27,5,0,12
49,28,5,0,13
49,29,5,0,20
49,30,5,0,6
49,31,5,0,17
49,32,5,0,17
49,33,5,0,20
49,34,5,0,0
49,35,5,0,19
49,36,5,0,11
49,37,5,0,4
49,38,5,0,18
49,39,5,0,20
49,40,5,0,9
49,41,5,0,24
49,42,5,0,22
49,43,5,0,12
49,44,5,0,4
49,45,5,0,14
49,46,5,0,16
49,47,5,0,1
49,48,5,0,3
50,0,5,0,20
50,1,5,0,1
50,2,5,0,15
50,3,5,0,9
50,4,5,0,3
50,5,5,0,2
50,6,5,0,9
50,7,5,0,6
50,8,5,0,21
50,9,5,0,8
50,10,5,0,15
50,11,5,0,15
50,12,5,0,6
50,13,5,0,12
50,14,5,0,15
50,15,5,0,7
50,16,5,0,0
50,17,5,0,13
50,18,5,0,19
50,19,5,0,10
50,20,5,0,9
50,21,5,0,13
50,22,5,0,17
50,23,5,0,22
50,24,5,0,9
50,25,5,0,4
50,26,5,0,0
50,27,5,0,20
50,28,5,0,12
50,29,5,0,21
50,30,5,0,16
50,31,5,0,5
50,32,5,0,13
50,33,5,0,21
50,34,5,0,12
50,35,5,0,24
50,36,5,0,0
50,37,5,0,2
50,38,5,0,18
50,39,5,0,24
50,40,5,0,23
50,41,5,0,24
50,42,5,0,19
50,43,5,0,7
50,44,5,0,1
50,45,5,0,20
50,46,5,0,12
50,47,5,0,5
50,48,5,0,4
51,0,5,0,6
51,1,5,0,20
51,2,5,0,11
51,3,5,0,16
51,4,5,0,16
51,5,5,0,8
51,6,5,0,7
51,7,5,0,0
51,8,5,0,12
51,9,5,0,13
51,10,5,0,7
51,11,5,0,2
51,12,5,0,13
51,13,5,0,23
51,14,5,0,12
51,15,5,0,3
51,16,5,0,17
51,17,5,0,13
51,18,5,0,0
51,19,5,0,20
51,20,5,0,6
51,21,5,0,3
51,22,5,0,22
51,23,5,0,4
51,24,5,0,23
51,25,5,0,8
51,26,5,0,23
51,27,5,0,24
51,28,5,0,7
51,29,5,0,8
51,30,5,0,3
51,31,5,0,22
51,32,5,0,17
51,33,5,0,21
51,34,5,0,15
51,35,5,0,9
51,36,5,0,23
51,37,5,0,21
51,38,5,0,10
51,39,5,0,19
51,40,5,0,8
51,41,5,0,4
51,42,5,0,13
51,43,5,0,0
51,44,5,0,1
51,45,5,0,23
51,46,5,0,3
51,47,5,0,24
51,48,5,0,1
52,0,5,0,9
52,1,5,0,3
52,2,5,0,0
52,3,5,0,2
52,4,5,0,16
52,5,5,0,20
52,6,5,0,8
52,7,5,0,0
52,8,5,0,2
52,9,5,0,24
52,10,5,0,14
52,11,5,0,11
52,12,5,0,6
52,13,5,0,14
52,14,5,0,7
52,15,5,0,24
52,16,5,0,13
52,17,5,0,13
52,18,5,0,11
52,19,5,0,21
52,20,5,0,15
52,21,5,0,16
52,22,5,0,20
52,23,5,0,14
52,24,5,0,20
52,25,5,0,9
52,26,5,0,2
52,27,5,0,16
52,28,5,0,0
52,29,5,0,24
52,30,5,0,17
52,31,5,0,14
52,32,5,0,5
52,33,5,0,0
52,34,5,0,2
52,35,5,0,8
52,36,5,0,13
52,37,5,0,6
52,38,5,0,8
52,39,5,0,24
52,40,5,0,23
52,41,5,0,12
52,42,5,0,5
52,43,5,0,10
52,44,5,0,18
52,45,5,0,11
52,46,5,0,14
52,47,5,0,18
52,48,5,0,7
53,0,5,0,0
53,1,5,0,1
53,2,5,0,13
53,3,5,0,15
53,4,5,0,8
53,5,5,0,14
53,6,5,0,24
53,7,5,0,16
53,8,5,0,4
53,9,5,0,11
53,10,5,0,6
53,11,5,0,23
53,12,5,0,1
53,13,5,0,9
53,14,5,0,9
53,15,5,0,1
53,16,5,0,13
53,17,5,0,3
53,18,5,0,8
53,19,5,0,9
53,20,5,0,21
53,21,5,0,2
53,22,5,0,4
53,23,5,0,17
53,24,5,0,20
53,25,5,0,16
53,26,5,0,0
53,27,5,0,2
53,28,5,0,8
53,29,5,0,20
53,30,5,0,14
53,31,5,0,22
53,32,5,0,17
53,33,5,0,0
53,34,5,0,8
53,35,5,0,1
53,36,5,0,1
53,37,5,0,10
53,38,5,0,1
53,39,5,0,10
53,40,5,0,18
53,41,5,0,13
53,42,5,0,23
53,43,5,0,4
53,44,5,0,18
53,45,5,0,18
53,46,5,0,3
53,47,5,0,17
53,48,5,0,10
54,0,5,0,13
54,1,5,0,1
54,2,5,0,13
54,3,5,0,12
54,4,5,0,14
54,5,5,0,10
54,6,5,0,11
54,7,5,0,12
54,8,5,0,15
54,9,5,0,1
54,10,5,0,6
54,11,5,0,13
54,12,5,0,3
54,13,5,0,0
54,14,5,0,10
54,15,5,0,12
54,16,5,0,17
54,17,5,0,20
54,18,5,0,19
54,19,5,0,23
54,20,5,0,21
54,21,5,0,18
54,22,5,0,9
54,23,5,0,17
54,24,5,0,11
54,25,5,0,9
54,26,5,0,20
54,27,5,0,19
54,28,5,0,24
54,29,5,0,19
54,30,5,0,4
54,31,5,0,6
54,32,5,0,22
54,33,5,0,1
54,34,5,0,18
54,35,5,0,9
54,36,5,0,21
54,37,5,0,14
54,38,5,0,22
54,39,5,0,19
54,40,5,0,18
54,41,5,0,17
54,42,5,0,13
54,43,5,0,14
54,44,5,0,8
54,45,5,0,7
54,46,5,0,20
54,47,5,0,21
54,48,5,0,3
55,0,5,0,15
55,1,5,0,19
55,2,5,0,19
55,3,5,0,3
55,4,5,0,11
55,5,5,0,20
55,6,5,0,11
55,7,5,0,20
55,8,5,0,21
55,9,5,0,13
55,10,5,0,13
55,11,5,0,10
55,12,5,0,22
55,13,5,0,24
55,14,5,0,2
55,15,5,0,22
55,16,5,0,8
55,17,5,0,3
55,18,5,0,14
55,19,5,0,20
55,20,5,0,9
55,21,5,0,2
55,22,5,0,17
55,23,5,0,9
55,24,5,0,21
55,25,5,0,12
55,26,5,0,20
55,27,5,0,1
55,28,5,0,4
55,29,5,0,10
55,30,5,0,4
55,31,5,0,14
55,32,5,0,12
55,33,5,0,21
55,34,5,0,18
55,35,5,0,10
55,36,5,0,15
55,37,5,0,18
55,38,5,0,5
55,39,5,0,16
55,40,5,0,18
55,41,5,0,5
55,42,5,0,12
55,43,5,0,3
55,44,5,0,8
55,45,5,0,24
55,46,5,0,5
55,47,5,0,2
55,48,5,0,13
56,0,5,0,14
56,1,5,0,20
56,2,5,0,1
56,3,5,0,3
56,4,5,0,2
56,5,5,0,16
56,6,5,0,22
56,7,5,0,20
56,8,5,0,2
56,9,5,0,17
56,10,5,0,24
56,11,5,0,4
56,12,5,0,24
56,13,5,0,20
56,14,5,0,13
56,15,5,0,24
56,16,5,0,19
56,17,5,0,5
56,18,5,0,22
56,19,5,0,4
56,20,5,0,4
56,21,5,0,7
56,22,5,0,3
56,23,5,0,12
56,24,5,0,12
56,25,5,0,1
56,26,5,0,21
56,27,5,0,22
56,28,5,0,22
56,29,5,0,2
56,30,5,0,22
56,31,5,0,18
56,32,5,0,19
56,33,5,0,19
56,34,5,0,24
56,35,5,0,5
56,36,5,0,4
56,37,5,0,15
56,38,5,0,2
56,39,5,0,4
56,40,5,0,11
56,41,5,0,2
56,42,5,0,0
56,43,5,0,8
56,44,5,0,11
56,45,5,0,1
56,46,5,0,8
56,47,5,0,1
56,48,5,0,5
57,0,5,0,3
57,1,5,0,4
57,2,5,0,12
57,3,5,0,14
57,4,5,0,15
57,5,5,0,16
57,6,5,0,22
57,7,5,0,5
57,8,5,0,13
57,9,5,0,17
57,10,5,0,21
57,11,5,0,20
57,12,5,0,6
57,13,5,0,12
57,14,5,0,19
57,15,5,0,24
57,16,5,0,13
57,17,5,0,21
57,18,5,0,3
57,19,5,0,23
57,20,5,0,2
57,21,5,0,15
57,22,5,0,9
57,23,5,0,2
57,24,5,0,1
57,25,5,0,3
57,26,5,0,24
57,27,5,0,23
57,28,5,0,13
57,29,5,0,15
57,30,5,0,20
57,31,5,0,19
57,32,5,0,0
57,33,5,0,7
57,34,5,0,11
57,35,5,0,15
57,36,5,0,13
57,37,5,0,22
57,38,5,0,1
57,39,5,0,14
57,40,5,0,22
57,41,5,0,17
57,42,5,0,6
57,43,5,0,15
57,44,5,0,0
57,45,5,0,15
57,46,5,0,15
57,47,5,0,1
57,48,5,0,2
58,0,5,0,8
58,1,5,0,14
58,2,5,0,14
58,3,5,0,23
58,4,5,0,22
58,5,5,0,6
58,6,5,0,6
58,7,5,0,14
58,8,5,0,8
58,9,5,0,24
58,10,5,0,17
58,11,5,0,23
58,12,5,0,13
58,13,5,0,19
58,14,5,0,1
58,15,5,0,0
58,16,5,0,12
58,17,5,0,8
58,18,5,0,18
58,19,5,0,15
58,20,5,0,14
58,21,5,0,13
58,22,5,0,14
58,23,5,0,9
58,24,5,0,19
58,25,5,0,11
58,26,5,0,20
58,27,5,0,2
58,28,5,0,14
58,29,5,0,22
58,30,5,0,4
58,31,5,0,0
58,32,5,0,5
58,33,5,0,10
58,34,5,0,7
58,35,5,0,13
58,36,5,0,20
58,37,5,0,9
58,38,5,0,22
58,39,5,0,11
58,40,5,0,1
58,41,5,0,6
58,42,5,0,18
58,43,5,0,13
58,44,5,0,19
58,45,5,0,7
58,46,5,0,5
58,47,5,0,12
58,48,5,0,16
59,0,5,0,12
59,1,5,0,10
59,2,5,0,4
59,3,5,0,11
59,4,5,0,21
59,5,5,0,12
59,6,5,0,10
59,7,5,0,19
59,8,5,0,16
59,9,5,0,1
59,10,5,0,11
59,11,5,0,12
59,12,5,0,2
59,13,5,0,9
59,14,5,0,6
59,15,5,0,16
59,16,5,0,21
59,17,5,0,20
59,18,5,0,12
59,19,5,0,21
59,20,5,0,0
59,21,5,0,7
59,22,5,0,14
59,23,5,0,14
59,24,5,0,11
59,25,5,0,22
59,26,5,0,7
59,27,5,0,14
59,28,5,0,22
59,29,5,0,7
59,30,5,0,9
59,31,5,0,12
59,32,5,0,3
59,33,5,0,13
59,34,5,0,4
59,35,5,0,17
59,36,5,0,7
59,37,5,0,19
59,38,5,0,9
59,39,5,0,21
59,40,5,0,9
59,41,5,0,4
59,42,5,0,7
59,43,5,0,14
59,44,5,0,4
59,45,5,0,0
59,46,5,0,19
59,47,5,0,14
59,48,5,0,11
60,0,5,0,9
60,1,5,0,22
60,2,5,0,3
60,3,5,0,21
60,4,5,0,7
60,5,5,0,16
60,6,5,0,18
60,7,5,0,23
60,8,5,0,2
60,9,5,0,9
60,10,5,0,4
60,11,5,0,18
60,12,5,0,4
60,13,5,0,20
60,14,5,0,3
60,15,5,0,18
60,16,5,0,13
60,17,5,0,5
60,18,5,0,7
60,19,5,0,23
60,20,5,0,14
60,21,5,0,5
60,22,5,0,8
60,23,5,0,24
60,24,5,0,12
60,25,5,0,17
60,26,5,0,11
60,27,5,0,0
60,28,5,0,11
60,29,5,0,15
60,30,5,0,1
60,31,5,0,17
60,32,5,0,17
60,33,5,0,0
60,34,5,0,9
60,35,5,0,20
60,36,5,0,11
60,37,5,0,5
60,38,5,0,24
60,39,5,0,15
60,40,5,0,4
60,41,5,0,19
60,42,5,0,23
60,43,5,0,7
60,44,5,0,18
60,45,5,0,13
60,46,5,0,17
60,47,5,0,7
60,48,5,0,11
61,0,5,0,16
61,1,5,0,18
61,2,5,0,6
61,3,5,0,22
61,4,5,0,20
61,5,5,0,3
61,6,5,0,21
61,7,5,0,5
61,8,5,0,6
61,9,5,0,9
61,10,5,0,20
61,11,5,0,20
61,12,5,0,6
61,13,5,0,19
61,14,5,0,2
61,15,5,0,4
61,16,5,0,10
61,17,5,0,16
61,18,5,0,8
61,19,5,0,17
61,20,5,0,21
61,21,5,0,21
61,22,5,0,3
61,23,5,0,21
61,24,5,0,22
61,25,5,0,0
61,26,5,0,5
61,27,5,0,23
61,28,5,0,7
61,29,5,0,15
61,30,5,0,3
61,31,5,0,1
61,32,5,0,16
61,33,5,0,15
61,34,5,0,0
61,35,5,0,7
61,36,5,0,13
61,37,5,0,4
61,38,5,0,3
61,39,5,0,3
61,40,5,0,14
61,41,5,0,14
61,42,5,0,17
61,43,5,0,18
61,44,5,0,8
61,45,5,0,19
61,46,5,0,20
61,47,5,0,8
61,48,5,0,1
62,0,5,0,2
62,1,5,0,2
62,2,5,0,16
62,3,5,0,11
62,4,5,0,17
62,5,5,0,12
62,6,5,0,16
62,7,5,0,16
62,8,5,0,22
62,9,5,0,9
62,10,5,0,14
62,11,5,0,3
62,12,5,0,9
62,13,5,0,23
62,14,5,0,2
62,15,5,0,14
62,16,5,0,20
62,17,5,0,6
62,18,5,0,24
62,19,5,0,1
62,20,5,0,24
62,21,5,0,23
62,22,5,0,9
62,23,5,0,11
62,24,5,0,0
62,25,5,0,15
62,26,5,0,2
62,27,5,0,24
62,28,5,0,0
62,29,5,0,12
62,30,5,0,23
62,31,5,0,14
62,32,5,0,6
62,33,5,0,24
62,34,5,0,14
62,35,5,0,21
62,36,5,0,7
62,37,5,0,23
62,38,5,0,7
62,39,5,0,6
62,40,5,0,8
62,41,5,0,11
62,42,5,0,8
62,43,5,0,19
62,44,5,0,15
62,45,5,0,0
62,46,5,0,11
62,47,5,0,16
62,48,5,0,7
63,0,5,0,13
63,1,5,0,21
63,2,5,0,3
63,3,5,0,6
63,4,5,0,23
63,5,5,0,19
63,6,5,0,3
63,7,5,0,15
63,8,5,0,11
63,9,5,0,19
63,10,5,0,0
63,11,5,0,17
63,12,5,0,8
63,13,5,0,14
63,14,5,0,7
63,15,5,0,12
63,16,5,0,20
63,17,5,0,18
63,18,5,0,10
63,19,5,0,11
63,20,5,0,12
63,21,5,0,7
63,22,5,0,23
63,23,5,0,9
63,24,5,0,6
63,25,5,0,5
63,26,5,0,7
63,27,5,0,1
63,28,5,0,22
63,29,5,0,15
63,30,5,4,20
63,31,5,4,20
63,32,5,0,17
63,33,5,0,16
63,34,5,0,19
63,35,5,0,3
63,36,5,0,2
63,37,5,0,24
63,38,5,0,9
63,39,5,0,1
63,40,5,0,16
63,41,5,0,19
63,42,5,0,8
63,43,5,0,2
63,44,5,0,23
63,45,5,0,4
63,46,5,0,21
63,47,5,0,11
63,48,5,0,16
64,0,5,0,21
64,1,5,0,11
64,2,5,0,15
64,3,5,0,5
64,4,5,0,22
64,5,5,0,6
64,6,5,0,7
64,7,5,0,4
64,8,5,0,19
64,9,5,0,11
64,10,5,0,15
64,11,5,0,8
64,12,5,0,22
64,13,5,0,4
64,14,5,0,14
64,15,5,0,24
64,16,5,0,6
64,17,5,0,11
64,18,5,0,4
64,19,5,0,21
64,20,5,0,24
64,21,5,0,22
64,22,5,0,20
64,23,5,0,4
64,24,5,0,14
64,25,5,0,17
64,26,5,0,14
64,27,5,0,10
64,28,5,0,11
64,29,5,4,10
64,30,5,4,8
64,31,5,4,21
64,32,5,4,20
64,33,5,4,20
64,34,5,0,12
64,35,5,0,16
64,36,5,0,13
64,37,5,0,12
64,38,5,0,12
64,39,5,0,8
64,40,5,0,10
64,41,5,0,17
64,42,5,0,24
64,43,5,0,18
64,44,5,0,18
64,45,5,0,2
64,46,5,0,21
64,47,5,0,6
64,48,5,0,11
65,0,5,0,23
65,1,5,0,16
65,2,5,0,9
65,3,5,0,7
65,4,5,0,15
65,5,5,0,19
65,6,5,0,13
65,7,5,0,20
65,8,5,0,1
65,9,5,0,23
65,10,5,0,1
65,11,5,0,10
65,12,5,0,18
65,13,5,0,21
65,14,5,0,22
65,15,5,0,22
65,16,5,0,18
65,17,5,0,23
65,18,5,0,1
65,19,5,0,17
65,20,5,0,21
65,21,5,0,4
65,22,5,0,12
65,23,5,0,14
65,24,5,0,21
65,25,5,0,9
65,26,5,0,0
65,27,5,0,19
65,28,5,4,13
65,29,4,0,17
65,30,4,0,21
65,31,5,4,8
65,32,5,4,8
65,33,5,4,7
65,34,5,4,20
65,35,5,0,6
65,36,5,0,3
65,37,5,0,12
65,38,5,0,14
65,39,5,0,14
65,40,5,0,7
65,41,5,0,2
65,42,5,0,9
65,43,5,0,12
65,44,5,0,1
65,45,5,0,10
65,46,5,0,2
65,47,5,0,12
65,48,5,0,11
66,0,5,0,2
66,1,5,0,13
66,2,5,0,7
66,3,5,0,17
66,4,5,0,20
66,5,5,0,15
66,6,5,0,6
66,7,5,0,7
66,8,5,0,10
66,9,5,0,12
66,10,5,0,11
66,11,5,0,13
66,12,5,0,3
66,13,5,0,15
66,14,5,0,24
66,15,5,0,20
66,16,5,0,12
66,17,5,0,5
66,18,5,0,20
66,19,5,0,10
66,20,5,0,6
66,21,5,0,5
66,22,5,0,11
66,23,5,0,6
66,24,5,0,6
66,25,5,0,21
66,26,5,0,20
66,27,5,4,15
66,28,4,0,1
66,29,4,0,9
66,30,4,0,13
66,31,4,0,19
66,32,4,0,1
66,33,5,4,8
66,34,5,4,21
66,35,5,0,23
66,36,5,0,22
66,37,5,0,11
66,38,5,0,14
66,39,5,0,19
66,40,5,0,6
66,41,5,0,0
66,42,5,0,18
66,43,5,0,5
66,44,5,0,21
66,45,5,0,6
66,46,5,0,20
66,47,5,0,22
66,48,5,0,23
67,0,5,0,18
67,1,5,0,5
67,2,5,0,3
67,3,5,0,7
67,4,5,0,12
67,5,5,0,10
67,6,5,0,20
67,7,5,0,23
67,8,5,0,19
67,9,5,0,7
67,10,5,0,4
67,11,5,0,6
67,12,5,0,4
67,13,5,0,19
67,14,5,0,7
67,15,5,0,17
67,16,5,0,8
67,17,5,0,14
67,18,5,0,3
67,19,5,0,22
67,20,5,0,11
67,21,5,0,14
67,22,5,0,12
67,23,5,0,1
67,24,5,0,23
67,25,5,0,23
67,26,5,4,0
67,27,4,0,22
67,28,4,0,24
67,29,4,0,20
67,30,4,0,17
67,31,4,0,23
67,32,4,0,13
67,33,4,0,10
67,34,5,4,21
67,35,5,4,20
67,36,5,0,24
67,37,5,0,17
67,38,5,0,16
67,39,5,0,6
67,40,5,0,15
67,41,5,0,20
67,42,5,0,4
67,43,5,0,0
67,44,5,0,18
67,45,5,0,16
67,46,5,0,23
67,47,5,0,17
67,48,5,0,10
68,0,5,0,8
68,1,5,0,11
68,2,5,0,24
68,3,5,0,5
68,4,5,0,14
68,5,5,0,3
68,6,5,0,7
68,7,5,0,23
68,8,5,0,7
68,9,5,0,3
68,10,5,0,24
68,11,5,0,16
68,12,5,0,14
68,13,5,0,18
68,14,5,0,9
68,15,5,0,12
68,16,5,0,9
68,17,5,0,15
68,18,5,0,23
68,19,5,0,6
68,20,5,0,4
68,21,5,0,2
68,22,5,0,14
68,23,5,0,9
68,24,5,0,12
68,25,5,0,16
68,26,5,4,18
68,27,4,0,17
68,28,4,0,9
68,29,4,0,0
68,30,4,0,13
68,31,4,0,10
68,32,4,0,11
68,33,4,0,4
68,34,5,4,8
68,35,5,4,21
68,36,5,0,6
68,37,5,0,13
68,38,5,0,23
68,39,5,0,8
68,40,5,0,24
68,41,5,0,12
68,42,5,0,18
68,43,5,0,17
68,44,5,0,10
68,45,5,0,2
68,46,5,0,19
68,47,5,0,12
68,48,5,0,13
69,0,5,0,5
69,1,5,0,17
69,2,5,0,21
69,3,5,0,1
69,4,5,0,21
69,5,5,0,6
69,6,5,0,0
69,7,5,0,17
69,8,5,0,2
69,9,5,0,4
69,10,5,0,2
69,11,5,0,18
69,12,5,0,16
69,13,5,0,8
69,14,5,0,19
69,15,5,0,11
69,16,5,0,8
69,17,5,0,2
69,18,5,0,16
69,19,5,0,16
69,20,5,0,17
69,21,5,0,15
69,22,5,0,4
69,23,5,0,17
69,24,5,0,16
69,25,5,4,0
69,26,4,0,14
69,27,4,0,15
69,28,4,0,8
69,29,4,0,19
69,30,4,0,0
69,31,4,0,23
69,32,4,0,18
69,33,4,0,9
69,34,4,0,8
69,35,5,4,22
69,36,5,4,20
69,37,5,4,20
69,38,5,0,4
69,39,5,0,15
69,40,5,0,18
69,41,5,0,19
69,42,5,0,2
69,43,5,0,8
69,44,5,0,22
69,45,5,0,0
69,46,5,0,5
69,47,5,0,6
69,48,5,0,11
70,0,5,0,6
70,1,5,0,12
70,2,5,0,4
70,3,5,0,12
70,4,5,0,17
70,5,5,0,2
70,6,5,0,21
70,7,5,0,13
70,8,5,0,15
70,9,5,0,14
70,10,5,0,14
70,11,5,0,16
70,12,5,0,9
70,13,5,0,6
70,14,5,0,4
70,15,5,0,23
70,16,5,0,7
70,17,5,0,18
70,18,5,0,7
70,19,5,0,19
70,20,5,0,24
70,21,5,0,11
70,22,5,0,24
70,23,5,0,11
70,24,5,4,20
70,25,5,4,18
70,26,4,0,20
70,27,4,0,4
70,28,4,0,10
70,29,4,0,10
70,30,4,0,4
70,31,4,0,16
70,32,4,0,9
70,33,4,0,6
70,34,4,0,24
70,35,5,4,8
70,36,5,4,8
70,37,5,4,7
70,38,5,0,24
70,39,5,0,12
70,40,5,0,24
70,41,5,0,1
70,42,5,0,18
70,43,5,0,24
70,44,5,0,6
70,45,5,0,14
70,46,5,0,1
70,47,5,0,2
70,48,5,0,16
71,0,5,0,3
71,1,5,0,6
71,2,5,0,16
71,3,5,0,9
71,4,5,0,6
71,5,5,0,1
71,6,5,0,0
71,7,5,0,3
71,8,5,0,4
71,9,5,0,10
71,10,5,0,7
71,11,5,0,7
71,12,5,0,23
71,13,5,0,20
71,14,5,0,23
71,15,5,0,6
71,16,5,0,14
71,17,5,0,9
71,18,5,0,24
71,19,5,0,12
71,20,5,0,5
71,21,5,0,13
71,22,5,0,17
71,23,5,4,13
71,24,5,4,8
71,25,4,0,7
71,26,4,0,2
71,27,4,0,6
71,28,4,0,17
71,29,4,0,10
71,30,4,0,12
71,31,4,0,20
71,32,4,0,3
71,33,4,0,19
71,34,4,0,18
71,35,4,0,2
71,36,4,0,12
71,37,5,4,21
71,38,5,0,6
71,39,5,0,4
71,40,5,0,16
71,41,5,0,24
71,42,5,0,22
71,43,5,0,7
71,44,5,0,17
71,45,5,0,5
71,46,5,0,11
71,47,5,0,19
71,48,5,0,22
72,0,5,0,14
72,1,5,0,22
72,2,5,0,3
72,3,5,0,13
72,4,5,0,16
72,5,5,0,3
72,6,5,0,13
72,7,5,0,23
72,8,5,0,12
72,9,5,0,2
72,10,5,0,23
72,11,5,0,23
72,12,5,0,17
72,13,5,0,22
72,14,5,0,20
72,15,5,0,4
72,16,5,0,6
72,17,5,0,19
72,18,5,0,0
72,19,5,0,14
72,20,5,0,19
72,21,5,0,21
72,22,5,4,5
72,23,4,0,22
72,24,4,0,8
72,25,4,0,17
72,26,4,0,3
72,27,4,0,21
72,28,4,0,0
72,29,4,0,21
72,30,4,0,12
72,31,4,0,24
72,32,4,0,6
72,33,4,0,4
72,34,4,0,13
72,35,4,0,3
72,36,4,0,4
72,37,5,4,24
72,38,5,0,3
72,39,5,0,22
72,40,5,0,8
72,41,5,0,3
72,42,5,0,23
72,43,5,0,14
72,44,5,0,2
72,45,5,0,3
72,46,5,0,1
72,47,5,0,9
72,48,5,0,22
73,0,5,0,18
73,1,5,0,19
73,2,5,0,24
73,3,5,0,23
73,4,5,0,11
73,5,5,0,15
73,6,5,0,22
73,7,5,0,5
73,8,5,0,17
73,9,5,0,2
73,10,5,0,7
73,11,5,0,3
73,12,5,0,9
73,13,5,0,20
73,14,5,0,17
73,15,5,0,5
73,16,5,0,20
73,17,5,0,7
73,18,5,0,14
73,19,5,0,23
73,20,5,0,13
73,21,5,4,13
73,22,4,0,3
73,23,4,0,6
73,24,4,0,12
73,25,4,0,22
73,26,4,0,0
73,27,1,4,16
73,28,1,4,16
73,29,1,4,16
73,30,1,4,16
73,31,4,0,18
73,32,4,0,9
73,33,4,0,18
73,34,4,0,3
73,35,4,0,16
73,36,5,4,6
73,37,5,4,20
73,38,5,0,22
73,39,5,0,3
73,40,5,0,8
73,41,5,0,24
73,42,5,0,8
73,43,5,0,0
73,44,5,0,15
73,45,5,0,6
73,46,5,0,9
73,47,5,0,6
73,48,5,0,12
74,0,5,0,3
74,1,5,0,17
74,2,5,0,5
74,3,5,0,13
74,4,5,0,5
74,5,5,0,4
74,6,5,0,20
74,7,5,0,14
74,8,5,0,15
74,9,5,0,2
74,10,5,0,11
74,11,5,0,24
74,12,5,0,1
74,13,5,0,3
74,14,5,0,14
74,15,5,0,15
74,16,5,0,3
74,17,5,0,7
74,18,5,0,9
74,19,5,0,8
74,20,5,4,15
74,21,4,0,21
74,22,4,0,9
74,23,4,0,2
74,24,4,0,7
74,25,4,0,6
74,26,1,4,14
74,27,1,4,4
74,28,1,4,4
74,29,1,4,4
74,30,1,4,2
74,31,4,0,24
74,32,4,0,11
74,33,4,0,14
74,34,4,0,3
74,35,4,0,11
74,36,5,4,8
74,37,5,4,22
74,38,5,4,20
74,39,5,0,0
74,40,5,0,7
74,41,5,0,24
74,42,5,0,6
74,43,5,0,12
74,44,5,0,6
74,45,5,0,22
74,46,5,0,2
74,47,5,0,21
74,48,5,0,17
75,0,5,0,18
75,1,5,0,20
75,2,5,0,23
75,3,5,0,3
75,4,5,0,19
75,5,5,0,16
75,6,5,0,8
75,7,5,0,6
75,8,5,0,8
75,9,5,0,23
75,10,5,0,6
75,11,5,0,8
75,12,5,0,14
75,13,5,0,16
75,14,5,0,18
75,15,5,0,10
75,16,5,0,19
75,17,5,0,9
75,18,5,0,18
75,19,5,4,0
75,20,4,0,2
75,21,4,0,1
75,22,4,0,0
75,23,4,6,20
75,24,4,0,14
75,25,1,4,11
75,26,1,0,14
75,27,1,0,4
75,28,1,0,2
75,29,1,0,24
75,30,1,4,1
75,31,1,4,16
75,32,1,4,16
75,33,4,0,22
75,34,4,0,0
75,35,4,0,21
75,36,4,0,8
75,37,5,4,8
75,38,5,4,23
75,39,5,0,15
75,40,5,0,15
75,41,5,0,3
75,42,5,0,8
75,43,5,0,19
75,44,5,0,0
75,45,5,0,18
75,46,5,0,23
75,47,5,0,15
75,48,5,0,17
76,0,5,0,1
76,1,5,0,4
76,2,5,0,4
76,3,5,0,20
76,4,5,0,1
76,5,5,0,13
76,6,5,0,21
76,7,5,0,4
76,8,5,0,23
76,9,5,0,18
76,10,5,0,12
76,11,5,0,1
76,12,5,0,19
76,13,5,0,19
76,14,5,0,22
76,15,5,0,1
76,16,5,0,7
76,17,5,0,9
76,18,5,0,2
76,19,5,4,18
76,20,4,0,13
76,21,4,0,21
76,22,4,6,5
76,23,4,6,7
76,24,1,4,6
76,25,1,0,13
76,26,1,0,24
76,27,1,0,13
76,28,1,0,9
76,29,1,0,12
76,30,1,4,4
76,31,1,4,4
76,32,1,4,1
76,33,4,0,11
76,34,4,0,2
76,35,4,0,22
76,36,4,0,6
76,37,4,0,3
76,38,5,4,23
76,39,5,0,7
76,40,5,0,24
76,41,5,0,18
76,42,5,0,18
76,43,5,0,20
76,44,5,0,12
76,45,5,0,9
76,46,5,0,22
76,47,5,0,21
76,48,5,0,19
77,0,5,0,22
77,1,5,0,4
77,2,5,0,7
77,3,5,0,6
77,4,5,0,19
77,5,5,0,6
77,6,5,0,14
77,7,5,0,17
77,8,5,0,24
77,9,5,0,8
77,10,5,0,16
77,11,5,0,5
77,12,5,0,6
77,13,5,0,10
77,14,5,0,6
77,15,5,0,9
77,16,5,0,18
77,17,5,0,5
77,18,5,4,0
77,19,4,0,4
77,20,4,0,4
77,21,4,6,0
77,22,6,0,19
77,23,4,6,24
77,24,1,4,24
77,25,1,0,1
77,26,1,0,6
77,27,1,0,0
77,28,1,0,13
77,29,1,0,24
77,30,1,0,7
77,31,1,0,16
77,32,1,4,18
77,33,4,0,4
77,34,4,0,11
77,35,4,0,23
77,36,4,0,17
77,37,4,0,17
77,38,5,4,24
77,39,5,0,1
77,40,5,0,5
77,41,5,0,21
77,42,5,0,9
77,43,5,0,17
77,44,5,0,17
77,45,5,0,8
77,46,5,0,16
77,47,5,0,13
77,48,5,0,9
78,0,5,0,23
78,1,5,0,8
78,2,5,0,16
78,3,5,0,13
78,4,5,0,5
78,5,5,0,17
78,6,5,0,15
78,7,5,0,15
78,8,5,0,15
78,9,5,0,10
78,10,5,0,8
78,11,5,0,18
78,12,5,0,19
78,13,5,0,9
78,14,5,0,0
78,15,5,0,11
78,16,5,0,18
78,17,5,0,21
78,18,5,4,18
78,19,4,0,12
78,20,4,0,17
78,21,4,6,3
78,22,4,6,9
78,23,1,4,11
78,24,1,0,7
78,25,1,0,9
78,26,1,0,5
78,27,1,0,4
78,28,1,0,24
78,29,1,0,4
78,30,1,0,5
78,31,1,4,0
78,32,4,0,23
78,33,4,0,2
78,34,4,0,15
78,35,4,0,0
78,36,4,0,0
78,37,5,4,6
78,38,5,4,20
78,39,5,0,8
78,40,5,0,24
78,41,5,0,17
78,42,5,0,15
78,43,5,0,10
78,44,5,0,19
78,45,5,0,4
78,46,5,0,11
78,47,5,0,10
78,48,5,0,9
79,0,5,0,24
79,1,5,0,13
79,2,5,0,11
79,3,5,0,14
79,4,5,0,13
79,5,5,0,24
79,6,5,0,3
79,7,5,0,6
79,8,5,0,11
79,9,5,0,9
79,10,5,0,20
79,11,5,0,19
79,12,5,0,13
79,13,5,0,11
79,14,5,0,1
79,15,5,0,12
79,16,5,4,20
79,17,5,4,13
79,18,4,0,11
79,19,4,0,14
79,20,4,0,4
79,21,4,6,4
79,22,1,4,14
79,23,1,0,11
79,24,1,0,22
79,25,10,1,16
79,26,1,0,0
79,27,1,0,15
79,28,1,0,20
79,29,1,0,9
79,30,1,0,12
79,31,1,4,18
79,32,4,0,20
79,33,4,0,14
79,34,4,0,15
79,35,4,0,17
79,36,4,0,5
79,37,5,4,8
79,38,5,4,22
79,39,5,0,23
79,40,5,0,22
79,41,5,0,14
79,42,5,0,5
79,43,5,0,0
79,44,5,0,10
79,45,5,0,24
79,46,5,0,22
79,47,5,0,17
79,48,5,0,10
80,0,5,0,4
80,1,5,0,1
80,2,5,0,3
80,3,5,0,4
80,4,5,0,1
80,5,5,0,2
80,6,5,0,24
80,7,5,0,19
80,8,5,0,18
80,9,5,0,0
80,10,5,0,5
80,11,5,0,19
80,12,5,0,1
80,13,5,0,3
80,14,5,0,5
80,15,5,4,15
80,16,5,4,8
80,17,4,0,13
80,18,4,0,24
80,19,4,0,24
80,20,4,0,21
80,21,1,4,11
80,22,1,0,9
80,23,1,0,22
80,24,10,1,14
80,25,10,1,2
80,26,10,1,16
80,27,1,0,6
80,28,1,0,9
80,29,1,0,24
80,30,1,4,0
80,31,1,4,2
80,32,4,0,4
80,33,4,0,2
80,34,4,0,11
80,35,4,0,16
80,36,4,0,2
80,37,4,0,19
80,38,5,4,24
80,39,5,0,0
80,40,5,0,23
80,41,5,0,13
80,42,5,0,22
80,43,5,0,12
80,44,5,0,7
80,45,5,0,9
80,46,5,0,20
80,47,5,0,16
80,48,5,0,4
