0,0,9,0,16
0,1,9,0,20
0,2,9,0,7
0,3,9,0,13
0,4,9,0,21
0,5,9,0,10
0,6,9,0,6
0,7,9,0,3
0,8,9,0,13
0,9,9,0,12
0,10,9,2,15
0,11,2,0,24
0,12,2,0,24
0,13,2,0,24
0,14,2,0,23
0,15,2,0,1
0,16,2,0,3
0,17,2,0,10
0,18,2,0,0
0,19,2,0,12
0,20,2,0,17
0,21,2,0,20
0,22,2,0,1
0,23,2,0,0
0,24,9,2,19
0,25,9,0,17
0,26,9,0,7
0,27,9,0,11
0,28,9,0,8
0,29,9,0,23
0,30,9,0,21
0,31,9,2,4
0,32,9,2,4
0,33,9,0,7
0,34,9,2,18
0,35,2,0,5
0,36,2,0,11
0,37,2,0,8
0,38,2,0,11
0,39,9,2,22
0,40,9,0,13
0,41,9,0,8
0,42,9,0,10
0,43,9,0,8
0,44,9,0,14
0,45,9,0,12
0,46,9,0,0
0,47,9,0,3
0,48,9,0,8
0,49,9,0,0
1,0,9,0,23
1,1,9,0,0
1,2,9,0,17
1,3,9,0,15
1,4,9,0,23
1,5,9,0,13
1,6,9,0,3
1,7,9,0,0
1,8,9,0,10
1,9,9,2,15
1,10,2,0,10
1,11,2,0,23
1,12,2,0,14
1,13,2,0,10
1,14,2,0,16
1,15,2,0,19
1,16,2,0,22
1,17,2,0,2
1,18,2,0,18
1,19,2,0,8
1,20,2,0,12
1,21,2,0,10
1,22,2,0,8
1,23,9,2,6
1,24,9,0,23
1,25,9,0,19
1,26,9,0,1
1,27,9,0,22
1,28,9,0,16
1,29,9,0,15
1,30,9,0,8
1,31,9,0,14
1,32,9,0,11
1,33,9,2,0
1,34,2,0,23
1,35,2,0,13
1,36,2,0,20
1,37,2,0,3
1,38,2,0,9
1,39,9,2,7
1,40,9,2,20
1,41,9,0,11
1,42,9,0,11
1,43,9,0,17
1,44,9,0,3
1,45,9,0,0
1,46,9,0,9
1,47,9,0,9
1,48,9,0,11
1,49,9,0,7
2,0,9,0,7
2,1,9,0,7
2,2,9,0,6
2,3,9,0,14
2,4,9,0,9
2,5,9,0,11
2,6,9,0,19
2,7,9,0,10
2,8,9,2,0
2,9,2,0,22
2,10,2,0,18
2,11,2,0,23
2,12,2,0,10
2,13,2,0,13
2,14,2,0,16
2,15,2,0,6
2,16,2,0,5
2,17,2,0,23
2,18,2,0,7
2,19,2,0,9
2,20,2,0,8
2,21,2,0,5
2,22,2,0,21
2,23,9,2,24
2,24,9,0,3
2,25,9,0,19
2,26,9,0,20
2,27,9,0,19
2,28,9,0,1
2,29,9,0,0
2,30,9,0,24
2,31,9,0,11
2,32,9,0,4
2,33,9,2,1
2,34,9,2,16
2,35,9,2,16
2,36,2,0,16
2,37,2,0,8
2,38,2,0,5
2,39,9,2,8
2,40,9,2,21
2,41,9,0,2
2,42,9,0,23
2,43,9,0,1
2,44,9,0,4
2,45,9,0,0
2,46,9,0,2
2,47,9,0,23
2,48,9,0,19
2,49,9,0,12
3,0,9,0,15
3,1,9,0,8
3,2,9,0,5
3,3,9,0,18
3,4,9,0,9
3,5,9,0,9
3,6,9,0,8
3,7,9,0,19
3,8,9,2,18
3,9,2,0,22
3,10,2,0,22
3,11,2,0,24
3,12,2,0,1
3,13,2,0,7
3,14,2,0,7
3,15,2,0,10
3,16,2,0,8
3,17,2,0,2
3,18,2,0,4
3,19,2,0,22
3,20,2,0,0
3,21,2,0,23
3,22,9,2,9
3,23,9,0,11
3,24,9,0,23
3,25,9,0,15
3,26,9,0,1
3,27,9,0,6
3,28,9,0,5
3,29,9,0,18
3,30,9,0,1
3,31,9,0,17
3,32,9,0,13
3,33,9,2,4
3,34,9,2,4
3,35,9,2,17
3,36,2,0,17
3,37,2,0,6
3,38,2,0,3
3,39,2,0,21
3,40,9,2,21
3,41,9,0,21
3,42,9,0,1
3,43,9,0,12
3,44,9,0,8
3,45,9,0,1
3,46,9,0,4
3,47,9,0,2
3,48,9,0,22
3,49,9,0,23
4,0,9,0,10
4,1,9,0,16
4,2,9,0,19
4,3,9,0,5
4,4,9,0,8
4,5,9,0,24
4,6,9,0,18
4,7,9,2,0
4,8,2,0,24
4,9,2,0,4
4,10,2,0,4
4,11,2,0,11
4,12,2,0,6
4,13,2,0,20
4,14,2,0,19
4,15,2,0,6
4,16,2,0,7
4,17,2,0,20
4,18,2,0,4
4,19,2,0,1
4,20,2,0,22
4,21,9,2,6
4,22,9,0,19
4,23,9,0,20
4,24,9,0,21
4,25,9,0,10
4,26,9,0,7
4,27,9,0,6
4,28,9,0,11
4,29,9,0,1
4,30,9,0,3
4,31,9,0,2
4,32,9,0,17
4,33,9,0,4
4,34,9,0,15
4,35,9,2,3
4,36,2,0,23
4,37,2,0,23
4,38,2,0,8
4,39,2,0,24
4,40,9,2,23
4,41,9,2,20
4,42,9,0,2
4,43,9,0,16
4,44,9,0,19
4,45,9,0,2
4,46,9,0,7
4,47,9,0,13
4,48,9,0,7
4,49,9,0,11
5,0,9,0,16
5,1,9,0,12
5,2,9,0,7
5,3,9,0,6
5,4,9,0,4
5,5,9,0,3
5,6,9,0,11
5,7,9,2,18
5,8,2,0,17
5,9,2,0,2
5,10,2,0,2
5,11,2,0,4
5,12,2,0,15
5,13,2,0,9
5,14,2,0,1
5,15,2,0,11
5,16,2,0,0
5,17,2,0,4
5,18,2,0,15
5,19,2,0,7
5,20,2,0,4
5,21,9,2,24
5,22,9,0,19
5,23,9,0,3
5,24,9,0,14
5,25,9,0,5
5,26,9,0,11
5,27,9,0,17
5,28,9,0,8
5,29,9,0,13
5,30,9,0,5
5,31,9,0,22
5,32,9,0,6
5,33,9,0,3
5,34,9,0,2
5,35,9,2,2
5,36,2,0,3
5,37,2,0,18
5,38,2,0,22
5,39,2,0,22
5,40,9,2,8
5,41,9,2,23
5,42,9,0,7
5,43,9,0,20
5,44,9,0,10
5,45,9,0,11
5,46,9,0,17
5,47,9,0,5
5,48,9,0,15
5,49,9,0,18
6,0,9,0,24
6,1,9,0,23
6,2,9,0,18
6,3,9,0,17
6,4,9,0,1
6,5,9,0,1
6,6,9,2,0
6,7,2,0,4
6,8,2,0,18
6,9,2,0,7
6,10,2,0,13
6,11,2,0,12
6,12,2,0,6
6,13,2,0,24
6,14,2,0,3
6,15,2,0,16
6,16,2,0,24
6,17,2,0,0
6,18,2,0,16
6,19,2,0,15
6,20,9,2,6
6,21,9,0,1
6,22,9,0,24
6,23,9,0,8
6,24,9,0,1
6,25,9,0,3
6,26,9,0,23
6,27,9,0,17
6,28,9,0,24
6,29,9,0,5
6,30,9,0,7
6,31,9,0,0
6,32,9,0,20
6,33,9,0,17
6,34,9,0,4
6,35,9,2,18
6,36,2,0,3
6,37,2,0,13
6,38,2,0,5
6,39,2,0,17
6,40,2,0,6
6,41,9,2,22
6,42,9,0,18
6,43,9,0,0
6,44,9,0,15
6,45,9,0,19
6,46,9,0,4
6,47,9,0,23
6,48,9,0,11
6,49,9,0,10
7,0,9,0,11
7,1,9,0,6
7,2,9,0,10
7,3,9,0,13
7,4,9,0,6
7,5,9,0,9
7,6,9,2,1
7,7,2,0,6
7,8,2,0,8
7,9,2,0,23
7,10,2,0,8
7,11,2,0,11
7,12,2,0,9
7,13,2,0,23
7,14,2,0,13
7,15,2,0,17
7,16,2,0,14
7,17,2,0,14
7,18,2,0,14
7,19,2,0,7
7,20,9,2,24
7,21,9,0,23
7,22,9,0,15
7,23,9,0,23
7,24,9,0,14
7,25,9,0,21
7,26,9,0,22
7,27,9,0,12
7,28,9,0,10
7,29,9,0,11
7,30,9,0,6
7,31,9,0,16
7,32,9,0,0
7,33,9,0,23
7,34,9,2,13
7,35,2,0,15
7,36,2,0,4
7,37,2,0,10
7,38,2,0,4
7,39,2,0,24
7,40,2,0,20
7,41,9,2,7
7,42,9,2,20
7,43,9,0,22
7,44,9,0,0
7,45,9,0,20
7,46,9,0,6
7,47,9,0,23
7,48,9,0,21
7,49,9,0,6
8,0,9,0,11
8,1,9,0,2
8,2,9,0,15
8,3,9,0,8
8,4,9,0,19
8,5,9,0,10
8,6,9,2,2
8,7,2,0,14
8,8,2,0,23
8,9,2,0,22
8,10,2,0,1
8,11,2,0,14
8,12,2,0,10
8,13,2,0,10
8,14,2,0,9
8,15,2,0,15
8,16,2,0,14
8,17,2,0,20
8,18,2,0,5
8,19,9,2,6
8,20,9,0,16
8,21,9,0,2
8,22,9,0,21
8,23,9,0,1
8,24,9,0,23
8,25,9,0,19
8,26,9,0,3
8,27,9,0,3
8,28,9,0,22
8,29,9,0,20
8,30,9,0,19
8,31,9,0,8
8,32,9,2,20
8,33,9,2,5
8,34,2,0,4
8,35,2,0,5
8,36,2,0,2
8,37,2,0,20
8,38,2,0,4
8,39,2,0,6
8,40,2,0,15
8,41,9,2,8
8,42,9,2,21
8,43,9,0,18
8,44,9,0,16
8,45,9,0,10
8,46,9,0,5
8,47,9,0,2
8,48,9,0,11
8,49,9,0,20
9,0,9,0,13
9,1,9,0,10
9,2,9,0,15
9,3,9,0,22
9,4,9,0,20
9,5,9,0,23
9,6,9,2,18
9,7,2,0,2
9,8,2,0,0
9,9,2,0,3
9,10,2,0,21
9,11,2,0,1
9,12,2,0,4
9,13,2,0,0
9,14,2,0,11
9,15,2,0,7
9,16,2,0,4
9,17,2,0,11
9,18,2,0,7
9,19,9,2,22
9,20,9,0,17
9,21,9,0,22
9,22,9,0,24
9,23,9,0,19
9,24,9,0,3
9,25,9,0,1
9,26,9,0,17
9,27,9,0,6
9,28,9,0,12
9,29,9,0,5
9,30,9,2,20
9,31,9,2,5
9,32,9,2,8
9,33,2,0,23
9,34,2,0,21
9,35,2,0,20
9,36,2,0,9
9,37,2,0,23
9,38,2,0,7
9,39,2,0,15
9,40,2,0,10
9,41,2,0,23
9,42,9,2,24
9,43,9,0,7
9,44,9,0,4
9,45,9,0,10
9,46,9,0,11
9,47,9,0,0
9,48,9,0,5
9,49,9,0,5
10,0,9,0,23
10,1,9,0,10
10,2,9,0,8
10,3,9,0,10
10,4,9,0,6
10,5,9,2,0
10,6,2,0,24
10,7,2,0,11
10,8,2,0,19
10,9,2,0,13
10,10,2,0,13
10,11,2,0,15
10,12,2,0,18
10,13,2,0,9
10,14,2,0,5
10,15,2,0,11
10,16,2,0,1
10,17,2,0,4
10,18,2,0,9
10,19,9,2,7
10,20,9,0,3
10,21,9,0,15
10,22,9,0,22
10,23,9,0,20
10,24,9,0,5
10,25,9,0,9
10,26,9,0,0
10,27,9,0,1
10,28,9,0,0
10,29,9,2,5
10,30,9,2,8
10,31,2,0,3
10,32,2,0,23
10,33,2,0,12
10,34,2,0,3
10,35,2,0,18
10,36,2,0,8
10,37,2,0,6
10,38,2,0,20
10,39,2,0,4
10,40,2,0,21
10,41,9,2,6
10,42,9,0,6
10,43,9,0,9
10,44,9,0,12
10,45,9,0,6
10,46,9,0,12
10,47,9,0,23
10,48,9,0,23
10,49,9,0,1
11,0,9,0,0
11,1,9,0,16
11,2,9,0,3
11,3,9,0,15
11,4,9,0,8
11,5,9,2,17
11,6,2,0,2
11,7,2,0,24
11,8,2,0,23
11,9,2,0,8
11,10,2,0,12
11,11,2,0,15
11,12,2,0,17
11,13,2,0,23
11,14,2,0,12
11,15,2,0,2
11,16,2,0,0
11,17,2,0,13
11,18,2,0,8
11,19,9,2,22
11,20,9,2,20
11,21,9,0,23
11,22,9,2,20
11,23,9,2,20
11,24,9,0,12
11,25,9,0,19
11,26,9,0,9
11,27,9,0,6
11,28,9,2,0
11,29,2,0,20
11,30,2,0,0
11,31,2,0,6
11,32,2,0,10
11,33,9,2,16
11,34,9,2,16
11,35,9,2,16
11,36,2,0,8
11,37,2,0,17
11,38,2,0,5
11,39,2,0,2
11,40,2,0,0
11,41,9,2,24
11,42,9,0,21
11,43,9,0,15
11,44,9,0,20
11,45,9,0,10
11,46,9,0,19
11,47,9,0,2
11,48,9,0,22
11,49,9,0,8
12,0,9,0,9
12,1,9,0,17
12,2,9,0,4
12,3,9,0,9
12,4,9,0,3
12,5,9,2,2
12,6,2,0,21
12,7,2,0,9
12,8,2,0,1
12,9,2,0,16
12,10,2,0,16
12,11,2,0,18
12,12,2,0,0
12,13,2,0,1
12,14,2,0,15
12,15,2,0,1
12,16,2,0,16
12,17,2,0,0
12,18,2,0,11
12,19,9,2,8
12,20,9,2,21
12,21,9,2,5
12,22,9,2,8
12,23,9,2,21
12,24,9,0,2
12,25,9,0,6
12,26,9,0,24
12,27,9,0,2
12,28,9,2,18
12,29,2,0,1
12,30,2,0,23
12,31,2,0,23
12,32,9,2,19
12,33,9,2,4
12,34,9,2,4
12,35,9,2,3
12,36,2,0,21
12,37,2,0,10
12,38,2,0,18
12,39,2,0,21
12,40,9,2,6
12,41,9,0,9
12,42,9,0,19
12,43,9,0,10
12,44,9,0,10
12,45,9,0,15
12,46,9,0,17
12,47,9,0,23
12,48,9,0,24
12,49,9,0,12
13,0,9,0,23
13,1,9,0,22
13,2,9,0,3
13,3,9,0,14
13,4,9,0,2
13,5,9,2,1
13,6,2,0,4
13,7,2,0,5
13,8,2,0,23
13,9,2,0,24
13,10,2,0,20
13,11,2,0,1
13,12,2,0,0
13,13,2,0,18
13,14,2,0,17
13,15,2,0,7
13,16,2,0,1
13,17,2,0,16
13,18,2,0,22
13,19,2,0,21
13,20,9,2,8
13,21,2,0,24
13,22,2,0,9
13,23,9,2,22
13,24,9,0,12
13,25,9,0,7
13,26,9,0,4
13,27,9,2,5
13,28,2,0,24
13,29,2,0,1
13,30,2,0,9
13,31,9,2,9
13,32,9,0,15
13,33,9,0,23
13,34,9,0,10
13,35,9,2,3
13,36,2,0,13
13,37,2,0,20
13,38,2,0,18
13,39,2,0,19
13,40,9,2,23
13,41,9,0,1
13,42,9,0,9
13,43,9,0,24
13,44,9,0,4
13,45,9,0,22
13,46,9,0,11
13,47,9,0,23
13,48,9,0,11
13,49,9,0,10
14,0,9,0,21
14,1,9,0,23
14,2,9,0,23
14,3,9,0,2
14,4,9,0,19
14,5,9,2,2
14,6,2,0,10
14,7,2,0,3
14,8,2,0,15
14,9,2,0,6
14,10,2,0,13
14,11,2,0,2
14,12,2,0,11
14,13,2,0,4
14,14,2,0,0
14,15,2,0,5
14,16,2,0,7
14,17,2,0,13
14,18,2,0,21
14,19,2,0,20
14,20,2,0,21
14,21,2,0,18
14,22,2,0,16
14,23,9,2,23
14,24,9,2,20
14,25,9,2,20
14,26,9,2,15
14,27,2,0,17
14,28,2,0,16
14,29,2,0,0
14,30,9,2,19
14,31,9,0,5
14,32,9,0,11
14,33,9,0,24
14,34,9,0,7
14,35,9,2,1
14,36,2,0,11
14,37,2,0,24
14,38,2,0,17
14,39,2,0,21
14,40,9,2,24
14,41,9,0,0
14,42,9,0,18
14,43,9,0,7
14,44,9,0,17
14,45,9,0,21
14,46,9,0,20
14,47,9,0,14
14,48,9,0,7
14,49,9,0,2
15,0,9,0,1
15,1,9,0,21
15,2,9,0,13
15,3,9,0,0
15,4,9,0,0
15,5,9,2,18
15,6,2,0,1
15,7,2,0,16
15,8,2,0,9
15,9,2,0,2
15,10,2,0,5
15,11,2,0,21
15,12,2,0,20
15,13,2,0,9
15,14,2,0,7
15,15,2,0,11
15,16,2,0,10
15,17,2,0,24
15,18,2,0,5
15,19,2,0,9
15,20,2,0,19
15,21,2,0,1
15,22,2,0,8
15,23,9,2,8
15,24,9,2,8
15,25,9,2,8
15,26,2,0,23
15,27,2,0,20
15,28,2,0,4
15,29,9,2,14
15,30,9,0,16
15,31,9,0,23
15,32,9,0,24
15,33,9,0,16
15,34,9,0,21
15,35,9,2,18
15,36,2,0,22
15,37,2,0,20
15,38,2,0,10
15,39,9,2,6
15,40,9,0,17
15,41,9,0,5
15,42,9,0,21
15,43,9,0,4
15,44,9,0,9
15,45,9,0,2
15,46,9,0,17
15,47,9,0,20
15,48,9,0,20
15,49,9,0,3
16,0,9,0,22
16,1,9,0,4
16,2,9,0,3
16,3,9,0,17
16,4,9,2,0
16,5,2,0,13
16,6,2,0,2
16,7,2,0,10
16,8,2,0,5
16,9,2,0,2
16,10,2,0,0
16,11,2,0,24
16,12,2,0,23
16,13,2,0,4
16,14,2,0,4
16,15,2,0,21
16,16,2,0,20
16,17,2,0,19
16,18,2,0,12
16,19,2,0,21
16,20,2,0,5
16,21,2,0,13
16,22,2,0,6
16,23,2,0,1
16,24,2,0,7
16,25,2,0,14
16,26,2,0,14
16,27,2,0,5
16,28,9,2,6
16,29,9,0,17
16,30,9,0,10
16,31,9,0,18
16,32,9,0,13
16,33,9,0,17
16,34,9,2,0
16,35,2,0,21
16,36,2,0,15
16,37,2,0,8
16,38,2,0,6
16,39,9,2,24
16,40,9,0,24
16,41,9,0,14
16,42,9,0,9
16,43,9,0,8
16,44,9,0,10
16,45,9,0,14
16,46,9,0,0
16,47,9,0,17
16,48,9,0,5
16,49,9,0,0
17,0,9,0,22
17,1,9,0,5
17,2,9,0,24
17,3,9,0,22
17,4,9,2,1
17,5,2,0,1
17,6,2,0,19
17,7,2,0,14
17,8,2,0,15
17,9,2,0,24
17,10,2,0,23
17,11,2,0,6
17,12,2,0,15
17,13,2,0,12
17,14,2,0,5
17,15,2,0,22
17,16,2,0,8
17,17,2,0,8
17,18,2,0,6
17,19,2,0,19
17,20,2,0,9
17,21,2,0,11
17,22,2,0,14
17,23,2,0,15
17,24,2,0,9
17,25,2,0,1
17,26,2,0,10
17,27,2,0,15
17,28,9,2,24
17,29,9,0,23
17,30,9,0,14
17,31,9,0,13
17,32,9,0,17
17,33,9,0,2
17,34,9,2,18
17,35,2,0,16
17,36,2,0,8
17,37,2,0,16
17,38,9,2,6
17,39,9,0,14
17,40,9,0,7
17,41,9,0,9
17,42,9,0,1
17,43,9,0,7
17,44,9,0,1
17,45,9,0,23
17,46,9,0,2
17,47,9,0,12
17,48,9,0,9
17,49,9,0,10
18,0,9,0,8
18,1,9,0,4
18,2,9,0,21
18,3,9,0,8
18,4,9,2,2
18,5,2,0,18
18,6,2,0,15
18,7,2,0,13
18,8,2,0,20
18,9,2,0,24
18,10,2,0,22
18,11,2,0,11
18,12,2,0,13
18,13,2,0,20
18,14,2,0,19
18,15,2,0,18
18,16,2,0,24
18,17,2,0,6
18,18,2,0,7
18,19,2,0,15
18,20,2,0,13
18,21,2,0,6
18,22,2,0,9
18,23,2,0,5
18,24,2,0,6
18,25,2,0,1
18,26,2,0,1
18,27,9,2,6
18,28,9,0,15
18,29,9,0,20
18,30,9,0,4
18,31,9,0,18
18,32,9,0,10
18,33,9,2,15
18,34,2,0,14
18,35,2,0,7
18,36,2,0,12
18,37,2,0,18
18,38,9,2,22
18,39,9,0,21
18,40,9,0,7
18,41,9,0,21
18,42,9,0,7
18,43,9,0,23
18,44,9,0,17
18,45,9,0,6
18,46,9,0,12
18,47,9,0,4
18,48,9,0,3
18,49,9,0,17
19,0,9,0,14
19,1,9,0,17
19,2,9,0,6
19,3,9,0,19
19,4,9,2,18
19,5,2,0,24
19,6,2,0,18
19,7,2,0,15
19,8,2,0,12
19,9,2,0,11
19,10,2,0,11
19,11,2,0,8
19,12,2,0,22
19,13,2,0,0
19,14,2,0,17
19,15,2,0,11
19,16,2,0,6
19,17,2,0,6
19,18,2,0,2
19,19,2,0,14
19,20,9,2,16
19,21,9,2,16
19,22,2,0,20
19,23,2,0,6
19,24,2,0,12
19,25,2,0,3
19,26,2,0,24
19,27,9,2,24
19,28,9,0,17
19,29,9,0,0
19,30,9,0,14
19,31,9,0,15
19,32,9,2,0
19,33,2,0,22
19,34,2,0,0
19,35,2,0,21
19,36,2,0,11
19,37,2,0,15
19,38,9,2,24
19,39,9,0,2
19,40,9,0,1
19,41,9,0,24
19,42,9,0,1
19,43,9,0,7
19,44,9,0,13
19,45,9,0,20
19,46,9,0,6
19,47,9,0,24
19,48,9,0,22
19,49,9,0,23
20,0,9,0,22
20,1,9,0,0
20,2,9,0,15
20,3,9,2,0
20,4,2,0,4
20,5,2,0,23
20,6,2,0,9
20,7,2,0,18
20,8,2,0,11
20,9,2,0,13
20,10,2,0,23
20,11,2,0,21
20,12,2,0,5
20,13,2,0,3
20,14,2,0,20
20,15,2,0,12
20,16,2,0,8
20,17,2,0,15
20,18,2,0,14
20,19,9,2,9
20,20,9,2,4
20,21,9,2,17
20,22,2,0,3
20,23,2,0,0
20,24,2,0,11
20,25,2,0,19
20,26,9,2,14
20,27,9,0,15
20,28,9,0,16
20,29,9,0,0
20,30,9,0,17
20,31,9,0,17
20,32,9,2,18
20,33,2,0,7
20,34,2,0,19
20,35,2,0,19
20,36,2,0,3
20,37,9,2,6
20,38,9,0,22
20,39,9,0,24
20,40,9,0,23
20,41,9,0,5
20,42,9,0,21
20,43,9,0,6
20,44,9,0,0
20,45,9,0,10
20,46,9,0,23
20,47,9,0,15
20,48,9,0,23
20,49,9,0,6
21,0,9,0,9
21,1,9,0,6
21,2,9,0,6
21,3,9,2,3
21,4,2,0,0
21,5,2,0,5
21,6,2,0,0
21,7,2,0,11
21,8,2,0,9
21,9,2,0,10
21,10,2,0,23
21,11,2,0,22
21,12,2,0,20
21,13,2,0,4
21,14,2,0,7
21,15,2,0,0
21,16,2,0,0
21,17,2,0,16
21,18,9,2,6
21,19,9,0,24
21,20,9,0,19
21,21,9,2,3
21,22,2,0,24
21,23,2,0,14
21,24,2,0,7
21,25,9,2,19
21,26,9,0,21
21,27,9,0,15
21,28,9,0,23
21,29,9,0,18
21,30,9,0,6
21,31,9,2,15
21,32,2,0,23
21,33,2,0,7
21,34,2,0,24
21,35,2,0,20
21,36,2,0,15
21,37,9,2,22
21,38,9,0,21
21,39,9,0,18
21,40,9,0,5
21,41,9,0,10
21,42,9,0,17
21,43,9,0,15
21,44,9,0,11
21,45,9,0,2
21,46,9,0,2
21,47,9,0,15
21,48,9,0,22
21,49,9,0,23
22,0,9,0,17
22,1,9,0,18
22,2,9,0,11
22,3,9,2,3
22,4,2,0,4
22,5,2,0,16
22,6,2,0,0
22,7,2,0,22
22,8,2,0,21
22,9,2,0,12
22,10,2,0,16
22,11,2,0,12
22,12,2,0,13
22,13,2,0,0
22,14,2,0,21
22,15,2,0,2
22,16,2,0,22
22,17,2,0,14
22,18,9,2,24
22,19,9,0,17
22,20,9,0,19
22,21,9,2,2
22,22,2,0,0
22,23,2,0,8
22,24,9,2,19
22,25,9,0,17
22,26,9,0,11
22,27,9,0,2
22,28,9,0,19
22,29,9,0,17
22,30,9,2,15
22,31,2,0,18
22,32,2,0,12
22,33,2,0,8
22,34,2,0,2
22,35,2,0,14
22,36,2,0,17
22,37,9,2,7
22,38,9,0,22
22,39,9,0,21
22,40,9,0,0
22,41,9,0,4
22,42,9,0,5
22,43,9,0,5
22,44,9,0,13
22,45,9,0,16
22,46,9,0,12
22,47,9,0,11
22,48,9,0,2
22,49,9,0,20
23,0,9,0,8
23,1,9,0,15
23,2,9,0,0
23,3,9,2,1
23,4,2,0,0
23,5,2,0,19
23,6,2,0,21
23,7,2,0,7
23,8,2,0,20
23,9,2,0,1
23,10,2,0,2
23,11,2,0,24
23,12,2,0,22
23,13,2,0,11
23,14,2,0,16
23,15,2,0,7
23,16,2,0,16
23,17,9,2,6
23,18,9,0,17
23,19,9,0,15
23,20,9,0,8
23,21,9,2,18
23,22,2,0,17
23,23,9,2,6
23,24,9,0,12
23,25,9,0,20
23,26,9,0,8
23,27,9,0,23
23,28,9,0,8
23,29,9,2,0
23,30,2,0,14
23,31,2,0,11
23,32,2,0,4
23,33,2,0,16
23,34,2,0,11
23,35,2,0,21
23,36,2,0,24
23,37,9,2,7
23,38,9,0,0
23,39,9,0,19
23,40,9,0,1
23,41,9,0,9
23,42,9,0,12
23,43,9,0,7
23,44,9,0,16
23,45,9,0,5
23,46,9,0,20
23,47,9,0,20
23,48,9,0,13
23,49,9,0,21
24,0,9,0,22
24,1,9,0,14
24,2,9,0,17
24,3,9,2,1
24,4,2,0,4
24,5,2,0,2
24,6,9,2,16
24,7,2,0,6
24,8,2,0,15
24,9,2,0,9
24,10,2,0,15
24,11,9,2,16
24,12,9,2,16
24,13,2,0,12
24,14,2,0,23
24,15,2,0,18
24,16,2,0,21
24,17,9,2,24
24,18,9,0,15
24,19,9,0,9
24,20,9,2,5
24,21,2,0,6
24,22,2,0,17
24,23,9,2,24
24,24,9,0,3
24,25,9,0,11
24,26,9,0,5
24,27,9,0,11
24,28,9,0,3
24,29,9,2,18
24,30,2,0,6
24,31,2,0,21
24,32,2,0,24
24,33,2,0,0
24,34,2,0,6
24,35,2,0,20
24,36,2,0,15
24,37,9,2,24
24,38,9,0,17
24,39,9,0,14
24,40,9,0,16
24,41,9,0,2
24,42,9,0,11
24,43,9,0,9
24,44,9,0,7
24,45,9,0,18
24,46,9,0,4
24,47,9,0,1
24,48,9,0,16
24,49,9,0,7
25,0,9,0,5
25,1,9,0,10
25,2,9,0,23
25,3,9,2,3
25,4,9,2,16
25,5,9,2,9
25,6,9,2,17
25,7,9,2,16
25,8,2,0,3
25,9,2,0,10
25,10,9,2,14
25,11,9,2,4
25,12,9,2,1
25,13,2,0,23
25,14,2,0,3
25,15,2,0,12
25,16,9,2,6
25,17,9,0,19
25,18,9,0,2
25,19,9,2,0
25,20,2,0,18
25,21,2,0,0
25,22,9,2,6
25,23,9,0,2
25,24,9,0,6
25,25,9,0,18
25,26,9,0,9
25,27,9,0,16
25,28,9,2,5
25,29,2,0,22
25,30,2,0,16
25,31,2,0,16
25,32,2,0,2
25,33,2,0,23
25,34,2,0,22
25,35,2,0,7
25,36,9,2,6
25,37,9,0,21
25,38,9,0,1
25,39,9,0,15
25,40,9,0,20
25,41,9,0,2
25,42,9,0,2
25,43,9,0,7
25,44,9,0,0
25,45,9,0,5
25,46,9,0,19
25,47,9,0,1
25,48,9,0,7
25,49,9,0,14
26,0,9,0,12
26,1,9,0,4
26,2,9,0,10
26,3,9,2,4
26,4,9,2,4
26,5,9,0,14
26,6,9,2,4
26,7,9,2,17
26,8,2,0,13
26,9,9,2,19
26,10,9,0,10
26,11,9,0,9
26,12,9,2,1
26,13,2,0,4
26,14,2,0,2
26,15,2,0,4
26,16,9,2,7
26,17,9,0,18
26,18,9,0,17
26,19,9,2,18
26,20,2,0,23
26,21,2,0,17
26,22,9,2,24
26,23,9,0,14
26,24,9,0,12
26,25,9,0,10
26,26,9,0,12
26,27,9,2,13
26,28,2,0,11
26,29,2,0,22
26,30,2,0,6
26,31,2,0,12
26,32,2,0,24
26,33,2,0,14
26,34,2,0,15
26,35,2,0,10
26,36,9,2,24
26,37,9,0,22
26,38,9,0,19
26,39,9,0,12
26,40,9,0,5
26,41,9,0,5
26,42,9,0,19
26,43,9,0,13
26,44,9,0,24
26,45,9,0,24
26,46,9,0,14
26,47,9,0,16
26,48,9,0,14
26,49,9,0,1
27,0,9,0,9
27,1,9,0,8
27,2,9,0,11
27,3,9,0,8
27,4,9,0,3
27,5,9,0,0
27,6,9,0,9
27,7,9,2,18
27,8,9,2,6
27,9,9,0,15
27,10,9,0,0
27,11,9,0,1
27,12,9,2,18
27,13,2,0,5
27,14,2,0,13
27,15,2,0,22
27,16,9,2,22
27,17,9,0,9
27,18,9,2,15
27,19,2,0,13
27,20,2,0,9
27,21,9,2,6
27,22,9,0,5
27,23,9,0,15
27,24,9,0,21
27,25,9,0,6
27,26,9,2,13
27,27,2,0,1
27,28,2,0,21
27,29,2,0,8
27,30,2,0,0
27,31,2,0,11
27,32,2,0,3
27,33,2,0,3
27,34,2,0,14
27,35,9,2,6
27,36,9,0,7
27,37,9,0,19
27,38,9,0,24
27,39,9,0,23
27,40,9,0,24
27,41,9,0,8
27,42,9,2,20
27,43,9,2,20
27,44,9,0,24
27,45,9,0,19
27,46,9,0,6
27,47,9,0,9
27,48,9,0,24
27,49,9,0,15
28,0,9,0,4
28,1,9,0,21
28,2,9,0,18
28,3,9,0,0
28,4,9,0,24
28,5,9,0,12
28,6,9,2,0
28,7,9,2,16
28,8,9,2,24
28,9,9,0,5
28,10,9,0,9
28,11,9,2,0
28,12,2,0,10
28,13,2,0,1
28,14,2,0,24
28,15,2,0,6
28,16,9,2,24
28,17,9,2,0
28,18,2,0,22
28,19,2,0,14
28,20,2,0,1
28,21,9,2,23
28,22,9,0,3
28,23,9,0,1
28,24,9,0,12
28,25,9,2,0
28,26,2,0,17
28,27,2,0,21
28,28,2,0,11
28,29,2,0,12
28,30,2,0,11
28,31,2,0,22
28,32,2,0,9
28,33,2,0,6
28,34,2,0,11
28,35,9,2,24
28,36,9,0,3
28,37,9,0,0
28,38,9,0,7
28,39,9,0,17
28,40,9,0,12
28,41,9,2,5
28,42,9,2,8
28,43,9,2,24
28,44,9,0,6
28,45,9,0,22
28,46,9,0,1
28,47,9,0,23
28,48,9,0,17
28,49,9,0,4
29,0,9,0,15
29,1,9,0,13
29,2,9,0,13
29,3,9,0,22
29,4,9,0,8
29,5,9,0,2
29,6,9,2,4
29,7,9,2,4
29,8,9,0,19
29,9,9,0,5
29,10,9,0,6
29,11,9,2,18
29,12,2,0,11
29,13,2,0,12
29,14,2,0,18
29,15,9,2,6
29,16,9,2,20
29,17,9,2,18
29,18,2,0,15
29,19,2,0,0
29,20,2,0,16
29,21,9,2,7
29,22,9,0,8
29,23,9,0,18
29,24,9,0,1
29,25,9,2,18
29,26,2,0,6
29,27,2,0,4
29,28,2,0,18
29,29,2,0,24
29,30,2,0,4
29,31,2,0,24
29,32,2,0,8
29,33,2,0,6
29,34,9,2,6
29,35,9,0,10
29,36,9,0,11
29,37,9,0,9
29,38,9,0,17
29,39,9,0,20
29,40,9,2,0
29,41,2,0,10
29,42,9,2,6
29,43,9,0,13
29,44,9,0,9
29,45,9,0,15
29,46,9,0,6
29,47,9,0,8
29,48,9,0,17
29,49,9,0,6
30,0,9,0,18
30,1,9,0,1
30,2,9,0,9
30,3,9,0,19
30,4,9,0,23
30,5,9,0,1
30,6,9,0,22
30,7,9,0,12
30,8,9,0,17
30,9,9,0,24
30,10,9,2,0
30,11,2,0,16
30,12,2,0,12
30,13,2,0,10
30,14,2,0,0
30,15,9,2,8
30,16,9,2,8
30,17,2,0,19
30,18,2,0,8
30,19,2,0,2
30,20,2,0,15
30,21,9,2,23
30,22,9,0,14
30,23,9,0,16
30,24,9,2,5
30,25,2,0,8
30,26,2,0,1
30,27,2,0,13
30,28,2,0,2
30,29,2,0,6
30,30,2,0,11
30,31,2,0,13
30,32,2,0,14
30,33,2,0,8
30,34,9,2,24
30,35,9,0,1
30,36,9,0,5
30,37,9,0,8
30,38,9,0,22
30,39,9,0,19
30,40,9,2,18
30,41,2,0,18
30,42,9,2,24
30,43,9,0,11
30,44,9,0,4
30,45,9,0,6
30,46,9,0,4
30,47,9,0,18
30,48,9,0,14
30,49,9,0,22
31,0,9,0,20
31,1,9,0,0
31,2,9,0,13
31,3,9,0,9
31,4,9,0,19
31,5,9,0,18
31,6,9,0,5
31,7,9,0,22
31,8,9,0,22
31,9,9,0,2
31,10,9,2,1
31,11,2,0,1
31,12,2,0,15
31,13,2,0,0
31,14,2,0,10
31,15,2,0,2
31,16,2,0,8
31,17,2,0,15
31,18,2,0,3
31,19,2,0,17
31,20,2,0,7
31,21,9,2,22
31,22,9,2,20
31,23,9,2,10
31,24,2,0,10
31,25,2,0,16
31,26,2,0,18
31,27,2,0,23
31,28,2,0,12
31,29,2,0,9
31,30,2,0,17
31,31,2,0,13
31,32,2,0,8
31,33,9,2,6
31,34,9,0,18
31,35,9,0,22
31,36,9,0,21
31,37,9,0,6
31,38,9,0,11
31,39,9,2,0
31,40,9,2,16
31,41,9,2,19
31,42,9,0,0
31,43,9,0,20
31,44,9,0,6
31,45,9,0,17
31,46,9,0,4
31,47,9,0,11
31,48,9,0,0
32,0,9,0,7
32,1,9,0,12
32,2,9,0,11
32,3,9,0,13
32,4,9,0,9
32,5,9,0,17
32,6,9,0,20
32,7,9,0,8
32,8,9,0,5
32,9,9,0,12
32,10,9,2,1
32,11,2,0,17
32,12,2,0,24
32,13,2,0,9
32,14,2,0,1
32,15,2,0,17
32,16,2,0,10
32,17,2,0,13
32,18,2,0,10
32,19,2,0,14
32,20,2,0,5
32,21,9,2,8
32,22,9,2,8
32,23,2,0,20
32,24,2,0,13
32,25,2,0,3
32,26,2,0,12
32,27,2,0,4
32,28,2,0,7
32,29,2,0,17
32,30,2,0,4
32,31,2,0,12
32,32,2,0,12
32,33,9,2,24
32,34,9,0,11
32,35,9,0,14
32,36,9,0,12
32,37,9,0,5
32,38,9,0,19
32,39,9,2,4
32,40,9,2,4
32,41,9,0,21
32,42,9,0,13
32,43,9,0,13
32,44,9,0,13
32,45,9,0,19
32,46,9,0,24
32,47,9,0,0
32,48,9,0,17
33,0,9,0,11
33,1,9,0,6
33,2,9,0,15
33,3,9,0,10
33,4,9,0,21
33,5,9,0,14
33,6,9,0,15
33,7,9,0,5
33,8,9,0,20
33,9,9,0,3
33,10,9,2,18
33,11,2,0,11
33,12,2,0,20
33,13,2,0,3
33,14,2,0,3
33,15,2,0,7
33,16,2,0,3
33,17,2,0,21
33,18,2,0,4
33,19,2,0,5
33,20,2,0,15
33,21,2,0,1
33,22,2,0,20
33,23,2,0,7
33,24,2,0,13
33,25,2,0,21
33,26,2,0,16
33,27,2,0,19
33,28,2,0,6
33,29,2,0,14
33,30,2,0,3
33,31,2,0,3
33,32,9,2,9
33,33,9,0,24
33,34,9,0,21
33,35,9,0,4
33,36,9,0,21
33,37,9,0,13
33,38,9,0,22
33,39,9,0,1
33,40,9,0,20
33,41,9,0,11
33,42,9,0,11
33,43,9,0,4
33,44,9,0,9
33,45,9,0,3
33,46,9,0,3
33,47,9,0,22
33,48,9,0,19
34,0,9,0,20
34,1,9,0,8
34,2,9,0,9
34,3,9,0,9
34,4,9,0,4
34,5,9,0,0
34,6,9,0,16
34,7,9,0,2
34,8,9,0,18
34,9,9,2,0
34,10,2,0,1
34,11,2,0,13
34,12,2,0,7
34,13,2,0,22
34,14,2,0,21
34,15,2,0,18
34,16,2,0,2
34,17,2,0,10
34,18,2,0,0
34,19,2,0,2
34,20,2,0,9
34,21,2,0,18
34,22,2,0,11
34,23,2,0,19
34,24,2,0,2
34,25,2,0,4
34,26,2,0,10
34,27,2,0,6
34,28,2,0,19
34,29,2,0,14
34,30,2,0,12
34,31,9,2,6
34,32,9,0,13
34,33,9,0,0
34,34,9,0,21
34,35,9,0,5
34,36,9,0,12
34,37,9,0,3
34,38,9,0,21
34,39,9,0,15
34,40,9,0,14
34,41,9,0,8
34,42,9,0,6
34,43,9,0,19
34,44,9,0,2
34,45,9,0,17
34,46,9,0,10
34,47,9,0,21
34,48,9,0,24
35,0,9,0,0
35,1,9,0,20
35,2,9,0,4
35,3,9,0,19
35,4,9,0,22
35,5,9,0,3
35,6,9,0,5
35,7,9,0,4
35,8,9,0,1
35,9,9,2,18
35,10,2,0,8
35,11,2,0,16
35,12,2,0,10
35,13,2,0,15
35,14,2,0,3
35,15,2,0,3
35,16,2,0,14
35,17,9,2,16
35,18,9,2,16
35,19,9,2,16
35,20,9,2,16
35,21,2,0,14
35,22,2,0,16
35,23,2,0,5
35,24,2,0,2
35,25,2,0,18
35,26,2,0,11
35,27,2,0,21
35,28,2,0,3
35,29,2,0,4
35,30,2,0,18
35,31,9,2,24
35,32,9,0,7
35,33,9,0,1
35,34,9,0,1
35,35,9,0,20
35,36,9,0,17
35,37,9,0,21
35,38,9,0,3
35,39,9,0,0
35,40,9,0,10
35,41,9,0,7
35,42,9,0,19
35,43,9,0,20
35,44,9,0,2
35,45,9,0,21
35,46,9,0,2
35,47,9,0,0
35,48,9,0,17
36,0,9,0,8
36,1,9,0,0
36,2,9,0,8
36,3,9,0,12
36,4,9,0,4
36,5,9,0,23
36,6,9,0,11
36,7,9,0,16
36,8,9,2,0
36,9,9,2,16
36,10,2,0,7
36,11,2,0,22
36,12,2,0,4
36,13,2,0,4
36,14,2,0,2
36,15,9,2,16
36,16,9,2,9
36,17,9,2,4
36,18,9,2,4
36,19,9,2,4
36,20,9,2,1
36,21,2,0,23
36,22,2,0,9
36,23,2,0,18
36,24,2,0,7
36,25,2,0,17
36,26,2,0,21
36,27,2,0,3
36,28,2,0,17
36,29,2,0,16
36,30,9,2,19
36,31,9,0,1
36,32,9,0,9
36,33,9,0,6
36,34,9,0,11
36,35,9,0,20
36,36,9,0,15
36,37,9,0,5
36,38,9,0,20
36,39,9,0,2
36,40,9,0,22
36,41,9,0,4
36,42,9,0,10
36,43,9,0,13
36,44,9,0,17
36,45,9,0,7
36,46,9,0,17
36,47,9,0,1
36,48,9,0,3
37,0,9,0,18
37,1,9,0,24
37,2,9,0,5
37,3,9,0,8
37,4,9,0,2
37,5,9,0,16
37,6,9,0,15
37,7,9,0,2
37,8,9,2,4
37,9,9,2,17
37,10,2,0,17
37,11,2,0,1
37,12,2,0,16
37,13,2,0,0
37,14,9,2,19
37,15,9,2,4
37,16,9,0,4
37,17,9,0,15
37,18,9,0,6
37,19,9,0,1
37,20,9,2,2
37,21,2,0,14
37,22,2,0,8
37,23,2,0,17
37,24,2,0,19
37,25,2,0,21
37,26,2,0,20
37,27,9,2,16
37,28,9,2,16
37,29,9,2,19
37,30,9,0,15
37,31,9,0,9
37,32,9,0,14
37,33,9,0,14
37,34,9,0,21
37,35,9,0,17
37,36,9,0,14
37,37,9,0,1
37,38,9,0,15
37,39,9,0,14
37,40,9,0,21
37,41,9,0,23
37,42,9,0,10
37,43,9,0,14
37,44,9,0,7
37,45,9,0,24
37,46,9,0,12
37,47,9,0,11
37,48,9,0,10
38,0,9,0,18
38,1,9,0,7
38,2,9,0,5
38,3,9,0,13
38,4,9,0,22
38,5,9,0,8
38,6,9,0,19
38,7,9,0,10
38,8,9,0,13
38,9,9,2,17
38,10,9,2,16
38,11,2,0,10
38,12,2,0,23
38,13,9,2,6
38,14,9,0,21
38,15,9,0,13
38,16,9,0,7
38,17,9,0,1
38,18,9,0,12
38,19,9,0,4
38,20,9,2,18
38,21,2,0,8
38,22,2,0,12
38,23,2,0,13
38,24,2,0,23
38,25,2,0,14
38,26,9,2,14
38,27,9,2,4
38,28,9,2,4
38,29,9,0,6
38,30,9,0,15
38,31,9,0,20
38,32,9,0,4
38,33,9,0,3
38,34,9,0,15
38,35,9,0,3
38,36,9,0,18
38,37,9,0,8
38,38,9,0,23
38,39,9,0,13
38,40,9,0,12
38,41,9,0,24
38,42,9,0,0
38,43,9,0,22
38,44,9,0,0
38,45,9,0,7
38,46,9,0,9
38,47,9,0,15
38,48,9,0,18
39,0,9,0,2
39,1,9,0,9
39,2,9,0,0
39,3,9,0,4
39,4,9,0,1
39,5,9,0,8
39,6,9,0,17
39,7,9,0,6
39,8,9,0,13
39,9,9,2,4
39,10,9,2,17
39,11,2,0,24
39,12,2,0,18
39,13,9,2,24
39,14,9,0,21
39,15,9,0,18
39,16,9,0,8
39,17,9,0,4
39,18,9,0,17
39,19,9,2,5
39,20,2,0,23
39,21,2,0,5
39,22,2,0,19
39,23,2,0,3
39,24,9,2,16
39,25,9,2,11
39,26,9,0,0
39,27,9,0,18
39,28,9,0,7
39,29,9,0,16
39,30,9,0,21
39,31,9,0,7
39,32,9,0,24
39,33,9,0,0
39,34,9,0,15
39,35,9,0,0
39,36,9,0,13
39,37,9,0,12
39,38,9,0,3
39,39,9,0,1
39,40,9,0,14
39,41,9,0,14
39,42,9,0,22
39,43,9,0,21
39,44,9,0,18
39,45,9,0,9
39,46,9,0,5
39,47,9,0,4
39,48,9,0,1
40,0,9,0,8
40,1,9,0,9
40,2,9,0,13
40,3,9,0,3
40,4,9,0,9
40,5,9,0,3
40,6,9,0,12
40,7,9,0,4
40,8,9,0,8
40,9,9,0,22
40,10,9,2,18
40,11,2,0,5
40,12,9,2,19
40,13,9,0,24
40,14,9,0,0
40,15,9,0,11
40,16,9,0,16
40,17,9,0,23
40,18,9,2,0
40,19,2,0,11
40,20,2,0,11
40,21,2,0,7
40,22,2,0,12
40,23,9,2,14
40,24,9,2,4
40,25,9,0,9
40,26,9,0,17
40,27,9,0,2
40,28,9,0,1
40,29,9,0,11
40,30,9,0,2
40,31,9,0,15
40,32,9,0,10
40,33,9,0,22
40,34,9,0,22
40,35,9,0,13
40,36,9,0,21
40,37,9,0,9
40,38,9,0,19
40,39,9,0,13
40,40,9,0,20
40,41,9,0,2
40,42,9,0,13
40,43,9,0,5
40,44,9,0,2
40,45,9,0,0
40,46,9,0,11
40,47,9,0,11
40,48,9,0,11
41,0,9,0,10
41,1,9,0,3
41,2,9,0,21
41,3,9,0,11
41,4,9,0,13
41,5,9,0,8
41,6,9,0,9
41,7,9,0,4
41,8,9,0,7
41,9,9,2,0
41,10,2,0,13
41,11,9,2,6
41,12,9,0,18
41,13,9,0,3
41,14,9,0,16
41,15,9,0,11
41,16,9,0,17
41,17,9,0,3
41,18,9,2,18
41,19,2,0,18
41,20,2,0,22
41,21,2,0,3
41,22,9,2,9
41,23,9,0,1
41,24,9,0,21
41,25,9,0,3
41,26,9,0,22
41,27,9,0,10
41,28,9,0,11
41,29,9,0,13
41,30,9,0,11
41,31,9,0,9
41,32,9,0,18
41,33,9,0,10
41,34,9,0,16
41,35,9,0,13
41,36,9,0,2
41,37,9,0,16
41,38,9,0,3
41,39,9,0,8
41,40,9,0,8
41,41,9,0,2
41,42,9,0,24
41,43,9,0,1
41,44,9,0,21
41,45,9,0,15
41,46,9,0,1
41,47,9,0,4
41,48,9,0,22
42,0,9,0,23
42,1,9,0,14
42,2,9,0,3
42,3,9,0,17
42,4,9,0,18
42,5,9,0,11
42,6,9,0,5
42,7,9,0,4
42,8,9,0,4
42,9,9,2,3
42,10,9,2,16
42,11,9,2,24
42,12,9,0,5
42,13,9,0,7
42,14,9,0,4
42,15,9,0,18
42,16,9,0,13
42,17,9,2,0
42,18,2,0,17
42,19,2,0,10
42,20,2,0,1
42,21,9,2,9
42,22,9,0,14
42,23,9,0,7
42,24,9,0,2
42,25,9,0,1
42,26,9,0,6
42,27,9,0,15
42,28,9,0,18
42,29,9,0,19
42,30,9,0,11
42,31,9,0,24
42,32,9,0,17
42,33,9,0,5
42,34,9,0,3
42,35,9,0,2
42,36,9,0,19
42,37,9,0,17
42,38,9,0,16
42,39,9,0,10
42,40,9,0,16
42,41,9,0,8
42,42,9,0,21
42,43,9,0,14
42,44,9,0,18
42,45,9,0,3
42,46,9,0,2
42,47,9,0,1
42,48,9,0,10
43,0,9,0,14
43,1,9,0,0
43,2,9,0,11
43,3,9,0,21
43,4,9,0,18
43,5,9,0,23
43,6,9,0,9
43,7,9,0,4
43,8,9,0,19
43,9,9,2,4
43,10,9,2,4
43,11,9,0,7
43,12,9,2,20
43,13,9,2,20
43,14,9,0,23
43,15,9,0,9
43,16,9,0,24
43,17,9,2,18
43,18,2,0,17
43,19,2,0,8
43,20,9,2,11
43,21,9,0,23
43,22,9,0,13
43,23,9,0,15
43,24,9,0,22
43,25,9,0,3
43,26,9,0,20
43,27,9,0,18
43,28,9,0,21
43,29,9,0,5
43,30,9,0,11
43,31,9,0,19
43,32,9,0,13
43,33,9,0,5
43,34,9,0,6
43,35,9,0,5
43,36,9,0,13
43,37,9,0,9
43,38,9,0,4
43,39,9,0,6
43,40,9,0,15
43,41,9,0,0
43,42,9,0,22
43,43,9,0,22
43,44,9,0,1
43,45,9,0,20
43,46,9,0,20
43,47,9,0,9
43,48,9,0,21
44,0,9,0,14
44,1,9,0,15
44,2,9,0,18
44,3,9,0,13
44,4,9,0,23
44,5,9,0,18
44,6,9,0,14
44,7,9,0,9
44,8,9,0,22
44,9,9,0,23
44,10,9,0,10
44,11,9,2,13
44,12,9,2,8
44,13,9,2,7
44,14,9,0,17
44,15,9,0,11
44,16,9,2,10
44,17,2,0,12
44,18,2,0,2
44,19,9,2,6
44,20,9,0,16
44,21,9,0,8
44,22,9,0,20
44,23,9,0,17
44,24,9,0,15
44,25,9,0,21
44,26,9,0,15
44,27,9,0,1
44,28,9,0,6
44,29,9,0,23
44,30,9,0,18
44,31,9,0,22
44,32,9,0,8
44,33,9,0,7
44,34,9,0,0
44,35,9,0,24
44,36,9,0,1
44,37,9,0,9
44,38,9,0,23
44,39,9,0,3
44,40,9,0,3
44,41,9,0,17
44,42,9,0,2
44,43,9,0,1
44,44,9,0,20
44,45,9,0,24
44,46,9,0,3
44,47,9,0,11
44,48,9,0,11
45,0,9,0,24
45,1,9,0,11
45,2,9,0,3
45,3,9,0,19
45,4,9,0,24
45,5,9,0,10
45,6,9,0,0
45,7,9,0,1
45,8,9,0,7
45,9,9,0,16
45,10,9,2,15
45,11,2,0,12
45,12,2,0,0
45,13,9,2,24
45,14,9,0,11
45,15,9,2,0
45,16,2,0,15
45,17,2,0,8
45,18,2,0,13
45,19,9,2,24
45,20,9,0,13
45,21,9,0,17
45,22,9,0,19
45,23,9,0,7
45,24,9,0,13
45,25,9,0,10
45,26,9,0,16
45,27,9,0,3
45,28,9,0,6
45,29,9,0,14
45,30,9,0,15
45,31,9,0,1
45,32,9,0,2
45,33,9,0,5
45,34,9,0,8
45,35,9,0,5
45,36,9,0,21
45,37,9,0,20
45,38,9,0,6
45,39,9,0,18
45,40,9,0,19
45,41,9,0,10
45,42,9,0,12
45,43,9,0,19
45,44,9,0,8
45,45,9,0,18
45,46,9,0,6
45,47,9,0,6
45,48,9,0,8
46,0,9,0,0
46,1,9,0,21
46,2,9,0,24
46,3,9,0,0
46,4,9,0,19
46,5,9,0,0
46,6,9,0,19
46,7,9,0,9
46,8,9,0,2
46,9,9,2,5
46,10,2,0,12
46,11,2,0,12
46,12,9,2,6
46,13,9,0,6
46,14,9,0,24
46,15,9,2,18
46,16,2,0,3
46,17,2,0,23
46,18,9,2,9
46,19,9,0,23
46,20,9,0,8
46,21,9,0,11
46,22,9,0,17
46,23,9,0,15
46,24,9,0,5
46,25,9,0,24
46,26,9,0,8
46,27,9,0,5
46,28,9,0,11
46,29,9,0,1
46,30,9,0,22
46,31,9,0,11
46,32,9,0,23
46,33,9,0,22
46,34,9,0,11
46,35,9,0,11
46,36,9,0,21
46,37,9,0,4
46,38,9,0,11
46,39,9,0,23
46,40,9,0,23
46,41,9,0,16
46,42,9,0,3
46,43,9,0,19
46,44,9,0,8
46,45,9,0,11
46,46,9,0,1
46,47,9,0,0
46,48,9,0,15
47,0,9,0,1
47,1,9,0,4
47,2,9,0,15
47,3,9,0,18
47,4,9,0,18
47,5,9,0,16
47,6,9,0,24
47,7,9,0,20
47,8,9,2,0
47,9,2,0,6
47,10,2,0,8
47,11,2,0,5
47,12,9,2,7
47,13,9,0,13
47,14,9,2,0
47,15,2,0,13
47,16,2,0,4
47,17,9,2,14
47,18,9,0,8
47,19,9,0,21
47,20,9,0,1
47,21,9,0,10
47,22,9,0,24
47,23,9,0,2
47,24,9,0,9
47,25,9,0,13
47,26,9,0,16
47,27,9,0,8
47,28,9,0,11
47,29,9,0,12
47,30,9,0,4
47,31,9,0,5
47,32,9,0,24
47,33,9,0,7
47,34,9,0,24
47,35,9,0,5
47,36,9,0,7
47,37,9,0,19
47,38,9,0,0
47,39,9,0,18
47,40,9,0,22
47,41,9,0,13
47,42,9,0,0
47,43,9,0,22
47,44,9,0,10
47,45,9,0,10
47,46,9,0,4
47,47,9,0,17
47,48,9,0,16
48,0,9,0,23
48,1,9,0,14
48,2,9,0,8
48,3,9,0,10
48,4,9,0,6
48,5,9,0,21
48,6,9,0,20
48,7,9,0,20
48,8,9,2,18
48,9,2,0,10
48,10,2,0,3
48,11,2,0,16
48,12,9,2,24
48,13,9,0,6
48,14,9,2,2
48,15,9,2,16
48,16,9,2,9
48,17,9,0,14
48,18,9,0,5
48,19,9,0,21
48,20,9,0,24
48,21,9,0,11
48,22,9,0,1
48,23,9,0,2
48,24,9,0,5
48,25,9,0,8
48,26,9,0,8
48,27,9,0,4
48,28,9,0,9
48,29,9,0,1
48,30,9,0,3
48,31,9,0,22
48,32,9,0,9
48,33,9,0,4
48,34,9,0,23
48,35,9,0,23
48,36,9,0,6
48,37,9,0,19
48,38,9,0,21
48,39,9,0,12
48,40,9,0,13
48,41,9,0,24
48,42,9,0,13
48,43,9,0,11
48,44,9,0,22
48,45,9,0,16
48,46,9,0,1
48,47,9,0,4
48,48,9,0,16
49,0,9,0,19
49,1,9,0,17
49,2,9,0,9
49,3,9,0,3
49,4,9,0,21
49,5,9,0,4
49,6,9,0,5
49,7,9,2,0
49,8,2,0,12
49,9,2,0,20
49,10,2,0,20
49,11,9,2,11
49,12,9,0,23
49,13,9,0,12
49,14,9,2,4
49,15,9,2,4
49,16,9,0,11
49,17,9,0,14
49,18,9,0,5
49,19,9,0,24
49,20,9,0,19
49,21,9,0,6
49,22,9,0,11
49,23,9,0,23
49,24,9,0,2
49,25,9,0,13
49,26,9,0,12
49,27,9,0,2
49,28,9,0,23
49,29,9,0,17
49,30,9,0,24
49,31,9,0,4
49,32,9,0,23
49,33,9,0,1
49,34,9,0,8
49,35,9,0,13
49,36,9,0,2
49,37,9,0,9
49,38,9,0,19
49,39,9,0,16
49,40,9,0,9
49,41,9,0,7
49,42,9,0,22
49,43,9,0,0
49,44,9,0,7
49,45,9,0,20
49,46,9,0,9
49,47,9,0,14
49,48,9,0,10
50,0,9,0,19
50,1,9,0,24
50,2,9,0,21
50,3,9,0,20
50,4,9,0,24
50,5,9,0,14
50,6,9,0,11
50,7,9,2,1
50,8,2,0,10
50,9,2,0,1
50,10,9,2,9
50,11,9,0,24
50,12,9,0,3
50,13,9,0,6
50,14,9,0,2
50,15,9,0,19
50,16,9,0,23
50,17,9,0,10
50,18,9,0,24
50,19,9,0,20
50,20,9,0,16
50,21,9,0,21
50,22,9,0,8
50,23,9,0,19
50,24,9,0,24
50,25,9,0,19
50,26,9,0,5
50,27,9,0,14
50,28,9,0,0
50,29,9,0,13
50,30,9,0,7
50,31,9,0,0
50,32,9,0,15
50,33,9,0,21
50,34,9,0,2
50,35,9,0,18
50,36,9,0,8
50,37,9,0,0
50,38,9,0,12
50,39,9,0,1
50,40,9,0,6
50,41,9,0,0
50,42,9,0,9
50,43,9,0,21
50,44,9,0,1
50,45,9,0,14
50,46,9,0,2
50,47,9,0,13
50,48,9,0,23
51,0,9,0,13
51,1,9,0,23
51,2,9,0,13
51,3,9,0,7
51,4,9,0,5
51,5,9,0,18
51,6,9,0,23
51,7,9,2,3
51,8,9,2,16
51,9,9,2,9
51,10,9,0,7
51,11,9,0,16
51,12,9,0,1
51,13,9,0,3
51,14,9,0,9
51,15,9,0,9
51,16,9,0,19
51,17,9,0,13
51,18,9,0,8
51,19,9,0,9
51,20,9,0,12
51,21,9,0,22
51,22,9,0,4
51,23,9,0,17
51,24,9,0,6
51,25,9,0,8
51,26,9,0,21
51,27,9,0,3
51,28,9,0,21
51,29,9,0,8
51,30,9,0,6
51,31,9,0,19
51,32,9,0,20
51,33,9,0,14
51,34,9,0,14
51,35,9,0,19
51,36,9,0,15
51,37,9,2,20
51,38,9,2,20
51,39,9,0,11
51,40,9,0,4
51,41,9,0,14
51,42,9,0,3
51,43,9,0,19
51,44,9,0,1
51,45,9,0,22
51,46,9,0,12
51,47,9,0,1
51,48,9,0,17
52,0,9,0,0
52,1,9,0,19
52,2,9,0,4
52,3,9,0,9
52,4,9,0,13
52,5,9,0,22
52,6,9,0,9
52,7,9,2,4
52,8,9,2,4
52,9,9,0,15
52,10,9,0,3
52,11,9,0,7
52,12,9,0,0
52,13,9,0,1
52,14,9,0,23
52,15,9,0,14
52,16,9,0,5
52,17,9,0,5
52,18,9,0,11
52,19,9,0,18
52,20,9,0,5
52,21,9,0,2
52,22,9,0,19
52,23,9,0,8
52,24,9,0,24
52,25,9,0,14
52,26,9,0,3
52,27,9,0,6
52,28,9,0,19
52,29,9,0,12
52,30,9,0,12
52,31,9,0,12
52,32,9,0,12
52,33,9,0,8
52,34,9,2,20
52,35,9,2,20
52,36,9,2,10
52,37,9,2,8
52,38,9,2,23
52,39,9,2,20
52,40,9,0,2
52,41,9,0,0
52,42,9,0,1
52,43,9,0,3
52,44,9,0,11
52,45,9,0,2
52,46,9,0,6
52,47,9,0,2
52,48,9,0,1
53,0,9,0,10
53,1,9,0,16
53,2,9,0,10
53,3,9,0,11
53,4,9,0,3
53,5,9,0,23
53,6,9,0,10
53,7,9,0,14
53,8,9,0,20
53,9,9,0,14
53,10,9,0,7
53,11,9,0,8
53,12,9,0,16
53,13,9,0,18
53,14,9,0,5
53,15,9,0,13
53,16,9,0,5
53,17,9,0,24
53,18,9,0,22
53,19,9,0,21
53,20,9,0,8
53,21,9,0,6
53,22,9,0,7
53,23,9,0,18
53,24,9,0,12
53,25,9,0,1
53,26,9,0,2
53,27,9,0,6
53,28,9,0,12
53,29,9,0,21
53,30,9,0,6
53,31,9,0,9
53,32,9,0,21
53,33,9,2,10
53,34,9,2,8
53,35,9,2,8
53,36,2,0,0
53,37,2,0,22
53,38,9,2,8
53,39,9,2,22
53,40,9,2,20
53,41,9,0,24
53,42,9,0,3
53,43,9,0,9
53,44,9,0,5
53,45,9,0,15
53,46,9,0,0
53,47,9,0,5
53,48,9,0,6
54,0,9,0,21
54,1,9,0,15
54,2,9,0,0
54,3,9,0,11
54,4,9,2,20
54,5,9,2,20
54,6,9,0,24
54,7,9,0,16
54,8,9,0,2
54,9,9,0,8
54,10,9,0,16
54,11,9,0,23
54,12,9,0,20
54,13,9,0,23
54,14,9,0,3
54,15,9,0,4
54,16,9,0,24
54,17,9,0,7
54,18,9,0,9
54,19,9,0,18
54,20,9,0,6
54,21,9,0,10
54,22,9,0,3
54,23,9,0,12
54,24,9,0,24
54,25,9,0,15
54,26,9,0,7
54,27,9,0,2
54,28,9,0,24
54,29,9,0,8
54,30,9,0,21
54,31,9,0,0
54,32,9,2,15
54,33,2,0,6
54,34,2,0,5
54,35,2,0,24
54,36,2,0,5
54,37,2,0,19
54,38,2,0,12
54,39,9,2,8
54,40,9,2,22
54,41,9,0,8
54,42,9,0,4
54,43,9,0,15
54,44,9,0,4
54,45,9,0,20
54,46,9,0,8
54,47,9,0,6
54,48,9,0,7
55,0,9,0,8
55,1,9,0,20
55,2,9,0,16
55,3,9,2,0
55,4,9,2,8
55,5,9,2,21
55,6,9,2,20
55,7,9,2,20
55,8,9,0,18
55,9,9,0,12
55,10,9,0,17
55,11,9,2,20
55,12,9,2,20
55,13,9,0,12
55,14,9,0,21
55,15,9,0,14
55,16,9,0,5
55,17,9,0,8
55,18,9,0,2
55,19,9,0,20
55,20,9,0,0
55,21,9,0,18
55,22,9,0,8
55,23,9,0,24
55,24,9,0,5
55,25,9,0,11
55,26,9,0,2
55,27,9,0,21
55,28,9,0,3
55,29,9,0,12
55,30,9,0,13
55,31,9,2,13
55,32,2,0,4
55,33,2,0,0
55,34,2,0,8
55,35,2,0,1
55,36,2,0,1
55,37,2,0,12
55,38,2,0,3
55,39,2,0,24
55,40,9,2,7
55,41,9,0,11
55,42,9,0,3
55,43,9,0,1
55,44,9,0,18
55,45,9,0,24
55,46,9,0,15
55,47,9,0,22
55,48,9,0,1
56,0,9,0,10
56,1,9,0,14
56,2,9,0,12
56,3,9,2,18
56,4,2,0,4
56,5,9,2,8
56,6,9,2,8
56,7,9,2,24
56,8,9,0,12
56,9,9,0,20
56,10,9,2,15
56,11,9,2,8
56,12,9,2,7
56,13,9,0,3
56,14,9,0,19
56,15,9,0,0
56,16,9,0,7
56,17,9,0,5
56,18,9,0,23
56,19,9,0,10
56,20,9,0,3
56,21,9,0,21
56,22,9,0,1
56,23,9,0,2
56,24,9,0,7
56,25,9,0,8
56,26,9,0,14
56,27,9,0,22
56,28,9,0,19
56,29,9,0,7
56,30,9,2,15
56,31,2,0,24
56,32,2,0,22
56,33,2,0,20
56,34,2,0,12
56,35,2,0,23
56,36,2,0,3
56,37,2,0,10
56,38,2,0,4
56,39,2,0,19
56,40,9,2,23
56,41,9,0,13
56,42,9,0,6
56,43,9,0,2
56,44,9,0,18
56,45,9,0,6
56,46,9,0,9
56,47,9,0,13
56,48,9,0,21
57,0,9,0,24
57,1,9,0,22
57,2,9,2,0
57,3,2,0,2
57,4,2,0,7
57,5,2,0,16
57,6,9,2,6
57,7,9,0,3
57,8,9,0,2
57,9,9,2,13
57,10,2,0,19
57,11,2,0,23
57,12,9,2,23
57,13,9,0,15
57,14,9,0,23
57,15,9,0,20
57,16,9,0,22
57,17,9,0,19
57,18,9,0,24
57,19,9,0,22
57,20,9,0,21
57,21,9,0,8
57,22,9,0,16
57,23,9,0,10
57,24,9,0,14
57,25,9,0,5
57,26,9,0,24
57,27,9,0,8
57,28,9,0,1
57,29,9,2,0
57,30,2,0,23
57,31,2,0,11
57,32,2,0,6
57,33,2,0,12
57,34,2,0,17
57,35,2,0,23
57,36,2,0,7
57,37,2,0,6
57,38,2,0,14
57,39,2,0,17
57,40,9,2,22
57,41,9,2,20
57,42,9,0,7
57,43,9,0,3
57,44,9,0,22
57,45,9,0,20
57,46,9,0,11
57,47,9,0,9
57,48,9,0,10
58,0,9,0,15
58,1,9,0,9
58,2,9,2,2
58,3,2,0,23
58,4,2,0,1
58,5,2,0,4
58,6,9,2,24
58,7,9,0,8
58,8,9,2,13
58,9,2,0,0
58,10,2,0,2
58,11,2,0,17
58,12,9,2,21
58,13,9,0,9
58,14,9,0,12
58,15,9,0,0
58,16,9,0,8
58,17,9,0,23
58,18,9,0,13
58,19,9,0,4
58,20,9,0,21
58,21,9,0,4
58,22,9,0,9
58,23,9,0,17
58,24,9,0,21
58,25,9,0,16
58,26,9,0,17
58,27,9,0,17
58,28,9,2,20
58,29,9,2,18
58,30,2,0,5
58,31,2,0,13
58,32,2,0,5
58,33,2,0,16
58,34,2,0,11
58,35,2,0,15
58,36,2,0,7
58,37,2,0,21
58,38,2,0,19
58,39,2,0,10
58,40,9,2,8
58,41,9,2,22
58,42,9,0,18
58,43,9,0,10
58,44,9,0,6
58,45,9,0,4
58,46,9,0,13
58,47,9,0,5
58,48,9,0,1
59,0,9,0,9
59,1,9,0,9
59,2,9,2,18
59,3,2,0,20
59,4,2,0,3
59,5,9,2,6
59,6,9,0,7
59,7,9,2,5
59,8,2,0,22
59,9,2,0,7
59,10,2,0,14
59,11,2,0,17
59,12,9,2,22
59,13,9,0,20
59,14,9,0,8
59,15,9,0,17
59,16,9,0,16
59,17,9,0,17
59,18,9,0,14
59,19,9,0,16
59,20,9,0,24
59,21,9,0,17
59,22,9,0,11
59,23,9,0,12
59,24,9,0,7
59,25,9,0,11
59,26,9,0,24
59,27,9,2,5
59,28,9,2,8
59,29,2,0,18
59,30,2,0,9
59,31,2,0,17
59,32,2,0,3
59,33,2,0,6
59,34,2,0,4
59,35,2,0,8
59,36,2,0,23
59,37,2,0,14
59,38,2,0,11
59,39,2,0,14
59,40,2,0,6
59,41,9,2,7
59,42,9,0,14
59,43,9,0,19
59,44,9,0,0
59,45,9,0,24
59,46,9,0,22
59,47,9,0,18
59,48,9,0,23
60,0,9,0,22
60,1,9,2,0
60,2,2,0,24
60,3,2,0,0
60,4,2,0,20
60,5,9,2,24
60,6,9,2,0
60,7,2,0,19
60,8,2,0,3
60,9,2,0,7
60,10,2,0,24
60,11,2,0,22
60,12,9,2,21
60,13,9,0,16
60,14,9,0,23
60,15,9,0,11
60,16,9,0,21
60,17,9,0,23
60,18,9,0,21
60,19,9,0,9
60,20,9,0,23
60,21,9,0,16
60,22,9,0,6
60,23,9,0,3
60,24,9,0,4
60,25,9,0,17
60,26,9,2,5
60,27,2,0,0
60,28,2,0,14
60,29,2,0,15
60,30,2,0,0
60,31,2,0,10
60,32,2,0,24
60,33,2,0,20
60,34,2,0,10
60,35,2,0,2
60,36,2,0,16
60,37,2,0,17
60,38,2,0,19
60,39,2,0,15
60,40,2,0,23
60,41,9,2,7
60,42,9,0,10
60,43,9,0,5
60,44,9,0,4
60,45,9,0,8
60,46,9,0,20
60,47,9,0,1
60,48,9,0,16
61,0,9,0,9
61,1,9,2,2
61,2,9,2,16
61,3,9,2,16
61,4,9,2,19
61,5,9,0,1
61,6,9,2,18
61,7,2,0,3
61,8,2,0,15
61,9,2,0,5
61,10,2,0,15
61,11,2,0,21
61,12,9,2,24
61,13,9,0,1
61,14,9,0,14
61,15,9,0,15
61,16,9,0,0
61,17,9,0,11
61,18,9,0,17
61,19,9,0,17
61,20,9,0,4
61,21,9,0,4
61,22,9,0,13
61,23,9,0,9
61,24,9,0,17
61,25,9,2,0
61,26,2,0,20
61,27,2,0,8
61,28,2,0,3
61,29,2,0,4
61,30,2,0,21
61,31,2,0,2
61,32,2,0,8
61,33,2,0,16
61,34,2,0,17
61,35,2,0,15
61,36,2,0,22
61,37,2,0,16
61,38,2,0,1
61,39,2,0,14
61,40,2,0,4
61,41,9,2,24
61,42,9,0,4
61,43,9,0,18
61,44,9,0,8
61,45,9,0,10
61,46,9,0,10
61,47,9,0,7
61,48,9,0,17
62,0,9,0,23
62,1,9,2,4
62,2,9,2,4
62,3,9,2,4
62,4,9,0,12
62,5,9,2,0
62,6,2,0,22
62,7,2,0,10
62,8,2,0,11
62,9,2,0,1
62,10,2,0,16
62,11,9,2,14
62,12,9,0,5
62,13,9,0,10
62,14,9,0,13
62,15,9,0,15
62,16,9,0,14
62,17,9,0,5
62,18,9,0,13
62,19,9,0,19
62,20,9,0,7
62,21,9,0,19
62,22,9,0,16
62,23,9,0,20
62,24,9,0,12
62,25,9,2,18
62,26,2,0,13
62,27,2,0,16
62,28,2,0,6
62,29,2,0,17
62,30,2,0,4
62,31,2,0,13
62,32,2,0,2
62,33,2,0,1
62,34,2,0,23
62,35,2,0,22
62,36,2,0,5
62,37,2,0,20
62,38,2,0,17
62,39,2,0,5
62,40,9,2,6
62,41,9,0,4
62,42,9,0,6
62,43,9,0,17
62,44,9,0,14
62,45,9,0,8
62,46,9,0,11
62,47,9,0,7
62,48,9,0,18
63,0,9,0,8
63,1,9,0,20
63,2,9,0,3
63,3,9,0,20
63,4,9,0,7
63,5,9,2,3
63,6,2,0,12
63,7,2,0,18
63,8,2,0,13
63,9,9,2,16
63,10,9,2,19
63,11,9,0,9
63,12,9,0,5
63,13,9,0,5
63,14,9,0,15
63,15,9,0,6
63,16,9,0,6
63,17,9,0,0
63,18,9,0,7
63,19,9,0,18
63,20,9,0,5
63,21,9,0,13
63,22,9,0,20
63,23,9,0,24
63,24,9,2,15
63,25,2,0,19
63,26,2,0,0
63,27,2,0,9
63,28,2,0,8
63,29,2,0,20
63,30,2,0,5
63,31,2,0,20
63,32,2,0,10
63,33,2,0,6
63,34,2,0,13
63,35,2,0,15
63,36,2,0,6
63,37,2,0,21
63,38,2,0,4
63,39,2,0,19
63,40,9,2,24
63,41,9,0,5
63,42,9,2,20
63,43,9,2,20
63,44,9,0,2
63,45,9,0,16
63,46,9,0,0
63,47,9,0,6
63,48,9,0,10
64,0,9,0,24
64,1,9,0,3
64,2,9,0,0
64,3,9,0,4
64,4,9,0,21
64,5,9,2,2
64,6,2,0,3
64,7,2,0,9
64,8,9,2,14
64,9,9,2,4
64,10,9,0,17
64,11,9,0,8
64,12,9,0,3
64,13,9,0,19
64,14,9,0,13
64,15,9,0,3
64,16,9,0,16
64,17,9,0,13
64,18,9,0,12
64,19,9,0,4
64,20,9,0,16
64,21,9,0,13
64,22,9,0,18
64,23,9,2,0
64,24,2,0,14
64,25,2,0,1
64,26,2,0,13
64,27,9,2,16
64,28,9,2,16
64,29,2,0,6
64,30,2,0,20
64,31,2,0,4
64,32,2,0,2
64,33,2,0,13
64,34,2,0,20
64,35,2,0,16
64,36,2,0,15
64,37,2,0,20
64,38,2,0,14
64,39,9,2,6
64,40,9,2,20
64,41,9,2,10
64,42,9,2,8
64,43,9,2,7
64,44,9,0,13
64,45,9,0,17
64,46,9,0,5
64,47,9,0,13
64,48,9,0,22
65,0,9,0,19
65,1,9,0,4
65,2,9,0,15
65,3,9,0,4
65,4,9,0,15
65,5,9,2,2
65,6,9,2,16
65,7,9,2,19
65,8,9,0,3
65,9,9,0,3
65,10,9,0,2
65,11,9,0,22
65,12,9,0,22
65,13,9,0,12
65,14,9,0,4
65,15,9,0,2
65,16,9,0,7
65,17,9,0,16
65,18,9,0,22
65,19,9,0,12
65,20,9,0,19
65,21,9,0,23
65,22,9,0,13
65,23,9,2,2
65,24,9,2,16
65,25,9,2,16
65,26,9,2,11
65,27,9,2,4
65,28,9,2,1
65,29,2,0,6
65,30,2,0,14
65,31,2,0,0
65,32,2,0,20
65,33,2,0,23
65,34,2,0,8
65,35,2,0,13
65,36,2,0,1
65,37,2,0,20
65,38,2,0,11
65,39,9,2,8
65,40,9,2,8
65,41,2,0,1
65,42,2,0,13
65,43,9,2,22
65,44,9,0,3
65,45,9,0,19
65,46,9,0,5
65,47,9,0,19
65,48,9,0,24
66,0,9,0,8
66,1,9,0,21
66,2,9,0,13
66,3,9,0,8
66,4,9,0,13
66,5,9,2,4
66,6,9,2,4
66,7,9,0,16
66,8,9,0,21
66,9,9,0,19
66,10,9,0,2
66,11,9,0,21
66,12,9,0,5
66,13,9,0,17
66,14,9,0,20
66,15,9,0,9
66,16,9,0,8
66,17,9,0,18
66,18,9,0,16
66,19,9,0,9
66,20,9,0,14
66,21,9,0,4
66,22,9,0,4
66,23,9,2,4
66,24,9,2,4
66,25,9,2,4
66,26,9,0,18
66,27,9,0,12
66,28,9,2,17
66,29,2,0,23
66,30,2,0,15
66,31,2,0,2
66,32,2,0,0
66,33,2,0,15
66,34,2,0,4
66,35,2,0,15
66,36,2,0,13
66,37,2,0,17
66,38,2,0,17
66,39,2,0,23
66,40,2,0,2
66,41,2,0,19
66,42,2,0,11
66,43,9,2,7
66,44,9,0,24
66,45,9,0,19
66,46,9,0,22
66,47,9,0,19
66,48,9,0,15
67,0,9,0,7
67,1,9,0,10
67,2,9,0,14
67,3,9,0,17
67,4,9,0,3
67,5,9,0,1
67,6,9,0,22
67,7,9,0,21
67,8,9,0,17
67,9,9,0,6
67,10,9,0,10
67,11,9,0,18
67,12,9,0,24
67,13,9,0,11
67,14,9,0,16
67,15,9,0,12
67,16,9,0,0
67,17,9,0,17
67,18,9,0,2
67,19,9,0,17
67,20,9,0,2
67,21,9,0,3
67,22,9,0,7
67,23,9,0,1
67,24,9,0,18
67,25,9,0,5
67,26,9,0,8
67,27,9,0,11
67,28,9,2,18
67,29,2,0,11
67,30,2,0,6
67,31,2,0,3
67,32,2,0,19
67,33,2,0,2
67,34,2,0,8
67,35,2,0,21
67,36,2,0,13
67,37,2,0,5
67,38,2,0,7
67,39,2,0,24
67,40,2,0,3
67,41,2,0,15
67,42,2,0,13
67,43,9,2,23
67,44,9,0,14
67,45,9,0,20
67,46,9,0,9
67,47,9,0,9
67,48,9,0,8
68,0,9,0,10
68,1,9,0,2
68,2,9,0,5
68,3,9,0,12
68,4,9,0,23
68,5,9,0,17
68,6,9,0,5
68,7,9,0,4
68,8,9,0,23
68,9,9,0,9
68,10,9,0,3
68,11,9,0,8
68,12,9,0,12
68,13,9,0,22
68,14,9,0,7
68,15,9,0,0
68,16,9,0,5
68,17,9,0,20
68,18,9,0,10
68,19,9,0,16
68,20,9,0,22
68,21,9,2,20
68,22,9,0,3
68,23,9,0,21
68,24,9,0,1
68,25,9,0,18
68,26,9,0,9
68,27,9,2,15
68,28,2,0,1
68,29,2,0,2
68,30,2,0,8
68,31,2,0,4
68,32,2,0,21
68,33,2,0,1
68,34,2,0,20
68,35,2,0,7
68,36,2,0,1
68,37,2,0,21
68,38,2,0,20
68,39,2,0,23
68,40,2,0,16
68,41,2,0,3
68,42,2,0,12
68,43,9,2,24
68,44,9,0,2
68,45,9,0,14
68,46,9,0,24
68,47,9,0,23
68,48,9,0,8
69,0,9,0,20
69,1,9,0,3
69,2,9,0,19
69,3,9,0,3
69,4,9,0,19
69,5,9,0,0
69,6,9,0,13
69,7,9,0,18
69,8,9,0,15
69,9,9,0,11
69,10,9,0,3
69,11,9,0,14
69,12,9,0,22
69,13,9,0,18
69,14,9,0,2
69,15,9,0,17
69,16,9,0,7
69,17,9,0,18
69,18,9,0,3
69,19,9,0,1
69,20,9,2,10
69,21,9,2,22
69,22,9,2,20
69,23,9,2,20
69,24,9,2,20
69,25,9,2,20
69,26,9,2,13
69,27,2,0,0
69,28,2,0,10
69,29,2,0,17
69,30,2,0,2
69,31,2,0,1
69,32,2,0,14
69,33,2,0,11
69,34,2,0,6
69,35,2,0,19
69,36,2,0,12
69,37,2,0,16
69,38,2,0,12
69,39,2,0,4
69,40,2,0,18
69,41,2,0,23
69,42,9,2,11
69,43,9,0,8
69,44,9,0,5
69,45,9,0,11
69,46,9,0,19
69,47,9,0,11
69,48,9,0,16
70,0,9,0,14
70,1,9,0,7
70,2,9,0,6
70,3,9,0,0
70,4,9,0,7
70,5,9,0,1
70,6,9,0,5
70,7,9,0,21
70,8,9,0,18
70,9,9,0,15
70,10,9,0,5
70,11,9,0,12
70,12,9,0,22
70,13,9,0,12
70,14,9,0,19
70,15,9,0,8
70,16,9,0,20
70,17,9,0,21
70,18,9,0,4
70,19,9,2,0
70,20,2,0,10
70,21,9,2,8
70,22,9,2,8
70,23,9,2,8
70,24,9,2,8
70,25,9,2,8
70,26,2,0,21
70,27,2,0,0
70,28,2,0,7
70,29,2,0,22
70,30,2,0,4
70,31,2,0,16
70,32,2,0,21
70,33,2,0,19
70,34,2,0,22
70,35,2,0,24
70,36,2,0,13
70,37,2,0,2
70,38,2,0,17
70,39,2,0,4
70,40,2,0,6
70,41,9,2,6
70,42,9,0,2
70,43,9,0,2
70,44,9,0,23
70,45,9,0,5
70,46,9,0,5
70,47,9,0,11
70,48,9,0,9
71,0,9,0,8
71,1,9,0,19
71,2,9,0,6
71,3,9,0,2
71,4,9,0,2
71,5,9,0,22
71,6,9,0,0
71,7,9,0,3
71,8,9,0,3
71,9,9,0,24
71,10,9,0,13
71,11,9,0,21
71,12,9,0,15
71,13,9,0,24
71,14,9,0,20
71,15,9,0,15
71,16,9,0,3
71,17,9,0,20
71,18,9,0,4
71,19,9,2,18
71,20,2,0,6
71,21,2,0,9
71,22,2,0,10
71,23,2,0,5
71,24,2,0,13
71,25,2,0,4
71,26,2,0,18
71,27,2,0,3
71,28,2,0,20
71,29,2,0,21
71,30,2,0,4
71,31,2,0,1
71,32,2,0,3
71,33,2,0,24
71,34,2,0,4
71,35,2,0,14
71,36,2,0,1
71,37,2,0,19
71,38,2,0,6
71,39,2,0,13
71,40,2,0,2
71,41,9,2,24
71,42,9,0,1
71,43,9,0,10
71,44,9,0,13
71,45,9,0,3
71,46,9,0,22
71,47,9,0,12
71,48,9,0,15
72,0,9,0,7
72,1,9,0,5
72,2,9,0,13
72,3,9,0,22
72,4,9,0,8
72,5,9,0,20
72,6,9,0,15
72,7,9,0,0
72,8,9,0,11
72,9,9,0,19
72,10,9,0,16
72,11,9,0,17
72,12,9,0,21
72,13,9,0,12
72,14,9,0,5
72,15,9,0,7
72,16,9,0,13
72,17,9,0,18
72,18,9,2,0
72,19,2,0,20
72,20,2,0,7
72,21,2,0,5
72,22,2,0,1
72,23,2,0,9
72,24,2,0,13
72,25,2,0,8
72,26,2,0,8
72,27,2,0,5
72,28,2,0,16
72,29,2,0,22
72,30,2,0,4
72,31,2,0,16
72,32,2,0,16
72,33,2,0,20
72,34,2,0,19
72,35,2,0,16
72,36,2,0,0
72,37,2,0,19
72,38,2,0,20
72,39,2,0,15
72,40,9,2,6
72,41,9,0,21
72,42,9,0,24
72,43,9,0,1
72,44,9,0,21
72,45,9,0,20
72,46,9,0,20
72,47,9,0,5
72,48,9,0,11
73,0,9,0,19
73,1,9,0,16
73,2,9,0,21
73,3,9,0,3
73,4,9,0,2
73,5,9,0,6
73,6,9,0,13
73,7,9,0,4
73,8,9,0,0
73,9,9,0,9
73,10,9,0,2
73,11,9,0,0
73,12,9,0,5
73,13,9,0,18
73,14,9,0,15
73,15,9,0,22
73,16,9,0,8
73,17,9,0,7
73,18,9,2,18
73,19,2,0,9
73,20,2,0,15
73,21,2,0,19
73,22,2,0,10
73,23,2,0,12
73,24,2,0,17
73,25,2,0,24
73,26,2,0,9
73,27,2,0,1
73,28,2,0,17
73,29,2,0,5
73,30,2,0,15
73,31,2,0,10
73,32,2,0,19
73,33,2,0,5
73,34,2,0,7
73,35,2,0,24
73,36,2,0,14
73,37,2,0,3
73,38,2,0,6
73,39,2,0,22
73,40,9,2,21
73,41,9,0,18
73,42,9,0,1
73,43,9,0,20
73,44,9,0,1
73,45,9,0,9
73,46,9,0,20
73,47,9,0,8
73,48,9,0,2
74,0,9,0,12
74,1,9,0,6
74,2,9,0,21
74,3,9,0,16
74,4,9,0,4
74,5,9,0,0
74,6,9,0,17
74,7,9,0,3
74,8,9,0,1
74,9,9,0,2
74,10,9,0,24
74,11,9,0,19
74,12,9,0,5
74,13,9,0,10
74,14,9,0,11
74,15,9,0,17
74,16,9,2,20
74,17,9,2,15
74,18,2,0,5
74,19,2,0,12
74,20,2,0,11
74,21,2,0,22
74,22,2,0,15
74,23,2,0,15
74,24,2,0,1
74,25,2,0,16
74,26,2,0,18
74,27,2,0,8
74,28,2,0,6
74,29,2,0,10
74,30,2,0,21
74,31,2,0,21
74,32,2,0,24
74,33,2,0,5
74,34,2,0,4
74,35,2,0,11
74,36,2,0,15
74,37,2,0,6
74,38,2,0,6
74,39,2,0,8
74,40,9,2,22
74,41,9,0,23
74,42,9,0,17
74,43,9,0,10
74,44,9,0,6
74,45,9,0,18
74,46,9,0,14
74,47,9,0,17
74,48,9,0,15
75,0,9,0,9
75,1,9,0,1
75,2,9,0,9
75,3,9,0,9
75,4,9,0,19
75,5,9,0,15
75,6,9,0,22
75,7,9,0,19
75,8,9,0,0
75,9,9,0,7
75,10,9,0,24
75,11,9,0,17
75,12,9,0,1
75,13,9,0,20
75,14,9,0,16
75,15,9,2,10
75,16,9,2,8
75,17,2,0,9
75,18,2,0,14
75,19,2,0,3
75,20,2,0,4
75,21,2,0,11
75,22,2,0,21
75,23,2,0,16
75,24,2,0,8
75,25,2,0,3
75,26,2,0,15
75,27,2,0,9
75,28,2,0,6
75,29,2,0,13
75,30,2,0,21
75,31,2,0,3
75,32,2,0,19
75,33,2,0,5
75,34,2,0,5
75,35,2,0,7
75,36,2,0,0
75,37,2,0,23
75,38,2,0,15
75,39,2,0,22
75,40,9,2,24
75,41,9,0,0
75,42,9,0,17
75,43,9,0,12
75,44,9,0,7
75,45,9,0,20
75,46,9,0,20
75,47,9,0,5
75,48,9,0,20
76,0,9,0,7
76,1,9,0,24
76,2,9,0,24
76,3,9,0,3
76,4,9,0,12
76,5,9,0,3
76,6,9,0,14
76,7,9,0,4
76,8,9,0,14
76,9,9,0,16
76,10,9,0,5
76,11,9,0,19
76,12,9,0,12
76,13,9,0,0
76,14,9,2,5
76,15,2,0,23
76,16,2,0,8
76,17,2,0,18
76,18,2,0,22
76,19,2,0,14
76,20,2,0,14
76,21,2,0,7
76,22,2,0,21
76,23,2,0,18
76,24,2,0,23
76,25,2,0,9
76,26,2,0,15
76,27,2,0,13
76,28,2,0,24
76,29,2,0,14
76,30,9,2,16
76,31,9,2,16
76,32,2,0,16
76,33,2,0,16
76,34,2,0,5
76,35,2,0,19
76,36,2,0,11
76,37,2,0,0
76,38,2,0,11
76,39,9,2,6
76,40,9,2,24
76,41,9,0,18
76,42,9,0,4
76,43,9,0,20
76,44,9,0,13
76,45,9,0,5
76,46,9,0,3
76,47,9,0,17
76,48,9,0,19
77,0,9,0,8
77,1,9,0,24
77,2,9,0,9
77,3,9,0,21
77,4,9,0,16
77,5,9,0,14
77,6,9,0,22
77,7,9,0,9
77,8,9,0,14
77,9,9,0,22
77,10,9,0,23
77,11,9,0,1
77,12,9,2,20
77,13,9,2,13
77,14,2,0,0
77,15,2,0,19
77,16,2,0,19
77,17,2,0,19
77,18,2,0,9
77,19,2,0,13
77,20,2,0,17
77,21,2,0,18
77,22,2,0,4
77,23,2,0,15
77,24,2,0,11
77,25,2,0,2
77,26,2,0,13
77,27,9,2,16
77,28,9,2,16
77,29,9,2,19
77,30,9,2,4
77,31,9,2,17
77,32,2,0,16
77,33,2,0,11
77,34,2,0,21
77,35,2,0,11
77,36,2,0,9
77,37,2,0,10
77,38,2,0,13
77,39,9,2,6
77,40,9,0,7
77,41,9,0,9
77,42,9,0,14
77,43,9,0,8
77,44,9,0,18
77,45,9,0,9
77,46,9,0,4
77,47,9,0,20
77,48,9,0,11
78,0,9,0,12
78,1,9,0,21
78,2,9,0,7
78,3,9,0,7
78,4,9,0,18
78,5,9,0,12
78,6,9,0,6
78,7,9,0,15
78,8,9,0,19
78,9,9,0,21
78,10,9,0,2
78,11,9,2,13
78,12,9,2,8
78,13,2,0,13
78,14,2,0,4
78,15,2,0,13
78,16,2,0,21
78,17,2,0,23
78,18,2,0,23
78,19,2,0,22
78,20,2,0,8
78,21,2,0,24
78,22,2,0,19
78,23,2,0,15
78,24,2,0,19
78,25,2,0,14
78,26,9,2,14
78,27,9,2,4
78,28,9,2,4
78,29,9,0,5
78,30,9,0,23
78,31,9,2,18
78,32,2,0,2
78,33,2,0,15
78,34,2,0,10
78,35,2,0,11
78,36,2,0,21
78,37,2,0,20
78,38,2,0,3
78,39,9,2,24
78,40,9,0,4
78,41,9,0,23
78,42,9,0,19
78,43,9,0,5
78,44,9,0,2
78,45,9,0,14
78,46,9,0,4
78,47,9,0,2
78,48,9,0,2
79,0,9,0,21
79,1,9,0,9
79,2,9,0,20
79,3,9,0,6
79,4,9,0,6
79,5,9,0,18
79,6,9,0,14
79,7,9,0,23
79,8,9,0,20
79,9,9,0,3
79,10,9,2,0
79,11,2,0,9
79,12,2,0,21
79,13,2,0,3
79,14,2,0,18
79,15,2,0,5
79,16,2,0,12
79,17,2,0,7
79,18,2,0,17
79,19,2,0,17
79,20,2,0,9
79,21,2,0,24
79,22,2,0,16
79,23,2,0,20
79,24,2,0,24
79,25,9,2,19
79,26,9,0,7
79,27,9,0,16
79,28,9,0,8
79,29,9,0,22
79,30,9,2,0
79,31,2,0,3
79,32,2,0,7
79,33,9,2,16
79,34,2,0,2
79,35,2,0,20
79,36,2,0,12
79,37,2,0,20
79,38,9,2,6
79,39,9,0,13
79,40,9,0,4
79,41,9,0,10
79,42,9,0,10
79,43,9,0,7
79,44,9,0,4
79,45,9,0,9
79,46,9,0,20
79,47,9,0,2
79,48,9,0,13
80,0,9,0,15
80,1,9,0,1
80,2,9,0,1
80,3,9,0,12
80,4,9,0,10
80,5,9,0,5
80,6,9,0,10
80,7,9,0,3
80,8,9,0,19
80,9,9,0,21
80,10,9,2,18
80,11,2,0,5
80,12,2,0,5
80,13,2,0,7
80,14,2,0,21
80,15,2,0,11
80,16,2,0,4
80,17,2,0,23
80,18,2,0,22
80,19,2,0,19
80,20,2,0,18
80,21,2,0,11
80,22,2,0,5
80,23,2,0,0
80,24,9,2,11
80,25,9,0,2
80,26,9,0,14
80,27,9,0,16
80,28,9,0,12
80,29,9,0,19
80,30,9,2,2
80,31,9,2,16
80,32,9,2,14
80,33,9,2,17
80,34,2,0,9
80,35,2,0,21
80,36,2,0,18
80,37,2,0,10
80,38,9,2,22
80,39,9,0,16
80,40,9,0,20
80,41,9,0,4
80,42,9,0,1
80,43,9,0,8
80,44,9,0,24
80,45,9,0,8
80,46,9,0,1
80,47,9,0,23
80,48,9,0,8
