0,0,3,0,13
0,1,3,0,3
0,2,3,0,22
0,3,3,8,0
0,4,8,0,4
0,5,8,0,8
0,6,8,0,22
0,7,8,0,7
0,8,8,0,8
0,9,8,0,17
0,10,8,0,15
0,11,8,0,11
0,12,8,0,2
0,13,8,0,6
0,14,8,0,14
0,15,8,0,3
0,16,8,0,6
0,17,8,0,7
0,18,8,0,3
0,19,8,0,16
0,20,8,0,17
0,21,3,8,14
0,22,3,8,17
0,23,8,0,12
0,24,8,0,11
0,25,8,0,7
0,26,8,0,19
0,27,8,0,0
0,28,8,0,16
0,29,8,0,17
0,30,8,0,22
0,31,8,0,11
0,32,8,0,22
0,33,8,0,5
0,34,9,8,6
0,35,9,0,23
0,36,9,0,23
0,37,9,0,15
0,38,9,8,18
0,39,8,0,19
0,40,8,0,7
0,41,8,0,23
0,42,8,0,19
0,43,8,0,18
0,44,8,0,15
0,45,8,0,10
0,46,8,0,18
0,47,3,8,21
0,48,3,8,20
0,49,3,0,10
1,0,3,0,1
1,1,3,0,14
1,2,3,0,6
1,3,3,8,18
1,4,8,0,16
1,5,8,0,8
1,6,8,0,10
1,7,8,0,18
1,8,8,0,5
1,9,8,0,4
1,10,8,0,24
1,11,8,0,2
1,12,8,0,23
1,13,8,0,13
1,14,8,0,7
1,15,8,0,15
1,16,8,0,8
1,17,8,0,6
1,18,8,0,3
1,19,8,0,18
1,20,3,8,14
1,21,3,0,20
1,22,3,8,3
1,23,8,0,15
1,24,8,0,11
1,25,8,0,5
1,26,8,0,4
1,27,8,0,4
1,28,8,0,17
1,29,8,0,16
1,30,8,0,10
1,31,8,0,11
1,32,8,0,14
1,33,8,0,16
1,34,9,8,24
1,35,9,0,23
1,36,9,0,22
1,37,9,8,15
1,38,8,0,5
1,39,8,0,10
1,40,8,0,20
1,41,8,0,6
1,42,8,0,5
1,43,8,0,24
1,44,8,0,9
1,45,8,0,9
1,46,8,0,22
1,47,3,8,8
1,48,3,8,7
1,49,3,0,18
2,0,3,0,20
2,1,3,0,7
2,2,3,8,0
2,3,3,8,16
2,4,8,0,20
2,5,8,0,14
2,6,8,0,24
2,7,8,0,22
2,8,8,0,14
2,9,8,0,10
2,10,8,0,7
2,11,8,0,10
2,12,8,0,2
2,13,8,0,6
2,14,8,0,22
2,15,8,0,16
2,16,8,0,13
2,17,8,0,5
2,18,8,0,12
2,19,3,8,6
2,20,3,0,15
2,21,3,0,4
2,22,3,8,18
2,23,8,0,19
2,24,8,0,6
2,25,8,0,24
2,26,8,0,14
2,27,8,0,18
2,28,8,0,7
2,29,8,0,19
2,30,8,0,15
2,31,8,0,20
2,32,8,0,13
2,33,9,8,6
2,34,9,0,11
2,35,9,0,14
2,36,9,8,10
2,37,8,0,19
2,38,8,0,20
2,39,8,0,1
2,40,8,0,6
2,41,8,0,7
2,42,8,0,3
2,43,9,8,16
2,44,8,0,13
2,45,8,0,16
2,46,8,0,8
2,47,8,0,16
2,48,3,8,22
2,49,3,0,0
3,0,3,0,4
3,1,3,0,9
3,2,3,8,4
3,3,3,8,1
3,4,8,0,1
3,5,8,0,17
3,6,8,0,15
3,7,8,0,22
3,8,8,0,1
3,9,8,0,7
3,10,8,0,11
3,11,8,0,9
3,12,8,0,9
3,13,8,0,16
3,14,8,0,1
3,15,8,0,1
3,16,8,0,5
3,17,8,0,13
3,18,8,0,9
3,19,3,8,24
3,20,3,0,18
3,21,3,8,15
3,22,8,0,2
3,23,8,0,22
3,24,8,0,17
3,25,8,0,9
3,26,8,0,16
3,27,8,0,23
3,28,8,0,20
3,29,8,0,24
3,30,8,0,17
3,31,8,0,11
3,32,8,0,6
3,33,9,8,24
3,34,9,0,11
3,35,9,8,15
3,36,8,0,18
3,37,8,0,3
3,38,8,0,12
3,39,8,0,23
3,40,8,0,7
3,41,8,0,15
3,42,9,8,14
3,43,9,8,17
3,44,8,0,22
3,45,8,0,20
3,46,8,0,14
3,47,8,0,19
3,48,3,8,24
3,49,3,0,4
4,0,3,0,10
4,1,3,0,23
4,2,3,0,6
4,3,3,8,18
4,4,8,0,11
4,5,8,0,5
4,6,8,0,3
4,7,8,0,4
4,8,8,0,14
4,9,8,0,23
4,10,8,0,9
4,11,8,0,24
4,12,8,0,10
4,13,8,0,9
4,14,8,0,21
4,15,8,0,10
4,16,8,0,12
4,17,8,0,12
4,18,3,8,11
4,19,3,0,22
4,20,3,8,0
4,21,8,0,5
4,22,8,0,6
4,23,8,0,17
4,24,8,0,4
4,25,8,0,5
4,26,8,0,15
4,27,8,0,20
4,28,8,0,2
4,29,8,0,2
4,30,8,0,14
4,31,9,8,16
4,32,9,8,9
4,33,9,0,9
4,34,9,8,15
4,35,8,0,11
4,36,8,0,22
4,37,8,0,22
4,38,8,0,7
4,39,8,0,13
4,40,8,0,24
4,41,9,8,19
4,42,9,0,12
4,43,9,8,18
4,44,8,0,0
4,45,8,0,21
4,46,8,0,5
4,47,3,8,6
4,48,3,0,19
4,49,3,0,1
5,0,3,0,13
5,1,3,0,6
5,2,3,8,0
5,3,8,0,19
5,4,8,0,10
5,5,8,0,9
5,6,8,0,3
5,7,8,0,19
5,8,8,0,15
5,9,8,0,4
5,10,8,0,7
5,11,8,0,19
5,12,8,0,10
5,13,8,0,0
5,14,8,0,4
5,15,8,0,21
5,16,8,0,13
5,17,3,8,6
5,18,3,0,23
5,19,3,0,14
5,20,3,8,18
5,21,8,0,9
5,22,3,8,16
5,23,8,0,13
5,24,8,0,5
5,25,8,0,10
5,26,8,0,4
5,27,8,0,12
5,28,8,0,19
5,29,8,0,23
5,30,9,8,11
5,31,9,8,4
5,32,9,0,1
5,33,9,8,0
5,34,8,0,6
5,35,8,0,16
5,36,8,0,3
5,37,8,0,10
5,38,8,0,7
5,39,8,0,20
5,40,9,8,6
5,41,9,0,11
5,42,9,8,0
5,43,8,0,12
5,44,8,0,5
5,45,8,0,24
5,46,8,0,19
5,47,3,8,24
5,48,3,0,18
5,49,3,0,10
6,0,3,0,15
6,1,3,0,18
6,2,3,8,17
6,3,8,0,3
6,4,8,0,18
6,5,8,0,6
6,6,8,0,10
6,7,8,0,7
6,8,8,0,21
6,9,8,0,18
6,10,8,0,7
6,11,8,0,24
6,12,8,0,14
6,13,8,0,19
6,14,8,0,6
6,15,8,0,8
6,16,8,0,13
6,17,3,8,7
6,18,3,0,18
6,19,3,8,0
6,20,3,8,16
6,21,3,8,14
6,22,3,8,3
6,23,8,0,13
6,24,8,0,9
6,25,8,0,3
6,26,8,0,20
6,27,8,0,14
6,28,8,0,14
6,29,9,8,6
6,30,9,0,2
6,31,9,0,10
6,32,9,0,18
6,33,9,8,18
6,34,8,0,24
6,35,8,0,23
6,36,8,0,8
6,37,8,0,22
6,38,8,0,15
6,39,8,0,14
6,40,9,8,24
6,41,9,0,15
6,42,9,8,3
6,43,8,0,13
6,44,8,0,4
6,45,8,0,22
6,46,3,8,6
6,47,3,0,4
6,48,3,0,10
6,49,3,0,11
7,0,3,0,18
7,1,3,0,10
7,2,3,8,17
7,3,8,0,5
7,4,8,0,20
7,5,8,0,2
7,6,8,0,20
7,7,8,0,11
7,8,8,0,13
7,9,8,0,13
7,10,8,0,22
7,11,8,0,16
7,12,8,0,13
7,13,8,0,5
7,14,8,0,17
7,15,8,0,12
7,16,8,0,21
7,17,3,8,24
7,18,3,0,9
7,19,3,8,4
7,20,3,8,4
7,21,3,0,2
7,22,3,8,18
7,23,8,0,14
7,24,8,0,0
7,25,8,0,13
7,26,8,0,7
7,27,8,0,13
7,28,8,0,22
7,29,9,8,24
7,30,9,0,5
7,31,9,0,15
7,32,9,8,13
7,33,8,0,11
7,34,8,0,5
7,35,8,0,3
7,36,8,0,17
7,37,8,0,0
7,38,8,0,0
7,39,9,8,14
7,40,9,0,22
7,41,9,0,13
7,42,9,8,18
7,43,8,0,20
7,44,8,0,4
7,45,8,0,7
7,46,3,8,7
7,47,3,8,20
7,48,3,8,20
7,49,3,0,7
8,0,3,0,21
8,1,3,0,3
8,2,3,8,18
8,3,8,0,4
8,4,8,0,8
8,5,8,0,24
8,6,8,0,0
8,7,8,0,2
8,8,8,0,2
8,9,8,0,24
8,10,8,0,6
8,11,8,0,19
8,12,8,0,6
8,13,8,0,10
8,14,8,0,1
8,15,8,0,10
8,16,3,8,6
8,17,3,0,19
8,18,3,0,23
8,19,3,0,7
8,20,3,0,10
8,21,3,8,0
8,22,8,0,2
8,23,8,0,4
8,24,8,0,6
8,25,8,0,18
8,26,8,0,23
8,27,8,0,21
8,28,9,8,6
8,29,9,0,6
8,30,9,0,13
8,31,9,8,13
8,32,8,0,15
8,33,8,0,17
8,34,8,0,22
8,35,8,0,23
8,36,8,0,13
8,37,8,0,21
8,38,9,8,19
8,39,9,0,5
8,40,9,0,5
8,41,9,8,0
8,42,8,0,0
8,43,8,0,21
8,44,8,0,5
8,45,8,0,15
8,46,3,8,8
8,47,3,8,8
8,48,3,8,7
8,49,3,0,21
9,0,3,0,3
9,1,3,8,0
9,2,8,0,14
9,3,8,0,18
9,4,8,0,15
9,5,8,0,17
9,6,8,0,15
9,7,8,0,11
9,8,8,0,0
9,9,8,0,12
9,10,8,0,19
9,11,8,0,0
9,12,8,0,8
9,13,8,0,8
9,14,8,0,2
9,15,8,0,7
9,16,3,8,24
9,17,3,0,18
9,18,3,0,4
9,19,3,0,14
9,20,3,0,7
9,21,3,8,18
9,22,8,0,22
9,23,8,0,13
9,24,8,0,17
9,25,8,0,20
9,26,8,0,24
9,27,8,0,4
9,28,9,8,21
9,29,9,0,14
9,30,9,8,0
9,31,8,0,1
9,32,8,0,6
9,33,8,0,17
9,34,8,0,24
9,35,8,0,18
9,36,8,0,23
9,37,9,8,6
9,38,9,0,22
9,39,9,0,10
9,40,9,0,4
9,41,9,8,18
9,42,8,0,6
9,43,8,0,16
9,44,8,0,5
9,45,8,0,18
9,46,8,0,6
9,47,8,0,7
9,48,3,8,7
9,49,3,0,15
10,0,3,0,3
10,1,3,8,1
10,2,3,8,16
10,3,3,8,16
10,4,8,0,11
10,5,8,0,12
10,6,8,0,5
10,7,8,0,21
10,8,8,0,9
10,9,8,0,23
10,10,8,0,0
10,11,8,0,5
10,12,8,0,7
10,13,8,0,6
10,14,8,0,0
10,15,3,8,6
10,16,3,0,15
10,17,3,0,5
10,18,3,0,1
10,19,3,0,22
10,20,3,8,0
10,21,8,0,12
10,22,8,0,23
10,23,8,0,1
10,24,8,0,6
10,25,8,0,13
10,26,8,0,4
10,27,8,0,10
10,28,9,8,24
10,29,9,0,21
10,30,9,8,18
10,31,8,0,16
10,32,8,0,13
10,33,8,0,3
10,34,8,0,5
10,35,8,0,1
10,36,8,0,11
10,37,9,8,21
10,38,9,0,17
10,39,9,0,8
10,40,9,8,0
10,41,8,0,19
10,42,8,0,4
10,43,8,0,21
10,44,8,0,19
10,45,8,0,20
10,46,8,0,9
10,47,8,0,13
10,48,3,8,21
10,49,3,0,9
11,0,3,0,22
11,1,3,8,4
11,2,3,8,4
11,3,3,8,1
11,4,8,0,0
11,5,8,0,24
11,6,8,0,6
11,7,8,0,0
11,8,8,0,11
11,9,8,0,21
11,10,8,0,23
11,11,8,0,2
11,12,8,0,3
11,13,8,0,7
11,14,8,0,7
11,15,3,8,22
11,16,3,8,20
11,17,3,0,12
11,18,3,0,20
11,19,3,0,1
11,20,3,8,1
11,21,8,0,0
11,22,8,0,14
11,23,8,0,7
11,24,8,0,21
11,25,8,0,18
11,26,8,0,2
11,27,9,8,6
11,28,9,0,12
11,29,9,8,15
11,30,8,0,18
11,31,8,0,12
11,32,8,0,17
11,33,8,0,13
11,34,8,0,1
11,35,8,0,19
11,36,8,0,14
11,37,9,8,24
11,38,9,0,12
11,39,9,0,11
11,40,9,8,18
11,41,8,0,7
11,42,8,0,8
11,43,8,0,19
11,44,8,0,18
11,45,8,0,23
11,46,8,0,3
11,47,8,0,9
11,48,3,8,24
11,49,3,0,22
12,0,3,0,9
12,1,3,0,10
12,2,3,0,13
12,3,3,8,2
12,4,8,0,6
12,5,8,0,2
12,6,8,0,10
12,7,8,0,18
12,8,8,0,0
12,9,8,0,7
12,10,8,0,18
12,11,8,0,2
12,12,8,0,16
12,13,8,0,24
12,14,8,0,20
12,15,3,8,8
12,16,3,8,21
12,17,3,0,22
12,18,3,0,10
12,19,3,0,13
12,20,3,8,1
12,21,8,0,1
12,22,8,0,24
12,23,8,0,6
12,24,8,0,12
12,25,8,0,8
12,26,8,0,23
12,27,9,8,21
12,28,9,8,10
12,29,8,0,8
12,30,8,0,16
12,31,8,0,24
12,32,8,0,5
12,33,8,0,17
12,34,8,0,4
12,35,8,0,5
12,36,9,8,6
12,37,9,0,11
12,38,9,0,10
12,39,9,8,13
12,40,8,0,14
12,41,8,0,11
12,42,8,0,18
12,43,9,8,16
12,44,8,0,13
12,45,8,0,17
12,46,8,0,21
12,47,3,8,6
12,48,3,0,13
12,49,3,0,20
13,0,3,0,0
13,1,3,0,1
13,2,3,0,6
13,3,3,8,18
13,4,8,0,4
13,5,8,0,17
13,6,8,0,0
13,7,8,0,4
13,8,8,0,1
13,9,8,0,8
13,10,8,0,11
13,11,8,0,18
13,12,8,0,18
13,13,8,0,6
13,14,8,0,2
13,15,8,0,8
13,16,3,8,24
13,17,3,0,8
13,18,3,0,15
13,19,3,0,12
13,20,3,8,18
13,21,8,0,10
13,22,8,0,1
13,23,8,0,23
13,24,8,0,21
13,25,8,0,0
13,26,8,0,20
13,27,9,8,8
13,28,8,0,5
13,29,8,0,2
13,30,8,0,7
13,31,8,0,21
13,32,8,0,20
13,33,8,0,18
13,34,8,0,10
13,35,8,0,17
13,36,9,8,7
13,37,9,0,6
13,38,9,8,0
13,39,8,0,15
13,40,8,0,1
13,41,8,0,19
13,42,9,8,19
13,43,9,8,3
13,44,8,0,0
13,45,8,0,22
13,46,8,0,8
13,47,3,8,21
13,48,3,0,5
13,49,3,0,16
14,0,3,0,22
14,1,3,0,14
14,2,3,8,0
14,3,8,0,6
14,4,8,0,22
14,5,8,0,16
14,6,8,0,19
14,7,8,0,2
14,8,8,0,22
14,9,8,0,12
14,10,8,0,0
14,11,8,0,11
14,12,8,0,1
14,13,8,0,18
14,14,8,0,22
14,15,3,8,6
14,16,3,0,24
14,17,3,0,20
14,18,3,0,0
14,19,3,8,0
14,20,8,0,15
14,21,8,0,13
14,22,8,0,16
14,23,8,0,13
14,24,8,0,13
14,25,8,0,3
14,26,8,0,19
14,27,8,0,4
14,28,8,0,20
14,29,8,0,24
14,30,8,0,24
14,31,8,0,6
14,32,8,0,13
14,33,8,0,14
14,34,8,0,24
14,35,8,0,1
14,36,9,8,23
14,37,9,0,14
14,38,9,8,18
14,39,8,0,22
14,40,8,0,22
14,41,9,8,6
14,42,9,0,2
14,43,9,8,3
14,44,8,0,11
14,45,8,0,10
14,46,8,0,18
14,47,3,8,22
14,48,3,0,19
14,49,3,0,18
15,0,3,0,20
15,1,3,0,22
15,2,3,8,18
15,3,8,0,1
15,4,8,0,24
15,5,8,0,11
15,6,8,0,4
15,7,8,0,12
15,8,8,0,14
15,9,8,0,2
15,10,8,0,21
15,11,8,0,5
15,12,8,0,1
15,13,8,0,15
15,14,8,0,5
15,15,3,8,24
15,16,3,0,11
15,17,3,0,11
15,18,3,0,15
15,19,3,8,18
15,20,8,0,2
15,21,8,0,6
15,22,8,0,4
15,23,8,0,13
15,24,8,0,15
15,25,8,0,14
15,26,8,0,2
15,27,8,0,24
15,28,8,0,8
15,29,8,0,5
15,30,8,0,20
15,31,8,0,16
15,32,8,0,23
15,33,8,0,3
15,34,8,0,8
15,35,8,0,17
15,36,9,8,7
15,37,9,8,13
15,38,8,0,21
15,39,8,0,4
15,40,8,0,3
15,41,9,8,24
15,42,9,0,2
15,43,9,8,2
15,44,8,0,9
15,45,8,0,9
15,46,8,0,0
15,47,3,8,24
15,48,3,0,20
15,49,3,0,6
16,0,3,0,23
16,1,3,8,0
16,2,8,0,7
16,3,8,0,6
16,4,8,0,19
16,5,8,0,3
16,6,8,0,6
16,7,8,0,23
16,8,8,0,13
16,9,8,0,20
16,10,8,0,21
16,11,8,0,8
16,12,8,0,1
16,13,8,0,1
16,14,3,8,9
16,15,3,0,21
16,16,3,0,10
16,17,3,8,20
16,18,3,8,10
16,19,8,0,23
16,20,8,0,5
16,21,8,0,13
16,22,8,0,2
16,23,8,0,14
16,24,8,0,14
16,25,8,0,19
16,26,8,0,13
16,27,8,0,16
16,28,8,0,1
16,29,8,0,7
16,30,8,0,2
16,31,8,0,21
16,32,8,0,18
16,33,8,0,16
16,34,8,0,10
16,35,8,0,12
16,36,9,8,8
16,37,8,0,16
16,38,8,0,17
16,39,8,0,11
16,40,9,8,14
16,41,9,0,13
16,42,9,0,13
16,43,9,8,2
16,44,8,0,20
16,45,8,0,1
16,46,3,8,6
16,47,3,0,11
16,48,3,0,16
16,49,3,0,7
17,0,3,0,21
17,1,3,8,2
17,2,3,8,16
17,3,8,0,7
17,4,8,0,19
17,5,8,0,3
17,6,8,0,23
17,7,8,0,22
17,8,8,0,3
17,9,8,0,24
17,10,8,0,24
17,11,8,0,20
17,12,8,0,3
17,13,3,8,14
17,14,3,0,8
17,15,3,0,10
17,16,3,8,0
17,17,3,8,8
17,18,8,0,10
17,19,8,0,3
17,20,8,0,12
17,21,8,0,6
17,22,8,0,9
17,23,8,0,8
17,24,8,0,24
17,25,8,0,15
17,26,8,0,6
17,27,8,0,2
17,28,8,0,12
17,29,8,0,24
17,30,8,0,15
17,31,8,0,9
17,32,8,0,21
17,33,8,0,6
17,34,8,0,4
17,35,8,0,10
17,36,8,0,5
17,37,8,0,12
17,38,8,0,0
17,39,9,8,6
17,40,9,0,24
17,41,9,0,4
17,42,9,0,6
17,43,9,8,18
17,44,8,0,13
17,45,8,0,1
17,46,3,8,7
17,47,3,0,7
17,48,3,0,23
17,49,3,0,13
18,0,3,0,3
18,1,3,8,4
18,2,3,8,2
18,3,8,0,23
18,4,8,0,7
18,5,8,0,22
18,6,8,0,18
18,7,8,0,15
18,8,8,0,17
18,9,8,0,5
18,10,8,0,10
18,11,8,0,6
18,12,3,8,6
18,13,3,0,3
18,14,3,0,0
18,15,3,0,5
18,16,3,8,18
18,17,8,0,22
18,18,8,0,15
18,19,8,0,20
18,20,8,0,2
18,21,8,0,6
18,22,8,0,10
18,23,8,0,13
18,24,8,0,6
18,25,8,0,11
18,26,8,0,22
18,27,8,0,6
18,28,8,0,9
18,29,8,0,14
18,30,8,0,15
18,31,8,0,17
18,32,8,0,6
18,33,8,0,9
18,34,8,0,14
18,35,8,0,7
18,36,8,0,16
18,37,8,0,2
18,38,8,0,11
18,39,9,8,24
18,40,9,0,16
18,41,9,0,19
18,42,9,8,0
18,43,8,0,9
18,44,8,0,0
18,45,8,0,19
18,46,3,8,24
18,47,3,0,7
18,48,3,0,1
18,49,3,0,12
19,0,3,0,2
19,1,3,0,2
19,2,3,8,18
19,3,8,0,18
19,4,8,0,3
19,5,8,0,15
19,6,8,0,1
19,7,8,0,1
19,8,8,0,9
19,9,8,0,10
19,10,8,0,5
19,11,8,0,10
19,12,3,8,24
19,13,3,0,20
19,14,3,0,9
19,15,3,8,10
19,16,8,0,14
19,17,8,0,4
19,18,8,0,9
19,19,8,0,16
19,20,8,0,14
19,21,8,0,9
19,22,8,0,7
19,23,8,0,13
19,24,8,0,15
19,25,8,0,0
19,26,8,0,8
19,27,8,0,6
19,28,8,0,24
19,29,8,0,24
19,30,8,0,2
19,31,8,0,12
19,32,8,0,12
19,33,8,0,22
19,34,8,0,17
19,35,8,0,6
19,36,8,0,1
19,37,8,0,1
19,38,9,8,6
19,39,9,0,24
19,40,9,0,10
19,41,9,0,11
19,42,9,8,18
19,43,8,0,7
19,44,8,0,1
19,45,3,8,6
19,46,3,0,6
19,47,3,0,3
19,48,3,0,16
19,49,3,0,20
20,0,3,0,13
20,1,3,8,0
20,2,8,0,14
20,3,8,0,22
20,4,8,0,2
20,5,8,0,7
20,6,8,0,2
20,7,8,0,20
20,8,8,0,11
20,9,8,0,20
20,10,8,0,9
20,11,3,8,11
20,12,3,0,9
20,13,3,0,24
20,14,3,8,0
20,15,8,0,22
20,16,8,0,9
20,17,8,0,22
20,18,8,0,0
20,19,8,0,15
20,20,8,0,20
20,21,8,0,0
20,22,8,0,13
20,23,8,0,23
20,24,8,0,1
20,25,8,0,15
20,26,8,0,19
20,27,8,0,4
20,28,8,0,2
20,29,8,0,19
20,30,8,0,0
20,31,8,0,19
20,32,8,0,21
20,33,8,0,5
20,34,8,0,8
20,35,8,0,3
20,36,8,0,5
20,37,8,0,9
20,38,9,8,21
20,39,9,8,20
20,40,9,8,20
20,41,9,8,13
20,42,8,0,24
20,43,8,0,4
20,44,8,0,7
20,45,3,8,24
20,46,3,0,21
20,47,3,0,21
20,48,3,0,4
20,49,3,0,7
21,0,3,0,11
21,1,3,8,3
21,2,8,0,14
21,3,8,0,19
21,4,8,0,3
21,5,8,0,22
21,6,8,0,19
21,7,8,0,24
21,8,8,0,22
21,9,8,0,12
21,10,3,8,6
21,11,3,0,6
21,12,3,0,22
21,13,3,0,12
21,14,3,8,18
21,15,8,0,19
21,16,8,0,7
21,17,8,0,6
21,18,8,0,18
21,19,8,0,5
21,20,8,0,14
21,21,8,0,6
21,22,8,0,21
21,23,8,0,12
21,24,8,0,22
21,25,8,0,24
21,26,8,0,12
21,27,8,0,11
21,28,8,0,13
21,29,8,0,22
21,30,8,0,14
21,31,8,0,1
21,32,8,0,18
21,33,8,0,23
21,34,8,0,17
21,35,8,0,11
21,36,8,0,23
21,37,8,0,14
21,38,9,8,8
21,39,9,8,8
21,40,9,8,8
21,41,8,0,4
21,42,8,0,11
21,43,8,0,13
21,44,3,8,6
21,45,3,0,8
21,46,3,0,10
21,47,3,0,1
21,48,3,0,6
21,49,3,0,0
22,0,3,0,13
22,1,3,8,1
22,2,8,0,4
22,3,8,0,10
22,4,8,0,13
22,5,8,0,15
22,6,8,0,16
22,7,8,0,6
22,8,8,0,18
22,9,8,0,11
22,10,3,8,23
22,11,3,0,22
22,12,3,0,7
22,13,3,8,5
22,14,8,0,24
22,15,8,0,7
22,16,8,0,9
22,17,8,0,5
22,18,8,0,5
22,19,8,0,18
22,20,8,0,20
22,21,8,0,14
22,22,8,0,24
22,23,8,0,23
22,24,8,0,22
22,25,8,0,5
22,26,8,0,16
22,27,8,0,7
22,28,8,0,4
22,29,8,0,4
22,30,8,0,2
22,31,8,0,0
22,32,8,0,3
22,33,8,0,0
22,34,8,0,9
22,35,8,0,14
22,36,8,0,22
22,37,8,0,10
22,38,8,0,10
22,39,8,0,24
22,40,8,0,22
22,41,8,0,4
22,42,8,0,20
22,43,8,0,16
22,44,3,8,22
22,45,3,8,20
22,46,3,8,20
22,47,3,0,9
22,48,3,0,5
22,49,3,0,23
23,0,3,0,20
23,1,3,8,3
23,2,8,0,22
23,3,8,0,1
23,4,8,0,16
23,5,8,0,24
23,6,8,0,18
23,7,8,0,6
23,8,8,0,21
23,9,8,0,4
23,10,3,8,23
23,11,3,8,20
23,12,3,8,5
23,13,8,0,12
23,14,8,0,18
23,15,8,0,13
23,16,8,0,9
23,17,8,0,9
23,18,8,0,7
23,19,8,0,6
23,20,8,0,12
23,21,8,0,0
23,22,8,0,15
23,23,8,0,15
23,24,8,0,17
23,25,8,0,6
23,26,8,0,18
23,27,8,0,22
23,28,8,0,22
23,29,8,0,12
23,30,8,0,21
23,31,8,0,1
23,32,8,0,11
23,33,8,0,13
23,34,8,0,1
23,35,8,0,9
23,36,8,0,20
23,37,8,0,2
23,38,8,0,13
23,39,8,0,5
23,40,8,0,17
23,41,8,0,18
23,42,8,0,24
23,43,8,0,17
23,44,3,8,8
23,45,3,8,8
23,46,3,8,21
23,47,3,8,20
23,48,3,0,8
23,49,3,0,16
24,0,3,0,10
24,1,3,8,1
24,2,3,8,16
24,3,8,0,4
24,4,8,0,13
24,5,8,0,3
24,6,8,0,1
24,7,8,0,12
24,8,8,0,8
24,9,8,0,13
24,10,3,8,8
24,11,3,8,8
24,12,8,0,23
24,13,8,0,11
24,14,8,0,17
24,15,8,0,12
24,16,8,0,4
24,17,8,0,3
24,18,8,0,16
24,19,8,0,22
24,20,8,0,4
24,21,8,0,17
24,22,8,0,5
24,23,8,0,4
24,24,8,0,20
24,25,8,0,19
24,26,8,0,5
24,27,8,0,1
24,28,8,0,19
24,29,8,0,2
24,30,8,0,16
24,31,8,0,7
24,32,8,0,11
24,33,8,0,6
24,34,8,0,1
24,35,8,0,22
24,36,8,0,1
24,37,8,0,6
24,38,8,0,5
24,39,8,0,7
24,40,8,0,19
24,41,8,0,24
24,42,8,0,17
24,43,8,0,8
24,44,8,0,11
24,45,8,0,9
24,46,3,8,8
24,47,3,8,23
24,48,3,0,8
24,49,3,0,6
25,0,3,0,19
25,1,3,8,4
25,2,3,8,2
25,3,8,0,22
25,4,8,0,5
25,5,8,0,6
25,6,8,0,17
25,7,8,0,1
25,8,8,0,18
25,9,8,0,1
25,10,8,0,0
25,11,8,0,21
25,12,8,0,5
25,13,8,0,0
25,14,8,0,23
25,15,8,0,7
25,16,8,0,0
25,17,8,0,1
25,18,8,0,1
25,19,8,0,1
25,20,8,0,0
25,21,8,0,17
25,22,8,0,1
25,23,8,0,22
25,24,8,0,4
25,25,8,0,2
25,26,8,0,23
25,27,9,8,16
25,28,8,0,14
25,29,8,0,2
25,30,8,0,21
25,31,8,0,18
25,32,8,0,23
25,33,8,0,24
25,34,8,0,24
25,35,8,0,22
25,36,8,0,0
25,37,8,0,23
25,38,8,0,7
25,39,8,0,15
25,40,8,0,10
25,41,8,0,16
25,42,8,0,10
25,43,8,0,0
25,44,8,0,21
25,45,8,0,15
25,46,8,0,17
25,47,3,8,24
25,48,3,0,9
25,49,3,0,8
26,0,3,0,14
26,1,3,0,24
26,2,3,8,18
26,3,8,0,21
26,4,8,0,21
26,5,8,0,19
26,6,8,0,22
26,7,8,0,8
26,8,8,0,15
26,9,8,0,9
26,10,8,0,19
26,11,8,0,22
26,12,8,0,11
26,13,8,0,0
26,14,8,0,5
26,15,8,0,18
26,16,8,0,13
26,17,8,0,8
26,18,8,0,4
26,19,8,0,10
26,20,8,0,4
26,21,8,0,14
26,22,8,0,1
26,23,8,0,19
26,24,9,8,16
26,25,9,8,16
26,26,9,8,9
26,27,9,8,17
26,28,8,0,8
26,29,8,0,11
26,30,8,0,22
26,31,8,0,23
26,32,8,0,5
26,33,8,0,10
26,34,8,0,3
26,35,8,0,13
26,36,8,0,11
26,37,8,0,24
26,38,8,0,18
26,39,8,0,2
26,40,8,0,16
26,41,8,0,10
26,42,8,0,23
26,43,8,0,18
26,44,8,0,14
26,45,8,0,6
26,46,3,8,6
26,47,3,0,12
26,48,3,0,17
26,49,3,0,6
27,0,3,0,21
27,1,3,8,0
27,2,8,0,20
27,3,8,0,23
27,4,8,0,1
27,5,8,0,11
27,6,8,0,1
27,7,8,0,20
27,8,8,0,12
27,9,8,0,7
27,10,8,0,6
27,11,8,0,4
27,12,8,0,24
27,13,8,0,12
27,14,8,0,3
27,15,8,0,3
27,16,8,0,0
27,17,8,0,3
27,18,8,0,16
27,19,8,0,18
27,20,8,0,2
27,21,8,0,21
27,22,8,0,8
27,23,9,8,19
27,24,9,8,4
27,25,9,8,4
27,26,9,0,9
27,27,9,8,18
27,28,8,0,10
27,29,8,0,14
27,30,8,0,1
27,31,8,0,21
27,32,8,0,12
27,33,8,0,8
27,34,8,0,17
27,35,8,0,20
27,36,8,0,17
27,37,8,0,17
27,38,8,0,20
27,39,8,0,19
27,40,8,0,16
27,41,8,0,18
27,42,8,0,20
27,43,8,0,9
27,44,8,0,21
27,45,8,0,20
27,46,3,8,21
27,47,3,8,20
27,48,3,0,18
27,49,3,0,12
28,0,3,0,8
28,1,3,8,3
28,2,8,0,14
28,3,8,0,20
28,4,8,0,5
28,5,8,0,20
28,6,8,0,16
28,7,8,0,17
28,8,8,0,23
28,9,8,0,2
28,10,8,0,4
28,11,8,0,5
28,12,8,0,18
28,13,8,0,1
28,14,8,0,22
28,15,8,0,11
28,16,8,0,11
28,17,8,0,13
28,18,8,0,8
28,19,8,0,21
28,20,8,0,22
28,21,8,0,18
28,22,9,8,6
28,23,9,0,7
28,24,9,0,15
28,25,9,0,8
28,26,9,8,0
28,27,8,0,0
28,28,8,0,7
28,29,8,0,3
28,30,8,0,23
28,31,8,0,13
28,32,8,0,2
28,33,8,0,7
28,34,8,0,2
28,35,8,0,18
28,36,8,0,2
28,37,8,0,11
28,38,8,0,0
28,39,8,0,11
28,40,8,0,0
28,41,8,0,24
28,42,8,0,2
28,43,8,0,18
28,44,8,0,16
28,45,8,0,1
28,46,3,8,8
28,47,3,8,22
28,48,3,0,23
28,49,3,0,16
29,0,3,0,2
29,1,3,8,3
29,2,3,8,16
29,3,8,0,20
29,4,8,0,8
29,5,8,0,5
29,6,8,0,6
29,7,8,0,8
29,8,8,0,7
29,9,8,0,13
29,10,8,0,24
29,11,8,0,12
29,12,8,0,6
29,13,8,0,24
29,14,8,0,22
29,15,8,0,18
29,16,8,0,23
29,17,8,0,4
29,18,8,0,7
29,19,8,0,17
29,20,8,0,18
29,21,8,0,22
29,22,9,8,21
29,23,9,0,0
29,24,9,0,19
29,25,9,0,23
29,26,9,8,2
29,27,8,0,14
29,28,8,0,23
29,29,8,0,12
29,30,8,0,20
29,31,8,0,23
29,32,8,0,3
29,33,8,0,9
29,34,8,0,11
29,35,8,0,12
29,36,8,0,19
29,37,8,0,12
29,38,8,0,2
29,39,8,0,7
29,40,8,0,23
29,41,8,0,20
29,42,8,0,7
29,43,8,0,10
29,44,8,0,2
29,45,8,0,8
29,46,8,0,7
29,47,3,8,24
29,48,3,0,16
29,49,3,0,0
30,0,3,0,18
30,1,3,8,4
30,2,3,8,3
30,3,8,0,11
30,4,8,0,15
30,5,8,0,14
30,6,8,0,0
30,7,8,0,15
30,8,8,0,8
30,9,8,0,15
30,10,8,0,8
30,11,8,0,14
30,12,8,0,8
30,13,8,0,17
30,14,8,0,13
30,15,8,0,15
30,16,8,0,5
30,17,8,0,15
30,18,8,0,21
30,19,8,0,4
30,20,8,0,18
30,21,8,0,16
30,22,9,8,22
30,23,9,0,11
30,24,9,0,6
30,25,9,0,10
30,26,9,8,18
30,27,8,0,8
30,28,8,0,15
30,29,8,0,18
30,30,8,0,10
30,31,8,0,0
30,32,8,0,16
30,33,8,0,3
30,34,8,0,10
30,35,8,0,15
30,36,8,0,7
30,37,8,0,22
30,38,8,0,4
30,39,8,0,14
30,40,8,0,14
30,41,8,0,19
30,42,8,0,17
30,43,8,0,10
30,44,8,0,14
30,45,8,0,0
30,46,3,8,6
30,47,3,0,18
30,48,3,0,11
30,49,3,0,11
31,0,3,0,5
31,1,3,0,16
31,2,3,8,17
31,3,8,0,20
31,4,8,0,21
31,5,8,0,12
31,6,8,0,22
31,7,8,0,14
31,8,8,0,11
31,9,8,0,20
31,10,8,0,20
31,11,8,0,2
31,12,8,0,4
31,13,8,0,10
31,14,8,0,10
31,15,8,0,13
31,16,8,0,3
31,17,8,0,22
31,18,8,0,21
31,19,8,0,13
31,20,8,0,15
31,21,8,0,7
31,22,9,8,24
31,23,9,0,18
31,24,9,0,21
31,25,9,8,13
31,26,8,0,2
31,27,8,0,9
31,28,8,0,12
31,29,8,0,4
31,30,8,0,19
31,31,8,0,2
31,32,8,0,1
31,33,8,0,12
31,34,8,0,19
31,35,8,0,9
31,36,8,0,4
31,37,8,0,4
31,38,8,0,17
31,39,8,0,10
31,40,8,0,13
31,41,8,0,1
31,42,8,0,20
31,43,8,0,23
31,44,8,0,3
31,45,8,0,13
31,46,3,8,24
31,47,3,0,1
31,48,3,0,10
32,0,3,0,1
32,1,3,0,20
32,2,3,8,18
32,3,8,0,12
32,4,8,0,10
32,5,8,0,23
32,6,8,0,10
32,7,8,0,18
32,8,8,0,11
32,9,8,0,19
32,10,8,0,7
32,11,8,0,16
32,12,8,0,22
32,13,8,0,3
32,14,8,0,6
32,15,8,0,6
32,16,8,0,9
32,17,8,0,14
32,18,8,0,9
32,19,8,0,12
32,20,8,0,7
32,21,9,8,6
32,22,9,0,11
32,23,9,0,5
32,24,9,8,0
32,25,8,0,0
32,26,8,0,21
32,27,8,0,12
32,28,8,0,16
32,29,8,0,6
32,30,8,0,16
32,31,8,0,14
32,32,8,0,5
32,33,8,0,1
32,34,8,0,22
32,35,8,0,5
32,36,8,0,22
32,37,8,0,2
32,38,8,0,10
32,39,8,0,22
32,40,8,0,0
32,41,8,0,2
32,42,8,0,12
32,43,8,0,22
32,44,8,0,9
32,45,3,8,9
32,46,3,0,23
32,47,3,0,6
32,48,3,8,0
33,0,3,0,16
33,1,3,8,0
33,2,8,0,19
33,3,8,0,6
33,4,8,0,13
33,5,8,0,20
33,6,8,0,21
33,7,8,0,22
33,8,8,0,8
33,9,8,0,0
33,10,8,0,9
33,11,8,0,15
33,12,8,0,14
33,13,8,0,9
33,14,8,0,4
33,15,8,0,23
33,16,8,0,4
33,17,8,0,7
33,18,8,0,15
33,19,8,0,6
33,20,8,0,7
33,21,9,8,24
33,22,9,0,20
33,23,9,0,1
33,24,9,8,18
33,25,8,0,1
33,26,8,0,0
33,27,8,0,13
33,28,8,0,4
33,29,8,0,11
33,30,8,0,0
33,31,8,0,4
33,32,8,0,7
33,33,8,0,22
33,34,8,0,10
33,35,8,0,21
33,36,8,0,14
33,37,8,0,16
33,38,8,0,2
33,39,8,0,4
33,40,8,0,1
33,41,8,0,7
33,42,8,0,17
33,43,8,0,23
33,44,3,8,14
33,45,3,0,1
33,46,3,0,7
33,47,3,0,17
33,48,3,8,17
34,0,3,0,6
34,1,3,8,17
34,2,8,0,16
34,3,8,0,13
34,4,8,0,23
34,5,8,0,2
34,6,8,0,16
34,7,8,0,5
34,8,8,0,7
34,9,8,0,18
34,10,8,0,1
34,11,8,0,14
34,12,8,0,24
34,13,8,0,7
34,14,8,0,0
34,15,8,0,12
34,16,8,0,9
34,17,8,0,8
34,18,8,0,20
34,19,8,0,5
34,20,9,8,19
34,21,9,0,22
34,22,9,0,19
34,23,9,8,0
34,24,8,0,1
34,25,8,0,8
34,26,8,0,8
34,27,8,0,11
34,28,8,0,14
34,29,8,0,15
34,30,8,0,24
34,31,8,0,7
34,32,8,0,10
34,33,8,0,0
34,34,8,0,17
34,35,8,0,24
34,36,8,0,5
34,37,8,0,13
34,38,8,0,2
34,39,8,0,13
34,40,8,0,10
34,41,8,0,19
34,42,8,0,21
34,43,3,8,6
34,44,3,0,13
34,45,3,0,21
34,46,3,0,20
34,47,3,0,13
34,48,3,8,1
35,0,3,0,13
35,1,3,8,17
35,2,8,0,18
35,3,8,0,19
35,4,8,0,18
35,5,8,0,7
35,6,8,0,7
35,7,8,0,4
35,8,8,0,24
35,9,8,0,20
35,10,8,0,23
35,11,8,0,2
35,12,8,0,22
35,13,8,0,7
35,14,8,0,6
35,15,8,0,18
35,16,8,0,22
35,17,8,0,12
35,18,8,0,11
35,19,9,8,14
35,20,9,0,21
35,21,9,0,12
35,22,9,0,2
35,23,9,8,3
35,24,8,0,20
35,25,8,0,14
35,26,8,0,20
35,27,8,0,0
35,28,8,0,19
35,29,8,0,2
35,30,8,0,20
35,31,8,0,13
35,32,8,0,8
35,33,8,0,22
35,34,8,0,2
35,35,8,0,2
35,36,8,0,11
35,37,8,0,7
35,38,8,0,8
35,39,8,0,23
35,40,3,8,16
35,41,3,8,16
35,42,3,8,16
35,43,3,8,24
35,44,3,0,5
35,45,3,0,8
35,46,3,0,21
35,47,3,0,21
35,48,3,8,3
36,0,3,0,6
36,1,3,8,3
36,2,3,8,16
36,3,3,8,16
36,4,8,0,9
36,5,8,0,9
36,6,8,0,20
36,7,8,0,11
36,8,8,0,12
36,9,8,0,11
36,10,8,0,21
36,11,8,0,6
36,12,8,0,6
36,13,8,0,9
36,14,8,0,8
36,15,8,0,16
36,16,8,0,20
36,17,8,0,20
36,18,9,8,6
36,19,9,0,24
36,20,9,0,19
36,21,9,0,23
36,22,9,0,20
36,23,9,8,18
36,24,8,0,21
36,25,8,0,3
36,26,8,0,22
36,27,8,0,19
36,28,8,0,4
36,29,8,0,19
36,30,8,0,8
36,31,8,0,17
36,32,8,0,1
36,33,8,0,18
36,34,8,0,9
36,35,8,0,5
36,36,8,0,10
36,37,8,0,7
36,38,8,0,21
36,39,3,8,11
36,40,3,8,4
36,41,3,8,4
36,42,3,8,4
36,43,3,0,17
36,44,3,0,22
36,45,3,0,23
36,46,3,0,21
36,47,3,0,12
36,48,3,8,2
37,0,3,0,23
37,1,3,8,4
37,2,3,8,4
37,3,3,8,1
37,4,8,0,5
37,5,8,0,4
37,6,8,0,12
37,7,8,0,15
37,8,8,0,24
37,9,8,0,7
37,10,8,0,19
37,11,8,0,13
37,12,8,0,14
37,13,9,8,16
37,14,8,0,23
37,15,8,0,10
37,16,8,0,4
37,17,8,0,18
37,18,9,8,22
37,19,9,0,3
37,20,9,0,0
37,21,9,0,16
37,22,9,8,5
37,23,8,0,18
37,24,8,0,4
37,25,8,0,6
37,26,8,0,22
37,27,8,0,18
37,28,8,0,22
37,29,8,0,20
37,30,8,0,9
37,31,8,0,19
37,32,8,0,18
37,33,8,0,4
37,34,8,0,3
37,35,8,0,23
37,36,8,0,4
37,37,8,0,7
37,38,3,8,6
37,39,3,0,1
37,40,3,0,13
37,41,3,0,17
37,42,3,0,15
37,43,3,0,0
37,44,3,0,15
37,45,3,0,12
37,46,3,0,6
37,47,3,0,11
37,48,3,8,4
38,0,3,0,7
38,1,3,0,9
38,2,3,0,2
38,3,3,8,18
38,4,8,0,8
38,5,8,0,9
38,6,8,0,17
38,7,8,0,6
38,8,8,0,11
38,9,8,0,16
38,10,9,8,16
38,11,9,8,16
38,12,9,8,14
38,13,9,8,17
38,14,8,0,20
38,15,8,0,7
38,16,8,0,3
38,17,8,0,22
38,18,9,8,7
38,19,9,0,3
38,20,9,0,14
38,21,9,8,5
38,22,8,0,20
38,23,8,0,20
38,24,8,0,3
38,25,8,0,12
38,26,8,0,8
38,27,8,0,1
38,28,8,0,2
38,29,8,0,19
38,30,8,0,13
38,31,8,0,22
38,32,8,0,12
38,33,8,0,12
38,34,8,0,12
38,35,8,0,21
38,36,8,0,7
38,37,8,0,14
38,38,3,8,24
38,39,3,0,11
38,40,3,0,5
38,41,3,0,7
38,42,3,0,7
38,43,3,8,20
38,44,3,8,20
38,45,3,8,20
38,46,3,0,5
38,47,3,0,4
38,48,3,0,24
39,0,3,0,21
39,1,3,0,22
39,2,3,8,0
39,3,8,0,10
39,4,8,0,9
39,5,8,0,10
39,6,8,0,4
39,7,8,0,10
39,8,8,0,7
39,9,9,8,11
39,10,9,8,4
39,11,9,8,4
39,12,9,0,5
39,13,9,8,2
39,14,8,0,24
39,15,8,0,6
39,16,8,0,9
39,17,8,0,9
39,18,9,8,7
39,19,9,8,20
39,20,9,8,5
39,21,8,0,14
39,22,8,0,19
39,23,8,0,16
39,24,8,0,21
39,25,8,0,13
39,26,8,0,24
39,27,8,0,5
39,28,8,0,3
39,29,8,0,23
39,30,8,0,0
39,31,8,0,10
39,32,8,0,15
39,33,8,0,15
39,34,8,0,2
39,35,8,0,23
39,36,8,0,23
39,37,3,8,6
39,38,3,0,18
39,39,3,0,9
39,40,3,0,1
39,41,3,0,5
39,42,3,8,15
39,43,3,8,8
39,44,3,8,8
39,45,3,8,21
39,46,3,0,1
39,47,3,0,3
39,48,3,0,23
40,0,3,0,10
40,1,3,0,18
40,2,3,8,1
40,3,8,0,22
40,4,8,0,5
40,5,8,0,13
40,6,8,0,5
40,7,8,0,24
40,8,9,8,6
40,9,9,0,1
40,10,9,0,22
40,11,9,0,20
40,12,9,0,6
40,13,9,8,18
40,14,8,0,1
40,15,8,0,5
40,16,8,0,10
40,17,8,0,21
40,18,9,8,8
40,19,9,8,8
40,20,8,0,15
40,21,8,0,23
40,22,8,0,20
40,23,8,0,8
40,24,8,0,23
40,25,8,0,14
40,26,8,0,6
40,27,8,0,19
40,28,8,0,14
40,29,8,0,22
40,30,8,0,0
40,31,8,0,19
40,32,8,0,21
40,33,8,0,17
40,34,8,0,6
40,35,8,0,11
40,36,8,0,8
40,37,3,8,24
40,38,3,0,6
40,39,3,0,4
40,40,3,0,10
40,41,3,8,5
40,42,8,0,4
40,43,8,0,9
40,44,8,0,18
40,45,3,8,23
40,46,3,0,16
40,47,3,0,1
40,48,3,0,6
41,0,3,0,23
41,1,3,0,11
41,2,3,8,18
41,3,8,0,18
41,4,8,0,2
41,5,8,0,23
41,6,8,0,0
41,7,8,0,12
41,8,9,8,24
41,9,9,0,22
41,10,9,0,5
41,11,9,0,10
41,12,9,8,0
41,13,8,0,17
41,14,8,0,20
41,15,8,0,19
41,16,8,0,1
41,17,8,0,9
41,18,8,0,7
41,19,8,0,13
41,20,8,0,3
41,21,8,0,17
41,22,8,0,4
41,23,8,0,1
41,24,8,0,15
41,25,8,0,6
41,26,8,0,1
41,27,8,0,23
41,28,8,0,10
41,29,8,0,7
41,30,8,0,9
41,31,8,0,19
41,32,8,0,13
41,33,8,0,7
41,34,8,0,12
41,35,8,0,4
41,36,3,8,14
41,37,3,0,24
41,38,3,0,24
41,39,3,0,11
41,40,3,8,0
41,41,8,0,4
41,42,8,0,18
41,43,8,0,14
41,44,8,0,10
41,45,3,8,22
41,46,3,8,20
41,47,3,0,8
41,48,3,0,13
42,0,3,0,13
42,1,3,8,0
42,2,3,8,16
42,3,3,8,16
42,4,8,0,16
42,5,8,0,18
42,6,8,0,13
42,7,9,8,6
42,8,9,0,13
42,9,9,0,16
42,10,9,0,16
42,11,9,0,17
42,12,9,8,18
42,13,8,0,10
42,14,8,0,2
42,15,8,0,13
42,16,8,0,4
42,17,8,0,13
42,18,8,0,21
42,19,8,0,2
42,20,8,0,9
42,21,8,0,18
42,22,8,0,12
42,23,8,0,22
42,24,8,0,7
42,25,8,0,5
42,26,8,0,16
42,27,8,0,8
42,28,8,0,10
42,29,8,0,16
42,30,8,0,23
42,31,8,0,9
42,32,8,0,4
42,33,8,0,8
42,34,3,8,16
42,35,3,8,19
42,36,3,0,12
42,37,3,0,19
42,38,3,0,21
42,39,3,0,5
42,40,3,8,18
42,41,8,0,19
42,42,8,0,15
42,43,8,0,12
42,44,8,0,2
42,45,3,8,8
42,46,3,8,7
42,47,3,0,15
42,48,3,0,0
43,0,3,0,11
43,1,3,8,4
43,2,3,8,4
43,3,3,8,1
43,4,8,0,10
43,5,8,0,6
43,6,8,0,22
43,7,9,8,24
43,8,9,0,11
43,9,9,0,12
43,10,9,0,21
43,11,9,8,10
43,12,8,0,9
43,13,8,0,21
43,14,8,0,4
43,15,8,0,9
43,16,8,0,10
43,17,8,0,4
43,18,8,0,17
43,19,8,0,23
43,20,8,0,8
43,21,8,0,20
43,22,8,0,6
43,23,8,0,11
43,24,8,0,15
43,25,8,0,7
43,26,8,0,11
43,27,8,0,9
43,28,8,0,23
43,29,8,0,23
43,30,8,0,0
43,31,8,0,23
43,32,8,0,8
43,33,3,8,19
43,34,3,8,4
43,35,3,0,23
43,36,3,0,23
43,37,3,0,4
43,38,3,0,12
43,39,3,8,0
43,40,8,0,20
43,41,8,0,8
43,42,8,0,23
43,43,8,0,2
43,44,8,0,2
43,45,8,0,12
43,46,3,8,21
43,47,3,0,0
43,48,3,0,22
44,0,3,0,2
44,1,3,0,8
44,2,3,0,7
44,3,3,8,18
44,4,8,0,4
44,5,8,0,17
44,6,9,8,11
44,7,9,0,24
44,8,9,0,13
44,9,9,0,16
44,10,9,8,15
44,11,8,0,0
44,12,8,0,16
44,13,8,0,19
44,14,8,0,24
44,15,8,0,7
44,16,8,0,24
44,17,8,0,17
44,18,8,0,9
44,19,8,0,6
44,20,8,0,13
44,21,8,0,12
44,22,8,0,18
44,23,8,0,14
44,24,8,0,8
44,25,8,0,15
44,26,8,0,6
44,27,8,0,13
44,28,8,0,7
44,29,8,0,8
44,30,8,0,15
44,31,8,0,18
44,32,3,8,6
44,33,3,0,7
44,34,3,0,9
44,35,3,0,17
44,36,3,0,0
44,37,3,0,0
44,38,3,0,8
44,39,3,8,18
44,40,8,0,9
44,41,8,0,14
44,42,8,0,18
44,43,8,0,17
44,44,8,0,19
44,45,8,0,20
44,46,3,8,24
44,47,3,0,3
44,48,3,0,6
45,0,3,0,24
45,1,3,0,8
45,2,3,8,0
45,3,8,0,21
45,4,8,0,2
45,5,9,8,6
45,6,9,0,11
45,7,9,0,7
45,8,9,0,23
45,9,9,8,0
45,10,8,0,14
45,11,8,0,1
45,12,8,0,2
45,13,8,0,2
45,14,8,0,10
45,15,8,0,23
45,16,8,0,24
45,17,8,0,20
45,18,8,0,20
45,19,8,0,6
45,20,8,0,11
45,21,8,0,6
45,22,8,0,8
45,23,8,0,11
45,24,8,0,15
45,25,8,0,2
45,26,8,0,20
45,27,8,0,15
45,28,8,0,2
45,29,8,0,7
45,30,8,0,22
45,31,8,0,8
45,32,3,8,24
45,33,3,0,20
45,34,3,0,9
45,35,3,0,23
45,36,3,0,15
45,37,3,0,15
45,38,3,8,13
45,39,8,0,6
45,40,8,0,4
45,41,8,0,1
45,42,8,0,11
45,43,8,0,13
45,44,8,0,12
45,45,3,8,6
45,46,3,0,10
45,47,3,0,2
45,48,3,0,19
46,0,3,0,15
46,1,3,0,11
46,2,3,8,3
46,3,8,0,24
46,4,8,0,24
46,5,9,8,24
46,6,9,0,9
46,7,9,0,11
46,8,9,0,22
46,9,9,8,18
46,10,8,0,15
46,11,8,0,24
46,12,8,0,20
46,13,8,0,2
46,14,8,0,13
46,15,8,0,7
46,16,8,0,7
46,17,8,0,8
46,18,8,0,12
46,19,8,0,22
46,20,8,0,1
46,21,8,0,7
46,22,8,0,2
46,23,8,0,7
46,24,8,0,24
46,25,8,0,0
46,26,8,0,10
46,27,8,0,2
46,28,8,0,1
46,29,8,0,3
46,30,8,0,21
46,31,3,8,14
46,32,3,0,9
46,33,3,0,8
46,34,3,0,12
46,35,3,8,20
46,36,3,8,20
46,37,3,8,13
46,38,8,0,13
46,39,8,0,15
46,40,8,0,2
46,41,8,0,16
46,42,8,0,9
46,43,8,0,9
46,44,8,0,17
46,45,3,8,24
46,46,3,0,9
46,47,3,0,19
46,48,3,0,11
47,0,3,0,4
47,1,3,0,20
47,2,3,8,17
47,3,8,0,22
47,4,9,8,6
47,5,9,0,7
47,6,9,0,2
47,7,9,0,14
47,8,9,8,15
47,9,8,0,23
47,10,8,0,6
47,11,8,0,3
47,12,8,0,17
47,13,8,0,8
47,14,8,0,13
47,15,8,0,22
47,16,8,0,3
47,17,8,0,22
47,18,8,0,16
47,19,8,0,5
47,20,8,0,18
47,21,8,0,23
47,22,8,0,11
47,23,8,0,24
47,24,8,0,12
47,25,8,0,7
47,26,8,0,4
47,27,8,0,23
47,28,8,0,18
47,29,3,8,16
47,30,3,8,11
47,31,3,0,3
47,32,3,0,21
47,33,3,0,5
47,34,3,8,5
47,35,3,8,8
47,36,3,8,8
47,37,8,0,19
47,38,8,0,15
47,39,8,0,24
47,40,8,0,16
47,41,8,0,21
47,42,8,0,4
47,43,8,0,16
47,44,3,8,6
47,45,3,0,14
47,46,3,8,20
47,47,3,8,20
47,48,3,0,15
48,0,3,0,4
48,1,3,0,5
48,2,3,8,18
48,3,8,0,1
48,4,9,8,24
48,5,9,0,15
48,6,9,0,12
48,7,9,8,0
48,8,8,0,12
48,9,8,0,17
48,10,8,0,4
48,11,8,0,12
48,12,8,0,23
48,13,8,0,10
48,14,8,0,16
48,15,8,0,13
48,16,8,0,23
48,17,8,0,13
48,18,8,0,18
48,19,8,0,24
48,20,8,0,11
48,21,8,0,21
48,22,8,0,3
48,23,8,0,13
48,24,8,0,20
48,25,8,0,3
48,26,8,0,24
48,27,3,8,16
48,28,3,8,9
48,29,3,8,4
48,30,3,0,1
48,31,3,0,6
48,32,3,0,17
48,33,3,8,13
48,34,8,0,5
48,35,8,0,21
48,36,8,0,14
48,37,8,0,2
48,38,8,0,17
48,39,8,0,19
48,40,8,0,13
48,41,8,0,19
48,42,8,0,6
48,43,8,0,9
48,44,3,8,21
48,45,3,8,13
48,46,3,8,8
48,47,3,8,21
48,48,3,0,8
49,0,3,0,6
49,1,3,8,0
49,2,8,0,17
49,3,9,8,6
49,4,9,0,20
49,5,9,0,18
49,6,9,0,22
49,7,9,8,18
49,8,8,0,4
49,9,8,0,23
49,10,8,0,20
49,11,8,0,22
49,12,8,0,19
49,13,8,0,15
49,14,8,0,20
49,15,8,0,5
49,16,8,0,9
49,17,8,0,19
49,18,8,0,8
49,19,8,0,6
49,20,8,0,9
49,21,8,0,13
49,22,8,0,11
49,23,8,0,13
49,24,8,0,20
49,25,8,0,7
49,26,3,8,9
49,27,3,8,4
49,28,3,0,7
49,29,3,0,7
49,30,3,0,21
49,31,3,0,12
49,32,3,8,0
49,33,8,0,21
49,34,8,0,11
49,35,8,0,11
49,36,8,0,19
49,37,8,0,8
49,38,8,0,6
49,39,8,0,0
49,40,8,0,24
49,41,8,0,14
49,42,8,0,20
49,43,8,0,3
49,44,3,8,8
49,45,8,0,3
49,46,8,0,11
49,47,3,8,24
49,48,3,0,11
50,0,3,0,1
50,1,3,8,3
50,2,8,0,23
50,3,9,8,22
50,4,9,8,20
50,5,9,0,0
50,6,9,8,0
50,7,8,0,10
50,8,8,0,13
50,9,8,0,24
50,10,8,0,19
50,11,8,0,11
50,12,8,0,22
50,13,8,0,7
50,14,8,0,8
50,15,8,0,24
50,16,8,0,8
50,17,8,0,1
50,18,8,0,21
50,19,8,0,20
50,20,8,0,4
50,21,8,0,14
50,22,8,0,24
50,23,8,0,0
50,24,8,0,23
50,25,3,8,19
50,26,3,0,22
50,27,3,0,10
50,28,3,0,22
50,29,3,0,23
50,30,3,0,4
50,31,3,0,8
50,32,3,8,18
50,33,8,0,4
50,34,8,0,0
50,35,8,0,12
50,36,8,0,0
50,37,8,0,11
50,38,8,0,20
50,39,8,0,13
50,40,8,0,16
50,41,8,0,21
50,42,8,0,14
50,43,8,0,2
50,44,8,0,9
50,45,8,0,24
50,46,3,8,6
50,47,3,0,10
50,48,3,0,0
51,0,3,0,22
51,1,3,8,3
51,2,8,0,16
51,3,9,8,8
51,4,9,8,7
51,5,9,0,15
51,6,9,8,18
51,7,8,0,24
51,8,8,0,7
51,9,8,0,2
51,10,8,0,7
51,11,8,0,13
51,12,8,0,8
51,13,8,0,19
51,14,8,0,3
51,15,8,0,12
51,16,8,0,14
51,17,8,0,22
51,18,8,0,23
51,19,8,0,5
51,20,8,0,5
51,21,8,0,18
51,22,8,0,13
51,23,8,0,23
51,24,3,8,6
51,25,3,0,5
51,26,3,0,16
51,27,3,0,22
51,28,3,0,21
51,29,3,0,7
51,30,3,0,13
51,31,3,8,0
51,32,8,0,11
51,33,8,0,19
51,34,8,0,2
51,35,8,0,17
51,36,8,0,17
51,37,8,0,12
51,38,8,0,8
51,39,8,0,13
51,40,8,0,19
51,41,8,0,5
51,42,8,0,20
51,43,8,0,5
51,44,8,0,9
51,45,8,0,23
51,46,3,8,22
51,47,3,0,21
51,48,3,0,8
52,0,3,0,17
52,1,3,8,3
52,2,8,0,19
52,3,8,0,3
52,4,9,8,23
52,5,9,8,10
52,6,8,0,10
52,7,8,0,1
52,8,8,0,11
52,9,8,0,0
52,10,8,0,14
52,11,8,0,4
52,12,8,0,4
52,13,8,0,16
52,14,8,0,7
52,15,8,0,2
52,16,8,0,21
52,17,8,0,15
52,18,8,0,16
52,19,8,0,17
52,20,8,0,9
52,21,8,0,4
52,22,8,0,9
52,23,8,0,8
52,24,3,8,24
52,25,3,0,21
52,26,3,0,9
52,27,3,0,22
52,28,3,0,10
52,29,3,0,11
52,30,3,0,23
52,31,3,8,18
52,32,8,0,8
52,33,8,0,9
52,34,8,0,13
52,35,8,0,7
52,36,8,0,15
52,37,8,0,4
52,38,8,0,8
52,39,8,0,22
52,40,8,0,16
52,41,8,0,3
52,42,8,0,19
52,43,8,0,22
52,44,8,0,17
52,45,8,0,23
52,46,3,8,24
52,47,3,0,3
52,48,3,0,2
53,0,3,0,1
53,1,3,8,3
53,2,8,0,18
53,3,8,0,10
53,4,9,8,8
53,5,8,0,20
53,6,8,0,14
53,7,8,0,11
53,8,8,0,13
53,9,8,0,2
53,10,8,0,4
53,11,8,0,1
53,12,8,0,10
53,13,8,0,20
53,14,8,0,23
53,15,8,0,8
53,16,8,0,16
53,17,8,0,14
53,18,8,0,7
53,19,8,0,11
53,20,8,0,19
53,21,8,0,7
53,22,8,0,18
53,23,3,8,14
53,24,3,0,19
53,25,3,0,10
53,26,3,0,9
53,27,3,0,3
53,28,3,0,0
53,29,3,0,21
53,30,3,8,10
53,31,8,0,5
53,32,8,0,2
53,33,8,0,13
53,34,8,0,13
53,35,8,0,19
53,36,8,0,21
53,37,8,0,1
53,38,8,0,12
53,39,8,0,10
53,40,8,0,21
53,41,8,0,1
53,42,8,0,21
53,43,8,0,10
53,44,8,0,4
53,45,3,8,6
53,46,3,0,3
53,47,3,0,1
53,48,3,0,24
54,0,3,0,10
54,1,3,8,17
54,2,8,0,13
54,3,8,0,22
54,4,8,0,7
54,5,8,0,5
54,6,8,0,14
54,7,8,0,14
54,8,8,0,4
54,9,8,0,15
54,10,8,0,24
54,11,8,0,3
54,12,8,0,3
54,13,8,0,12
54,14,8,0,23
54,15,8,0,20
54,16,8,0,1
54,17,8,0,9
54,18,8,0,13
54,19,8,0,3
54,20,8,0,20
54,21,3,8,16
54,22,3,8,19
54,23,3,0,7
54,24,3,0,0
54,25,3,0,15
54,26,3,0,23
54,27,3,0,23
54,28,3,0,14
54,29,3,8,5
54,30,8,0,1
54,31,8,0,4
54,32,8,0,20
54,33,8,0,18
54,34,8,0,13
54,35,8,0,4
54,36,8,0,20
54,37,8,0,24
54,38,8,0,1
54,39,8,0,19
54,40,8,0,3
54,41,8,0,15
54,42,8,0,19
54,43,8,0,2
54,44,8,0,1
54,45,3,8,24
54,46,3,0,11
54,47,3,0,1
54,48,3,0,15
55,0,3,0,14
55,1,3,8,3
55,2,8,0,10
55,3,8,0,22
55,4,8,0,5
55,5,8,0,11
55,6,8,0,24
55,7,8,0,21
55,8,8,0,21
55,9,8,0,12
55,10,8,0,17
55,11,8,0,7
55,12,8,0,0
55,13,8,0,3
55,14,8,0,24
55,15,8,0,2
55,16,8,0,5
55,17,8,0,4
55,18,8,0,1
55,19,8,0,23
55,20,3,8,14
55,21,3,8,4
55,22,3,0,5
55,23,3,0,7
55,24,3,0,22
55,25,3,0,11
55,26,3,0,2
55,27,3,0,1
55,28,3,8,10
55,29,8,0,8
55,30,8,0,8
55,31,8,0,9
55,32,8,0,5
55,33,8,0,10
55,34,8,0,24
55,35,8,0,16
55,36,8,0,14
55,37,8,0,3
55,38,8,0,18
55,39,8,0,2
55,40,8,0,10
55,41,8,0,7
55,42,8,0,15
55,43,8,0,4
55,44,3,8,11
55,45,3,0,21
55,46,3,0,23
55,47,3,0,9
55,48,3,0,12
56,0,3,0,0
56,1,3,8,2
56,2,3,8,16
56,3,8,0,23
56,4,8,0,14
56,5,8,0,14
56,6,8,0,4
56,7,8,0,4
56,8,8,0,5
56,9,8,0,22
56,10,8,0,9
56,11,8,0,20
56,12,8,0,14
56,13,8,0,23
56,14,8,0,20
56,15,8,0,2
56,16,8,0,24
56,17,8,0,9
56,18,8,0,18
56,19,3,8,14
56,20,3,0,13
56,21,3,0,7
56,22,3,0,7
56,23,3,0,14
56,24,3,0,6
56,25,3,0,6
56,26,3,0,10
56,27,3,8,0
56,28,8,0,16
56,29,8,0,10
56,30,8,0,7
56,31,8,0,7
56,32,8,0,0
56,33,8,0,0
56,34,8,0,16
56,35,8,0,15
56,36,8,0,6
56,37,8,0,12
56,38,8,0,24
56,39,8,0,16
56,40,8,0,13
56,41,8,0,10
56,42,8,0,20
56,43,3,8,6
56,44,3,0,20
56,45,3,0,8
56,46,3,8,20
56,47,3,0,23
56,48,3,0,21
57,0,3,0,8
57,1,3,8,4
57,2,3,8,2
57,3,8,0,14
57,4,8,0,4
57,5,8,0,6
57,6,8,0,22
57,7,8,0,16
57,8,8,0,13
57,9,8,0,10
57,10,8,0,6
57,11,8,0,19
57,12,8,0,11
57,13,8,0,7
57,14,8,0,9
57,15,8,0,10
57,16,8,0,22
57,17,8,0,7
57,18,3,8,6
57,19,3,0,22
57,20,3,0,10
57,21,3,0,2
57,22,3,0,23
57,23,3,0,20
57,24,3,0,6
57,25,3,0,16
57,26,3,0,19
57,27,3,8,18
57,28,8,0,6
57,29,8,0,16
57,30,8,0,6
57,31,8,0,21
57,32,8,0,4
57,33,8,0,20
57,34,8,0,11
57,35,8,0,24
57,36,8,0,23
57,37,8,0,20
57,38,8,0,14
57,39,8,0,0
57,40,8,0,10
57,41,8,0,24
57,42,8,0,17
57,43,3,8,23
57,44,3,8,20
57,45,3,8,10
57,46,3,8,7
57,47,3,0,18
57,48,3,0,2
58,0,3,0,3
58,1,3,0,18
58,2,3,8,17
58,3,8,0,14
58,4,8,0,2
58,5,8,0,8
58,6,8,0,10
58,7,8,0,10
58,8,8,0,11
58,9,8,0,14
58,10,8,0,7
58,11,8,0,9
58,12,8,0,13
58,13,8,0,9
58,14,8,0,3
58,15,8,0,11
58,16,8,0,16
58,17,8,0,13
58,18,3,8,24
58,19,3,0,8
58,20,3,0,18
58,21,3,0,8
58,22,3,0,20
58,23,3,0,22
58,24,3,0,23
58,25,3,0,6
58,26,3,8,10
58,27,8,0,15
58,28,8,0,12
58,29,8,0,11
58,30,8,0,13
58,31,8,0,6
58,32,8,0,6
58,33,8,0,9
58,34,8,0,20
58,35,8,0,20
58,36,8,0,18
58,37,8,0,12
58,38,8,0,9
58,39,8,0,9
58,40,8,0,19
58,41,8,0,13
58,42,8,0,16
58,43,3,8,8
58,44,3,8,8
58,45,8,0,15
58,46,3,8,24
58,47,3,0,1
58,48,3,0,5
59,0,3,0,10
59,1,3,0,9
59,2,3,8,18
59,3,8,0,20
59,4,8,0,19
59,5,8,0,1
59,6,8,0,10
59,7,8,0,16
59,8,8,0,3
59,9,8,0,17
59,10,8,0,13
59,11,8,0,15
59,12,8,0,9
59,13,8,0,17
59,14,8,0,20
59,15,8,0,23
59,16,8,0,0
59,17,3,8,6
59,18,3,0,22
59,19,3,0,7
59,20,3,0,0
59,21,3,0,17
59,22,3,0,24
59,23,3,0,6
59,24,3,8,20
59,25,3,8,5
59,26,8,0,8
59,27,8,0,22
59,28,8,0,4
59,29,8,0,15
59,30,8,0,0
59,31,8,0,1
59,32,8,0,16
59,33,8,0,8
59,34,8,0,24
59,35,8,0,19
59,36,8,0,19
59,37,8,0,3
59,38,8,0,3
59,39,8,0,5
59,40,8,0,11
59,41,8,0,17
59,42,8,0,2
59,43,8,0,12
59,44,8,0,11
59,45,3,8,6
59,46,3,0,17
59,47,3,0,17
59,48,3,0,22
60,0,3,0,7
60,1,3,8,0
60,2,8,0,11
60,3,8,0,14
60,4,8,0,2
60,5,8,0,6
60,6,8,0,24
60,7,8,0,6
60,8,8,0,14
60,9,8,0,18
60,10,8,0,16
60,11,8,0,17
60,12,8,0,15
60,13,8,0,20
60,14,8,0,2
60,15,8,0,23
60,16,8,0,3
60,17,3,8,24
60,18,3,0,21
60,19,3,8,20
60,20,3,0,3
60,21,3,0,9
60,22,3,0,16
60,23,3,8,5
60,24,3,8,8
60,25,8,0,6
60,26,8,0,23
60,27,8,0,18
60,28,8,0,16
60,29,8,0,8
60,30,8,0,5
60,31,8,0,16
60,32,8,0,4
60,33,8,0,5
60,34,8,0,0
60,35,8,0,17
60,36,8,0,21
60,37,8,0,11
60,38,8,0,10
60,39,8,0,20
60,40,8,0,12
60,41,8,0,22
60,42,8,0,15
60,43,8,0,1
60,44,8,0,2
60,45,3,8,23
60,46,3,0,8
60,47,3,0,11
60,48,3,0,4
61,0,3,0,19
61,1,3,8,17
61,2,3,8,16
61,3,3,8,16
61,4,8,0,19
61,5,8,0,12
61,6,8,0,5
61,7,8,0,12
61,8,8,0,19
61,9,8,0,16
61,10,8,0,16
61,11,8,0,11
61,12,8,0,6
61,13,8,0,7
61,14,8,0,14
61,15,8,0,3
61,16,3,8,11
61,17,3,0,10
61,18,3,8,10
61,19,3,0,15
61,20,3,0,20
61,21,3,0,6
61,22,3,8,15
61,23,8,0,11
61,24,8,0,3
61,25,8,0,15
61,26,8,0,11
61,27,8,0,5
61,28,8,0,24
61,29,8,0,20
61,30,8,0,16
61,31,8,0,20
61,32,8,0,9
61,33,8,0,11
61,34,3,8,16
61,35,3,8,16
61,36,8,0,5
61,37,8,0,9
61,38,8,0,21
61,39,8,0,17
61,40,8,0,7
61,41,8,0,15
61,42,8,0,18
61,43,8,0,0
61,44,8,0,5
61,45,3,8,24
61,46,3,0,19
61,47,3,0,16
61,48,3,0,14
62,0,3,0,18
62,1,3,8,4
62,2,3,8,4
62,3,3,8,3
62,4,3,8,16
62,5,8,0,8
62,6,8,0,23
62,7,8,0,11
62,8,8,0,16
62,9,8,0,14
62,10,8,0,20
62,11,8,0,24
62,12,8,0,13
62,13,8,0,8
62,14,3,8,16
62,15,3,8,9
62,16,3,0,2
62,17,3,8,13
62,18,3,0,17
62,19,3,0,4
62,20,3,8,20
62,21,3,8,13
62,22,8,0,19
62,23,8,0,21
62,24,8,0,1
62,25,8,0,16
62,26,8,0,21
62,27,8,0,19
62,28,8,0,24
62,29,8,0,24
62,30,8,0,21
62,31,8,0,6
62,32,8,0,5
62,33,3,8,14
62,34,3,8,4
62,35,3,8,17
62,36,8,0,5
62,37,8,0,24
62,38,8,0,21
62,39,8,0,3
62,40,8,0,13
62,41,8,0,19
62,42,8,0,15
62,43,8,0,17
62,44,3,8,6
62,45,3,0,3
62,46,3,0,4
62,47,3,0,12
62,48,3,0,18
63,0,3,0,1
63,1,3,0,10
63,2,3,0,5
63,3,3,8,4
63,4,3,8,3
63,5,8,0,14
63,6,8,0,16
63,7,8,0,20
63,8,8,0,18
63,9,8,0,5
63,10,8,0,18
63,11,8,0,23
63,12,8,0,10
63,13,3,8,19
63,14,3,8,4
63,15,3,0,23
63,16,3,8,13
63,17,3,0,0
63,18,3,0,6
63,19,3,8,13
63,20,3,8,8
63,21,8,0,2
63,22,8,0,3
63,23,8,0,8
63,24,8,0,15
63,25,8,0,3
63,26,8,0,13
63,27,8,0,16
63,28,8,0,24
63,29,8,0,20
63,30,8,0,15
63,31,8,0,9
63,32,3,8,9
63,33,3,0,12
63,34,3,0,4
63,35,3,8,18
63,36,8,0,10
63,37,8,0,12
63,38,8,0,6
63,39,8,0,11
63,40,8,0,13
63,41,8,0,11
63,42,8,0,3
63,43,8,0,16
63,44,3,8,23
63,45,3,8,20
63,46,3,0,5
63,47,3,0,19
63,48,3,0,20
64,0,3,0,19
64,1,3,0,17
64,2,3,0,2
64,3,3,0,8
64,4,3,8,18
64,5,8,0,2
64,6,8,0,2
64,7,8,0,12
64,8,8,0,6
64,9,8,0,10
64,10,8,0,12
64,11,8,0,5
64,12,3,8,6
64,13,3,0,15
64,14,3,0,24
64,15,3,8,13
64,16,3,0,1
64,17,3,0,21
64,18,3,8,10
64,19,8,0,19
64,20,8,0,23
64,21,8,0,21
64,22,8,0,11
64,23,8,0,16
64,24,8,0,15
64,25,8,0,2
64,26,8,0,0
64,27,8,0,22
64,28,8,0,8
64,29,8,0,8
64,30,8,0,23
64,31,3,8,6
64,32,3,0,18
64,33,3,0,0
64,34,3,8,0
64,35,8,0,13
64,36,8,0,5
64,37,8,0,9
64,38,8,0,10
64,39,8,0,7
64,40,8,0,1
64,41,8,0,6
64,42,8,0,11
64,43,8,0,7
64,44,3,8,8
64,45,3,8,22
64,46,3,0,13
64,47,3,0,11
64,48,3,0,11
65,0,3,0,3
65,1,3,0,4
65,2,3,0,20
65,3,3,8,0
65,4,8,0,15
65,5,8,0,15
65,6,8,0,3
65,7,8,0,12
65,8,8,0,19
65,9,8,0,7
65,10,8,0,0
65,11,8,0,10
65,12,3,8,24
65,13,3,0,8
65,14,3,8,5
65,15,3,0,11
65,16,3,0,19
65,17,3,8,10
65,18,8,0,19
65,19,8,0,21
65,20,8,0,20
65,21,8,0,12
65,22,8,0,2
65,23,8,0,21
65,24,8,0,5
65,25,8,0,2
65,26,8,0,2
65,27,8,0,23
65,28,8,0,5
65,29,8,0,24
65,30,8,0,22
65,31,3,8,24
65,32,3,0,13
65,33,3,0,12
65,34,3,8,18
65,35,8,0,13
65,36,8,0,10
65,37,8,0,12
65,38,8,0,9
65,39,8,0,1
65,40,8,0,23
65,41,8,0,17
65,42,8,0,18
65,43,8,0,15
65,44,8,0,6
65,45,3,8,7
65,46,3,0,22
65,47,3,0,12
65,48,3,0,23
66,0,3,0,18
66,1,3,0,18
66,2,3,0,23
66,3,3,8,17
66,4,8,0,11
66,5,8,0,24
66,6,8,0,12
66,7,8,0,17
66,8,8,0,10
66,9,8,0,3
66,10,3,8,16
66,11,3,8,19
66,12,3,0,1
66,13,3,8,15
66,14,3,0,17
66,15,3,0,21
66,16,3,8,13
66,17,8,0,23
66,18,8,0,12
66,19,8,0,21
66,20,8,0,13
66,21,8,0,7
66,22,8,0,11
66,23,8,0,19
66,24,8,0,22
66,25,8,0,22
66,26,8,0,3
66,27,8,0,1
66,28,8,0,14
66,29,8,0,5
66,30,3,8,6
66,31,3,0,13
66,32,3,0,9
66,33,3,8,0
66,34,3,8,16
66,35,8,0,3
66,36,8,0,18
66,37,8,0,2
66,38,8,0,24
66,39,8,0,24
66,40,8,0,11
66,41,8,0,11
66,42,8,0,24
66,43,8,0,5
66,44,8,0,13
66,45,3,8,21
66,46,3,8,20
66,47,3,0,2
66,48,3,0,6
67,0,3,0,9
67,1,3,0,18
67,2,3,0,6
67,3,3,8,18
67,4,8,0,8
67,5,8,0,20
67,6,8,0,22
67,7,8,0,23
67,8,8,0,21
67,9,3,8,6
67,10,3,8,4
67,11,3,0,3
67,12,3,8,0
67,13,3,0,10
67,14,3,0,22
67,15,3,8,15
67,16,8,0,14
67,17,9,8,16
67,18,8,0,17
67,19,8,0,16
67,20,8,0,12
67,21,8,0,23
67,22,8,0,13
67,23,8,0,14
67,24,8,0,13
67,25,8,0,14
67,26,8,0,16
67,27,8,0,19
67,28,8,0,10
67,29,3,8,16
67,30,3,8,24
67,31,3,0,11
67,32,3,0,24
67,33,3,8,4
67,34,3,8,1
67,35,8,0,5
67,36,8,0,19
67,37,8,0,8
67,38,8,0,4
67,39,8,0,20
67,40,8,0,20
67,41,8,0,3
67,42,8,0,5
67,43,8,0,21
67,44,8,0,5
67,45,3,8,8
67,46,3,8,7
67,47,3,0,23
67,48,3,0,7
68,0,3,0,13
68,1,3,0,24
68,2,3,8,0
68,3,8,0,12
68,4,8,0,24
68,5,8,0,6
68,6,8,0,21
68,7,8,0,13
68,8,8,0,11
68,9,3,8,24
68,10,3,0,18
68,11,3,0,23
68,12,3,0,2
68,13,3,0,17
68,14,3,8,10
68,15,8,0,1
68,16,9,8,19
68,17,9,8,1
68,18,9,8,16
68,19,9,8,16
68,20,8,0,21
68,21,8,0,7
68,22,8,0,2
68,23,8,0,10
68,24,8,0,19
68,25,8,0,20
68,26,8,0,17
68,27,8,0,18
68,28,3,8,11
68,29,3,8,4
68,30,3,0,18
68,31,3,0,22
68,32,3,0,22
68,33,3,0,21
68,34,3,8,17
68,35,8,0,17
68,36,8,0,19
68,37,8,0,8
68,38,8,0,19
68,39,8,0,2
68,40,8,0,18
68,41,8,0,1
68,42,8,0,5
68,43,8,0,18
68,44,8,0,6
68,45,8,0,19
68,46,3,8,22
68,47,3,0,11
68,48,3,0,21
69,0,3,0,0
69,1,3,0,6
69,2,3,8,3
69,3,8,0,15
69,4,8,0,13
69,5,8,0,7
69,6,8,0,11
69,7,3,8,16
69,8,3,8,11
69,9,3,0,21
69,10,3,0,24
69,11,3,0,9
69,12,3,0,2
69,13,3,8,15
69,14,8,0,15
69,15,9,8,19
69,16,9,0,7
69,17,9,8,4
69,18,9,8,4
69,19,9,8,3
69,20,8,0,23
69,21,8,0,14
69,22,8,0,20
69,23,8,0,7
69,24,8,0,10
69,25,8,0,8
69,26,8,0,12
69,27,3,8,6
69,28,3,0,10
69,29,3,0,8
69,30,3,0,24
69,31,3,0,8
69,32,3,0,12
69,33,3,0,4
69,34,3,8,17
69,35,8,0,20
69,36,8,0,8
69,37,8,0,11
69,38,8,0,16
69,39,8,0,8
69,40,8,0,13
69,41,8,0,15
69,42,8,0,7
69,43,8,0,23
69,44,8,0,23
69,45,8,0,17
69,46,3,8,7
69,47,3,8,20
69,48,3,0,6
70,0,3,0,21
70,1,3,0,14
70,2,3,8,18
70,3,8,0,15
70,4,8,0,7
70,5,8,0,23
70,6,3,8,14
70,7,3,8,4
70,8,3,0,15
70,9,3,0,19
70,10,3,0,19
70,11,3,0,21
70,12,3,8,10
70,13,8,0,16
70,14,9,8,6
70,15,9,0,15
70,16,9,0,22
70,17,9,0,9
70,18,9,0,8
70,19,9,8,17
70,20,8,0,2
70,21,8,0,0
70,22,8,0,18
70,23,8,0,5
70,24,8,0,19
70,25,8,0,1
70,26,8,0,5
70,27,3,8,24
70,28,3,0,6
70,29,3,0,16
70,30,3,0,5
70,31,3,0,2
70,32,3,0,18
70,33,3,0,14
70,34,3,8,18
70,35,8,0,22
70,36,8,0,21
70,37,8,0,18
70,38,8,0,11
70,39,8,0,12
70,40,8,0,2
70,41,8,0,3
70,42,8,0,22
70,43,8,0,9
70,44,8,0,21
70,45,8,0,20
70,46,3,8,8
70,47,3,8,21
70,48,3,0,19
71,0,3,0,3
71,1,3,8,0
71,2,8,0,5
71,3,8,0,23
71,4,8,0,7
71,5,3,8,6
71,6,3,0,16
71,7,3,0,24
71,8,3,0,15
71,9,3,0,21
71,10,3,0,21
71,11,3,8,10
71,12,8,0,10
71,13,8,0,1
71,14,9,8,24
71,15,9,0,21
71,16,9,0,20
71,17,9,0,0
71,18,9,0,23
71,19,9,8,18
71,20,8,0,9
71,21,8,0,15
71,22,8,0,0
71,23,8,0,2
71,24,8,0,16
71,25,8,0,18
71,26,3,8,6
71,27,3,0,15
71,28,3,0,3
71,29,3,0,2
71,30,3,0,10
71,31,3,0,20
71,32,3,0,3
71,33,3,8,15
71,34,8,0,21
71,35,8,0,3
71,36,8,0,17
71,37,8,0,17
71,38,8,0,18
71,39,8,0,19
71,40,8,0,15
71,41,8,0,18
71,42,8,0,23
71,43,8,0,8
71,44,8,0,15
71,45,8,0,2
71,46,8,0,0
71,47,3,8,21
71,48,3,0,22
72,0,3,0,18
72,1,3,8,1
72,2,3,8,16
72,3,3,8,16
72,4,8,0,3
72,5,3,8,24
72,6,3,0,2
72,7,3,0,21
72,8,3,0,4
72,9,3,0,22
72,10,3,8,0
72,11,8,0,5
72,12,8,0,11
72,13,9,8,6
72,14,9,0,4
72,15,9,0,21
72,16,9,0,9
72,17,9,8,20
72,18,9,8,5
72,19,8,0,4
72,20,8,0,12
72,21,8,0,17
72,22,8,0,8
72,23,8,0,17
72,24,8,0,24
72,25,8,0,20
72,26,3,8,24
72,27,3,0,20
72,28,3,0,14
72,29,3,0,7
72,30,3,0,11
72,31,3,0,6
72,32,3,8,13
72,33,8,0,2
72,34,8,0,6
72,35,8,0,21
72,36,8,0,14
72,37,8,0,2
72,38,8,0,17
72,39,8,0,0
72,40,8,0,0
72,41,8,0,10
72,42,8,0,4
72,43,8,0,24
72,44,8,0,19
72,45,8,0,3
72,46,8,0,24
72,47,3,8,24
72,48,3,0,4
73,0,3,0,12
73,1,3,8,4
73,2,3,8,4
73,3,3,8,17
73,4,3,8,11
73,5,3,0,0
73,6,3,0,19
73,7,3,0,8
73,8,3,0,18
73,9,3,0,17
73,10,3,8,18
73,11,8,0,10
73,12,8,0,13
73,13,9,8,24
73,14,9,0,19
73,15,9,0,0
73,16,9,8,13
73,17,9,8,8
73,18,8,0,19
73,19,8,0,24
73,20,8,0,24
73,21,8,0,13
73,22,8,0,10
73,23,8,0,12
73,24,8,0,21
73,25,3,8,19
73,26,3,0,23
73,27,3,0,3
73,28,3,0,13
73,29,3,0,17
73,30,3,8,20
73,31,3,8,5
73,32,8,0,8
73,33,8,0,9
73,34,8,0,12
73,35,8,0,18
73,36,8,0,9
73,37,8,0,22
73,38,8,0,17
73,39,8,0,7
73,40,8,0,15
73,41,8,0,10
73,42,8,0,3
73,43,8,0,8
73,44,8,0,13
73,45,8,0,15
73,46,3,8,6
73,47,3,0,16
73,48,3,0,12
74,0,3,0,4
74,1,3,0,19
74,2,3,0,18
74,3,3,8,4
74,4,3,0,19
74,5,3,0,17
74,6,3,0,22
74,7,3,8,20
74,8,3,8,20
74,9,3,8,5
74,10,8,0,13
74,11,8,0,4
74,12,9,8,6
74,13,9,0,23
74,14,9,8,20
74,15,9,8,13
74,16,8,0,13
74,17,8,0,10
74,18,8,0,14
74,19,8,0,18
74,20,8,0,20
74,21,8,0,3
74,22,8,0,21
74,23,8,0,21
74,24,3,8,6
74,25,3,0,22
74,26,3,8,20
74,27,3,8,20
74,28,3,0,15
74,29,3,8,13
74,30,3,8,8
74,31,8,0,11
74,32,8,0,11
74,33,8,0,23
74,34,8,0,16
74,35,8,0,8
74,36,8,0,12
74,37,8,0,23
74,38,8,0,3
74,39,8,0,9
74,40,8,0,3
74,41,8,0,11
74,42,8,0,9
74,43,8,0,0
74,44,8,0,9
74,45,8,0,15
74,46,3,8,24
74,47,3,0,17
74,48,3,0,7
75,0,3,0,18
75,1,3,0,20
75,2,3,0,20
75,3,3,0,11
75,4,3,0,23
75,5,3,0,9
75,6,3,8,0
75,7,3,8,8
75,8,3,8,8
75,9,8,0,10
75,10,8,0,4
75,11,8,0,23
75,12,9,8,22
75,13,9,8,5
75,14,9,8,8
75,15,8,0,1
75,16,8,0,11
75,17,8,0,22
75,18,8,0,19
75,19,8,0,5
75,20,8,0,5
75,21,8,0,15
75,22,8,0,15
75,23,8,0,13
75,24,3,8,23
75,25,3,8,15
75,26,3,8,8
75,27,3,8,21
75,28,3,8,10
75,29,8,0,8
75,30,8,0,5
75,31,8,0,16
75,32,8,0,12
75,33,8,0,23
75,34,8,0,21
75,35,8,0,12
75,36,8,0,0
75,37,8,0,2
75,38,8,0,12
75,39,8,0,10
75,40,8,0,5
75,41,8,0,11
75,42,8,0,9
75,43,8,0,8
75,44,8,0,0
75,45,3,8,6
75,46,3,0,19
75,47,3,0,13
75,48,3,0,0
76,0,3,0,21
76,1,3,0,11
76,2,3,0,2
76,3,3,0,19
76,4,3,0,9
76,5,3,0,10
76,6,3,8,18
76,7,8,0,7
76,8,8,0,13
76,9,8,0,9
76,10,8,0,9
76,11,8,0,3
76,12,9,8,8
76,13,8,0,1
76,14,8,0,24
76,15,8,0,5
76,16,8,0,12
76,17,8,0,22
76,18,8,0,20
76,19,8,0,23
76,20,8,0,8
76,21,8,0,0
76,22,8,0,23
76,23,8,0,8
76,24,3,8,8
76,25,8,0,17
76,26,8,0,18
76,27,3,8,8
76,28,8,0,9
76,29,8,0,11
76,30,8,0,24
76,31,8,0,13
76,32,8,0,3
76,33,8,0,18
76,34,8,0,24
76,35,8,0,7
76,36,8,0,18
76,37,8,0,19
76,38,8,0,7
76,39,8,0,19
76,40,8,0,2
76,41,8,0,10
76,42,8,0,12
76,43,8,0,8
76,44,8,0,24
76,45,3,8,22
76,46,3,0,21
76,47,3,0,10
76,48,3,0,8
77,0,3,0,8
77,1,3,0,19
77,2,3,0,14
77,3,3,0,10
77,4,3,0,18
77,5,3,8,5
77,6,8,0,2
77,7,8,0,13
77,8,8,0,13
77,9,8,0,11
77,10,8,0,20
77,11,8,0,13
77,12,8,0,16
77,13,8,0,9
77,14,8,0,24
77,15,8,0,22
77,16,8,0,23
77,17,8,0,15
77,18,8,0,15
77,19,8,0,15
77,20,8,0,20
77,21,8,0,3
77,22,8,0,12
77,23,8,0,23
77,24,8,0,14
77,25,8,0,1
77,26,8,0,6
77,27,8,0,13
77,28,8,0,24
77,29,8,0,11
77,30,8,0,6
77,31,8,0,20
77,32,8,0,18
77,33,8,0,0
77,34,8,0,2
77,35,8,0,15
77,36,8,0,1
77,37,8,0,20
77,38,9,8,16
77,39,8,0,23
77,40,8,0,0
77,41,8,0,24
77,42,8,0,22
77,43,8,0,22
77,44,8,0,20
77,45,3,8,21
77,46,3,8,20
77,47,3,8,20
77,48,3,0,20
78,0,3,0,13
78,1,3,0,16
78,2,3,0,2
78,3,3,0,24
78,4,3,8,10
78,5,8,0,20
78,6,8,0,23
78,7,8,0,13
78,8,8,0,7
78,9,8,0,23
78,10,8,0,24
78,11,8,0,10
78,12,8,0,6
78,13,8,0,2
78,14,8,0,17
78,15,8,0,16
78,16,8,0,18
78,17,8,0,14
78,18,8,0,24
78,19,8,0,20
78,20,8,0,5
78,21,8,0,17
78,22,8,0,14
78,23,8,0,22
78,24,8,0,7
78,25,8,0,24
78,26,8,0,8
78,27,8,0,15
78,28,8,0,6
78,29,8,0,2
78,30,8,0,14
78,31,8,0,18
78,32,8,0,16
78,33,8,0,17
78,34,8,0,8
78,35,8,0,2
78,36,9,8,16
78,37,9,8,9
78,38,9,8,1
78,39,8,0,22
78,40,8,0,19
78,41,8,0,24
78,42,8,0,8
78,43,8,0,8
78,44,8,0,5
78,45,3,8,8
78,46,3,8,8
78,47,3,8,22
78,48,3,0,2
79,0,3,0,6
79,1,3,0,24
79,2,3,0,22
79,3,3,8,0
79,4,8,0,19
79,5,8,0,7
79,6,8,0,2
79,7,8,0,23
79,8,8,0,21
79,9,8,0,1
79,10,8,0,3
79,11,8,0,17
79,12,8,0,20
79,13,8,0,11
79,14,8,0,22
79,15,8,0,6
79,16,8,0,2
79,17,8,0,0
79,18,8,0,21
79,19,8,0,4
79,20,8,0,6
79,21,8,0,17
79,22,8,0,11
79,23,8,0,13
79,24,8,0,9
79,25,8,0,10
79,26,8,0,4
79,27,8,0,8
79,28,8,0,6
79,29,8,0,22
79,30,8,0,13
79,31,8,0,24
79,32,8,0,10
79,33,8,0,9
79,34,8,0,19
79,35,9,8,11
79,36,9,8,4
79,37,9,0,6
79,38,9,8,18
79,39,8,0,0
79,40,8,0,24
79,41,8,0,21
79,42,8,0,0
79,43,8,0,8
79,44,8,0,8
79,45,8,0,20
79,46,8,0,22
79,47,3,8,24
79,48,3,0,9
80,0,3,0,14
80,1,3,0,8
80,2,3,0,17
80,3,3,8,18
80,4,8,0,4
80,5,8,0,2
80,6,8,0,11
80,7,8,0,21
80,8,8,0,7
80,9,8,0,15
80,10,8,0,20
80,11,8,0,12
80,12,8,0,18
80,13,8,0,12
80,14,8,0,4
80,15,8,0,12
80,16,8,0,6
80,17,8,0,19
80,18,8,0,3
80,19,8,0,11
80,20,8,0,22
80,21,3,8,16
80,22,8,0,20
80,23,8,0,19
80,24,8,0,6
80,25,8,0,11
80,26,8,0,21
80,27,8,0,3
80,28,8,0,10
80,29,8,0,22
80,30,8,0,1
80,31,8,0,13
80,32,8,0,9
80,33,8,0,22
80,34,9,8,11
80,35,9,0,21
80,36,9,0,22
80,37,9,8,0
80,38,8,0,19
80,39,8,0,2
80,40,8,0,24
80,41,8,0,15
80,42,8,0,21
80,43,8,0,13
80,44,8,0,10
80,45,8,0,4
80,46,3,8,6
80,47,3,0,14
80,48,3,0,12
