0,0,9,0,20
0,1,9,0,21
0,2,9,0,19
0,3,9,0,8
0,4,9,0,6
0,5,9,0,22
0,6,9,0,16
0,7,9,0,21
0,8,9,0,19
0,9,9,0,16
0,10,9,7,3
0,11,7,0,3
0,12,7,0,7
0,13,7,0,5
0,14,7,0,23
0,15,7,0,6
0,16,7,0,15
0,17,7,0,2
0,18,7,0,24
0,19,7,0,17
0,20,7,0,5
0,21,7,0,22
0,22,7,0,12
0,23,9,7,9
0,24,9,7,3
0,25,9,7,16
0,26,7,0,1
0,27,9,7,6
0,28,9,0,11
0,29,9,0,7
0,30,9,7,1
0,31,7,0,12
0,32,7,0,13
0,33,7,0,11
0,34,7,0,3
0,35,7,0,2
0,36,7,0,12
0,37,9,7,14
0,38,9,0,19
0,39,9,7,15
0,40,7,0,4
0,41,9,7,8
0,42,9,7,21
0,43,9,0,0
0,44,9,0,15
0,45,9,0,2
0,46,9,0,4
0,47,9,0,7
0,48,9,0,23
0,49,9,0,21
1,0,9,0,11
1,1,9,0,6
1,2,9,0,23
1,3,9,0,8
1,4,9,0,17
1,5,9,0,17
1,6,9,0,22
1,7,9,0,13
1,8,9,0,18
1,9,9,0,1
1,10,9,7,18
1,11,7,0,23
1,12,7,0,14
1,13,7,0,21
1,14,7,0,7
1,15,7,0,13
1,16,7,0,5
1,17,7,0,18
1,18,7,0,24
1,19,7,0,15
1,20,7,0,11
1,21,7,0,17
1,22,9,7,6
1,23,9,0,15
1,24,9,7,4
1,25,9,7,17
1,26,7,0,4
1,27,9,7,21
1,28,9,7,20
1,29,9,0,9
1,30,9,7,18
1,31,7,0,6
1,32,7,0,18
1,33,7,0,1
1,34,7,0,10
1,35,7,0,7
1,36,9,7,11
1,37,9,0,10
1,38,9,7,15
1,39,7,0,13
1,40,7,0,16
1,41,7,0,15
1,42,9,7,7
1,43,9,0,23
1,44,9,0,0
1,45,9,0,24
1,46,9,0,10
1,47,9,0,18
1,48,9,0,22
1,49,9,0,16
2,0,9,0,20
2,1,9,0,18
2,2,9,0,1
2,3,9,0,12
2,4,9,0,8
2,5,9,0,15
2,6,9,0,17
2,7,9,0,15
2,8,9,0,4
2,9,9,7,0
2,10,7,0,9
2,11,7,0,11
2,12,7,0,7
2,13,7,0,12
2,14,7,0,23
2,15,7,0,7
2,16,7,0,21
2,17,7,0,17
2,18,7,0,6
2,19,7,0,18
2,20,7,0,1
2,21,7,0,10
2,22,9,7,7
2,23,9,0,13
2,24,9,0,19
2,25,9,7,2
2,26,7,0,3
2,27,9,7,8
2,28,9,7,7
2,29,9,7,15
2,30,7,0,9
2,31,7,0,19
2,32,7,0,22
2,33,7,0,20
2,34,7,0,2
2,35,9,7,9
2,36,9,0,0
2,37,9,7,5
2,38,7,0,6
2,39,7,0,2
2,40,7,0,18
2,41,7,0,9
2,42,9,7,22
2,43,9,0,11
2,44,9,0,21
2,45,9,0,22
2,46,9,0,4
2,47,9,0,22
2,48,9,0,20
2,49,9,0,13
3,0,9,0,18
3,1,9,0,19
3,2,9,0,20
3,3,9,0,10
3,4,9,0,4
3,5,9,0,14
3,6,9,0,22
3,7,9,0,22
3,8,9,0,7
3,9,9,7,3
3,10,7,0,10
3,11,7,0,24
3,12,7,0,21
3,13,7,0,1
3,14,7,0,20
3,15,7,0,3
3,16,7,0,0
3,17,7,0,8
3,18,7,0,5
3,19,7,0,10
3,20,7,0,9
3,21,7,0,20
3,22,9,7,24
3,23,9,0,0
3,24,9,7,0
3,25,9,7,18
3,26,7,0,24
3,27,7,0,9
3,28,9,7,8
3,29,7,0,5
3,30,7,0,5
3,31,7,0,8
3,32,7,0,7
3,33,7,0,4
3,34,9,7,19
3,35,9,0,11
3,36,9,7,0
3,37,7,0,17
3,38,7,0,17
3,39,7,0,12
3,40,7,0,12
3,41,7,0,24
3,42,9,7,23
3,43,9,0,17
3,44,9,0,21
3,45,9,0,13
3,46,9,0,11
3,47,9,0,10
3,48,9,0,21
3,49,9,0,7
4,0,9,0,17
4,1,9,0,5
4,2,9,0,17
4,3,9,0,14
4,4,9,0,11
4,5,9,0,2
4,6,9,0,1
4,7,9,0,19
4,8,9,0,18
4,9,9,7,17
4,10,7,0,20
4,11,7,0,13
4,12,7,0,6
4,13,7,0,10
4,14,7,0,9
4,15,7,0,23
4,16,7,0,6
4,17,7,0,13
4,18,7,0,13
4,19,7,0,0
4,20,7,0,21
4,21,9,7,6
4,22,9,0,13
4,23,9,0,12
4,24,9,7,3
4,25,7,0,20
4,26,7,0,23
4,27,7,0,4
4,28,7,0,2
4,29,7,0,15
4,30,7,0,7
4,31,7,0,24
4,32,7,0,21
4,33,9,7,4
4,34,9,0,13
4,35,9,0,22
4,36,9,7,18
4,37,7,0,1
4,38,7,0,17
4,39,7,0,16
4,40,7,0,7
4,41,7,0,24
4,42,9,7,21
4,43,9,0,7
4,44,9,0,5
4,45,9,0,2
4,46,9,0,6
4,47,9,0,4
4,48,9,0,5
4,49,9,0,2
5,0,9,0,7
5,1,9,0,0
5,2,9,0,22
5,3,9,0,18
5,4,9,0,19
5,5,9,0,11
5,6,9,0,6
5,7,9,0,7
5,8,9,0,24
5,9,9,7,2
5,10,7,0,12
5,11,7,0,19
5,12,7,0,15
5,13,7,0,10
5,14,7,0,13
5,15,7,0,7
5,16,7,0,5
5,17,7,0,7
5,18,7,0,12
5,19,7,0,15
5,20,7,0,1
5,21,9,7,7
5,22,9,7,20
5,23,9,0,5
5,24,9,7,18
5,25,7,0,14
5,26,7,0,5
5,27,7,0,7
5,28,7,0,13
5,29,7,0,14
5,30,7,0,21
5,31,7,0,11
5,32,9,7,6
5,33,9,0,0
5,34,9,0,24
5,35,9,7,15
5,36,7,0,18
5,37,7,0,4
5,38,7,0,23
5,39,7,0,22
5,40,7,0,4
5,41,7,0,11
5,42,9,7,21
5,43,9,0,11
5,44,9,0,10
5,45,9,0,4
5,46,9,0,12
5,47,9,0,2
5,48,9,0,3
5,49,9,0,2
6,0,9,0,4
6,1,9,0,4
6,2,9,0,16
6,3,9,0,13
6,4,9,0,22
6,5,9,0,19
6,6,9,0,21
6,7,9,0,16
6,8,9,0,24
6,9,9,7,3
6,10,9,7,16
6,11,9,7,16
6,12,9,7,16
6,13,7,0,21
6,14,7,0,19
6,15,7,0,21
6,16,7,0,12
6,17,7,0,20
6,18,7,0,9
6,19,7,0,20
6,20,7,0,21
6,21,9,7,8
6,22,9,7,23
6,23,9,7,13
6,24,7,0,3
6,25,7,0,16
6,26,7,0,5
6,27,7,0,13
6,28,7,0,23
6,29,7,0,1
6,30,9,7,16
6,31,9,7,16
6,32,9,7,24
6,33,9,0,1
6,34,9,7,13
6,35,7,0,6
6,36,7,0,19
6,37,7,0,9
6,38,7,0,2
6,39,7,0,3
6,40,7,0,24
6,41,7,0,23
6,42,9,7,22
6,43,9,0,23
6,44,9,0,23
6,45,9,0,24
6,46,9,0,6
6,47,9,0,7
6,48,9,0,19
6,49,9,0,12
7,0,9,0,13
7,1,9,0,14
7,2,9,0,23
7,3,9,0,6
7,4,9,0,10
7,5,9,0,19
7,6,9,0,18
7,7,9,0,24
7,8,9,0,16
7,9,9,7,4
7,10,9,0,1
7,11,9,7,4
7,12,9,7,3
7,13,9,7,16
7,14,9,7,16
7,15,7,0,22
7,16,9,7,16
7,17,9,7,16
7,18,9,7,16
7,19,7,0,6
7,20,7,0,16
7,21,7,0,24
7,22,9,7,8
7,23,7,0,11
7,24,7,0,13
7,25,7,0,2
7,26,7,0,3
7,27,7,0,5
7,28,7,0,15
7,29,9,7,14
7,30,9,7,4
7,31,9,7,4
7,32,9,0,4
7,33,9,7,0
7,34,9,7,16
7,35,9,7,16
7,36,7,0,0
7,37,7,0,5
7,38,7,0,9
7,39,7,0,17
7,40,7,0,6
7,41,7,0,24
7,42,9,7,21
7,43,9,0,10
7,44,9,0,14
7,45,9,0,24
7,46,9,0,2
7,47,9,0,13
7,48,9,0,12
7,49,9,0,4
8,0,9,0,19
8,1,9,0,13
8,2,9,0,7
8,3,9,0,5
8,4,9,0,7
8,5,9,0,17
8,6,9,0,8
8,7,9,0,24
8,8,9,0,20
8,9,9,0,10
8,10,9,0,9
8,11,9,0,24
8,12,9,7,4
8,13,9,7,4
8,14,9,7,1
8,15,9,7,9
8,16,9,7,4
8,17,9,7,4
8,18,9,7,17
8,19,7,0,21
8,20,7,0,22
8,21,7,0,11
8,22,7,0,8
8,23,7,0,23
8,24,7,0,6
8,25,7,0,23
8,26,7,0,6
8,27,7,0,14
8,28,9,7,19
8,29,9,0,24
8,30,9,0,5
8,31,9,0,10
8,32,9,0,24
8,33,9,7,4
8,34,9,7,4
8,35,9,7,18
8,36,7,0,13
8,37,7,0,11
8,38,7,0,10
8,39,7,0,8
8,40,7,0,20
8,41,7,0,23
8,42,9,7,21
8,43,9,0,11
8,44,9,0,15
8,45,9,0,4
8,46,9,0,6
8,47,9,0,23
8,48,9,0,16
8,49,9,0,13
9,0,9,0,21
9,1,9,0,20
9,2,9,0,6
9,3,9,0,19
9,4,9,0,3
9,5,9,0,21
9,6,9,0,22
9,7,9,0,24
9,8,9,0,17
9,9,9,0,16
9,10,9,0,22
9,11,9,0,24
9,12,9,0,23
9,13,9,0,16
9,14,9,7,4
9,15,9,0,22
9,16,9,0,19
9,17,9,0,13
9,18,9,7,2
9,19,7,0,23
9,20,7,0,7
9,21,7,0,14
9,22,7,0,22
9,23,7,0,0
9,24,7,0,12
9,25,7,0,20
9,26,7,0,1
9,27,9,7,6
9,28,9,0,12
9,29,9,0,14
9,30,9,0,19
9,31,9,0,2
9,32,9,0,17
9,33,9,0,2
9,34,9,7,0
9,35,7,0,10
9,36,7,0,23
9,37,7,0,23
9,38,7,0,5
9,39,7,0,13
9,40,7,0,12
9,41,7,0,15
9,42,9,7,22
9,43,9,0,12
9,44,9,0,1
9,45,9,0,18
9,46,9,0,23
9,47,9,0,14
9,48,9,0,24
9,49,9,0,7
10,0,9,0,15
10,1,9,0,15
10,2,9,0,13
10,3,9,0,15
10,4,9,0,8
10,5,9,0,10
10,6,9,0,2
10,7,9,0,8
10,8,9,0,20
10,9,9,0,19
10,10,9,0,8
10,11,9,0,22
10,12,9,0,16
10,13,9,0,21
10,14,9,0,21
10,15,9,0,13
10,16,9,0,2
10,17,9,0,7
10,18,9,7,1
10,19,7,0,24
10,20,7,0,24
10,21,7,0,12
10,22,7,0,17
10,23,7,0,10
10,24,7,0,18
10,25,7,0,1
10,26,7,0,3
10,27,9,7,24
10,28,9,0,10
10,29,9,0,9
10,30,9,0,1
10,31,9,0,7
10,32,9,0,3
10,33,9,0,1
10,34,9,7,18
10,35,7,0,10
10,36,7,0,2
10,37,7,0,0
10,38,7,0,9
10,39,7,0,14
10,40,7,0,0
10,41,7,0,2
10,42,9,7,23
10,43,9,0,7
10,44,9,0,19
10,45,9,0,12
10,46,9,0,5
10,47,9,0,21
10,48,9,0,15
10,49,9,0,1
11,0,9,0,8
11,1,9,0,20
11,2,9,0,18
11,3,9,0,15
11,4,9,0,16
11,5,9,0,10
11,6,9,0,24
11,7,9,0,15
11,8,9,0,18
11,9,9,0,17
11,10,9,0,15
11,11,9,0,2
11,12,9,0,9
11,13,9,0,9
11,14,9,0,23
11,15,9,0,15
11,16,9,0,17
11,17,9,0,14
11,18,9,7,17
11,19,7,0,9
11,20,7,0,19
11,21,7,0,14
11,22,7,0,4
11,23,7,0,20
11,24,7,0,16
11,25,7,0,20
11,26,9,7,6
11,27,9,0,14
11,28,9,0,6
11,29,9,0,5
11,30,9,0,15
11,31,9,0,7
11,32,9,0,7
11,33,9,7,15
11,34,7,0,10
11,35,7,0,17
11,36,7,0,18
11,37,7,0,17
11,38,7,0,16
11,39,7,0,8
11,40,7,0,0
11,41,7,0,1
11,42,9,7,21
11,43,9,0,5
11,44,9,0,18
11,45,9,0,23
11,46,9,0,16
11,47,9,0,12
11,48,9,0,12
11,49,9,0,3
12,0,9,0,0
12,1,9,0,0
12,2,9,0,12
12,3,9,0,16
12,4,9,0,8
12,5,9,0,4
12,6,9,0,22
12,7,9,0,19
12,8,9,7,20
12,9,9,7,20
12,10,9,0,21
12,11,9,0,3
12,12,9,0,20
12,13,9,0,14
12,14,9,0,0
12,15,9,0,24
12,16,9,0,21
12,17,9,0,7
12,18,9,7,2
12,19,7,0,21
12,20,7,0,1
12,21,7,0,9
12,22,7,0,22
12,23,7,0,23
12,24,7,0,14
12,25,7,0,5
12,26,9,7,24
12,27,9,0,12
12,28,9,0,21
12,29,9,0,3
12,30,9,0,10
12,31,9,0,1
12,32,9,7,0
12,33,7,0,13
12,34,7,0,13
12,35,7,0,11
12,36,7,0,18
12,37,7,0,8
12,38,7,0,9
12,39,7,0,10
12,40,7,0,10
12,41,7,0,2
12,42,9,7,23
12,43,9,0,18
12,44,9,0,24
12,45,9,0,24
12,46,9,0,18
12,47,9,0,10
12,48,9,0,18
12,49,9,0,21
13,0,9,0,0
13,1,9,0,19
13,2,9,0,11
13,3,9,0,2
13,4,9,0,11
13,5,9,0,11
13,6,9,0,0
13,7,9,7,10
13,8,9,7,8
13,9,9,7,22
13,10,9,0,4
13,11,9,0,11
13,12,9,0,24
13,13,9,0,0
13,14,9,0,3
13,15,9,0,11
13,16,9,0,0
13,17,9,0,10
13,18,9,7,2
13,19,7,0,8
13,20,7,0,15
13,21,7,0,19
13,22,7,0,24
13,23,7,0,19
13,24,7,0,17
13,25,9,7,11
13,26,9,0,4
13,27,9,0,8
13,28,9,0,12
13,29,9,0,8
13,30,9,0,10
13,31,9,0,10
13,32,9,7,18
13,33,7,0,11
13,34,7,0,5
13,35,7,0,22
13,36,7,0,4
13,37,7,0,0
13,38,7,0,8
13,39,7,0,5
13,40,7,0,20
13,41,7,0,11
13,42,9,7,21
13,43,9,0,17
13,44,9,0,10
13,45,9,0,2
13,46,9,0,21
13,47,9,0,19
13,48,9,0,20
13,49,9,0,6
14,0,9,0,7
14,1,9,0,4
14,2,9,0,1
14,3,9,0,10
14,4,9,0,3
14,5,9,0,12
14,6,9,7,15
14,7,7,0,22
14,8,7,0,13
14,9,9,7,22
14,10,9,0,15
14,11,9,0,17
14,12,9,7,20
14,13,9,7,20
14,14,9,0,19
14,15,9,0,22
14,16,9,0,16
14,17,9,0,11
14,18,9,7,3
14,19,7,0,10
14,20,7,0,7
14,21,7,0,19
14,22,7,0,17
14,23,7,0,15
14,24,9,7,6
14,25,9,0,7
14,26,9,0,22
14,27,9,0,5
14,28,9,0,20
14,29,9,7,20
14,30,9,7,20
14,31,9,7,5
14,32,7,0,5
14,33,7,0,3
14,34,7,0,11
14,35,7,0,19
14,36,7,0,0
14,37,7,0,22
14,38,7,0,20
14,39,7,0,3
14,40,7,0,23
14,41,7,0,1
14,42,9,7,21
14,43,9,0,11
14,44,9,0,11
14,45,9,0,23
14,46,9,0,14
14,47,9,0,9
14,48,9,0,17
14,49,9,0,6
15,0,9,0,20
15,1,9,0,13
15,2,9,0,15
15,3,9,0,17
15,4,9,0,7
15,5,9,7,5
15,6,7,0,6
15,7,7,0,1
15,8,7,0,9
15,9,9,7,22
15,10,9,0,8
15,11,9,7,0
15,12,9,7,8
15,13,9,7,7
15,14,9,0,11
15,15,9,0,3
15,16,9,0,4
15,17,9,0,18
15,18,9,7,1
15,19,7,0,4
15,20,7,0,11
15,21,7,0,16
15,22,7,0,11
15,23,7,0,12
15,24,9,7,24
15,25,9,0,23
15,26,9,0,21
15,27,9,0,17
15,28,9,7,13
15,29,9,7,8
15,30,9,7,8
15,31,7,0,17
15,32,7,0,6
15,33,7,0,17
15,34,7,0,15
15,35,7,0,4
15,36,7,0,2
15,37,7,0,12
15,38,7,0,15
15,39,7,0,0
15,40,7,0,14
15,41,7,0,8
15,42,9,7,22
15,43,9,0,14
15,44,9,0,16
15,45,9,0,11
15,46,9,0,1
15,47,9,0,13
15,48,9,0,16
15,49,9,0,3
16,0,9,0,19
16,1,9,0,15
16,2,9,0,24
16,3,9,0,10
16,4,9,7,0
16,5,7,0,3
16,6,7,0,3
16,7,7,0,16
16,8,7,0,18
16,9,9,7,24
16,10,9,0,24
16,11,9,7,18
16,12,7,0,15
16,13,9,7,21
16,14,9,0,16
16,15,9,0,21
16,16,9,0,11
16,17,9,0,0
16,18,9,7,1
16,19,7,0,1
16,20,7,0,24
16,21,7,0,20
16,22,7,0,9
16,23,9,7,6
16,24,9,0,17
16,25,9,0,24
16,26,9,7,20
16,27,9,7,15
16,28,7,0,14
16,29,7,0,5
16,30,7,0,16
16,31,7,0,15
16,32,7,0,24
16,33,7,0,8
16,34,7,0,8
16,35,7,0,0
16,36,7,0,14
16,37,7,0,21
16,38,7,0,13
16,39,7,0,0
16,40,7,0,23
16,41,7,0,19
16,42,9,7,24
16,43,9,0,2
16,44,9,0,17
16,45,9,0,10
16,46,9,0,14
16,47,9,0,19
16,48,9,0,12
16,49,9,0,15
17,0,9,0,24
17,1,9,0,20
17,2,9,0,24
17,3,9,0,7
17,4,9,7,18
17,5,7,0,13
17,6,7,0,12
17,7,7,0,7
17,8,9,7,6
17,9,9,0,15
17,10,9,7,0
17,11,7,0,21
17,12,7,0,23
17,13,9,7,7
17,14,9,0,16
17,15,9,0,7
17,16,9,0,22
17,17,9,0,13
17,18,9,7,18
17,19,7,0,24
17,20,7,0,7
17,21,7,0,10
17,22,7,0,3
17,23,9,7,24
17,24,9,0,4
17,25,9,7,15
17,26,9,7,8
17,27,7,0,23
17,28,7,0,7
17,29,7,0,24
17,30,7,0,7
17,31,7,0,15
17,32,7,0,11
17,33,7,0,8
17,34,7,0,19
17,35,7,0,8
17,36,7,0,9
17,37,7,0,7
17,38,7,0,13
17,39,7,0,10
17,40,7,0,3
17,41,9,7,6
17,42,9,0,8
17,43,9,0,17
17,44,9,0,1
17,45,9,0,15
17,46,9,0,17
17,47,9,0,15
17,48,9,0,18
17,49,9,0,1
18,0,9,0,24
18,1,9,0,1
18,2,9,0,9
18,3,9,7,0
18,4,7,0,3
18,5,7,0,22
18,6,7,0,16
18,7,7,0,6
18,8,9,7,24
18,9,9,0,1
18,10,9,7,18
18,11,7,0,24
18,12,7,0,3
18,13,9,7,22
18,14,9,0,13
18,15,9,0,15
18,16,9,0,14
18,17,9,7,0
18,18,7,0,23
18,19,7,0,10
18,20,7,0,11
18,21,7,0,19
18,22,9,7,6
18,23,9,0,24
18,24,9,7,0
18,25,7,0,14
18,26,7,0,16
18,27,7,0,20
18,28,7,0,9
18,29,7,0,8
18,30,7,0,21
18,31,7,0,14
18,32,7,0,23
18,33,7,0,8
18,34,7,0,3
18,35,7,0,19
18,36,7,0,4
18,37,7,0,3
18,38,7,0,4
18,39,7,0,9
18,40,7,0,20
18,41,9,7,21
18,42,9,0,16
18,43,9,0,12
18,44,9,0,12
18,45,9,0,12
18,46,9,0,22
18,47,9,0,7
18,48,9,0,11
18,49,9,0,0
19,0,9,0,16
19,1,9,0,24
19,2,9,0,20
19,3,9,7,2
19,4,7,0,0
19,5,7,0,2
19,6,7,0,3
19,7,9,7,19
19,8,9,0,2
19,9,9,7,0
19,10,7,0,23
19,11,7,0,17
19,12,7,0,16
19,13,9,7,22
19,14,9,7,20
19,15,9,0,7
19,16,9,0,24
19,17,9,7,17
19,18,7,0,18
19,19,7,0,8
19,20,7,0,5
19,21,7,0,15
19,22,9,0,24
19,23,9,0,11
19,24,9,7,18
19,25,7,0,0
19,26,7,0,9
19,27,7,0,18
19,28,7,0,21
19,29,7,0,1
19,30,7,0,5
19,31,7,0,24
19,32,7,0,21
19,33,7,0,7
19,34,7,0,14
19,35,7,0,22
19,36,7,0,22
19,37,7,0,10
19,38,7,0,2
19,39,7,0,5
19,40,7,0,11
19,41,9,7,24
19,42,9,0,7
19,43,9,0,24
19,44,9,0,6
19,45,9,0,15
19,46,9,0,18
19,47,9,0,6
19,48,9,0,16
19,49,9,0,6
20,0,9,0,9
20,1,9,0,14
20,2,9,0,2
20,3,9,7,3
20,4,9,7,16
20,5,7,0,18
20,6,9,7,11
20,7,9,0,12
20,8,9,0,6
20,9,9,7,18
20,10,7,0,14
20,11,7,0,0
20,12,7,0,13
20,13,9,7,8
20,14,9,7,22
20,15,9,7,20
20,16,9,0,1
20,17,9,7,18
20,18,7,0,20
20,19,7,0,12
20,20,7,0,12
20,21,9,7,6
20,22,9,0,13
20,23,9,7,0
20,24,7,0,8
20,25,7,0,13
20,26,7,0,20
20,27,7,0,21
20,28,7,0,13
20,29,7,0,23
20,30,7,0,6
20,31,7,0,8
20,32,7,0,2
20,33,7,0,10
20,34,7,0,8
20,35,7,0,22
20,36,7,0,14
20,37,7,0,20
20,38,7,0,11
20,39,7,0,11
20,40,9,7,6
20,41,9,0,1
20,42,9,0,23
20,43,9,0,0
20,44,9,0,2
20,45,9,0,17
20,46,9,0,8
20,47,9,0,9
20,48,9,0,2
20,49,9,0,17
21,0,9,0,17
21,1,9,0,2
21,2,9,0,11
21,3,9,7,4
21,4,9,7,2
21,5,9,7,9
21,6,9,0,7
21,7,9,0,1
21,8,9,7,0
21,9,7,0,13
21,10,7,0,17
21,11,7,0,22
21,12,7,0,7
21,13,7,0,0
21,14,9,7,8
21,15,9,7,23
21,16,9,7,5
21,17,7,0,18
21,18,7,0,17
21,19,7,0,17
21,20,7,0,18
21,21,9,7,23
21,22,9,0,18
21,23,9,7,3
21,24,9,7,16
21,25,9,7,1
21,26,9,7,16
21,27,7,0,15
21,28,7,0,8
21,29,7,0,14
21,30,7,0,21
21,31,7,0,20
21,32,7,0,19
21,33,7,0,6
21,34,7,0,3
21,35,7,0,21
21,36,7,0,3
21,37,7,0,8
21,38,7,0,11
21,39,7,0,20
21,40,9,7,24
21,41,9,0,4
21,42,9,0,20
21,43,9,0,15
21,44,9,0,18
21,45,9,0,12
21,46,9,0,4
21,47,9,0,5
21,48,9,0,24
21,49,9,0,6
22,0,9,0,12
22,1,9,0,23
22,2,9,0,24
22,3,9,0,7
22,4,9,7,4
22,5,9,0,15
22,6,9,0,0
22,7,9,0,4
22,8,9,7,1
22,9,7,0,19
22,10,7,0,22
22,11,7,0,23
22,12,7,0,15
22,13,7,0,10
22,14,7,0,20
22,15,9,7,8
22,16,7,0,21
22,17,7,0,22
22,18,7,0,13
22,19,7,0,15
22,20,7,0,6
22,21,9,7,21
22,22,9,0,4
22,23,9,7,4
22,24,9,0,13
22,25,9,7,4
22,26,9,7,2
22,27,7,0,23
22,28,7,0,20
22,29,7,0,12
22,30,7,0,21
22,31,7,0,6
22,32,7,0,12
22,33,7,0,18
22,34,7,0,15
22,35,7,0,15
22,36,7,0,17
22,37,7,0,14
22,38,7,0,24
22,39,9,7,14
22,40,9,0,11
22,41,9,0,18
22,42,9,0,12
22,43,9,0,9
22,44,9,0,13
22,45,9,0,3
22,46,9,0,22
22,47,9,0,20
22,48,9,0,18
22,49,9,0,2
23,0,9,0,7
23,1,9,0,21
23,2,9,0,9
23,3,9,0,18
23,4,9,0,11
23,5,9,0,11
23,6,9,0,14
23,7,9,0,2
23,8,9,7,1
23,9,7,0,22
23,10,7,0,5
23,11,7,0,3
23,12,7,0,5
23,13,7,0,9
23,14,7,0,10
23,15,7,0,2
23,16,7,0,2
23,17,7,0,7
23,18,7,0,23
23,19,7,0,14
23,20,7,0,7
23,21,9,7,21
23,22,9,0,5
23,23,9,0,19
23,24,9,0,12
23,25,9,0,18
23,26,9,7,1
23,27,7,0,17
23,28,7,0,7
23,29,7,0,11
23,30,7,0,10
23,31,7,0,22
23,32,7,0,19
23,33,7,0,4
23,34,7,0,19
23,35,7,0,8
23,36,7,0,22
23,37,7,0,17
23,38,9,7,6
23,39,9,0,16
23,40,9,0,21
23,41,9,0,2
23,42,9,0,6
23,43,9,0,6
23,44,9,0,7
23,45,9,0,11
23,46,9,0,20
23,47,9,0,17
23,48,9,0,22
23,49,9,0,7
24,0,9,0,10
24,1,9,0,11
24,2,9,0,8
24,3,9,0,22
24,4,9,0,18
24,5,9,0,18
24,6,9,0,7
24,7,9,0,7
24,8,9,7,17
24,9,7,0,16
24,10,7,0,10
24,11,7,0,10
24,12,7,0,19
24,13,7,0,5
24,14,7,0,4
24,15,7,0,10
24,16,7,0,7
24,17,7,0,6
24,18,7,0,14
24,19,7,0,11
24,20,7,0,16
24,21,9,7,21
24,22,9,0,24
24,23,9,0,4
24,24,9,0,10
24,25,9,0,2
24,26,9,7,18
24,27,7,0,7
24,28,7,0,24
24,29,7,0,19
24,30,7,0,5
24,31,7,0,6
24,32,7,0,21
24,33,7,0,5
24,34,7,0,2
24,35,7,0,10
24,36,7,0,7
24,37,7,0,18
24,38,9,7,24
24,39,9,0,5
24,40,9,0,17
24,41,9,0,20
24,42,9,0,12
24,43,9,0,19
24,44,9,0,5
24,45,9,0,12
24,46,9,0,23
24,47,9,0,19
24,48,9,0,17
24,49,9,0,24
25,0,9,0,1
25,1,9,0,8
25,2,9,0,0
25,3,9,0,2
25,4,9,0,5
25,5,9,0,21
25,6,9,0,22
25,7,9,0,2
25,8,9,7,3
25,9,9,7,16
25,10,7,0,3
25,11,7,0,9
25,12,7,0,15
25,13,7,0,23
25,14,7,0,21
25,15,7,0,21
25,16,7,0,3
25,17,7,0,2
25,18,7,0,24
25,19,7,0,13
25,20,7,0,0
25,21,9,7,7
25,22,9,7,20
25,23,9,0,23
25,24,9,7,20
25,25,9,7,15
25,26,7,0,15
25,27,7,0,16
25,28,7,0,24
25,29,7,0,7
25,30,7,0,7
25,31,7,0,23
25,32,9,7,16
25,33,7,0,18
25,34,7,0,5
25,35,7,0,3
25,36,7,0,15
25,37,9,7,6
25,38,9,0,23
25,39,9,0,14
25,40,9,0,18
25,41,9,0,1
25,42,9,0,15
25,43,9,0,11
25,44,9,0,11
25,45,9,0,5
25,46,9,0,20
25,47,9,0,16
25,48,9,0,8
25,49,9,0,3
26,0,9,0,13
26,1,9,0,22
26,2,9,0,22
26,3,9,0,15
26,4,9,0,14
26,5,9,0,2
26,6,9,0,22
26,7,9,0,10
26,8,9,7,4
26,9,9,7,1
26,10,7,0,10
26,11,7,0,4
26,12,7,0,5
26,13,7,0,14
26,14,7,0,7
26,15,7,0,3
26,16,7,0,24
26,17,7,0,23
26,18,7,0,6
26,19,7,0,14
26,20,7,0,17
26,21,9,7,8
26,22,9,7,24
26,23,9,7,0
26,24,9,7,8
26,25,7,0,7
26,26,7,0,22
26,27,7,0,13
26,28,7,0,24
26,29,7,0,22
26,30,7,0,18
26,31,9,7,11
26,32,9,7,17
26,33,7,0,9
26,34,7,0,11
26,35,7,0,20
26,36,7,0,16
26,37,9,7,24
26,38,9,0,3
26,39,9,0,13
26,40,9,0,19
26,41,9,0,20
26,42,9,0,13
26,43,9,0,6
26,44,9,0,10
26,45,9,0,1
26,46,9,0,10
26,47,9,0,16
26,48,9,0,22
26,49,9,0,15
27,0,9,0,13
27,1,9,0,10
27,2,9,0,10
27,3,9,0,7
27,4,9,0,0
27,5,9,0,23
27,6,9,0,21
27,7,9,0,18
27,8,9,0,5
27,9,9,7,1
27,10,9,7,16
27,11,7,0,19
27,12,7,0,13
27,13,7,0,23
27,14,7,0,20
27,15,7,0,24
27,16,7,0,8
27,17,7,0,3
27,18,7,0,17
27,19,7,0,20
27,20,7,0,6
27,21,9,7,6
27,22,9,0,2
27,23,9,7,18
27,24,7,0,9
27,25,7,0,24
27,26,7,0,0
27,27,7,0,0
27,28,7,0,4
27,29,7,0,14
27,30,9,7,19
27,31,9,0,0
27,32,9,7,3
27,33,7,0,15
27,34,7,0,22
27,35,7,0,13
27,36,9,7,9
27,37,9,0,14
27,38,9,0,19
27,39,9,0,10
27,40,9,0,13
27,41,9,0,18
27,42,9,0,10
27,43,9,0,7
27,44,9,0,15
27,45,9,0,8
27,46,9,0,11
27,47,9,0,20
27,48,9,0,24
27,49,9,0,19
28,0,9,0,0
28,1,9,0,5
28,2,9,0,20
28,3,9,0,17
28,4,9,0,13
28,5,9,0,17
28,6,9,0,1
28,7,9,0,18
28,8,9,0,5
28,9,9,7,4
28,10,9,7,1
28,11,7,0,22
28,12,7,0,1
28,13,7,0,17
28,14,7,0,24
28,15,7,0,8
28,16,7,0,12
28,17,7,0,22
28,18,7,0,4
28,19,7,0,13
28,20,7,0,15
28,21,9,7,23
28,22,9,7,15
28,23,7,0,24
28,24,7,0,5
28,25,7,0,0
28,26,7,0,5
28,27,7,0,4
28,28,7,0,19
28,29,9,7,19
28,30,9,0,7
28,31,9,0,0
28,32,9,7,18
28,33,7,0,10
28,34,7,0,8
28,35,9,7,9
28,36,9,0,7
28,37,9,0,24
28,38,9,0,19
28,39,9,0,19
28,40,9,0,8
28,41,9,0,14
28,42,9,0,18
28,43,9,0,12
28,44,9,0,18
28,45,9,0,7
28,46,9,0,17
28,47,9,0,0
28,48,9,0,9
28,49,9,0,11
29,0,9,0,15
29,1,9,0,24
29,2,9,0,4
29,3,9,0,23
29,4,9,0,14
29,5,9,0,5
29,6,9,0,24
29,7,9,0,14
29,8,9,0,9
29,9,9,0,2
29,10,9,7,2
29,11,7,0,24
29,12,7,0,10
29,13,7,0,17
29,14,7,0,22
29,15,7,0,15
29,16,7,0,19
29,17,7,0,14
29,18,7,0,22
29,19,7,0,14
29,20,7,0,20
29,21,9,7,8
29,22,7,0,1
29,23,7,0,22
29,24,7,0,0
29,25,7,0,11
29,26,7,0,23
29,27,7,0,16
29,28,9,7,11
29,29,9,0,17
29,30,9,0,15
29,31,9,7,0
29,32,7,0,24
29,33,7,0,22
29,34,9,7,11
29,35,9,0,14
29,36,9,0,19
29,37,9,0,19
29,38,9,0,16
29,39,9,0,18
29,40,9,0,5
29,41,9,0,11
29,42,9,0,19
29,43,9,0,21
29,44,9,0,18
29,45,9,0,10
29,46,9,0,18
29,47,9,0,8
29,48,9,0,16
29,49,9,0,23
30,0,9,0,13
30,1,9,0,14
30,2,9,0,13
30,3,9,0,1
30,4,9,0,23
30,5,9,0,0
30,6,9,0,16
30,7,9,0,4
30,8,9,0,11
30,9,9,0,21
30,10,9,7,17
30,11,7,0,12
30,12,7,0,1
30,13,7,0,3
30,14,7,0,21
30,15,7,0,22
30,16,7,0,22
30,17,7,0,9
30,18,7,0,24
30,19,7,0,11
30,20,7,0,8
30,21,7,0,19
30,22,7,0,8
30,23,7,0,16
30,24,7,0,13
30,25,7,0,14
30,26,7,0,12
30,27,9,7,6
30,28,9,0,1
30,29,9,0,20
30,30,9,0,4
30,31,9,7,18
30,32,7,0,1
30,33,9,7,6
30,34,9,0,18
30,35,9,0,17
30,36,9,0,2
30,37,9,0,4
30,38,9,0,5
30,39,9,0,23
30,40,9,0,9
30,41,9,0,13
30,42,9,0,2
30,43,9,0,9
30,44,9,0,17
30,45,9,0,6
30,46,9,0,24
30,47,9,0,0
30,48,9,0,9
30,49,9,0,17
31,0,9,0,22
31,1,9,0,15
31,2,9,0,15
31,3,9,0,2
31,4,9,0,23
31,5,9,0,20
31,6,9,0,22
31,7,9,0,9
31,8,9,0,15
31,9,9,0,13
31,10,9,7,2
31,11,7,0,19
31,12,7,0,3
31,13,7,0,12
31,14,7,0,19
31,15,7,0,22
31,16,7,0,0
31,17,7,0,1
31,18,7,0,10
31,19,7,0,23
31,20,7,0,4
31,21,7,0,21
31,22,7,0,11
31,23,7,0,5
31,24,7,0,2
31,25,7,0,16
31,26,7,0,1
31,27,9,7,24
31,28,9,0,17
31,29,9,0,19
31,30,9,7,5
31,31,7,0,14
31,32,7,0,2
31,33,9,7,24
31,34,9,0,7
31,35,9,0,16
31,36,9,0,9
31,37,9,0,0
31,38,9,0,7
31,39,9,0,5
31,40,9,0,19
31,41,9,0,18
31,42,9,0,17
31,43,9,0,10
31,44,9,0,16
31,45,9,0,15
31,46,9,0,2
31,47,9,0,3
31,48,9,0,2
32,0,9,0,11
32,1,9,0,22
32,2,9,0,12
32,3,9,0,18
32,4,9,0,7
32,5,9,0,4
32,6,9,0,16
32,7,9,0,24
32,8,9,0,19
32,9,9,0,0
32,10,9,7,2
32,11,7,0,22
32,12,7,0,21
32,13,7,0,0
32,14,7,0,9
32,15,7,0,24
32,16,7,0,3
32,17,7,0,5
32,18,7,0,14
32,19,7,0,7
32,20,7,0,20
32,21,7,0,0
32,22,7,0,8
32,23,7,0,15
32,24,7,0,10
32,25,7,0,22
32,26,9,7,6
32,27,9,0,7
32,28,9,0,18
32,29,9,7,13
32,30,7,0,8
32,31,7,0,17
32,32,9,7,19
32,33,9,0,4
32,34,9,0,5
32,35,9,0,10
32,36,9,0,13
32,37,9,0,21
32,38,9,0,20
32,39,9,0,16
32,40,9,0,2
32,41,9,0,9
32,42,9,0,9
32,43,9,0,23
32,44,9,0,14
32,45,9,0,11
32,46,9,0,0
32,47,9,0,24
32,48,9,0,15
33,0,9,0,11
33,1,9,0,23
33,2,9,0,14
33,3,9,0,11
33,4,9,0,12
33,5,9,0,3
33,6,9,0,24
33,7,9,0,2
33,8,9,0,14
33,9,9,0,16
33,10,9,7,2
33,11,7,0,5
33,12,7,0,4
33,13,7,0,4
33,14,7,0,5
33,15,7,0,14
33,16,7,0,10
33,17,7,0,24
33,18,7,0,4
33,19,7,0,11
33,20,7,0,22
33,21,7,0,18
33,22,7,0,3
33,23,7,0,1
33,24,9,7,16
33,25,7,0,4
33,26,9,7,22
33,27,9,7,20
33,28,9,7,5
33,29,7,0,1
33,30,7,0,3
33,31,9,7,14
33,32,9,0,21
33,33,9,0,14
33,34,9,0,7
33,35,9,0,2
33,36,9,0,5
33,37,9,0,0
33,38,9,0,4
33,39,9,0,11
33,40,9,0,21
33,41,9,0,9
33,42,9,0,4
33,43,9,0,3
33,44,9,0,16
33,45,9,0,22
33,46,9,0,11
33,47,9,0,1
33,48,9,0,22
34,0,9,0,5
34,1,9,0,10
34,2,9,0,15
34,3,9,0,12
34,4,9,0,15
34,5,9,0,18
34,6,9,0,19
34,7,9,0,18
34,8,9,0,11
34,9,9,0,1
34,10,9,7,3
34,11,7,0,19
34,12,7,0,2
34,13,7,0,20
34,14,7,0,15
34,15,7,0,15
34,16,7,0,0
34,17,7,0,23
34,18,7,0,3
34,19,7,0,15
34,20,7,0,4
34,21,7,0,19
34,22,7,0,23
34,23,9,7,11
34,24,9,7,2
34,25,7,0,22
34,26,9,7,8
34,27,9,7,8
34,28,7,0,16
34,29,7,0,11
34,30,9,7,9
34,31,9,0,22
34,32,9,0,14
34,33,9,0,2
34,34,9,0,23
34,35,9,0,21
34,36,9,0,15
34,37,9,0,10
34,38,9,0,3
34,39,9,0,20
34,40,9,0,6
34,41,9,0,12
34,42,9,0,16
34,43,9,0,7
34,44,9,0,13
34,45,9,0,13
34,46,9,0,22
34,47,9,0,4
34,48,9,0,14
35,0,9,0,9
35,1,9,0,0
35,2,9,0,18
35,3,9,0,22
35,4,9,0,6
35,5,9,0,3
35,6,9,0,2
35,7,9,0,22
35,8,9,0,15
35,9,9,0,9
35,10,9,7,1
35,11,9,7,16
35,12,7,0,22
35,13,7,0,16
35,14,7,0,8
35,15,7,0,12
35,16,7,0,15
35,17,7,0,3
35,18,7,0,18
35,19,7,0,13
35,20,7,0,14
35,21,7,0,9
35,22,9,7,6
35,23,9,0,24
35,24,9,7,18
35,25,7,0,3
35,26,7,0,16
35,27,7,0,21
35,28,7,0,17
35,29,9,7,14
35,30,9,0,21
35,31,9,0,0
35,32,9,0,21
35,33,9,0,9
35,34,9,0,10
35,35,9,0,10
35,36,9,0,11
35,37,9,0,12
35,38,9,0,18
35,39,9,0,19
35,40,9,0,21
35,41,9,0,9
35,42,9,0,21
35,43,9,0,18
35,44,9,0,7
35,45,9,0,11
35,46,9,0,18
35,47,9,0,13
35,48,9,0,23
36,0,9,0,1
36,1,9,0,17
36,2,9,0,19
36,3,9,0,16
36,4,9,0,12
36,5,9,0,5
36,6,9,0,19
36,7,9,0,4
36,8,9,0,18
36,9,9,0,17
36,10,9,7,4
36,11,9,7,1
36,12,7,0,24
36,13,7,0,3
36,14,7,0,5
36,15,7,0,6
36,16,7,0,19
36,17,7,0,21
36,18,7,0,14
36,19,7,0,14
36,20,7,0,16
36,21,7,0,5
36,22,9,7,7
36,23,9,7,13
36,24,7,0,19
36,25,7,0,24
36,26,7,0,12
36,27,7,0,23
36,28,9,7,14
36,29,9,0,9
36,30,9,0,18
36,31,9,0,16
36,32,9,0,20
36,33,9,7,20
36,34,9,7,20
36,35,9,0,8
36,36,9,0,19
36,37,9,0,4
36,38,9,0,19
36,39,9,0,10
36,40,9,0,17
36,41,9,0,24
36,42,9,0,9
36,43,9,0,20
36,44,9,0,0
36,45,9,0,2
36,46,9,0,9
36,47,9,0,21
36,48,9,0,14
37,0,9,0,0
37,1,9,0,2
37,2,9,0,23
37,3,9,0,4
37,4,9,0,15
37,5,9,0,23
37,6,9,0,21
37,7,9,0,9
37,8,9,0,3
37,9,9,0,18
37,10,9,0,14
37,11,9,7,3
37,12,9,7,16
37,13,7,0,24
37,14,7,0,24
37,15,7,0,9
37,16,7,0,14
37,17,7,0,2
37,18,7,0,22
37,19,7,0,3
37,20,7,0,8
37,21,7,0,3
37,22,9,7,8
37,23,7,0,9
37,24,7,0,19
37,25,7,0,10
37,26,7,0,6
37,27,9,7,6
37,28,9,0,23
37,29,9,0,12
37,30,9,0,14
37,31,9,0,11
37,32,9,7,5
37,33,9,7,8
37,34,9,7,24
37,35,9,0,9
37,36,9,0,18
37,37,9,0,2
37,38,9,0,5
37,39,9,0,21
37,40,9,0,4
37,41,9,0,5
37,42,9,0,3
37,43,9,0,22
37,44,9,0,22
37,45,9,0,23
37,46,9,0,2
37,47,9,0,3
37,48,9,0,14
38,0,9,0,17
38,1,9,0,5
38,2,9,0,11
38,3,9,0,21
38,4,9,0,5
38,5,9,0,17
38,6,9,0,15
38,7,9,0,7
38,8,9,0,7
38,9,9,0,8
38,10,9,0,15
38,11,9,7,4
38,12,9,7,2
38,13,7,0,19
38,14,7,0,6
38,15,7,0,8
38,16,7,0,24
38,17,7,0,13
38,18,7,0,1
38,19,7,0,14
38,20,7,0,13
38,21,7,0,15
38,22,7,0,6
38,23,7,0,15
38,24,7,0,10
38,25,7,0,17
38,26,7,0,24
38,27,9,7,24
38,28,9,0,3
38,29,9,0,15
38,30,9,0,17
38,31,9,7,13
38,32,7,0,3
38,33,9,7,6
38,34,9,0,13
38,35,9,0,0
38,36,9,0,12
38,37,9,0,6
38,38,9,0,5
38,39,9,0,0
38,40,9,0,1
38,41,9,0,8
38,42,9,0,10
38,43,9,0,15
38,44,9,0,0
38,45,9,0,18
38,46,9,0,6
38,47,9,0,15
38,48,9,0,4
39,0,9,0,12
39,1,9,0,17
39,2,9,0,14
39,3,9,0,8
39,4,9,0,19
39,5,9,0,18
39,6,9,0,18
39,7,9,0,1
39,8,9,0,20
39,9,9,0,15
39,10,9,0,20
39,11,9,0,23
39,12,9,7,2
39,13,7,0,18
39,14,7,0,20
39,15,7,0,23
39,16,7,0,14
39,17,7,0,19
39,18,7,0,14
39,19,7,0,5
39,20,7,0,1
39,21,7,0,17
39,22,7,0,3
39,23,7,0,8
39,24,9,7,16
39,25,9,7,16
39,26,9,7,9
39,27,9,0,12
39,28,9,0,23
39,29,9,0,20
39,30,9,7,0
39,31,7,0,22
39,32,7,0,14
39,33,9,7,24
39,34,9,0,11
39,35,9,0,20
39,36,9,0,17
39,37,9,0,1
39,38,9,0,2
39,39,9,0,19
39,40,9,0,11
39,41,9,0,22
39,42,9,0,21
39,43,9,0,10
39,44,9,0,19
39,45,9,0,7
39,46,9,0,22
39,47,9,0,4
39,48,9,0,0
40,0,9,0,4
40,1,9,0,6
40,2,9,0,5
40,3,9,0,4
40,4,9,0,2
40,5,9,0,0
40,6,9,0,19
40,7,9,0,0
40,8,9,0,2
40,9,9,0,17
40,10,9,0,19
40,11,9,0,23
40,12,9,7,17
40,13,9,7,16
40,14,7,0,22
40,15,7,0,2
40,16,7,0,15
40,17,7,0,20
40,18,7,0,0
40,19,7,0,18
40,20,7,0,0
40,21,7,0,19
40,22,7,0,22
40,23,9,7,11
40,24,9,7,4
40,25,9,7,4
40,26,9,0,9
40,27,9,0,12
40,28,9,0,2
40,29,9,0,6
40,30,9,7,18
40,31,7,0,11
40,32,9,7,19
40,33,9,0,18
40,34,9,0,22
40,35,9,0,12
40,36,9,0,17
40,37,9,0,24
40,38,9,0,2
40,39,9,0,14
40,40,9,0,16
40,41,9,0,4
40,42,9,0,0
40,43,9,0,7
40,44,9,0,12
40,45,9,0,23
40,46,9,0,22
40,47,9,0,17
40,48,9,0,23
41,0,9,0,12
41,1,9,0,14
41,2,9,0,22
41,3,9,0,0
41,4,9,0,18
41,5,9,0,8
41,6,9,0,0
41,7,9,0,11
41,8,9,0,10
41,9,9,0,22
41,10,9,0,10
41,11,9,0,17
41,12,9,7,4
41,13,9,7,2
41,14,7,0,3
41,15,7,0,21
41,16,7,0,22
41,17,7,0,17
41,18,7,0,17
41,19,7,0,13
41,20,7,0,5
41,21,9,7,16
41,22,9,7,9
41,23,9,0,14
41,24,9,0,0
41,25,9,0,13
41,26,9,0,11
41,27,9,0,22
41,28,9,0,24
41,29,9,7,15
41,30,7,0,11
41,31,9,7,14
41,32,9,0,9
41,33,9,0,12
41,34,9,0,20
41,35,9,0,11
41,36,9,0,3
41,37,9,0,22
41,38,9,0,19
41,39,9,0,24
41,40,9,0,3
41,41,9,0,13
41,42,9,0,9
41,43,9,0,6
41,44,9,0,8
41,45,9,0,1
41,46,9,0,12
41,47,9,0,21
41,48,9,0,20
42,0,9,0,7
42,1,9,0,1
42,2,9,0,18
42,3,9,0,10
42,4,9,0,13
42,5,9,0,23
42,6,9,0,23
42,7,9,0,16
42,8,9,0,4
42,9,9,0,7
42,10,9,0,19
42,11,9,0,23
42,12,9,0,21
42,13,9,7,3
42,14,9,7,16
42,15,9,7,16
42,16,7,0,2
42,17,7,0,24
42,18,7,0,14
42,19,7,0,24
42,20,9,7,6
42,21,9,7,4
42,22,9,0,14
42,23,9,0,8
42,24,9,0,21
42,25,9,0,19
42,26,9,0,13
42,27,9,0,13
42,28,9,7,15
42,29,7,0,17
42,30,9,7,6
42,31,9,0,23
42,32,9,0,11
42,33,9,0,16
42,34,9,0,16
42,35,9,0,6
42,36,9,0,24
42,37,9,0,2
42,38,9,0,5
42,39,9,0,7
42,40,9,0,20
42,41,9,0,2
42,42,9,0,21
42,43,9,0,16
42,44,9,0,12
42,45,9,0,11
42,46,9,0,8
42,47,9,0,17
42,48,9,0,8
43,0,9,0,17
43,1,9,0,16
43,2,9,0,15
43,3,9,0,3
43,4,9,0,19
43,5,9,0,21
43,6,9,0,23
43,7,9,0,8
43,8,9,0,13
43,9,9,0,18
43,10,9,0,18
43,11,9,0,12
43,12,9,0,2
43,13,9,7,4
43,14,9,7,4
43,15,9,7,17
43,16,7,0,17
43,17,7,0,11
43,18,7,0,15
43,19,7,0,24
43,20,9,7,24
43,21,9,0,14
43,22,9,0,2
43,23,9,0,3
43,24,9,0,15
43,25,9,0,7
43,26,9,0,11
43,27,9,7,0
43,28,7,0,4
43,29,7,0,0
43,30,9,7,24
43,31,9,0,15
43,32,9,0,2
43,33,9,0,14
43,34,9,0,20
43,35,9,0,4
43,36,9,0,14
43,37,9,0,15
43,38,9,0,6
43,39,9,0,17
43,40,9,0,11
43,41,9,0,14
43,42,9,0,10
43,43,9,0,0
43,44,9,0,16
43,45,9,0,18
43,46,9,0,21
43,47,9,0,18
43,48,9,0,0
44,0,9,0,0
44,1,9,0,23
44,2,9,0,0
44,3,9,0,15
44,4,9,0,14
44,5,9,0,19
44,6,9,0,7
44,7,9,0,7
44,8,9,0,20
44,9,9,0,0
44,10,9,0,8
44,11,9,0,3
44,12,9,0,4
44,13,9,0,17
44,14,9,0,7
44,15,9,7,3
44,16,9,7,16
44,17,7,0,16
44,18,7,0,12
44,19,9,7,9
44,20,9,0,19
44,21,9,0,21
44,22,9,0,3
44,23,9,0,24
44,24,9,0,11
44,25,9,0,9
44,26,9,0,22
44,27,9,7,18
44,28,7,0,6
44,29,9,7,6
44,30,9,0,18
44,31,9,0,4
44,32,9,0,14
44,33,9,0,10
44,34,9,0,5
44,35,9,0,7
44,36,9,0,13
44,37,9,0,13
44,38,9,0,24
44,39,9,0,14
44,40,9,0,18
44,41,9,0,5
44,42,9,0,12
44,43,9,0,3
44,44,9,0,9
44,45,9,0,21
44,46,9,0,7
44,47,9,0,18
44,48,9,0,18
45,0,9,0,22
45,1,9,0,23
45,2,9,0,13
45,3,9,0,9
45,4,9,0,20
45,5,9,0,19
45,6,9,0,14
45,7,9,0,8
45,8,9,0,9
45,9,9,0,4
45,10,9,0,23
45,11,9,0,5
45,12,9,0,18
45,13,9,0,18
45,14,9,0,16
45,15,9,7,4
45,16,9,7,2
45,17,7,0,19
45,18,9,7,6
45,19,9,0,14
45,20,9,0,3
45,21,9,0,18
45,22,9,0,23
45,23,9,0,10
45,24,9,0,19
45,25,9,0,10
45,26,9,7,0
45,27,7,0,6
45,28,7,0,18
45,29,9,7,24
45,30,9,0,24
45,31,9,0,23
45,32,9,0,15
45,33,9,0,0
45,34,9,0,8
45,35,9,0,8
45,36,9,0,17
45,37,9,0,11
45,38,9,0,12
45,39,9,0,17
45,40,9,0,15
45,41,9,0,16
45,42,9,0,24
45,43,9,0,13
45,44,9,0,8
45,45,9,0,20
45,46,9,0,22
45,47,9,0,24
45,48,9,0,5
46,0,9,0,19
46,1,9,0,14
46,2,9,0,13
46,3,9,0,14
46,4,9,0,16
46,5,9,0,11
46,6,9,0,16
46,7,9,0,8
46,8,9,0,20
46,9,9,0,15
46,10,9,0,6
46,11,9,0,10
46,12,9,0,3
46,13,9,0,24
46,14,9,0,3
46,15,9,0,9
46,16,9,7,2
46,17,9,7,16
46,18,9,7,24
46,19,9,0,15
46,20,9,0,17
46,21,9,0,13
46,22,9,0,10
46,23,9,0,6
46,24,9,0,2
46,25,9,0,0
46,26,9,7,1
46,27,9,7,16
46,28,9,7,11
46,29,9,0,14
46,30,9,0,0
46,31,9,0,23
46,32,9,0,7
46,33,9,0,18
46,34,9,0,5
46,35,9,0,7
46,36,9,0,24
46,37,9,0,7
46,38,9,0,18
46,39,9,0,4
46,40,9,0,9
46,41,9,0,6
46,42,9,0,14
46,43,9,0,20
46,44,9,0,1
46,45,9,0,13
46,46,9,0,10
46,47,9,0,13
46,48,9,0,13
47,0,9,0,20
47,1,9,0,11
47,2,9,0,15
47,3,9,0,17
47,4,9,0,0
47,5,9,0,1
47,6,9,0,11
47,7,9,0,3
47,8,9,0,4
47,9,9,0,13
47,10,9,0,7
47,11,9,0,8
47,12,9,0,0
47,13,9,0,10
47,14,9,0,3
47,15,9,0,21
47,16,9,7,4
47,17,9,7,4
47,18,9,0,18
47,19,9,0,21
47,20,9,0,22
47,21,9,0,20
47,22,9,0,9
47,23,9,0,18
47,24,9,0,6
47,25,9,0,20
47,26,9,7,4
47,27,9,7,4
47,28,9,0,1
47,29,9,0,1
47,30,9,0,0
47,31,9,0,23
47,32,9,0,15
47,33,9,0,14
47,34,9,0,23
47,35,9,0,8
47,36,9,0,0
47,37,9,0,4
47,38,9,0,10
47,39,9,0,10
47,40,9,0,0
47,41,9,0,18
47,42,9,0,21
47,43,9,0,21
47,44,9,0,18
47,45,9,0,9
47,46,9,0,3
47,47,9,0,15
47,48,9,0,15
48,0,9,0,8
48,1,9,0,12
48,2,9,0,18
48,3,9,0,7
48,4,9,0,21
48,5,9,0,8
48,6,9,0,21
48,7,9,0,17
48,8,9,0,11
48,9,9,0,23
48,10,9,0,2
48,11,9,0,18
48,12,9,0,2
48,13,9,0,14
48,14,9,0,7
48,15,9,0,16
48,16,9,0,10
48,17,9,0,2
48,18,9,0,0
48,19,9,0,1
48,20,9,0,21
48,21,9,0,17
48,22,9,0,3
48,23,9,0,2
48,24,9,0,0
48,25,9,0,2
48,26,9,0,6
48,27,9,0,10
48,28,9,0,9
48,29,9,0,8
48,30,9,0,18
48,31,9,0,23
48,32,9,0,17
48,33,9,0,3
48,34,9,0,8
48,35,9,0,18
48,36,9,0,7
48,37,9,0,24
48,38,9,0,15
48,39,9,0,7
48,40,9,0,10
48,41,9,0,0
48,42,9,0,0
48,43,9,0,14
48,44,9,0,4
48,45,9,0,15
48,46,9,0,19
48,47,9,0,4
48,48,9,0,14
49,0,9,0,19
49,1,9,0,14
49,2,9,0,9
49,3,9,0,9
49,4,9,0,13
49,5,9,0,21
49,6,9,0,7
49,7,9,0,6
49,8,9,7,20
49,9,9,7,20
49,10,9,7,20
49,11,9,7,20
49,12,9,7,20
49,13,9,0,18
49,14,9,0,15
49,15,9,0,14
49,16,9,0,7
49,17,9,0,0
49,18,9,0,0
49,19,9,0,23
49,20,9,0,20
49,21,9,0,3
49,22,9,0,14
49,23,9,0,5
49,24,9,0,21
49,25,9,0,12
49,26,9,0,18
49,27,9,0,8
49,28,9,0,13
49,29,9,0,12
49,30,9,0,21
49,31,9,0,22
49,32,9,0,12
49,33,9,0,20
49,34,9,0,12
49,35,9,0,11
49,36,9,0,9
49,37,9,0,20
49,38,9,0,5
49,39,9,0,21
49,40,9,0,21
49,41,9,0,9
49,42,9,0,1
49,43,9,0,2
49,44,9,0,12
49,45,9,0,19
49,46,9,0,19
49,47,9,0,12
49,48,9,0,5
50,0,9,0,1
50,1,9,0,7
50,2,9,0,23
50,3,9,0,14
50,4,9,0,23
50,5,9,0,23
50,6,9,0,8
50,7,9,7,15
50,8,9,7,8
50,9,9,7,8
50,10,9,7,8
50,11,9,7,8
50,12,9,7,7
50,13,9,7,20
50,14,9,0,21
50,15,9,0,22
50,16,9,0,16
50,17,9,0,23
50,18,9,0,8
50,19,9,0,5
50,20,9,0,13
50,21,9,0,20
50,22,9,0,19
50,23,9,0,0
50,24,9,0,13
50,25,9,0,3
50,26,9,0,6
50,27,9,0,3
50,28,9,0,0
50,29,9,0,9
50,30,9,0,12
50,31,9,0,13
50,32,9,0,13
50,33,9,0,9
50,34,9,0,23
50,35,9,0,4
50,36,9,0,19
50,37,9,0,19
50,38,9,0,9
50,39,9,0,23
50,40,9,0,18
50,41,9,0,7
50,42,9,0,11
50,43,9,0,9
50,44,9,0,11
50,45,9,0,11
50,46,9,0,14
50,47,9,0,22
50,48,9,0,11
51,0,9,0,3
51,1,9,0,19
51,2,9,0,0
51,3,9,0,21
51,4,9,0,19
51,5,9,0,23
51,6,9,7,0
51,7,7,0,4
51,8,7,0,23
51,9,7,0,15
51,10,7,0,17
51,11,7,0,23
51,12,9,7,8
51,13,9,7,22
51,14,9,0,9
51,15,9,0,18
51,16,9,0,20
51,17,9,0,9
51,18,9,0,13
51,19,9,0,2
51,20,9,0,19
51,21,9,0,24
51,22,9,0,4
51,23,9,0,7
51,24,9,0,15
51,25,9,0,9
51,26,9,0,17
51,27,9,0,3
51,28,9,0,14
51,29,9,0,20
51,30,9,0,21
51,31,9,0,8
51,32,9,0,10
51,33,9,0,1
51,34,9,0,24
51,35,9,0,8
51,36,9,0,2
51,37,9,0,8
51,38,9,0,21
51,39,9,0,22
51,40,9,0,8
51,41,9,0,14
51,42,9,0,20
51,43,9,0,15
51,44,9,7,20
51,45,9,0,1
51,46,9,0,13
51,47,9,0,11
51,48,9,0,8
52,0,9,0,7
52,1,9,0,12
52,2,9,0,12
52,3,9,0,20
52,4,9,0,9
52,5,9,0,11
52,6,9,7,18
52,7,7,0,5
52,8,7,0,24
52,9,7,0,13
52,10,7,0,7
52,11,7,0,23
52,12,7,0,1
52,13,9,7,24
52,14,9,0,1
52,15,9,0,18
52,16,9,0,8
52,17,9,0,7
52,18,9,0,18
52,19,9,0,15
52,20,9,0,3
52,21,9,0,22
52,22,9,0,13
52,23,9,0,5
52,24,9,0,1
52,25,9,0,19
52,26,9,0,15
52,27,9,0,13
52,28,9,0,2
52,29,9,0,0
52,30,9,0,1
52,31,9,0,18
52,32,9,0,3
52,33,9,0,6
52,34,9,0,8
52,35,9,0,4
52,36,9,0,0
52,37,9,0,3
52,38,9,0,17
52,39,9,0,5
52,40,9,0,19
52,41,9,0,8
52,42,9,0,0
52,43,9,7,5
52,44,9,7,21
52,45,9,0,16
52,46,9,0,15
52,47,9,0,1
52,48,9,0,14
53,0,9,0,12
53,1,9,0,16
53,2,9,0,3
53,3,9,0,24
53,4,9,0,9
53,5,9,7,0
53,6,7,0,12
53,7,7,0,6
53,8,7,0,21
53,9,7,0,22
53,10,7,0,18
53,11,7,0,14
53,12,9,7,6
53,13,9,0,11
53,14,9,0,18
53,15,9,0,13
53,16,9,0,2
53,17,9,0,4
53,18,9,0,9
53,19,9,0,13
53,20,9,0,17
53,21,9,0,1
53,22,9,0,2
53,23,9,0,16
53,24,9,0,23
53,25,9,0,8
53,26,9,0,7
53,27,9,0,19
53,28,9,0,14
53,29,9,0,12
53,30,9,0,8
53,31,9,0,12
53,32,9,0,16
53,33,9,0,12
53,34,9,0,3
53,35,9,0,18
53,36,9,0,8
53,37,9,0,23
53,38,9,0,1
53,39,9,0,9
53,40,9,0,13
53,41,9,0,14
53,42,9,7,0
53,43,7,0,14
53,44,9,7,23
53,45,9,0,19
53,46,9,0,9
53,47,9,0,13
53,48,9,0,22
54,0,9,0,2
54,1,9,0,20
54,2,9,0,1
54,3,9,0,11
54,4,9,0,21
54,5,9,7,3
54,6,7,0,21
54,7,7,0,6
54,8,7,0,15
54,9,7,0,16
54,10,7,0,12
54,11,7,0,4
54,12,9,7,24
54,13,9,0,22
54,14,9,0,8
54,15,9,0,11
54,16,9,0,6
54,17,9,0,1
54,18,9,0,14
54,19,9,0,4
54,20,9,0,16
54,21,9,0,5
54,22,9,0,9
54,23,9,0,19
54,24,9,0,2
54,25,9,0,23
54,26,9,0,1
54,27,9,0,2
54,28,9,0,11
54,29,9,0,7
54,30,9,0,10
54,31,9,0,18
54,32,9,0,18
54,33,9,0,0
54,34,9,0,20
54,35,9,0,1
54,36,9,0,10
54,37,9,7,20
54,38,9,0,16
54,39,9,0,24
54,40,9,0,0
54,41,9,7,20
54,42,9,7,18
54,43,7,0,14
54,44,9,7,22
54,45,9,0,9
54,46,9,0,15
54,47,9,0,17
54,48,9,0,21
55,0,9,0,22
55,1,9,0,23
55,2,9,0,5
55,3,9,0,13
55,4,9,0,12
55,5,9,7,3
55,6,7,0,7
55,7,7,0,4
55,8,7,0,19
55,9,7,0,2
55,10,7,0,2
55,11,9,7,6
55,12,9,0,7
55,13,9,0,24
55,14,9,0,24
55,15,9,0,19
55,16,9,0,20
55,17,9,0,11
55,18,9,0,22
55,19,9,0,5
55,20,9,0,18
55,21,9,0,15
55,22,9,0,20
55,23,9,0,17
55,24,9,0,12
55,25,9,0,6
55,26,9,0,2
55,27,9,0,18
55,28,9,0,17
55,29,9,0,6
55,30,9,0,24
55,31,9,0,20
55,32,9,0,22
55,33,9,0,13
55,34,9,0,21
55,35,9,0,23
55,36,9,7,10
55,37,9,7,23
55,38,9,0,5
55,39,9,0,5
55,40,9,7,13
55,41,9,7,8
55,42,7,0,13
55,43,7,0,4
55,44,9,7,24
55,45,9,0,2
55,46,9,0,10
55,47,9,0,13
55,48,9,0,3
56,0,9,0,23
56,1,9,0,7
56,2,9,0,8
56,3,9,0,7
56,4,9,0,0
56,5,9,7,2
56,6,7,0,11
56,7,7,0,4
56,8,7,0,17
56,9,7,0,18
56,10,7,0,4
56,11,9,7,24
56,12,9,0,21
56,13,9,0,4
56,14,9,0,14
56,15,9,0,15
56,16,9,0,14
56,17,9,0,10
56,18,9,0,12
56,19,9,0,15
56,20,9,0,16
56,21,9,0,16
56,22,9,0,23
56,23,9,0,1
56,24,9,0,19
56,25,9,0,4
56,26,9,0,4
56,27,9,0,15
56,28,9,0,7
56,29,9,0,1
56,30,9,0,13
56,31,9,0,19
56,32,9,0,6
56,33,9,0,6
56,34,9,7,20
56,35,9,7,10
56,36,7,0,13
56,37,9,7,23
56,38,9,0,23
56,39,9,7,0
56,40,7,0,24
56,41,7,0,4
56,42,7,0,2
56,43,9,7,6
56,44,9,0,8
56,45,9,0,15
56,46,9,0,12
56,47,9,0,1
56,48,9,0,8
57,0,9,0,4
57,1,9,0,1
57,2,9,0,10
57,3,9,0,6
57,4,9,0,11
57,5,9,7,1
57,6,7,0,21
57,7,7,0,15
57,8,7,0,17
57,9,7,0,24
57,10,9,7,11
57,11,9,0,5
57,12,9,0,16
57,13,9,0,11
57,14,9,0,15
57,15,9,0,5
57,16,9,0,7
57,17,9,0,8
57,18,9,0,0
57,19,9,0,20
57,20,9,0,21
57,21,9,0,15
57,22,9,0,16
57,23,9,0,21
57,24,9,0,23
57,25,9,0,14
57,26,9,0,1
57,27,9,0,21
57,28,9,0,11
57,29,9,0,19
57,30,9,0,20
57,31,9,0,6
57,32,9,0,21
57,33,9,7,5
57,34,9,7,8
57,35,7,0,19
57,36,7,0,8
57,37,9,7,23
57,38,9,7,20
57,39,9,7,18
57,40,7,0,3
57,41,7,0,6
57,42,7,0,0
57,43,9,7,22
57,44,9,0,23
57,45,9,0,12
57,46,9,0,23
57,47,9,0,12
57,48,9,0,3
58,0,9,0,12
58,1,9,0,21
58,2,9,0,0
58,3,9,0,19
58,4,9,0,9
58,5,9,7,3
58,6,7,0,3
58,7,7,0,13
58,8,7,0,23
58,9,9,7,14
58,10,9,0,9
58,11,9,0,24
58,12,9,0,6
58,13,9,0,20
58,14,9,0,17
58,15,9,0,2
58,16,9,0,12
58,17,9,0,23
58,18,9,0,10
58,19,9,0,22
58,20,9,0,14
58,21,9,0,10
58,22,9,0,20
58,23,9,0,22
58,24,9,0,18
58,25,9,0,2
58,26,9,0,5
58,27,9,0,19
58,28,9,0,6
58,29,9,0,24
58,30,9,0,20
58,31,9,0,4
58,32,9,7,13
58,33,7,0,6
58,34,7,0,24
58,35,7,0,8
58,36,7,0,5
58,37,9,7,8
58,38,9,7,8
58,39,7,0,24
58,40,7,0,10
58,41,7,0,8
58,42,7,0,8
58,43,9,7,24
58,44,9,0,8
58,45,9,0,21
58,46,9,0,15
58,47,9,0,23
58,48,9,0,7
59,0,9,0,17
59,1,9,0,14
59,2,9,0,23
59,3,9,0,16
59,4,9,0,10
59,5,9,7,2
59,6,7,0,20
59,7,7,0,20
59,8,9,7,9
59,9,9,0,16
59,10,9,0,16
59,11,9,0,18
59,12,9,0,7
59,13,9,0,7
59,14,9,0,9
59,15,9,0,21
59,16,9,0,10
59,17,9,0,18
59,18,9,0,11
59,19,9,0,15
59,20,9,0,8
59,21,9,0,0
59,22,9,0,14
59,23,9,0,12
59,24,9,0,21
59,25,9,0,18
59,26,9,0,13
59,27,9,0,20
59,28,9,0,10
59,29,9,0,8
59,30,9,7,20
59,31,9,7,15
59,32,7,0,23
59,33,7,0,10
59,34,7,0,9
59,35,7,0,11
59,36,7,0,5
59,37,7,0,3
59,38,7,0,5
59,39,7,0,11
59,40,7,0,16
59,41,7,0,18
59,42,9,7,6
59,43,9,0,21
59,44,9,0,22
59,45,9,0,0
59,46,9,0,20
59,47,9,0,13
59,48,9,0,24
60,0,9,0,7
60,1,9,0,13
60,2,9,0,21
60,3,9,0,10
60,4,9,0,8
60,5,9,7,17
60,6,9,7,16
60,7,9,7,19
60,8,9,0,10
60,9,9,0,7
60,10,9,0,18
60,11,9,0,2
60,12,9,0,9
60,13,9,0,17
60,14,9,0,4
60,15,9,0,15
60,16,9,0,3
60,17,9,0,0
60,18,9,0,14
60,19,9,0,12
60,20,9,0,17
60,21,9,0,15
60,22,9,0,16
60,23,9,0,8
60,24,9,0,18
60,25,9,0,8
60,26,9,0,8
60,27,9,0,2
60,28,9,0,1
60,29,9,7,5
60,30,9,7,8
60,31,7,0,0
60,32,7,0,10
60,33,7,0,0
60,34,7,0,11
60,35,7,0,1
60,36,7,0,14
60,37,7,0,10
60,38,7,0,3
60,39,7,0,0
60,40,7,0,2
60,41,7,0,18
60,42,9,7,23
60,43,9,0,2
60,44,9,0,24
60,45,9,0,9
60,46,9,0,19
60,47,9,0,20
60,48,9,0,22
61,0,9,0,3
61,1,9,0,20
61,2,9,0,24
61,3,9,0,16
61,4,9,0,23
61,5,9,7,4
61,6,9,7,4
61,7,9,0,22
61,8,9,0,11
61,9,9,0,1
61,10,9,0,8
61,11,9,0,5
61,12,9,0,16
61,13,9,0,8
61,14,9,0,12
61,15,9,0,22
61,16,9,0,5
61,17,9,0,6
61,18,9,0,24
61,19,9,0,5
61,20,9,0,14
61,21,9,0,0
61,22,9,0,15
61,23,9,0,12
61,24,9,0,18
61,25,9,0,13
61,26,9,0,4
61,27,9,0,8
61,28,9,7,0
61,29,7,0,22
61,30,7,0,12
61,31,7,0,8
61,32,7,0,20
61,33,7,0,1
61,34,7,0,16
61,35,7,0,15
61,36,7,0,4
61,37,7,0,7
61,38,7,0,12
61,39,7,0,19
61,40,7,0,22
61,41,7,0,4
61,42,9,7,22
61,43,9,0,21
61,44,9,0,2
61,45,9,0,21
61,46,9,0,13
61,47,9,0,12
61,48,9,0,8
62,0,9,0,9
62,1,9,0,3
62,2,9,0,20
62,3,9,0,22
62,4,9,0,6
62,5,9,0,17
62,6,9,0,11
62,7,9,0,17
62,8,9,0,13
62,9,9,0,0
62,10,9,0,4
62,11,9,0,18
62,12,9,0,1
62,13,9,0,4
62,14,9,0,8
62,15,9,0,13
62,16,9,0,11
62,17,9,0,21
62,18,9,0,21
62,19,9,0,24
62,20,9,0,9
62,21,9,0,19
62,22,9,0,8
62,23,9,0,7
62,24,9,0,7
62,25,9,0,16
62,26,9,0,11
62,27,9,0,7
62,28,9,7,18
62,29,7,0,12
62,30,7,0,10
62,31,7,0,9
62,32,7,0,1
62,33,7,0,2
62,34,7,0,12
62,35,7,0,1
62,36,7,0,18
62,37,7,0,3
62,38,7,0,2
62,39,7,0,22
62,40,7,0,14
62,41,7,0,6
62,42,9,7,24
62,43,9,0,16
62,44,9,0,13
62,45,9,0,4
62,46,9,0,11
62,47,9,0,18
62,48,9,0,22
63,0,9,0,0
63,1,9,0,3
63,2,9,0,13
63,3,9,0,0
63,4,9,0,4
63,5,9,0,10
63,6,9,0,15
63,7,9,0,24
63,8,9,0,5
63,9,9,0,12
63,10,9,0,14
63,11,9,0,5
63,12,9,0,18
63,13,9,0,19
63,14,9,0,14
63,15,9,0,24
63,16,9,0,3
63,17,9,0,24
63,18,9,0,9
63,19,9,0,15
63,20,9,0,21
63,21,9,0,13
63,22,9,0,14
63,23,9,0,9
63,24,9,0,16
63,25,9,0,18
63,26,9,0,20
63,27,9,7,15
63,28,7,0,0
63,29,7,0,1
63,30,7,0,5
63,31,7,0,8
63,32,7,0,11
63,33,7,0,14
63,34,7,0,15
63,35,7,0,7
63,36,7,0,0
63,37,7,0,8
63,38,7,0,8
63,39,7,0,22
63,40,7,0,8
63,41,9,7,6
63,42,9,0,13
63,43,9,0,17
63,44,9,0,20
63,45,9,0,1
63,46,9,0,6
63,47,9,0,11
63,48,9,0,7
64,0,9,0,0
64,1,9,0,11
64,2,9,0,20
64,3,9,0,10
64,4,9,0,0
64,5,9,0,17
64,6,9,0,4
64,7,9,0,0
64,8,9,0,13
64,9,9,0,18
64,10,9,0,15
64,11,9,0,4
64,12,9,0,13
64,13,9,0,22
64,14,9,0,16
64,15,9,0,22
64,16,9,0,21
64,17,9,0,8
64,18,9,0,12
64,19,9,0,22
64,20,9,0,12
64,21,9,0,3
64,22,9,0,16
64,23,9,0,3
64,24,9,0,12
64,25,9,0,11
64,26,9,7,0
64,27,7,0,3
64,28,7,0,11
64,29,7,0,23
64,30,7,0,15
64,31,7,0,18
64,32,7,0,3
64,33,7,0,9
64,34,7,0,18
64,35,7,0,4
64,36,7,0,20
64,37,7,0,19
64,38,7,0,24
64,39,7,0,21
64,40,7,0,22
64,41,9,7,21
64,42,9,0,2
64,43,9,0,12
64,44,9,0,17
64,45,9,0,12
64,46,9,0,7
64,47,9,0,18
64,48,9,0,5
65,0,9,0,4
65,1,9,0,10
65,2,9,0,12
65,3,9,0,16
65,4,9,0,13
65,5,9,0,24
65,6,9,0,12
65,7,9,0,14
65,8,9,0,18
65,9,9,0,0
65,10,9,0,14
65,11,9,0,22
65,12,9,0,1
65,13,9,0,7
65,14,9,0,6
65,15,9,0,20
65,16,9,0,12
65,17,9,0,20
65,18,9,0,1
65,19,9,0,11
65,20,9,0,14
65,21,9,0,22
65,22,9,0,7
65,23,9,0,0
65,24,9,0,20
65,25,9,0,8
65,26,9,7,18
65,27,7,0,0
65,28,7,0,1
65,29,7,0,18
65,30,7,0,0
65,31,7,0,12
65,32,7,0,23
65,33,7,0,23
65,34,7,0,18
65,35,7,0,22
65,36,7,0,19
65,37,7,0,14
65,38,7,0,20
65,39,7,0,11
65,40,7,0,13
65,41,9,7,22
65,42,9,0,7
65,43,9,0,15
65,44,9,0,24
65,45,9,0,4
65,46,9,0,4
65,47,9,0,17
65,48,9,0,8
66,0,9,0,17
66,1,9,0,13
66,2,9,0,15
66,3,9,0,18
66,4,9,0,3
66,5,9,0,17
66,6,9,0,24
66,7,9,0,3
66,8,9,0,8
66,9,9,0,1
66,10,9,0,4
66,11,9,0,15
66,12,9,0,17
66,13,9,0,5
66,14,9,0,4
66,15,9,0,7
66,16,9,0,10
66,17,9,0,7
66,18,9,0,18
66,19,9,0,9
66,20,9,0,22
66,21,9,0,1
66,22,9,0,16
66,23,9,0,9
66,24,9,0,4
66,25,9,7,10
66,26,7,0,1
66,27,7,0,4
66,28,7,0,14
66,29,7,0,9
66,30,7,0,0
66,31,7,0,21
66,32,7,0,15
66,33,7,0,17
66,34,7,0,20
66,35,7,0,23
66,36,7,0,13
66,37,7,0,8
66,38,7,0,11
66,39,7,0,20
66,40,7,0,23
66,41,9,7,21
66,42,9,0,3
66,43,9,0,7
66,44,9,0,23
66,45,9,0,17
66,46,9,0,6
66,47,9,0,23
66,48,9,0,14
67,0,9,0,12
67,1,9,0,4
67,2,9,0,20
67,3,9,0,13
67,4,9,0,16
67,5,9,0,0
67,6,9,0,13
67,7,9,0,7
67,8,9,0,14
67,9,9,0,17
67,10,9,0,3
67,11,9,0,17
67,12,9,0,21
67,13,9,0,5
67,14,9,0,10
67,15,9,0,2
67,16,9,0,17
67,17,9,0,16
67,18,9,0,3
67,19,9,0,12
67,20,9,0,15
67,21,9,0,18
67,22,9,0,19
67,23,9,0,20
67,24,9,7,0
67,25,7,0,20
67,26,7,0,20
67,27,7,0,21
67,28,7,0,21
67,29,7,0,23
67,30,7,0,18
67,31,7,0,17
67,32,7,0,3
67,33,7,0,23
67,34,7,0,18
67,35,7,0,16
67,36,7,0,11
67,37,7,0,6
67,38,7,0,16
67,39,7,0,0
67,40,7,0,11
67,41,9,7,22
67,42,9,0,0
67,43,9,0,8
67,44,9,0,9
67,45,9,0,6
67,46,9,0,8
67,47,9,0,3
67,48,9,0,4
68,0,9,0,17
68,1,9,0,8
68,2,9,0,23
68,3,9,0,11
68,4,9,0,0
68,5,9,0,12
68,6,9,0,18
68,7,9,0,7
68,8,9,0,19
68,9,9,0,5
68,10,9,0,2
68,11,9,0,6
68,12,9,0,7
68,13,9,0,8
68,14,9,0,17
68,15,9,0,9
68,16,9,0,13
68,17,9,0,11
68,18,9,0,12
68,19,9,0,23
68,20,9,0,12
68,21,9,7,20
68,22,9,0,1
68,23,9,0,3
68,24,9,7,18
68,25,7,0,14
68,26,7,0,10
68,27,7,0,14
68,28,7,0,15
68,29,7,0,1
68,30,7,0,22
68,31,7,0,3
68,32,7,0,14
68,33,7,0,19
68,34,7,0,19
68,35,7,0,5
68,36,7,0,2
68,37,9,7,16
68,38,7,0,14
68,39,7,0,23
68,40,7,0,8
68,41,9,7,22
68,42,9,0,6
68,43,9,0,5
68,44,9,0,24
68,45,9,0,3
68,46,9,0,9
68,47,9,0,10
68,48,9,0,24
69,0,9,0,21
69,1,9,0,4
69,2,9,0,3
69,3,9,0,7
69,4,9,0,13
69,5,9,0,11
69,6,9,0,6
69,7,9,0,18
69,8,9,0,9
69,9,9,0,17
69,10,9,0,11
69,11,9,0,17
69,12,9,0,16
69,13,9,0,0
69,14,9,0,8
69,15,9,0,17
69,16,9,0,22
69,17,9,0,18
69,18,9,0,2
69,19,9,0,8
69,20,9,7,5
69,21,9,7,23
69,22,9,0,6
69,23,9,0,22
69,24,7,0,0
69,25,7,0,2
69,26,7,0,13
69,27,7,0,9
69,28,7,0,10
69,29,7,0,2
69,30,7,0,19
69,31,7,0,24
69,32,7,0,16
69,33,7,0,17
69,34,7,0,18
69,35,7,0,9
69,36,9,7,9
69,37,9,7,1
69,38,7,0,20
69,39,7,0,14
69,40,7,0,20
69,41,9,7,21
69,42,9,0,8
69,43,9,0,18
69,44,9,0,22
69,45,9,0,1
69,46,9,0,21
69,47,9,0,12
69,48,9,0,13
70,0,9,0,1
70,1,9,0,20
70,2,9,0,4
70,3,9,0,6
70,4,9,0,7
70,5,9,0,11
70,6,9,0,22
70,7,9,0,4
70,8,9,0,8
70,9,9,0,13
70,10,9,0,18
70,11,9,0,23
70,12,9,0,20
70,13,9,0,16
70,14,9,0,10
70,15,9,0,23
70,16,9,0,0
70,17,9,0,4
70,18,9,0,12
70,19,9,7,5
70,20,7,0,17
70,21,9,7,21
70,22,9,0,20
70,23,9,7,0
70,24,7,0,17
70,25,7,0,20
70,26,7,0,12
70,27,7,0,9
70,28,7,0,1
70,29,7,0,1
70,30,7,0,13
70,31,7,0,22
70,32,7,0,5
70,33,7,0,1
70,34,7,0,8
70,35,9,7,6
70,36,9,0,12
70,37,9,7,17
70,38,7,0,17
70,39,7,0,1
70,40,7,0,20
70,41,9,7,23
70,42,9,0,20
70,43,9,0,4
70,44,9,0,2
70,45,9,0,12
70,46,9,0,22
70,47,9,0,5
70,48,9,0,1
71,0,9,0,13
71,1,9,0,23
71,2,9,0,5
71,3,9,0,1
71,4,9,0,0
71,5,9,0,13
71,6,9,0,5
71,7,9,0,20
71,8,9,0,13
71,9,9,0,18
71,10,9,0,18
71,11,9,0,24
71,12,9,0,10
71,13,9,0,1
71,14,9,0,5
71,15,9,0,3
71,16,9,0,6
71,17,9,7,20
71,18,9,7,15
71,19,7,0,17
71,20,7,0,15
71,21,9,7,24
71,22,9,0,3
71,23,9,7,18
71,24,7,0,12
71,25,7,0,7
71,26,7,0,13
71,27,7,0,16
71,28,7,0,2
71,29,7,0,13
71,30,7,0,1
71,31,7,0,4
71,32,7,0,5
71,33,7,0,7
71,34,7,0,5
71,35,9,7,24
71,36,9,0,21
71,37,9,7,17
71,38,7,0,23
71,39,7,0,1
71,40,7,0,14
71,41,9,7,24
71,42,9,0,12
71,43,9,0,5
71,44,9,0,11
71,45,9,0,13
71,46,9,0,19
71,47,9,0,9
71,48,9,0,19
72,0,9,0,22
72,1,9,0,24
72,2,9,0,14
72,3,9,0,0
72,4,9,0,24
72,5,9,0,0
72,6,9,0,23
72,7,9,0,13
72,8,9,0,24
72,9,9,0,15
72,10,9,0,7
72,11,9,0,16
72,12,9,0,22
72,13,9,0,7
72,14,9,0,23
72,15,9,0,10
72,16,9,7,13
72,17,9,7,8
72,18,7,0,14
72,19,7,0,23
72,20,9,7,6
72,21,9,0,23
72,22,9,7,0
72,23,7,0,15
72,24,7,0,2
72,25,7,0,10
72,26,7,0,15
72,27,7,0,23
72,28,7,0,6
72,29,7,0,18
72,30,7,0,8
72,31,7,0,7
72,32,7,0,15
72,33,7,0,11
72,34,9,7,11
72,35,9,0,3
72,36,9,0,19
72,37,9,7,18
72,38,7,0,1
72,39,7,0,20
72,40,9,7,9
72,41,9,0,11
72,42,9,0,6
72,43,9,0,19
72,44,9,0,18
72,45,9,0,20
72,46,9,0,18
72,47,9,0,20
72,48,9,0,5
73,0,9,0,2
73,1,9,0,15
73,2,9,0,11
73,3,9,0,12
73,4,9,0,4
73,5,9,0,13
73,6,9,0,14
73,7,9,0,20
73,8,9,0,3
73,9,9,0,14
73,10,9,0,11
73,11,9,0,6
73,12,9,0,17
73,13,9,0,4
73,14,9,0,15
73,15,9,7,13
73,16,7,0,18
73,17,7,0,3
73,18,7,0,10
73,19,7,0,21
73,20,9,7,24
73,21,9,0,1
73,22,9,7,18
73,23,7,0,4
73,24,7,0,15
73,25,7,0,20
73,26,7,0,15
73,27,7,0,1
73,28,7,0,11
73,29,7,0,14
73,30,7,0,8
73,31,7,0,14
73,32,7,0,17
73,33,9,7,14
73,34,9,0,2
73,35,9,0,9
73,36,9,7,15
73,37,7,0,15
73,38,7,0,15
73,39,9,7,6
73,40,9,0,15
73,41,9,0,0
73,42,9,0,13
73,43,9,0,20
73,44,9,0,21
73,45,9,0,24
73,46,9,0,23
73,47,9,0,6
73,48,9,0,24
74,0,9,0,0
74,1,9,0,11
74,2,9,0,12
74,3,9,0,5
74,4,9,0,9
74,5,9,0,19
74,6,9,0,13
74,7,9,0,21
74,8,9,0,15
74,9,9,0,22
74,10,9,0,10
74,11,9,0,0
74,12,9,0,17
74,13,9,0,1
74,14,9,7,15
74,15,7,0,14
74,16,7,0,4
74,17,7,0,3
74,18,7,0,17
74,19,9,7,19
74,20,9,0,11
74,21,9,7,5
74,22,7,0,22
74,23,7,0,15
74,24,7,0,1
74,25,7,0,5
74,26,7,0,6
74,27,7,0,20
74,28,7,0,16
74,29,7,0,10
74,30,7,0,11
74,31,7,0,10
74,32,9,7,11
74,33,9,0,16
74,34,9,0,2
74,35,9,7,0
74,36,7,0,12
74,37,7,0,23
74,38,7,0,0
74,39,9,7,24
74,40,9,0,8
74,41,9,0,18
74,42,9,0,0
74,43,9,0,12
74,44,9,0,22
74,45,9,0,5
74,46,9,0,22
74,47,9,0,2
74,48,9,0,13
75,0,9,0,1
75,1,9,0,5
75,2,9,0,18
75,3,9,0,7
75,4,9,0,3
75,5,9,0,11
75,6,9,0,8
75,7,9,0,5
75,8,9,0,24
75,9,9,0,19
75,10,9,0,20
75,11,9,0,8
75,12,9,0,16
75,13,9,7,10
75,14,7,0,17
75,15,7,0,13
75,16,7,0,4
75,17,7,0,20
75,18,9,7,11
75,19,9,0,19
75,20,9,7,5
75,21,7,0,14
75,22,7,0,2
75,23,7,0,4
75,24,7,0,20
75,25,7,0,2
75,26,7,0,8
75,27,7,0,10
75,28,7,0,15
75,29,9,7,16
75,30,7,0,5
75,31,9,7,6
75,32,9,0,0
75,33,9,0,5
75,34,9,0,0
75,35,9,7,18
75,36,7,0,22
75,37,7,0,13
75,38,9,7,6
75,39,9,0,0
75,40,9,0,13
75,41,9,0,18
75,42,9,0,7
75,43,9,0,8
75,44,9,0,17
75,45,9,0,9
75,46,9,0,9
75,47,9,0,18
75,48,9,0,11
76,0,9,0,0
76,1,9,0,7
76,2,9,0,4
76,3,9,0,18
76,4,9,0,22
76,5,9,0,3
76,6,9,0,6
76,7,9,0,21
76,8,9,0,13
76,9,9,0,15
76,10,9,0,21
76,11,9,0,15
76,12,9,7,5
76,13,7,0,18
76,14,7,0,1
76,15,7,0,13
76,16,7,0,11
76,17,9,7,11
76,18,9,0,23
76,19,9,7,15
76,20,7,0,11
76,21,7,0,12
76,22,7,0,22
76,23,7,0,12
76,24,7,0,24
76,25,7,0,15
76,26,7,0,15
76,27,7,0,24
76,28,9,7,9
76,29,9,7,2
76,30,7,0,24
76,31,9,7,7
76,32,9,0,2
76,33,9,7,20
76,34,9,7,10
76,35,7,0,14
76,36,7,0,8
76,37,7,0,22
76,38,9,7,24
76,39,9,0,22
76,40,9,0,5
76,41,9,0,19
76,42,9,0,1
76,43,9,0,12
76,44,9,0,1
76,45,9,0,7
76,46,9,0,1
76,47,9,0,12
76,48,9,0,2
77,0,9,0,11
77,1,9,0,17
77,2,9,0,16
77,3,9,0,4
77,4,9,0,21
77,5,9,0,12
77,6,9,0,12
77,7,9,0,2
77,8,9,0,1
77,9,9,0,3
77,10,9,0,22
77,11,9,7,10
77,12,7,0,4
77,13,7,0,11
77,14,7,0,9
77,15,7,0,0
77,16,9,7,6
77,17,9,0,16
77,18,9,7,13
77,19,7,0,23
77,20,7,0,12
77,21,7,0,3
77,22,7,0,6
77,23,7,0,3
77,24,7,0,5
77,25,7,0,4
77,26,7,0,14
77,27,9,7,6
77,28,9,0,9
77,29,9,7,2
77,30,7,0,3
77,31,9,7,7
77,32,9,7,15
77,33,9,7,8
77,34,7,0,24
77,35,7,0,16
77,36,7,0,11
77,37,9,7,6
77,38,9,7,20
77,39,9,0,20
77,40,9,0,13
77,41,9,0,22
77,42,9,0,16
77,43,9,0,5
77,44,9,0,11
77,45,9,0,8
77,46,9,0,1
77,47,9,0,10
77,48,9,0,20
78,0,9,0,19
78,1,9,0,23
78,2,9,0,15
78,3,9,0,0
78,4,9,0,18
78,5,9,0,24
78,6,9,0,18
78,7,9,0,15
78,8,9,0,23
78,9,9,0,15
78,10,9,7,0
78,11,7,0,16
78,12,7,0,16
78,13,7,0,16
78,14,7,0,19
78,15,7,0,21
78,16,9,7,23
78,17,9,7,5
78,18,7,0,6
78,19,7,0,14
78,20,7,0,15
78,21,7,0,4
78,22,7,0,23
78,23,7,0,16
78,24,7,0,20
78,25,7,0,11
78,26,7,0,22
78,27,9,7,23
78,28,9,0,1
78,29,9,7,17
78,30,7,0,7
78,31,9,7,8
78,32,7,0,1
78,33,7,0,6
78,34,7,0,20
78,35,7,0,1
78,36,7,0,8
78,37,9,7,8
78,38,9,7,24
78,39,9,0,4
78,40,9,0,17
78,41,9,0,5
78,42,9,0,5
78,43,9,0,11
78,44,9,0,10
78,45,9,0,5
78,46,9,0,12
78,47,9,0,12
78,48,9,0,12
79,0,9,0,16
79,1,9,0,11
79,2,9,0,4
79,3,9,0,21
79,4,9,0,10
79,5,9,0,19
79,6,9,0,22
79,7,9,0,1
79,8,9,0,19
79,9,9,0,7
79,10,9,7,18
79,11,7,0,9
79,12,7,0,13
79,13,7,0,0
79,14,7,0,23
79,15,7,0,5
79,16,9,7,8
79,17,7,0,19
79,18,7,0,8
79,19,7,0,5
79,20,7,0,9
79,21,7,0,17
79,22,7,0,13
79,23,7,0,9
79,24,7,0,17
79,25,7,0,6
79,26,7,0,16
79,27,9,7,23
79,28,9,0,23
79,29,9,7,1
79,30,7,0,6
79,31,7,0,24
79,32,7,0,9
79,33,7,0,3
79,34,7,0,5
79,35,7,0,14
79,36,7,0,7
79,37,9,7,6
79,38,9,0,4
79,39,9,0,5
79,40,9,7,20
79,41,9,0,8
79,42,9,0,19
79,43,9,0,1
79,44,9,0,1
79,45,9,0,17
79,46,9,0,9
79,47,9,0,19
79,48,9,0,23
80,0,9,0,2
80,1,9,0,23
80,2,9,0,14
80,3,9,0,21
80,4,9,0,12
80,5,9,0,11
80,6,9,0,9
80,7,9,0,13
80,8,9,0,3
80,9,9,7,0
80,10,7,0,12
80,11,7,0,0
80,12,7,0,2
80,13,7,0,22
80,14,7,0,16
80,15,7,0,6
80,16,7,0,19
80,17,7,0,7
80,18,7,0,18
80,19,7,0,21
80,20,7,0,16
80,21,7,0,11
80,22,7,0,16
80,23,9,7,16
80,24,7,0,11
80,25,7,0,9
80,26,7,0,22
80,27,9,7,24
80,28,9,0,5
80,29,9,7,17
80,30,7,0,2
80,31,7,0,10
80,32,7,0,23
80,33,7,0,12
80,34,7,0,5
80,35,7,0,18
80,36,7,0,8
80,37,9,7,24
80,38,9,0,7
80,39,9,7,15
80,40,9,7,23
80,41,9,7,20
80,42,9,0,2
80,43,9,0,15
80,44,9,0,7
80,45,9,0,1
80,46,9,0,18
80,47,9,0,12
80,48,9,0,11
