0,0,9,0,22
0,1,9,0,3
0,2,9,0,6
0,3,9,0,1
0,4,9,0,20
0,5,9,0,9
0,6,9,7,15
0,7,7,0,11
0,8,7,0,4
0,9,7,0,6
0,10,7,0,17
0,11,7,0,18
0,12,7,0,22
0,13,7,0,22
0,14,7,0,22
0,15,7,0,24
0,16,7,0,15
0,17,7,0,10
0,18,9,7,23
0,19,9,0,2
0,20,9,7,0
0,21,7,0,14
0,22,7,0,11
0,23,7,0,12
0,24,7,0,2
0,25,7,0,14
0,26,7,0,11
0,27,7,0,11
0,28,7,0,16
0,29,7,0,2
0,30,7,0,18
0,31,9,7,9
0,32,9,0,4
0,33,9,0,7
0,34,9,0,1
0,35,9,7,4
0,36,9,7,2
0,37,7,0,14
0,38,7,0,7
0,39,7,0,4
0,40,7,0,13
0,41,7,0,16
0,42,7,0,17
0,43,7,0,5
0,44,9,7,7
0,45,9,0,6
0,46,9,0,20
0,47,9,0,21
0,48,9,0,17
0,49,9,0,17
1,0,9,0,16
1,1,9,0,8
1,2,9,0,13
1,3,9,0,16
1,4,9,0,10
1,5,9,7,0
1,6,7,0,23
1,7,7,0,12
1,8,7,0,19
1,9,7,0,21
1,10,7,0,4
1,11,7,0,22
1,12,7,0,6
1,13,7,0,3
1,14,7,0,18
1,15,7,0,12
1,16,7,0,19
1,17,7,0,7
1,18,9,7,24
1,19,9,0,22
1,20,9,7,3
1,21,7,0,15
1,22,7,0,15
1,23,7,0,20
1,24,7,0,24
1,25,7,0,9
1,26,7,0,9
1,27,7,0,24
1,28,7,0,6
1,29,7,0,10
1,30,9,7,6
1,31,9,0,18
1,32,9,0,2
1,33,9,0,12
1,34,9,0,11
1,35,9,0,19
1,36,9,7,1
1,37,7,0,15
1,38,7,0,22
1,39,7,0,7
1,40,7,0,17
1,41,7,0,11
1,42,7,0,20
1,43,7,0,17
1,44,9,7,23
1,45,9,0,14
1,46,9,0,22
1,47,9,0,9
1,48,9,0,5
1,49,9,0,7
2,0,9,0,12
2,1,9,0,5
2,2,9,0,6
2,3,9,0,21
2,4,9,0,3
2,5,9,7,18
2,6,7,0,15
2,7,7,0,2
2,8,7,0,23
2,9,7,0,3
2,10,7,0,6
2,11,7,0,3
2,12,7,0,21
2,13,7,0,18
2,14,7,0,12
2,15,7,0,11
2,16,7,0,19
2,17,9,7,6
2,18,9,0,21
2,19,9,0,2
2,20,9,7,1
2,21,9,7,16
2,22,7,0,19
2,23,7,0,2
2,24,7,0,22
2,25,7,0,3
2,26,7,0,7
2,27,7,0,12
2,28,7,0,1
2,29,7,0,20
2,30,9,7,21
2,31,9,0,5
2,32,9,0,8
2,33,9,0,17
2,34,9,0,3
2,35,9,0,16
2,36,9,7,2
2,37,7,0,20
2,38,7,0,21
2,39,7,0,16
2,40,7,0,17
2,41,7,0,21
2,42,7,0,9
2,43,7,0,3
2,44,9,7,24
2,45,9,0,6
2,46,9,0,9
2,47,9,0,9
2,48,9,0,7
2,49,9,0,8
3,0,9,0,15
3,1,9,0,10
3,2,9,0,19
3,3,9,0,17
3,4,9,7,10
3,5,7,0,9
3,6,7,0,9
3,7,7,0,6
3,8,7,0,3
3,9,7,0,20
3,10,7,0,16
3,11,7,0,9
3,12,7,0,14
3,13,7,0,10
3,14,7,0,11
3,15,7,0,16
3,16,7,0,10
3,17,9,7,24
3,18,9,0,1
3,19,9,0,24
3,20,9,7,4
3,21,9,7,3
3,22,7,0,2
3,23,7,0,9
3,24,7,0,8
3,25,7,0,12
3,26,7,0,20
3,27,7,0,0
3,28,7,0,1
3,29,7,0,24
3,30,9,7,24
3,31,9,0,23
3,32,9,0,10
3,33,9,0,11
3,34,9,0,8
3,35,9,0,14
3,36,9,7,1
3,37,7,0,2
3,38,7,0,17
3,39,7,0,21
3,40,7,0,23
3,41,7,0,21
3,42,7,0,8
3,43,9,7,6
3,44,9,7,20
3,45,9,0,14
3,46,9,0,5
3,47,9,0,13
3,48,9,0,13
3,49,9,0,22
4,0,9,0,22
4,1,9,0,5
4,2,9,0,15
4,3,9,7,0
4,4,7,0,15
4,5,7,0,15
4,6,7,0,5
4,7,7,0,21
4,8,7,0,8
4,9,7,0,20
4,10,7,0,1
4,11,7,0,20
4,12,7,0,1
4,13,7,0,20
4,14,7,0,8
4,15,7,0,4
4,16,9,7,6
4,17,9,0,22
4,18,9,0,20
4,19,9,0,10
4,20,9,0,14
4,21,9,7,3
4,22,9,7,16
4,23,9,7,16
4,24,7,0,10
4,25,7,0,8
4,26,7,0,14
4,27,7,0,2
4,28,7,0,7
4,29,9,7,6
4,30,9,0,14
4,31,9,0,2
4,32,9,0,13
4,33,9,0,13
4,34,9,0,22
4,35,9,0,13
4,36,9,7,3
4,37,7,0,19
4,38,7,0,3
4,39,7,0,14
4,40,7,0,24
4,41,7,0,10
4,42,7,0,9
4,43,9,7,8
4,44,9,7,23
4,45,9,0,21
4,46,9,0,10
4,47,9,0,11
4,48,9,0,10
4,49,9,0,11
5,0,9,0,5
5,1,9,0,4
5,2,9,0,14
5,3,9,7,17
5,4,7,0,21
5,5,7,0,0
5,6,7,0,18
5,7,7,0,16
5,8,7,0,18
5,9,7,0,4
5,10,7,0,0
5,11,7,0,6
5,12,7,0,17
5,13,7,0,1
5,14,7,0,1
5,15,7,0,15
5,16,9,7,22
5,17,9,0,4
5,18,9,0,16
5,19,9,0,0
5,20,9,0,20
5,21,9,7,4
5,22,9,7,4
5,23,9,7,3
5,24,7,0,1
5,25,7,0,2
5,26,7,0,13
5,27,7,0,4
5,28,7,0,6
5,29,9,7,22
5,30,9,0,9
5,31,9,0,4
5,32,9,0,7
5,33,9,0,20
5,34,9,0,12
5,35,9,0,19
5,36,9,7,17
5,37,7,0,22
5,38,7,0,9
5,39,7,0,14
5,40,7,0,13
5,41,7,0,21
5,42,7,0,22
5,43,7,0,21
5,44,9,7,21
5,45,9,0,4
5,46,9,0,16
5,47,9,0,2
5,48,9,0,8
5,49,9,0,0
6,0,9,0,18
6,1,9,0,18
6,2,9,0,15
6,3,9,7,18
6,4,7,0,1
6,5,7,0,9
6,6,7,0,14
6,7,7,0,11
6,8,7,0,1
6,9,7,0,19
6,10,7,0,20
6,11,7,0,2
6,12,7,0,4
6,13,7,0,14
6,14,7,0,22
6,15,7,0,14
6,16,9,7,21
6,17,9,0,22
6,18,9,0,22
6,19,9,0,16
6,20,9,0,13
6,21,9,0,1
6,22,9,0,12
6,23,9,7,18
6,24,7,0,20
6,25,7,0,21
6,26,7,0,11
6,27,7,0,8
6,28,7,0,6
6,29,9,7,23
6,30,9,0,4
6,31,9,0,18
6,32,9,0,17
6,33,9,0,22
6,34,9,0,21
6,35,9,0,11
6,36,9,7,1
6,37,7,0,21
6,38,7,0,10
6,39,7,0,16
6,40,7,0,7
6,41,7,0,5
6,42,7,0,12
6,43,7,0,16
6,44,9,7,7
6,45,9,7,20
6,46,9,0,17
6,47,9,0,17
6,48,9,0,13
6,49,9,0,5
7,0,9,0,2
7,1,9,0,0
7,2,9,7,0
7,3,7,0,15
7,4,7,0,9
7,5,7,0,23
7,6,7,0,0
7,7,7,0,24
7,8,7,0,14
7,9,7,0,13
7,10,7,0,1
7,11,7,0,0
7,12,7,0,7
7,13,7,0,1
7,14,7,0,11
7,15,7,0,18
7,16,9,7,24
7,17,9,0,1
7,18,9,0,15
7,19,9,0,21
7,20,9,0,14
7,21,9,0,8
7,22,9,7,0
7,23,7,0,2
7,24,7,0,17
7,25,7,0,21
7,26,7,0,1
7,27,7,0,22
7,28,7,0,20
7,29,9,7,21
7,30,9,0,21
7,31,9,0,21
7,32,9,0,8
7,33,9,0,21
7,34,9,0,4
7,35,9,0,3
7,36,9,7,2
7,37,9,7,16
7,38,7,0,22
7,39,7,0,0
7,40,7,0,15
7,41,7,0,15
7,42,7,0,24
7,43,7,0,17
7,44,9,7,8
7,45,9,7,7
7,46,9,0,17
7,47,9,0,16
7,48,9,0,10
7,49,9,0,8
8,0,9,0,3
8,1,9,0,10
8,2,9,7,3
8,3,7,0,7
8,4,7,0,13
8,5,7,0,13
8,6,7,0,7
8,7,7,0,0
8,8,7,0,5
8,9,7,0,17
8,10,7,0,20
8,11,7,0,21
8,12,7,0,22
8,13,7,0,13
8,14,7,0,14
8,15,9,7,6
8,16,9,0,8
8,17,9,0,18
8,18,9,0,17
8,19,9,0,8
8,20,9,0,2
8,21,9,0,8
8,22,9,7,18
8,23,7,0,13
8,24,7,0,7
8,25,7,0,13
8,26,7,0,21
8,27,7,0,4
8,28,7,0,14
8,29,9,7,22
8,30,9,0,13
8,31,9,0,9
8,32,9,0,13
8,33,9,0,5
8,34,9,0,5
8,35,9,0,4
8,36,9,7,4
8,37,9,7,1
8,38,7,0,8
8,39,7,0,19
8,40,7,0,24
8,41,7,0,7
8,42,7,0,1
8,43,7,0,12
8,44,7,0,1
8,45,9,7,21
8,46,9,7,20
8,47,9,0,0
8,48,9,0,21
8,49,9,0,21
9,0,9,0,10
9,1,9,0,12
9,2,9,7,2
9,3,9,7,16
9,4,7,0,1
9,5,7,0,7
9,6,7,0,17
9,7,7,0,18
9,8,7,0,0
9,9,7,0,24
9,10,7,0,17
9,11,7,0,5
9,12,7,0,19
9,13,7,0,4
9,14,7,0,19
9,15,9,7,24
9,16,9,0,1
9,17,9,0,8
9,18,9,0,22
9,19,9,0,15
9,20,9,0,15
9,21,9,7,0
9,22,7,0,0
9,23,7,0,13
9,24,7,0,18
9,25,7,0,11
9,26,7,0,7
9,27,7,0,14
9,28,7,0,10
9,29,9,7,7
9,30,9,0,14
9,31,9,0,19
9,32,9,0,16
9,33,9,0,0
9,34,9,0,4
9,35,9,0,14
9,36,9,0,22
9,37,9,7,2
9,38,7,0,4
9,39,7,0,9
9,40,7,0,17
9,41,7,0,14
9,42,7,0,10
9,43,7,0,9
9,44,7,0,14
9,45,9,7,8
9,46,9,7,22
9,47,9,0,19
9,48,9,0,11
9,49,9,0,15
10,0,9,0,11
10,1,9,0,0
10,2,9,7,4
10,3,9,7,2
10,4,7,0,7
10,5,7,0,2
10,6,7,0,20
10,7,7,0,3
10,8,7,0,18
10,9,7,0,12
10,10,7,0,20
10,11,7,0,8
10,12,7,0,21
10,13,7,0,9
10,14,9,7,6
10,15,9,7,20
10,16,9,0,2
10,17,9,0,20
10,18,9,0,17
10,19,9,0,11
10,20,9,0,7
10,21,9,7,2
10,22,7,0,9
10,23,7,0,20
10,24,7,0,23
10,25,7,0,20
10,26,7,0,6
10,27,7,0,0
10,28,7,0,22
10,29,9,7,21
10,30,9,0,8
10,31,9,0,14
10,32,9,0,21
10,33,9,0,2
10,34,9,0,14
10,35,9,0,21
10,36,9,0,24
10,37,9,7,18
10,38,7,0,17
10,39,7,0,6
10,40,7,0,14
10,41,7,0,11
10,42,7,0,23
10,43,7,0,15
10,44,7,0,20
10,45,7,0,12
10,46,9,7,24
10,47,9,0,24
10,48,9,0,0
10,49,9,0,6
11,0,9,0,24
11,1,9,0,21
11,2,9,0,6
11,3,9,7,18
11,4,7,0,22
11,5,7,0,8
11,6,7,0,2
11,7,7,0,11
11,8,7,0,19
11,9,7,0,14
11,10,7,0,4
11,11,7,0,23
11,12,7,0,17
11,13,7,0,16
11,14,9,7,8
11,15,9,7,21
11,16,9,7,20
11,17,9,0,3
11,18,9,0,23
11,19,9,0,22
11,20,9,0,2
11,21,9,7,2
11,22,7,0,19
11,23,7,0,17
11,24,7,0,6
11,25,7,0,8
11,26,7,0,14
11,27,7,0,5
11,28,7,0,16
11,29,9,7,7
11,30,9,0,24
11,31,9,0,1
11,32,9,0,13
11,33,9,0,22
11,34,9,0,3
11,35,9,0,24
11,36,9,7,0
11,37,7,0,17
11,38,7,0,0
11,39,7,0,8
11,40,7,0,2
11,41,7,0,12
11,42,7,0,12
11,43,7,0,12
11,44,7,0,14
11,45,9,7,6
11,46,9,0,11
11,47,9,0,23
11,48,9,0,21
11,49,9,0,22
12,0,9,0,12
12,1,9,0,2
12,2,9,7,0
12,3,7,0,13
12,4,7,0,2
12,5,7,0,23
12,6,7,0,10
12,7,7,0,1
12,8,7,0,6
12,9,7,0,11
12,10,7,0,18
12,11,7,0,9
12,12,7,0,9
12,13,7,0,22
12,14,7,0,5
12,15,9,7,8
12,16,9,7,22
12,17,9,0,1
12,18,9,0,14
12,19,9,0,19
12,20,9,0,3
12,21,9,7,18
12,22,7,0,24
12,23,7,0,5
12,24,7,0,16
12,25,7,0,3
12,26,7,0,7
12,27,7,0,17
12,28,7,0,18
12,29,9,7,7
12,30,9,0,23
12,31,9,0,0
12,32,9,0,8
12,33,9,0,20
12,34,9,0,19
12,35,9,0,13
12,36,9,7,18
12,37,7,0,1
12,38,7,0,4
12,39,7,0,0
12,40,7,0,22
12,41,7,0,6
12,42,7,0,9
12,43,7,0,5
12,44,7,0,3
12,45,9,7,23
12,46,9,0,17
12,47,9,0,9
12,48,9,0,8
12,49,9,0,14
13,0,9,0,3
13,1,9,0,12
13,2,9,7,2
13,3,9,7,16
13,4,7,0,19
13,5,7,0,24
13,6,7,0,24
13,7,7,0,16
13,8,7,0,3
13,9,7,0,13
13,10,7,0,22
13,11,7,0,4
13,12,7,0,16
13,13,7,0,5
13,14,7,0,8
13,15,7,0,9
13,16,9,7,24
13,17,9,0,17
13,18,9,0,8
13,19,9,0,18
13,20,9,7,0
13,21,7,0,3
13,22,7,0,6
13,23,7,0,1
13,24,7,0,19
13,25,7,0,13
13,26,7,0,3
13,27,7,0,5
13,28,7,0,16
13,29,9,7,24
13,30,9,0,4
13,31,9,0,18
13,32,9,0,0
13,33,9,0,18
13,34,9,0,15
13,35,9,7,0
13,36,7,0,10
13,37,7,0,11
13,38,7,0,16
13,39,7,0,22
13,40,7,0,24
13,41,7,0,18
13,42,7,0,2
13,43,7,0,21
13,44,7,0,12
13,45,9,7,22
13,46,9,0,9
13,47,9,0,22
13,48,9,0,1
13,49,9,0,3
14,0,9,0,16
14,1,9,0,20
14,2,9,7,4
14,3,9,7,2
14,4,9,7,16
14,5,7,0,0
14,6,7,0,15
14,7,7,0,9
14,8,7,0,17
14,9,7,0,22
14,10,7,0,24
14,11,7,0,24
14,12,7,0,15
14,13,7,0,8
14,14,7,0,20
14,15,9,7,6
14,16,9,0,13
14,17,9,0,7
14,18,9,0,4
14,19,9,0,16
14,20,9,7,18
14,21,7,0,22
14,22,7,0,9
14,23,7,0,13
14,24,7,0,5
14,25,7,0,13
14,26,7,0,6
14,27,7,0,0
14,28,9,7,6
14,29,9,0,13
14,30,9,0,21
14,31,9,0,18
14,32,9,0,3
14,33,9,0,19
14,34,9,0,23
14,35,9,7,17
14,36,7,0,10
14,37,7,0,16
14,38,7,0,9
14,39,7,0,17
14,40,7,0,22
14,41,7,0,17
14,42,7,0,0
14,43,7,0,4
14,44,7,0,24
14,45,9,7,21
14,46,9,7,20
14,47,9,0,2
14,48,9,0,10
14,49,9,0,15
15,0,9,0,13
15,1,9,0,20
15,2,9,0,13
15,3,9,7,4
15,4,9,7,3
15,5,7,0,23
15,6,7,0,4
15,7,7,0,13
15,8,7,0,22
15,9,7,0,13
15,10,7,0,22
15,11,7,0,16
15,12,7,0,12
15,13,7,0,21
15,14,7,0,2
15,15,9,7,21
15,16,9,0,6
15,17,9,0,7
15,18,9,0,20
15,19,9,7,0
15,20,7,0,17
15,21,7,0,8
15,22,7,0,13
15,23,7,0,16
15,24,7,0,12
15,25,7,0,18
15,26,7,0,3
15,27,7,0,16
15,28,9,7,24
15,29,9,0,15
15,30,9,0,1
15,31,9,0,8
15,32,9,0,13
15,33,9,0,20
15,34,9,0,9
15,35,9,7,1
15,36,7,0,14
15,37,7,0,3
15,38,7,0,11
15,39,7,0,3
15,40,7,0,15
15,41,7,0,12
15,42,7,0,2
15,43,7,0,2
15,44,7,0,2
15,45,9,7,8
15,46,9,7,24
15,47,9,0,11
15,48,9,0,22
15,49,9,0,12
16,0,9,0,15
16,1,9,0,16
16,2,9,0,3
16,3,9,0,21
16,4,9,7,18
16,5,7,0,15
16,6,7,0,7
16,7,7,0,11
16,8,7,0,17
16,9,7,0,10
16,10,7,0,18
16,11,7,0,9
16,12,7,0,8
16,13,7,0,13
16,14,7,0,17
16,15,9,7,23
16,16,9,0,22
16,17,9,0,5
16,18,9,0,21
16,19,9,7,1
16,20,7,0,20
16,21,7,0,19
16,22,7,0,4
16,23,7,0,13
16,24,7,0,10
16,25,7,0,2
16,26,7,0,7
16,27,9,7,6
16,28,9,7,20
16,29,9,0,1
16,30,9,0,15
16,31,9,0,13
16,32,9,0,11
16,33,9,0,2
16,34,9,0,19
16,35,9,7,3
16,36,7,0,24
16,37,7,0,10
16,38,7,0,21
16,39,7,0,10
16,40,7,0,2
16,41,7,0,6
16,42,7,0,7
16,43,7,0,22
16,44,7,0,15
16,45,9,7,6
16,46,9,0,13
16,47,9,0,8
16,48,9,0,22
16,49,9,0,1
17,0,9,0,23
17,1,9,0,1
17,2,9,0,19
17,3,9,7,0
17,4,9,7,16
17,5,9,7,16
17,6,7,0,3
17,7,7,0,5
17,8,7,0,17
17,9,7,0,2
17,10,7,0,14
17,11,7,0,1
17,12,7,0,24
17,13,7,0,16
17,14,7,0,9
17,15,9,7,24
17,16,9,0,21
17,17,9,0,15
17,18,9,0,4
17,19,9,7,2
17,20,7,0,8
17,21,7,0,1
17,22,7,0,5
17,23,7,0,3
17,24,7,0,24
17,25,7,0,4
17,26,7,0,10
17,27,9,7,8
17,28,9,7,23
17,29,9,0,8
17,30,9,0,7
17,31,9,0,16
17,32,9,0,10
17,33,9,0,20
17,34,9,0,8
17,35,9,7,2
17,36,7,0,13
17,37,7,0,6
17,38,7,0,15
17,39,7,0,14
17,40,7,0,19
17,41,7,0,22
17,42,7,0,11
17,43,7,0,21
17,44,7,0,2
17,45,9,7,7
17,46,9,0,10
17,47,9,0,10
17,48,9,0,1
17,49,9,0,1
18,0,9,0,3
18,1,9,0,2
18,2,9,0,6
18,3,9,7,4
18,4,9,7,4
18,5,9,7,1
18,6,9,7,16
18,7,7,0,18
18,8,7,0,2
18,9,7,0,16
18,10,7,0,21
18,11,7,0,11
18,12,7,0,14
18,13,7,0,16
18,14,9,7,6
18,15,9,0,21
18,16,9,0,18
18,17,9,0,24
18,18,9,0,13
18,19,9,7,1
18,20,7,0,16
18,21,7,0,3
18,22,7,0,16
18,23,7,0,19
18,24,7,0,15
18,25,7,0,5
18,26,7,0,8
18,27,7,0,7
18,28,9,7,22
18,29,9,7,20
18,30,9,7,20
18,31,9,0,9
18,32,9,0,19
18,33,9,0,8
18,34,9,0,2
18,35,9,7,3
18,36,7,0,18
18,37,7,0,20
18,38,7,0,20
18,39,7,0,16
18,40,7,0,5
18,41,7,0,7
18,42,7,0,9
18,43,7,0,23
18,44,7,0,5
18,45,9,7,24
18,46,9,0,19
18,47,9,0,6
18,48,9,0,7
18,49,9,0,19
19,0,9,0,10
19,1,9,0,4
19,2,9,0,11
19,3,9,0,13
19,4,9,0,2
19,5,9,7,4
19,6,9,7,2
19,7,7,0,0
19,8,7,0,3
19,9,7,0,13
19,10,7,0,1
19,11,7,0,19
19,12,7,0,5
19,13,7,0,19
19,14,9,7,7
19,15,9,0,16
19,16,9,0,4
19,17,9,0,9
19,18,9,0,17
19,19,9,7,17
19,20,7,0,20
19,21,7,0,21
19,22,7,0,15
19,23,7,0,22
19,24,7,0,0
19,25,7,0,11
19,26,7,0,16
19,27,7,0,4
19,28,9,7,8
19,29,9,7,8
19,30,9,7,7
19,31,9,0,1
19,32,9,0,12
19,33,9,0,0
19,34,9,0,15
19,35,9,7,18
19,36,7,0,15
19,37,7,0,14
19,38,7,0,0
19,39,7,0,14
19,40,7,0,24
19,41,7,0,21
19,42,7,0,14
19,43,7,0,10
19,44,9,7,6
19,45,9,0,22
19,46,9,0,18
19,47,9,0,15
19,48,9,0,6
19,49,9,0,3
20,0,9,0,13
20,1,9,0,2
20,2,9,0,7
20,3,9,0,14
20,4,9,0,6
20,5,9,0,9
20,6,9,7,17
20,7,7,0,14
20,8,7,0,22
20,9,7,0,20
20,10,7,0,14
20,11,7,0,13
20,12,7,0,12
20,13,7,0,2
20,14,9,7,22
20,15,9,0,9
20,16,9,0,24
20,17,9,0,15
20,18,9,0,3
20,19,9,7,18
20,20,7,0,13
20,21,7,0,13
20,22,7,0,8
20,23,7,0,9
20,24,7,0,5
20,25,7,0,24
20,26,7,0,23
20,27,7,0,18
20,28,7,0,19
20,29,7,0,11
20,30,9,7,23
20,31,9,0,8
20,32,9,0,6
20,33,9,0,17
20,34,9,7,0
20,35,7,0,12
20,36,7,0,17
20,37,7,0,21
20,38,7,0,6
20,39,7,0,2
20,40,7,0,4
20,41,7,0,4
20,42,7,0,23
20,43,7,0,6
20,44,9,7,24
20,45,9,0,13
20,46,9,0,7
20,47,9,0,9
20,48,9,0,5
20,49,9,0,9
21,0,9,0,17
21,1,9,0,14
21,2,9,0,9
21,3,9,0,12
21,4,9,0,2
21,5,9,0,23
21,6,9,7,18
21,7,7,0,18
21,8,7,0,19
21,9,7,0,8
21,10,7,0,5
21,11,7,0,18
21,12,7,0,11
21,13,7,0,22
21,14,9,7,7
21,15,9,0,4
21,16,9,0,2
21,17,9,0,16
21,18,9,7,0
21,19,7,0,12
21,20,7,0,15
21,21,7,0,6
21,22,7,0,22
21,23,7,0,10
21,24,7,0,5
21,25,7,0,9
21,26,7,0,3
21,27,7,0,9
21,28,7,0,17
21,29,7,0,16
21,30,9,7,24
21,31,9,0,16
21,32,9,0,5
21,33,9,0,15
21,34,9,7,18
21,35,7,0,24
21,36,7,0,8
21,37,7,0,14
21,38,7,0,4
21,39,7,0,4
21,40,7,0,18
21,41,7,0,2
21,42,7,0,15
21,43,9,7,6
21,44,9,0,17
21,45,9,0,17
21,46,9,0,19
21,47,9,0,6
21,48,9,0,1
21,49,9,0,13
22,0,9,0,17
22,1,9,0,3
22,2,9,0,4
22,3,9,0,21
22,4,9,0,13
22,5,9,7,0
22,6,7,0,22
22,7,7,0,1
22,8,7,0,8
22,9,7,0,20
22,10,7,0,9
22,11,7,0,10
22,12,7,0,21
22,13,7,0,1
22,14,9,7,22
22,15,9,0,6
22,16,9,0,3
22,17,9,0,4
22,18,9,7,18
22,19,7,0,22
22,20,7,0,23
22,21,7,0,2
22,22,7,0,22
22,23,7,0,13
22,24,7,0,18
22,25,7,0,4
22,26,7,0,15
22,27,7,0,21
22,28,7,0,15
22,29,9,7,6
22,30,9,0,0
22,31,9,0,7
22,32,9,0,10
22,33,9,7,0
22,34,7,0,6
22,35,7,0,10
22,36,7,0,20
22,37,7,0,20
22,38,7,0,15
22,39,7,0,8
22,40,7,0,4
22,41,7,0,12
22,42,7,0,12
22,43,9,7,21
22,44,9,0,2
22,45,9,0,24
22,46,9,0,1
22,47,9,0,10
22,48,9,0,13
22,49,9,0,4
23,0,9,0,10
23,1,9,0,3
23,2,9,0,17
23,3,9,0,8
23,4,9,0,13
23,5,9,7,17
23,6,9,7,16
23,7,9,7,16
23,8,7,0,23
23,9,7,0,4
23,10,7,0,0
23,11,7,0,20
23,12,7,0,15
23,13,7,0,11
23,14,9,7,24
23,15,9,0,22
23,16,9,0,15
23,17,9,7,0
23,18,7,0,10
23,19,7,0,19
23,20,7,0,14
23,21,7,0,11
23,22,7,0,24
23,23,7,0,10
23,24,7,0,7
23,25,7,0,6
23,26,7,0,24
23,27,7,0,3
23,28,7,0,20
23,29,9,7,24
23,30,9,0,22
23,31,9,0,20
23,32,9,0,13
23,33,9,7,18
23,34,7,0,4
23,35,7,0,9
23,36,7,0,13
23,37,7,0,8
23,38,7,0,1
23,39,7,0,13
23,40,7,0,9
23,41,7,0,13
23,42,7,0,12
23,43,9,7,23
23,44,9,0,13
23,45,9,0,11
23,46,9,0,10
23,47,9,0,18
23,48,9,0,16
23,49,9,0,17
24,0,9,0,3
24,1,9,0,17
24,2,9,0,15
24,3,9,0,14
24,4,9,0,9
24,5,9,7,4
24,6,9,7,4
24,7,9,7,17
24,8,7,0,24
24,9,7,0,8
24,10,7,0,2
24,11,7,0,11
24,12,7,0,5
24,13,9,7,6
24,14,9,0,4
24,15,9,0,16
24,16,9,0,3
24,17,9,7,1
24,18,7,0,24
24,19,7,0,22
24,20,7,0,21
24,21,7,0,14
24,22,7,0,17
24,23,7,0,3
24,24,7,0,4
24,25,7,0,2
24,26,7,0,12
24,27,7,0,4
24,28,9,7,6
24,29,9,0,3
24,30,9,0,3
24,31,9,0,13
24,32,9,7,0
24,33,7,0,18
24,34,7,0,12
24,35,7,0,23
24,36,7,0,2
24,37,7,0,23
24,38,7,0,11
24,39,7,0,21
24,40,7,0,8
24,41,7,0,5
24,42,7,0,5
24,43,9,7,7
24,44,9,0,6
24,45,9,0,5
24,46,9,0,12
24,47,9,0,12
24,48,9,0,18
24,49,9,0,18
25,0,9,0,22
25,1,9,0,17
25,2,9,0,10
25,3,9,0,8
25,4,9,0,8
25,5,9,0,19
25,6,9,0,20
25,7,9,7,18
25,8,7,0,10
25,9,7,0,24
25,10,7,0,2
25,11,7,0,19
25,12,7,0,3
25,13,9,7,21
25,14,9,7,20
25,15,9,0,8
25,16,9,0,14
25,17,9,7,3
25,18,7,0,14
25,19,7,0,24
25,20,7,0,9
25,21,7,0,21
25,22,7,0,6
25,23,7,0,4
25,24,7,0,7
25,25,7,0,0
25,26,7,0,1
25,27,7,0,22
25,28,9,7,7
25,29,9,7,20
25,30,9,0,11
25,31,9,0,0
25,32,9,7,17
25,33,7,0,13
25,34,7,0,14
25,35,7,0,20
25,36,7,0,0
25,37,7,0,6
25,38,7,0,12
25,39,7,0,17
25,40,7,0,14
25,41,7,0,12
25,42,7,0,0
25,43,9,7,24
25,44,9,0,20
25,45,9,0,1
25,46,9,0,7
25,47,9,0,8
25,48,9,0,13
25,49,9,0,9
26,0,9,0,23
26,1,9,0,15
26,2,9,0,21
26,3,9,0,11
26,4,9,0,20
26,5,9,0,18
26,6,9,7,0
26,7,7,0,8
26,8,7,0,19
26,9,7,0,3
26,10,7,0,24
26,11,7,0,10
26,12,7,0,19
26,13,9,7,8
26,14,9,7,23
26,15,9,0,7
26,16,9,0,23
26,17,9,7,18
26,18,7,0,15
26,19,7,0,12
26,20,7,0,5
26,21,7,0,4
26,22,7,0,0
26,23,7,0,16
26,24,7,0,24
26,25,7,0,0
26,26,7,0,4
26,27,7,0,20
26,28,9,7,8
26,29,9,7,23
26,30,9,0,8
26,31,9,0,10
26,32,9,7,3
26,33,7,0,0
26,34,7,0,4
26,35,7,0,10
26,36,7,0,7
26,37,7,0,22
26,38,7,0,11
26,39,7,0,16
26,40,7,0,2
26,41,7,0,0
26,42,9,7,6
26,43,9,0,7
26,44,9,0,20
26,45,9,0,16
26,46,9,0,8
26,47,9,0,21
26,48,9,0,12
26,49,9,0,12
27,0,9,0,19
27,1,9,0,18
27,2,9,0,3
27,3,9,0,16
27,4,9,0,10
27,5,9,0,10
27,6,9,7,18
27,7,7,0,20
27,8,7,0,2
27,9,7,0,15
27,10,7,0,17
27,11,7,0,16
27,12,7,0,23
27,13,7,0,14
27,14,9,7,22
27,15,9,0,7
27,16,9,7,0
27,17,7,0,14
27,18,7,0,24
27,19,7,0,3
27,20,7,0,12
27,21,7,0,14
27,22,7,0,5
27,23,7,0,18
27,24,7,0,15
27,25,7,0,11
27,26,7,0,8
27,27,7,0,20
27,28,7,0,9
27,29,9,7,22
27,30,9,0,16
27,31,9,0,13
27,32,9,7,3
27,33,7,0,2
27,34,7,0,3
27,35,7,0,19
27,36,7,0,14
27,37,7,0,11
27,38,7,0,12
27,39,7,0,5
27,40,7,0,17
27,41,7,0,5
27,42,9,7,22
27,43,9,0,0
27,44,9,0,1
27,45,9,0,12
27,46,9,0,21
27,47,9,0,13
27,48,9,0,8
27,49,9,0,23
28,0,9,0,20
28,1,9,0,13
28,2,9,0,15
28,3,9,0,9
28,4,9,0,7
28,5,9,7,0
28,6,7,0,9
28,7,7,0,13
28,8,7,0,12
28,9,7,0,24
28,10,7,0,8
28,11,7,0,23
28,12,7,0,5
28,13,7,0,9
28,14,9,7,21
28,15,9,7,20
28,16,9,7,18
28,17,7,0,21
28,18,7,0,21
28,19,7,0,19
28,20,7,0,16
28,21,7,0,0
28,22,7,0,14
28,23,7,0,11
28,24,7,0,14
28,25,7,0,19
28,26,7,0,24
28,27,7,0,12
28,28,7,0,21
28,29,9,7,23
28,30,9,0,2
28,31,9,0,12
28,32,9,7,18
28,33,7,0,7
28,34,7,0,3
28,35,7,0,2
28,36,7,0,10
28,37,7,0,3
28,38,7,0,6
28,39,7,0,13
28,40,7,0,18
28,41,7,0,3
28,42,9,7,24
28,43,9,0,3
28,44,9,0,15
28,45,9,0,13
28,46,9,0,20
28,47,9,0,4
28,48,9,0,20
28,49,9,0,5
29,0,9,0,16
29,1,9,0,0
29,2,9,0,5
29,3,9,0,6
29,4,9,0,18
29,5,9,7,3
29,6,7,0,2
29,7,7,0,10
29,8,7,0,8
29,9,7,0,4
29,10,7,0,9
29,11,7,0,16
29,12,7,0,21
29,13,7,0,7
29,14,9,7,8
29,15,9,7,8
29,16,7,0,5
29,17,7,0,19
29,18,7,0,13
29,19,7,0,0
29,20,7,0,4
29,21,7,0,20
29,22,7,0,1
29,23,7,0,8
29,24,7,0,3
29,25,7,0,15
29,26,7,0,19
29,27,7,0,18
29,28,7,0,5
29,29,9,7,24
29,30,9,0,16
29,31,9,7,0
29,32,7,0,23
29,33,7,0,14
29,34,7,0,0
29,35,7,0,5
29,36,7,0,17
29,37,7,0,12
29,38,7,0,2
29,39,7,0,18
29,40,7,0,16
29,41,9,7,6
29,42,9,0,10
29,43,9,0,14
29,44,9,0,24
29,45,9,0,17
29,46,9,0,14
29,47,9,0,6
29,48,9,0,14
29,49,9,0,16
30,0,9,0,2
30,1,9,0,11
30,2,9,0,1
30,3,9,0,15
30,4,9,0,11
30,5,9,7,17
30,6,9,7,16
30,7,7,0,20
30,8,7,0,11
30,9,7,0,19
30,10,7,0,16
30,11,7,0,1
30,12,7,0,14
30,13,7,0,14
30,14,7,0,12
30,15,7,0,3
30,16,7,0,3
30,17,7,0,10
30,18,7,0,12
30,19,7,0,18
30,20,7,0,20
30,21,7,0,0
30,22,7,0,13
30,23,9,7,16
30,24,9,7,16
30,25,9,7,16
30,26,7,0,1
30,27,7,0,17
30,28,9,7,6
30,29,9,0,21
30,30,9,0,2
30,31,9,7,17
30,32,7,0,12
30,33,7,0,23
30,34,7,0,17
30,35,7,0,4
30,36,7,0,6
30,37,7,0,24
30,38,7,0,0
30,39,7,0,6
30,40,7,0,13
30,41,9,7,24
30,42,9,0,3
30,43,9,0,6
30,44,9,0,10
30,45,9,0,2
30,46,9,0,3
30,47,9,0,19
30,48,9,0,20
30,49,9,0,15
31,0,9,0,17
31,1,9,0,13
31,2,9,0,15
31,3,9,0,14
31,4,9,0,14
31,5,9,7,4
31,6,9,7,2
31,7,7,0,12
31,8,7,0,18
31,9,7,0,2
31,10,7,0,0
31,11,7,0,11
31,12,7,0,11
31,13,7,0,21
31,14,7,0,16
31,15,7,0,6
31,16,7,0,22
31,17,7,0,23
31,18,7,0,18
31,19,7,0,20
31,20,7,0,21
31,21,7,0,0
31,22,9,7,19
31,23,9,7,4
31,24,9,7,4
31,25,9,7,2
31,26,7,0,8
31,27,7,0,24
31,28,9,7,24
31,29,9,0,5
31,30,9,0,21
31,31,9,7,17
31,32,7,0,10
31,33,7,0,14
31,34,7,0,17
31,35,7,0,20
31,36,7,0,18
31,37,7,0,9
31,38,7,0,2
31,39,7,0,18
31,40,9,7,19
31,41,9,0,3
31,42,9,0,10
31,43,9,0,9
31,44,9,0,8
31,45,9,0,4
31,46,9,0,19
31,47,9,0,24
31,48,9,0,21
32,0,9,0,13
32,1,9,0,22
32,2,9,0,12
32,3,9,0,16
32,4,9,0,20
32,5,9,0,12
32,6,9,7,2
32,7,7,0,18
32,8,7,0,18
32,9,7,0,20
32,10,7,0,6
32,11,7,0,15
32,12,7,0,14
32,13,7,0,21
32,14,7,0,12
32,15,7,0,15
32,16,7,0,3
32,17,7,0,6
32,18,7,0,3
32,19,7,0,4
32,20,7,0,14
32,21,9,7,6
32,22,9,0,14
32,23,9,0,9
32,24,9,0,10
32,25,9,7,18
32,26,7,0,1
32,27,9,7,6
32,28,9,0,23
32,29,9,0,7
32,30,9,0,22
32,31,9,7,3
32,32,7,0,19
32,33,7,0,7
32,34,7,0,12
32,35,7,0,23
32,36,7,0,15
32,37,7,0,4
32,38,9,7,16
32,39,9,7,11
32,40,9,0,8
32,41,9,0,13
32,42,9,0,19
32,43,9,0,20
32,44,9,0,7
32,45,9,0,17
32,46,9,0,11
32,47,9,0,9
32,48,9,0,4
33,0,9,0,9
33,1,9,0,13
33,2,9,0,1
33,3,9,0,3
33,4,9,0,19
33,5,9,0,2
33,6,9,7,1
33,7,9,7,16
33,8,7,0,12
33,9,7,0,6
33,10,7,0,16
33,11,7,0,13
33,12,7,0,18
33,13,7,0,3
33,14,7,0,1
33,15,7,0,22
33,16,7,0,9
33,17,7,0,3
33,18,7,0,13
33,19,7,0,0
33,20,7,0,7
33,21,9,7,24
33,22,9,0,0
33,23,9,0,1
33,24,9,7,0
33,25,7,0,12
33,26,7,0,9
33,27,9,7,7
33,28,9,0,11
33,29,9,0,0
33,30,9,0,5
33,31,9,7,17
33,32,7,0,1
33,33,7,0,16
33,34,7,0,2
33,35,7,0,15
33,36,7,0,14
33,37,9,7,14
33,38,9,7,4
33,39,9,0,15
33,40,9,0,16
33,41,9,0,1
33,42,9,0,3
33,43,9,0,6
33,44,9,0,14
33,45,9,0,13
33,46,9,0,16
33,47,9,0,20
33,48,9,0,21
34,0,9,0,24
34,1,9,0,8
34,2,9,0,15
34,3,9,0,11
34,4,9,0,6
34,5,9,0,8
34,6,9,7,4
34,7,9,7,17
34,8,7,0,20
34,9,7,0,4
34,10,7,0,11
34,11,7,0,11
34,12,7,0,12
34,13,7,0,21
34,14,7,0,1
34,15,7,0,3
34,16,7,0,3
34,17,7,0,11
34,18,7,0,4
34,19,7,0,8
34,20,9,7,6
34,21,9,0,16
34,22,9,0,11
34,23,9,0,5
34,24,9,7,18
34,25,7,0,9
34,26,7,0,8
34,27,9,7,21
34,28,9,0,21
34,29,9,0,16
34,30,9,0,3
34,31,9,7,3
34,32,7,0,14
34,33,7,0,20
34,34,7,0,2
34,35,7,0,8
34,36,9,7,19
34,37,9,0,16
34,38,9,0,19
34,39,9,0,21
34,40,9,0,10
34,41,9,0,20
34,42,9,0,21
34,43,9,0,13
34,44,9,0,12
34,45,9,0,9
34,46,9,0,0
34,47,9,0,10
34,48,9,0,24
35,0,9,0,1
35,1,9,0,0
35,2,9,0,14
35,3,9,0,11
35,4,9,0,0
35,5,9,0,2
35,6,9,0,20
35,7,9,7,18
35,8,7,0,17
35,9,7,0,6
35,10,7,0,0
35,11,7,0,21
35,12,7,0,13
35,13,7,0,9
35,14,7,0,14
35,15,7,0,9
35,16,7,0,14
35,17,7,0,20
35,18,7,0,17
35,19,7,0,4
35,20,9,7,23
35,21,9,0,9
35,22,9,0,8
35,23,9,7,15
35,24,7,0,6
35,25,7,0,16
35,26,7,0,5
35,27,9,7,22
35,28,9,0,22
35,29,9,0,24
35,30,9,0,4
35,31,9,7,18
35,32,7,0,16
35,33,7,0,23
35,34,7,0,14
35,35,9,7,6
35,36,9,0,0
35,37,9,0,14
35,38,9,0,5
35,39,9,0,5
35,40,9,0,11
35,41,9,0,24
35,42,9,0,13
35,43,9,0,18
35,44,9,0,24
35,45,9,0,13
35,46,9,0,12
35,47,9,0,8
35,48,9,0,9
36,0,9,0,4
36,1,9,0,5
36,2,9,0,24
36,3,9,0,0
36,4,9,0,18
36,5,9,0,14
36,6,9,7,0
36,7,7,0,20
36,8,7,0,16
36,9,7,0,12
36,10,7,0,14
36,11,7,0,16
36,12,7,0,18
36,13,7,0,20
36,14,7,0,5
36,15,7,0,9
36,16,7,0,20
36,17,7,0,11
36,18,7,0,24
36,19,7,0,5
36,20,9,7,22
36,21,9,7,20
36,22,9,7,5
36,23,7,0,12
36,24,7,0,20
36,25,7,0,23
36,26,7,0,20
36,27,9,7,24
36,28,9,0,8
36,29,9,0,17
36,30,9,7,0
36,31,7,0,5
36,32,7,0,23
36,33,7,0,7
36,34,7,0,10
36,35,9,7,24
36,36,9,0,22
36,37,9,0,18
36,38,9,0,19
36,39,9,0,14
36,40,9,0,8
36,41,9,0,18
36,42,9,0,13
36,43,9,0,3
36,44,9,0,5
36,45,9,0,1
36,46,9,0,3
36,47,9,0,22
36,48,9,0,20
37,0,9,0,11
37,1,9,0,2
37,2,9,0,24
37,3,9,0,16
37,4,9,0,11
37,5,9,0,22
37,6,9,7,17
37,7,9,7,16
37,8,7,0,24
37,9,7,0,23
37,10,7,0,19
37,11,7,0,22
37,12,7,0,21
37,13,7,0,24
37,14,7,0,11
37,15,7,0,23
37,16,7,0,16
37,17,7,0,19
37,18,7,0,5
37,19,7,0,2
37,20,9,7,8
37,21,9,7,8
37,22,7,0,19
37,23,7,0,15
37,24,7,0,15
37,25,7,0,14
37,26,9,7,6
37,27,9,0,0
37,28,9,0,15
37,29,9,0,24
37,30,9,7,18
37,31,7,0,22
37,32,7,0,14
37,33,7,0,11
37,34,9,7,14
37,35,9,0,13
37,36,9,0,13
37,37,9,0,10
37,38,9,0,19
37,39,9,0,19
37,40,9,0,4
37,41,9,0,4
37,42,9,0,8
37,43,9,0,21
37,44,9,0,5
37,45,9,0,15
37,46,9,0,18
37,47,9,0,20
37,48,9,0,24
38,0,9,0,4
38,1,9,0,9
38,2,9,0,16
38,3,9,0,14
38,4,9,0,18
38,5,9,0,24
38,6,9,7,4
38,7,9,7,1
38,8,7,0,7
38,9,7,0,12
38,10,7,0,16
38,11,7,0,20
38,12,7,0,23
38,13,7,0,9
38,14,7,0,0
38,15,7,0,9
38,16,7,0,21
38,17,7,0,11
38,18,7,0,12
38,19,7,0,0
38,20,7,0,14
38,21,7,0,14
38,22,7,0,22
38,23,7,0,8
38,24,7,0,8
38,25,7,0,0
38,26,9,7,23
38,27,9,0,24
38,28,9,0,2
38,29,9,7,0
38,30,7,0,15
38,31,7,0,13
38,32,9,7,16
38,33,9,7,11
38,34,9,0,6
38,35,9,0,16
38,36,9,0,10
38,37,9,0,15
38,38,9,0,3
38,39,9,0,21
38,40,9,0,0
38,41,9,0,4
38,42,9,0,6
38,43,9,0,0
38,44,9,0,4
38,45,9,0,11
38,46,9,0,24
38,47,9,0,10
38,48,9,0,8
39,0,9,0,19
39,1,9,0,14
39,2,9,0,23
39,3,9,0,17
39,4,9,0,5
39,5,9,0,19
39,6,9,0,2
39,7,9,7,3
39,8,9,7,16
39,9,7,0,22
39,10,7,0,18
39,11,7,0,10
39,12,7,0,17
39,13,7,0,21
39,14,7,0,15
39,15,7,0,13
39,16,7,0,13
39,17,7,0,17
39,18,7,0,14
39,19,7,0,23
39,20,7,0,11
39,21,7,0,10
39,22,7,0,4
39,23,7,0,7
39,24,7,0,1
39,25,7,0,15
39,26,9,7,23
39,27,9,0,12
39,28,9,0,12
39,29,9,7,3
39,30,9,7,16
39,31,9,7,14
39,32,9,7,4
39,33,9,0,22
39,34,9,0,4
39,35,9,0,2
39,36,9,0,16
39,37,9,0,5
39,38,9,0,22
39,39,9,0,8
39,40,9,0,5
39,41,9,0,7
39,42,9,0,14
39,43,9,0,0
39,44,9,0,15
39,45,9,0,2
39,46,9,0,14
39,47,9,0,6
39,48,9,0,14
40,0,9,0,5
40,1,9,0,16
40,2,9,0,2
40,3,9,0,5
40,4,9,0,21
40,5,9,0,21
40,6,9,0,2
40,7,9,7,4
40,8,9,7,1
40,9,9,7,16
40,10,9,7,16
40,11,7,0,24
40,12,7,0,7
40,13,7,0,13
40,14,7,0,4
40,15,7,0,23
40,16,7,0,12
40,17,7,0,22
40,18,7,0,22
40,19,7,0,0
40,20,7,0,0
40,21,7,0,4
40,22,7,0,21
40,23,7,0,17
40,24,7,0,4
40,25,7,0,8
40,26,9,7,22
40,27,9,0,9
40,28,9,0,16
40,29,9,7,4
40,30,9,7,4
40,31,9,0,6
40,32,9,0,7
40,33,9,0,3
40,34,9,0,19
40,35,9,0,11
40,36,9,0,21
40,37,9,0,8
40,38,9,0,11
40,39,9,0,24
40,40,9,0,18
40,41,9,0,22
40,42,9,0,13
40,43,9,0,20
40,44,9,0,0
40,45,9,0,9
40,46,9,0,10
40,47,9,0,15
40,48,9,0,9
41,0,9,0,18
41,1,9,0,4
41,2,9,0,16
41,3,9,0,15
41,4,9,0,21
41,5,9,0,5
41,6,9,0,18
41,7,9,0,22
41,8,9,7,4
41,9,9,7,4
41,10,9,7,3
41,11,7,0,2
41,12,7,0,3
41,13,7,0,0
41,14,7,0,7
41,15,7,0,18
41,16,7,0,1
41,17,7,0,19
41,18,7,0,20
41,19,7,0,13
41,20,7,0,9
41,21,7,0,7
41,22,7,0,12
41,23,7,0,7
41,24,7,0,10
41,25,7,0,12
41,26,9,7,24
41,27,9,0,15
41,28,9,0,17
41,29,9,0,22
41,30,9,0,23
41,31,9,0,6
41,32,9,0,15
41,33,9,0,19
41,34,9,0,14
41,35,9,0,20
41,36,9,0,7
41,37,9,0,17
41,38,9,0,2
41,39,9,0,9
41,40,9,0,1
41,41,9,0,0
41,42,9,0,13
41,43,9,0,14
41,44,9,0,0
41,45,9,0,5
41,46,9,0,10
41,47,9,0,18
41,48,9,0,16
42,0,9,0,8
42,1,9,0,0
42,2,9,0,22
42,3,9,0,4
42,4,9,0,13
42,5,9,0,9
42,6,9,0,8
42,7,9,0,20
42,8,9,0,5
42,9,9,0,18
42,10,9,7,18
42,11,7,0,13
42,12,7,0,10
42,13,7,0,4
42,14,7,0,5
42,15,7,0,2
42,16,7,0,20
42,17,7,0,10
42,18,7,0,19
42,19,7,0,22
42,20,7,0,23
42,21,7,0,1
42,22,7,0,20
42,23,7,0,6
42,24,7,0,19
42,25,9,7,6
42,26,9,0,14
42,27,9,0,19
42,28,9,0,14
42,29,9,0,4
42,30,9,0,14
42,31,9,0,17
42,32,9,0,10
42,33,9,0,13
42,34,9,0,23
42,35,9,0,18
42,36,9,0,8
42,37,9,0,1
42,38,9,0,1
42,39,9,0,3
42,40,9,0,19
42,41,9,0,10
42,42,9,0,12
42,43,9,0,11
42,44,9,0,23
42,45,9,0,15
42,46,9,0,14
42,47,9,0,19
42,48,9,0,19
43,0,9,0,23
43,1,9,0,11
43,2,9,0,20
43,3,9,0,9
43,4,9,0,9
43,5,9,0,10
43,6,9,0,4
43,7,9,0,24
43,8,9,0,7
43,9,9,7,0
43,10,7,0,17
43,11,7,0,17
43,12,7,0,2
43,13,7,0,17
43,14,7,0,2
43,15,7,0,10
43,16,7,0,9
43,17,7,0,12
43,18,7,0,19
43,19,7,0,1
43,20,7,0,21
43,21,7,0,12
43,22,7,0,20
43,23,7,0,14
43,24,7,0,4
43,25,9,7,24
43,26,9,0,20
43,27,9,0,19
43,28,9,0,11
43,29,9,0,1
43,30,9,0,9
43,31,9,0,24
43,32,9,0,24
43,33,9,0,0
43,34,9,0,20
43,35,9,0,18
43,36,9,0,12
43,37,9,0,14
43,38,9,0,3
43,39,9,0,2
43,40,9,0,0
43,41,9,0,17
43,42,9,0,19
43,43,9,0,22
43,44,9,0,17
43,45,9,0,18
43,46,9,0,6
43,47,9,0,10
43,48,9,0,19
44,0,9,0,4
44,1,9,0,22
44,2,9,0,1
44,3,9,0,9
44,4,9,0,1
44,5,9,0,19
44,6,9,0,20
44,7,9,0,1
44,8,9,0,24
44,9,9,7,18
44,10,7,0,3
44,11,7,0,15
44,12,7,0,1
44,13,7,0,2
44,14,7,0,20
44,15,7,0,5
44,16,7,0,14
44,17,7,0,1
44,18,7,0,0
44,19,7,0,13
44,20,7,0,6
44,21,7,0,5
44,22,7,0,7
44,23,7,0,10
44,24,9,7,19
44,25,9,0,20
44,26,9,0,18
44,27,9,0,9
44,28,9,0,13
44,29,9,0,19
44,30,9,0,20
44,31,9,0,10
44,32,9,0,22
44,33,9,0,13
44,34,9,0,4
44,35,9,0,23
44,36,9,0,18
44,37,9,0,5
44,38,9,0,8
44,39,9,0,21
44,40,9,0,22
44,41,9,0,1
44,42,9,0,9
44,43,9,0,6
44,44,9,0,0
44,45,9,0,3
44,46,9,0,21
44,47,9,0,4
44,48,9,0,10
45,0,9,0,11
45,1,9,0,22
45,2,9,0,21
45,3,9,0,24
45,4,9,0,18
45,5,9,0,1
45,6,9,0,15
45,7,9,0,11
45,8,9,7,0
45,9,7,0,1
45,10,7,0,8
45,11,7,0,1
45,12,7,0,5
45,13,7,0,10
45,14,7,0,13
45,15,7,0,19
45,16,7,0,20
45,17,7,0,3
45,18,7,0,15
45,19,7,0,20
45,20,7,0,12
45,21,7,0,5
45,22,7,0,9
45,23,9,7,14
45,24,9,0,23
45,25,9,0,19
45,26,9,0,13
45,27,9,0,21
45,28,9,0,23
45,29,9,0,4
45,30,9,0,10
45,31,9,0,8
45,32,9,0,24
45,33,9,0,24
45,34,9,0,23
45,35,9,0,9
45,36,9,0,9
45,37,9,0,20
45,38,9,0,12
45,39,9,0,24
45,40,9,0,9
45,41,9,0,18
45,42,9,0,21
45,43,9,0,6
45,44,9,0,11
45,45,9,0,9
45,46,9,0,17
45,47,9,0,7
45,48,9,0,7
46,0,9,0,5
46,1,9,0,11
46,2,9,0,1
46,3,9,0,2
46,4,9,0,0
46,5,9,0,12
46,6,9,0,10
46,7,9,0,21
46,8,9,7,3
46,9,7,0,20
46,10,7,0,13
46,11,7,0,10
46,12,7,0,10
46,13,7,0,23
46,14,7,0,24
46,15,7,0,2
46,16,7,0,16
46,17,7,0,17
46,18,7,0,0
46,19,7,0,18
46,20,7,0,15
46,21,7,0,16
46,22,9,7,6
46,23,9,0,3
46,24,9,0,5
46,25,9,0,11
46,26,9,0,18
46,27,9,0,22
46,28,9,0,11
46,29,9,0,14
46,30,9,0,5
46,31,9,0,5
46,32,9,0,12
46,33,9,0,1
46,34,9,0,7
46,35,9,0,17
46,36,9,0,20
46,37,9,0,13
46,38,9,0,17
46,39,9,0,19
46,40,9,0,6
46,41,9,0,1
46,42,9,0,6
46,43,9,0,8
46,44,9,0,6
46,45,9,0,24
46,46,9,0,11
46,47,9,0,11
46,48,9,0,16
47,0,9,0,16
47,1,9,0,1
47,2,9,0,22
47,3,9,0,24
47,4,9,0,7
47,5,9,0,15
47,6,9,0,23
47,7,9,0,15
47,8,9,7,2
47,9,7,0,8
47,10,7,0,21
47,11,7,0,5
47,12,7,0,22
47,13,7,0,22
47,14,7,0,24
47,15,7,0,24
47,16,7,0,7
47,17,7,0,16
47,18,7,0,24
47,19,7,0,21
47,20,7,0,19
47,21,7,0,5
47,22,9,7,24
47,23,9,0,10
47,24,9,0,17
47,25,9,0,1
47,26,9,0,19
47,27,9,0,22
47,28,9,0,10
47,29,9,0,8
47,30,9,0,7
47,31,9,0,23
47,32,9,0,22
47,33,9,0,8
47,34,9,0,5
47,35,9,0,15
47,36,9,0,13
47,37,9,0,23
47,38,9,0,8
47,39,9,0,6
47,40,9,0,10
47,41,9,0,20
47,42,9,0,19
47,43,9,0,21
47,44,9,0,12
47,45,9,0,18
47,46,9,0,22
47,47,9,0,3
47,48,9,0,17
48,0,9,0,20
48,1,9,0,5
48,2,9,0,8
48,3,9,0,14
48,4,9,0,22
48,5,9,0,4
48,6,9,0,22
48,7,9,0,6
48,8,9,7,17
48,9,9,7,16
48,10,9,7,16
48,11,7,0,1
48,12,7,0,11
48,13,7,0,13
48,14,7,0,8
48,15,7,0,0
48,16,7,0,14
48,17,7,0,7
48,18,7,0,6
48,19,9,7,16
48,20,9,7,16
48,21,9,7,11
48,22,9,0,14
48,23,9,0,21
48,24,9,0,16
48,25,9,0,14
48,26,9,0,21
48,27,9,0,12
48,28,9,0,11
48,29,9,0,6
48,30,9,0,18
48,31,9,0,24
48,32,9,0,6
48,33,9,0,0
48,34,9,0,15
48,35,9,0,0
48,36,9,0,11
48,37,9,0,2
48,38,9,0,1
48,39,9,0,12
48,40,9,0,18
48,41,9,0,22
48,42,9,0,12
48,43,9,0,22
48,44,9,0,23
48,45,9,0,17
48,46,9,0,3
48,47,9,0,23
48,48,9,0,5
49,0,9,0,2
49,1,9,0,8
49,2,9,0,21
49,3,9,0,2
49,4,9,0,15
49,5,9,0,22
49,6,9,0,8
49,7,9,0,0
49,8,9,7,4
49,9,9,7,4
49,10,9,7,3
49,11,7,0,9
49,12,7,0,20
49,13,7,0,2
49,14,7,0,10
49,15,7,0,14
49,16,7,0,19
49,17,7,0,1
49,18,9,7,19
49,19,9,7,4
49,20,9,7,4
49,21,9,0,3
49,22,9,0,12
49,23,9,0,6
49,24,9,0,10
49,25,9,0,15
49,26,9,0,10
49,27,9,0,10
49,28,9,0,5
49,29,9,0,3
49,30,9,0,21
49,31,9,0,22
49,32,9,0,4
49,33,9,0,1
49,34,9,0,14
49,35,9,0,1
49,36,9,0,2
49,37,9,0,24
49,38,9,0,22
49,39,9,0,22
49,40,9,0,18
49,41,9,0,10
49,42,9,0,16
49,43,9,0,21
49,44,9,0,22
49,45,9,0,0
49,46,9,0,7
49,47,9,0,11
49,48,9,0,6
50,0,9,0,7
50,1,9,0,18
50,2,9,0,24
50,3,9,0,8
50,4,9,0,23
50,5,9,0,10
50,6,9,0,13
50,7,9,0,1
50,8,9,0,8
50,9,9,0,2
50,10,9,7,18
50,11,7,0,22
50,12,7,0,13
50,13,7,0,0
50,14,7,0,11
50,15,7,0,11
50,16,7,0,16
50,17,9,7,11
50,18,9,0,17
50,19,9,0,15
50,20,9,0,8
50,21,9,0,3
50,22,9,0,18
50,23,9,0,7
50,24,9,0,12
50,25,9,0,17
50,26,9,0,1
50,27,9,0,5
50,28,9,0,10
50,29,9,0,3
50,30,9,0,1
50,31,9,0,18
50,32,9,0,6
50,33,9,0,19
50,34,9,0,14
50,35,9,0,12
50,36,9,0,7
50,37,9,0,3
50,38,9,0,0
50,39,9,0,8
50,40,9,0,0
50,41,9,0,9
50,42,9,0,8
50,43,9,0,15
50,44,9,0,3
50,45,9,0,8
50,46,9,0,24
50,47,9,0,19
50,48,9,0,6
51,0,9,0,19
51,1,9,0,8
51,2,9,0,8
51,3,9,0,8
51,4,9,0,0
51,5,9,0,15
51,6,9,0,23
51,7,9,0,9
51,8,9,0,3
51,9,9,7,0
51,10,7,0,20
51,11,7,0,24
51,12,7,0,10
51,13,7,0,0
51,14,7,0,9
51,15,7,0,8
51,16,9,7,6
51,17,9,0,11
51,18,9,0,10
51,19,9,0,12
51,20,9,0,8
51,21,9,0,22
51,22,9,0,9
51,23,9,0,21
51,24,9,0,23
51,25,9,0,3
51,26,9,0,7
51,27,9,0,24
51,28,9,0,8
51,29,9,0,14
51,30,9,0,19
51,31,9,0,14
51,32,9,0,4
51,33,9,0,21
51,34,9,0,5
51,35,9,0,8
51,36,9,0,19
51,37,9,0,24
51,38,9,0,19
51,39,9,0,14
51,40,9,0,15
51,41,9,0,4
51,42,9,0,22
51,43,9,0,17
51,44,9,0,17
51,45,9,0,15
51,46,9,0,14
51,47,9,0,12
51,48,9,0,20
52,0,9,0,1
52,1,9,0,18
52,2,9,0,11
52,3,9,0,19
52,4,9,0,1
52,5,9,0,7
52,6,9,0,17
52,7,9,0,14
52,8,9,0,16
52,9,9,7,18
52,10,7,0,19
52,11,7,0,3
52,12,7,0,3
52,13,7,0,16
52,14,7,0,9
52,15,7,0,4
52,16,9,7,24
52,17,9,0,18
52,18,9,0,23
52,19,9,0,18
52,20,9,0,14
52,21,9,0,15
52,22,9,0,23
52,23,9,0,16
52,24,9,0,12
52,25,9,0,14
52,26,9,0,2
52,27,9,0,1
52,28,9,0,6
52,29,9,0,8
52,30,9,0,7
52,31,9,0,8
52,32,9,0,16
52,33,9,0,11
52,34,9,0,11
52,35,9,0,9
52,36,9,0,14
52,37,9,0,3
52,38,9,0,9
52,39,9,0,23
52,40,9,0,4
52,41,9,0,18
52,42,9,0,3
52,43,9,0,21
52,44,9,0,4
52,45,9,0,18
52,46,9,0,4
52,47,9,0,22
52,48,9,0,23
53,0,9,0,14
53,1,9,0,12
53,2,9,0,5
53,3,9,0,16
53,4,9,0,7
53,5,9,0,16
53,6,9,0,24
53,7,9,0,6
53,8,9,7,0
53,9,7,0,4
53,10,7,0,20
53,11,7,0,14
53,12,7,0,7
53,13,7,0,3
53,14,7,0,7
53,15,9,7,6
53,16,9,0,15
53,17,9,0,24
53,18,9,0,20
53,19,9,0,13
53,20,9,0,2
53,21,9,0,1
53,22,9,0,11
53,23,9,0,24
53,24,9,0,1
53,25,9,0,1
53,26,9,0,21
53,27,9,0,22
53,28,9,0,12
53,29,9,0,17
53,30,9,0,20
53,31,9,0,20
53,32,9,0,4
53,33,9,0,23
53,34,9,0,13
53,35,9,0,15
53,36,9,0,11
53,37,9,0,19
53,38,9,0,23
53,39,9,0,4
53,40,9,0,7
53,41,9,0,16
53,42,9,0,11
53,43,9,0,11
53,44,9,0,7
53,45,9,0,14
53,46,9,0,12
53,47,9,0,5
53,48,9,0,2
54,0,9,0,22
54,1,9,0,22
54,2,9,0,5
54,3,9,0,22
54,4,9,0,15
54,5,9,0,23
54,6,9,0,8
54,7,9,0,8
54,8,9,7,18
54,9,7,0,24
54,10,7,0,3
54,11,7,0,10
54,12,7,0,21
54,13,7,0,6
54,14,7,0,22
54,15,9,7,24
54,16,9,0,22
54,17,9,0,3
54,18,9,0,14
54,19,9,0,23
54,20,9,0,14
54,21,9,0,23
54,22,9,0,9
54,23,9,0,20
54,24,9,0,5
54,25,9,0,7
54,26,9,0,8
54,27,9,0,7
54,28,9,0,3
54,29,9,0,4
54,30,9,0,3
54,31,9,0,12
54,32,9,0,1
54,33,9,0,20
54,34,9,0,22
54,35,9,0,20
54,36,9,0,1
54,37,9,0,2
54,38,9,0,24
54,39,9,7,20
54,40,9,0,15
54,41,9,0,24
54,42,9,0,6
54,43,9,0,7
54,44,9,0,2
54,45,9,0,5
54,46,9,0,18
54,47,9,0,8
54,48,9,0,3
55,0,9,0,10
55,1,9,0,14
55,2,9,0,5
55,3,9,0,20
55,4,9,0,0
55,5,9,0,17
55,6,9,0,7
55,7,9,7,0
55,8,7,0,3
55,9,7,0,16
55,10,7,0,0
55,11,7,0,24
55,12,7,0,15
55,13,7,0,3
55,14,9,7,9
55,15,9,0,1
55,16,9,0,8
55,17,9,0,14
55,18,9,0,3
55,19,9,0,20
55,20,9,0,13
55,21,9,0,11
55,22,9,0,22
55,23,9,0,21
55,24,9,0,22
55,25,9,0,8
55,26,9,0,20
55,27,9,0,23
55,28,9,0,24
55,29,9,0,11
55,30,9,0,12
55,31,9,0,4
55,32,9,0,18
55,33,9,0,6
55,34,9,0,6
55,35,9,0,13
55,36,9,0,1
55,37,9,7,20
55,38,9,7,10
55,39,9,7,24
55,40,9,0,0
55,41,9,0,11
55,42,9,0,21
55,43,9,0,24
55,44,9,0,15
55,45,9,0,8
55,46,9,0,15
55,47,9,0,13
55,48,9,0,0
56,0,9,0,13
56,1,9,0,8
56,2,9,0,15
56,3,9,0,18
56,4,9,0,3
56,5,9,0,10
56,6,9,0,8
56,7,9,7,3
56,8,7,0,23
56,9,7,0,5
56,10,7,0,16
56,11,7,0,21
56,12,9,7,16
56,13,9,7,9
56,14,9,0,18
56,15,9,0,23
56,16,9,0,8
56,17,9,0,20
56,18,9,0,0
56,19,9,0,23
56,20,9,0,2
56,21,9,0,10
56,22,9,0,7
56,23,9,0,7
56,24,9,0,19
56,25,9,0,2
56,26,9,0,9
56,27,9,0,19
56,28,9,0,13
56,29,9,0,4
56,30,9,0,14
56,31,9,0,22
56,32,9,0,12
56,33,9,0,20
56,34,9,0,13
56,35,9,0,9
56,36,9,7,13
56,37,9,7,8
56,38,9,7,6
56,39,9,0,3
56,40,9,0,20
56,41,9,0,24
56,42,9,0,14
56,43,9,0,5
56,44,9,0,19
56,45,9,0,24
56,46,9,0,1
56,47,9,0,15
56,48,9,0,8
57,0,9,0,6
57,1,9,0,7
57,2,9,0,17
57,3,9,0,12
57,4,9,0,19
57,5,9,0,9
57,6,9,0,22
57,7,9,7,3
57,8,7,0,1
57,9,7,0,8
57,10,7,0,15
57,11,9,7,14
57,12,9,7,4
57,13,9,0,7
57,14,9,0,12
57,15,9,0,15
57,16,9,0,0
57,17,9,0,13
57,18,9,0,16
57,19,9,0,1
57,20,9,0,10
57,21,9,0,20
57,22,9,0,24
57,23,9,0,10
57,24,9,0,6
57,25,9,0,19
57,26,9,0,3
57,27,9,0,5
57,28,9,0,15
57,29,9,0,15
57,30,9,0,20
57,31,9,0,10
57,32,9,0,16
57,33,9,7,20
57,34,9,7,20
57,35,9,7,5
57,36,7,0,13
57,37,7,0,8
57,38,9,7,23
57,39,9,7,20
57,40,9,0,18
57,41,9,0,4
57,42,9,0,15
57,43,9,0,22
57,44,9,0,11
57,45,9,0,1
57,46,9,0,7
57,47,9,0,0
57,48,9,0,15
58,0,9,0,5
58,1,9,0,11
58,2,9,0,13
58,3,9,0,10
58,4,9,0,16
58,5,9,0,14
58,6,9,0,2
58,7,9,7,2
58,8,9,7,16
58,9,9,7,16
58,10,9,7,14
58,11,9,0,20
58,12,9,0,24
58,13,9,0,13
58,14,9,0,7
58,15,9,0,19
58,16,9,0,17
58,17,9,0,6
58,18,9,0,4
58,19,9,0,23
58,20,9,0,20
58,21,9,0,13
58,22,9,0,2
58,23,9,0,7
58,24,9,0,11
58,25,9,0,16
58,26,9,0,8
58,27,9,0,22
58,28,9,0,13
58,29,9,0,2
58,30,9,0,21
58,31,9,0,18
58,32,9,7,5
58,33,9,7,8
58,34,9,7,8
58,35,7,0,9
58,36,7,0,5
58,37,7,0,23
58,38,9,7,8
58,39,9,7,7
58,40,9,7,20
58,41,9,0,8
58,42,9,0,12
58,43,9,0,3
58,44,9,0,21
58,45,9,0,14
58,46,9,0,15
58,47,9,0,3
58,48,9,0,13
59,0,9,0,14
59,1,9,0,2
59,2,9,0,10
59,3,9,0,10
59,4,9,0,13
59,5,9,0,13
59,6,9,0,22
59,7,9,7,4
59,8,9,7,4
59,9,9,7,4
59,10,9,0,10
59,11,9,0,2
59,12,9,0,17
59,13,9,0,2
59,14,9,0,4
59,15,9,0,19
59,16,9,0,7
59,17,9,0,7
59,18,9,0,2
59,19,9,0,12
59,20,9,0,13
59,21,9,0,15
59,22,9,0,8
59,23,9,0,18
59,24,9,0,22
59,25,9,0,17
59,26,9,0,1
59,27,9,0,17
59,28,9,0,8
59,29,9,0,15
59,30,9,7,20
59,31,9,7,15
59,32,7,0,21
59,33,7,0,9
59,34,7,0,7
59,35,7,0,2
59,36,7,0,17
59,37,7,0,24
59,38,7,0,12
59,39,9,7,8
59,40,9,7,23
59,41,9,7,20
59,42,9,0,3
59,43,9,0,17
59,44,9,0,1
59,45,9,0,22
59,46,9,0,23
59,47,9,0,9
59,48,9,0,1
60,0,9,0,0
60,1,9,0,20
60,2,9,0,0
60,3,9,0,9
60,4,9,0,0
60,5,9,0,0
60,6,9,0,3
60,7,9,0,11
60,8,9,0,15
60,9,9,0,0
60,10,9,0,1
60,11,9,0,13
60,12,9,0,23
60,13,9,0,6
60,14,9,0,3
60,15,9,0,8
60,16,9,0,4
60,17,9,0,21
60,18,9,0,7
60,19,9,0,14
60,20,9,0,19
60,21,9,0,9
60,22,9,0,22
60,23,9,0,8
60,24,9,0,2
60,25,9,0,5
60,26,9,0,10
60,27,9,0,0
60,28,9,0,12
60,29,9,7,15
60,30,9,7,8
60,31,7,0,3
60,32,7,0,0
60,33,7,0,8
60,34,7,0,7
60,35,7,0,19
60,36,7,0,3
60,37,7,0,15
60,38,7,0,2
60,39,7,0,2
60,40,9,7,8
60,41,9,7,21
60,42,9,0,24
60,43,9,0,7
60,44,9,0,17
60,45,9,0,2
60,46,9,0,16
60,47,9,0,8
60,48,9,0,12
61,0,9,0,17
61,1,9,0,18
61,2,9,0,15
61,3,9,0,8
61,4,9,0,1
61,5,9,0,18
61,6,9,0,19
61,7,9,0,11
61,8,9,0,18
61,9,9,0,1
61,10,9,0,13
61,11,9,0,14
61,12,9,0,2
61,13,9,0,0
61,14,9,0,23
61,15,9,0,16
61,16,9,0,9
61,17,9,0,10
61,18,9,0,3
61,19,9,0,10
61,20,9,0,13
61,21,9,0,7
61,22,9,0,16
61,23,9,0,8
61,24,9,0,9
61,25,9,0,0
61,26,9,0,18
61,27,9,0,7
61,28,9,7,5
61,29,7,0,6
61,30,7,0,13
61,31,7,0,3
61,32,7,0,13
61,33,7,0,2
61,34,7,0,19
61,35,7,0,12
61,36,7,0,15
61,37,7,0,21
61,38,7,0,6
61,39,7,0,9
61,40,7,0,2
61,41,9,7,23
61,42,9,0,21
61,43,9,0,21
61,44,9,0,15
61,45,9,0,17
61,46,9,0,1
61,47,9,0,5
61,48,9,0,4
62,0,9,0,22
62,1,9,0,20
62,2,9,0,6
62,3,9,0,0
62,4,9,0,20
62,5,9,0,11
62,6,9,0,14
62,7,9,0,13
62,8,9,0,12
62,9,9,0,8
62,10,9,0,20
62,11,9,0,19
62,12,9,0,20
62,13,9,0,16
62,14,9,0,13
62,15,9,0,16
62,16,9,0,5
62,17,9,0,21
62,18,9,0,8
62,19,9,0,20
62,20,9,0,5
62,21,9,0,7
62,22,9,0,5
62,23,9,0,15
62,24,9,0,18
62,25,9,0,1
62,26,9,0,22
62,27,9,7,13
62,28,7,0,23
62,29,7,0,16
62,30,7,0,14
62,31,7,0,0
62,32,7,0,21
62,33,7,0,5
62,34,7,0,22
62,35,7,0,15
62,36,7,0,4
62,37,7,0,0
62,38,7,0,2
62,39,7,0,6
62,40,7,0,23
62,41,9,7,21
62,42,9,7,20
62,43,9,0,15
62,44,9,0,19
62,45,9,0,21
62,46,9,0,23
62,47,9,0,13
62,48,9,0,8
63,0,9,0,14
63,1,9,0,16
63,2,9,0,0
63,3,9,0,18
63,4,9,0,24
63,5,9,0,19
63,6,9,0,13
63,7,9,0,15
63,8,9,0,11
63,9,9,0,11
63,10,9,0,9
63,11,9,0,19
63,12,9,0,2
63,13,9,0,16
63,14,9,0,20
63,15,9,0,0
63,16,9,0,7
63,17,9,0,9
63,18,9,0,8
63,19,9,0,24
63,20,9,0,23
63,21,9,0,15
63,22,9,0,0
63,23,9,0,24
63,24,9,0,13
63,25,9,0,1
63,26,9,7,10
63,27,7,0,7
63,28,7,0,0
63,29,7,0,3
63,30,7,0,18
63,31,7,0,22
63,32,7,0,17
63,33,7,0,4
63,34,7,0,15
63,35,7,0,8
63,36,7,0,23
63,37,7,0,8
63,38,7,0,22
63,39,7,0,7
63,40,7,0,3
63,41,9,7,8
63,42,9,7,7
63,43,9,0,6
63,44,9,0,6
63,45,9,0,11
63,46,9,0,17
63,47,9,0,17
63,48,9,0,3
64,0,9,0,8
64,1,9,0,1
64,2,9,0,20
64,3,9,0,22
64,4,9,0,21
64,5,9,0,20
64,6,9,0,20
64,7,9,0,11
64,8,9,0,9
64,9,9,0,22
64,10,9,0,6
64,11,9,0,20
64,12,9,0,19
64,13,9,0,21
64,14,9,0,2
64,15,9,0,23
64,16,9,0,7
64,17,9,0,3
64,18,9,0,21
64,19,9,0,1
64,20,9,0,7
64,21,9,0,15
64,22,9,0,24
64,23,9,0,18
64,24,9,0,14
64,25,9,7,0
64,26,7,0,17
64,27,7,0,6
64,28,7,0,14
64,29,7,0,21
64,30,7,0,11
64,31,7,0,18
64,32,7,0,3
64,33,7,0,17
64,34,7,0,18
64,35,7,0,14
64,36,7,0,23
64,37,7,0,3
64,38,7,0,6
64,39,7,0,0
64,40,7,0,8
64,41,7,0,6
64,42,9,7,21
64,43,9,0,21
64,44,9,0,15
64,45,9,0,17
64,46,9,0,2
64,47,9,0,13
64,48,9,0,14
65,0,9,0,6
65,1,9,0,7
65,2,9,0,21
65,3,9,0,16
65,4,9,0,10
65,5,9,0,8
65,6,9,0,24
65,7,9,0,8
65,8,9,0,10
65,9,9,0,13
65,10,9,0,7
65,11,9,0,19
65,12,9,0,22
65,13,9,0,20
65,14,9,0,10
65,15,9,0,23
65,16,9,0,6
65,17,9,0,5
65,18,9,0,6
65,19,9,0,2
65,20,9,0,12
65,21,9,0,3
65,22,9,0,5
65,23,9,0,7
65,24,9,0,8
65,25,9,7,1
65,26,7,0,21
65,27,7,0,19
65,28,7,0,10
65,29,7,0,23
65,30,7,0,23
65,31,7,0,13
65,32,7,0,23
65,33,7,0,16
65,34,7,0,12
65,35,7,0,18
65,36,7,0,0
65,37,7,0,5
65,38,7,0,11
65,39,7,0,23
65,40,7,0,0
65,41,7,0,13
65,42,9,7,7
65,43,9,0,5
65,44,9,0,16
65,45,9,0,20
65,46,9,0,12
65,47,9,0,11
65,48,9,0,3
66,0,9,0,14
66,1,9,0,8
66,2,9,0,0
66,3,9,0,9
66,4,9,0,12
66,5,9,0,11
66,6,9,0,4
66,7,9,0,0
66,8,9,0,23
66,9,9,0,5
66,10,9,0,10
66,11,9,0,23
66,12,9,0,10
66,13,9,0,7
66,14,9,0,2
66,15,9,0,20
66,16,9,0,9
66,17,9,0,2
66,18,9,0,19
66,19,9,0,17
66,20,9,0,16
66,21,9,0,14
66,22,9,0,0
66,23,9,0,23
66,24,9,0,19
66,25,9,7,18
66,26,7,0,13
66,27,7,0,10
66,28,7,0,14
66,29,7,0,21
66,30,7,0,6
66,31,7,0,10
66,32,7,0,9
66,33,7,0,6
66,34,7,0,13
66,35,7,0,15
66,36,7,0,11
66,37,7,0,1
66,38,7,0,22
66,39,7,0,12
66,40,7,0,24
66,41,7,0,19
66,42,9,7,7
66,43,9,0,14
66,44,9,0,6
66,45,9,0,14
66,46,9,0,15
66,47,9,0,2
66,48,9,0,5
67,0,9,0,24
67,1,9,0,17
67,2,9,0,19
67,3,9,0,15
67,4,9,0,13
67,5,9,0,17
67,6,9,0,19
67,7,9,0,19
67,8,9,0,1
67,9,9,0,12
67,10,9,0,2
67,11,9,0,7
67,12,9,0,2
67,13,9,0,15
67,14,9,0,20
67,15,9,0,15
67,16,9,0,3
67,17,9,0,5
67,18,9,0,7
67,19,9,0,24
67,20,9,0,8
67,21,9,0,14
67,22,9,0,8
67,23,9,0,2
67,24,9,7,0
67,25,7,0,15
67,26,7,0,0
67,27,7,0,18
67,28,7,0,0
67,29,7,0,2
67,30,7,0,3
67,31,7,0,5
67,32,7,0,10
67,33,7,0,3
67,34,7,0,24
67,35,7,0,6
67,36,7,0,7
67,37,7,0,2
67,38,7,0,19
67,39,7,0,1
67,40,7,0,6
67,41,7,0,23
67,42,9,7,22
67,43,9,7,20
67,44,9,0,8
67,45,9,0,22
67,46,9,0,8
67,47,9,0,19
67,48,9,0,15
68,0,9,0,13
68,1,9,0,17
68,2,9,0,1
68,3,9,0,19
68,4,9,0,16
68,5,9,0,18
68,6,9,0,9
68,7,9,0,9
68,8,9,0,22
68,9,9,0,10
68,10,9,0,18
68,11,9,0,10
68,12,9,0,7
68,13,9,0,9
68,14,9,0,6
68,15,9,0,22
68,16,9,0,4
68,17,9,0,8
68,18,9,0,7
68,19,9,0,2
68,20,9,0,18
68,21,9,0,15
68,22,9,0,16
68,23,9,0,18
68,24,9,7,18
68,25,7,0,4
68,26,7,0,18
68,27,7,0,0
68,28,7,0,20
68,29,7,0,5
68,30,7,0,12
68,31,7,0,14
68,32,7,0,8
68,33,7,0,4
68,34,7,0,24
68,35,7,0,20
68,36,7,0,6
68,37,7,0,21
68,38,7,0,1
68,39,7,0,4
68,40,7,0,17
68,41,7,0,15
68,42,9,7,8
68,43,9,7,21
68,44,9,0,3
68,45,9,0,0
68,46,9,0,1
68,47,9,0,20
68,48,9,0,6
69,0,9,0,4
69,1,9,0,1
69,2,9,0,18
69,3,9,0,24
69,4,9,0,23
69,5,9,0,1
69,6,9,0,20
69,7,9,0,9
69,8,9,0,23
69,9,9,0,0
69,10,9,0,19
69,11,9,0,23
69,12,9,0,12
69,13,9,0,15
69,14,9,0,0
69,15,9,0,12
69,16,9,0,23
69,17,9,0,24
69,18,9,0,9
69,19,9,0,9
69,20,9,0,22
69,21,9,0,20
69,22,9,0,14
69,23,9,7,13
69,24,7,0,1
69,25,7,0,20
69,26,7,0,11
69,27,7,0,7
69,28,7,0,17
69,29,7,0,13
69,30,7,0,7
69,31,7,0,24
69,32,7,0,6
69,33,7,0,23
69,34,7,0,3
69,35,7,0,7
69,36,7,0,20
69,37,7,0,8
69,38,7,0,1
69,39,7,0,3
69,40,7,0,22
69,41,7,0,16
69,42,7,0,2
69,43,9,7,7
69,44,9,0,3
69,45,9,0,9
69,46,9,0,24
69,47,9,0,19
69,48,9,0,24
70,0,9,0,24
70,1,9,0,24
70,2,9,0,9
70,3,9,0,11
70,4,9,0,2
70,5,9,0,21
70,6,9,0,19
70,7,9,0,19
70,8,9,0,12
70,9,9,0,20
70,10,9,0,8
70,11,9,0,7
70,12,9,0,24
70,13,9,0,0
70,14,9,0,0
70,15,9,0,2
70,16,9,0,8
70,17,9,0,18
70,18,9,0,6
70,19,9,0,4
70,20,9,0,22
70,21,9,0,15
70,22,9,7,0
70,23,7,0,16
70,24,7,0,9
70,25,7,0,20
70,26,7,0,7
70,27,7,0,15
70,28,7,0,16
70,29,7,0,1
70,30,7,0,20
70,31,7,0,7
70,32,7,0,9
70,33,7,0,21
70,34,7,0,24
70,35,7,0,19
70,36,7,0,3
70,37,7,0,12
70,38,7,0,2
70,39,7,0,9
70,40,7,0,22
70,41,7,0,5
70,42,7,0,14
70,43,9,7,24
70,44,9,0,2
70,45,9,0,18
70,46,9,0,21
70,47,9,0,0
70,48,9,0,13
71,0,9,0,0
71,1,9,0,18
71,2,9,0,9
71,3,9,0,20
71,4,9,0,2
71,5,9,0,22
71,6,9,0,23
71,7,9,0,10
71,8,9,0,0
71,9,9,0,9
71,10,9,0,20
71,11,9,0,17
71,12,9,0,11
71,13,9,0,11
71,14,9,0,23
71,15,9,7,20
71,16,9,7,20
71,17,9,0,5
71,18,9,0,14
71,19,9,0,3
71,20,9,0,10
71,21,9,0,22
71,22,9,7,18
71,23,7,0,16
71,24,7,0,17
71,25,7,0,16
71,26,7,0,2
71,27,7,0,4
71,28,7,0,12
71,29,7,0,19
71,30,7,0,8
71,31,7,0,16
71,32,7,0,12
71,33,7,0,2
71,34,7,0,19
71,35,7,0,21
71,36,7,0,1
71,37,7,0,8
71,38,7,0,4
71,39,7,0,9
71,40,7,0,7
71,41,7,0,11
71,42,9,7,6
71,43,9,0,11
71,44,9,0,15
71,45,9,0,8
71,46,9,0,17
71,47,9,0,20
71,48,9,0,12
72,0,9,0,20
72,1,9,0,19
72,2,9,0,14
72,3,9,0,1
72,4,9,0,13
72,5,9,0,13
72,6,9,0,4
72,7,9,0,24
72,8,9,0,19
72,9,9,0,2
72,10,9,0,1
72,11,9,0,22
72,12,9,0,18
72,13,9,0,11
72,14,9,7,5
72,15,9,7,8
72,16,9,7,7
72,17,9,0,3
72,18,9,0,22
72,19,9,0,14
72,20,9,0,24
72,21,9,7,5
72,22,7,0,1
72,23,7,0,16
72,24,7,0,4
72,25,7,0,3
72,26,7,0,9
72,27,7,0,4
72,28,7,0,14
72,29,7,0,11
72,30,7,0,3
72,31,7,0,16
72,32,7,0,12
72,33,7,0,20
72,34,7,0,17
72,35,7,0,6
72,36,7,0,18
72,37,7,0,7
72,38,7,0,9
72,39,7,0,20
72,40,7,0,13
72,41,7,0,22
72,42,9,7,23
72,43,9,7,20
72,44,9,0,24
72,45,9,0,2
72,46,9,0,9
72,47,9,0,23
72,48,9,0,16
73,0,9,0,16
73,1,9,0,15
73,2,9,0,9
73,3,9,0,13
73,4,9,0,14
73,5,9,0,1
73,6,9,0,6
73,7,9,0,10
73,8,9,0,5
73,9,9,0,9
73,10,9,0,22
73,11,9,0,15
73,12,9,0,18
73,13,9,7,10
73,14,7,0,2
73,15,7,0,13
73,16,9,7,23
73,17,9,7,20
73,18,9,0,15
73,19,9,0,7
73,20,9,7,0
73,21,9,7,16
73,22,7,0,7
73,23,7,0,17
73,24,7,0,20
73,25,7,0,14
73,26,7,0,16
73,27,7,0,0
73,28,7,0,18
73,29,7,0,0
73,30,7,0,22
73,31,7,0,23
73,32,7,0,0
73,33,7,0,2
73,34,7,0,18
73,35,7,0,1
73,36,7,0,21
73,37,7,0,6
73,38,7,0,10
73,39,7,0,14
73,40,7,0,12
73,41,7,0,12
73,42,9,7,8
73,43,9,7,22
73,44,9,0,6
73,45,9,0,12
73,46,9,0,24
73,47,9,0,10
73,48,9,0,10
74,0,9,0,7
74,1,9,0,14
74,2,9,0,16
74,3,9,0,4
74,4,9,0,8
74,5,9,0,10
74,6,9,0,2
74,7,9,0,6
74,8,9,0,24
74,9,9,0,1
74,10,9,0,22
74,11,9,0,21
74,12,9,7,10
74,13,7,0,12
74,14,7,0,14
74,15,7,0,23
74,16,9,7,8
74,17,9,7,24
74,18,9,0,17
74,19,9,0,17
74,20,9,7,4
74,21,9,7,17
74,22,7,0,0
74,23,7,0,6
74,24,7,0,2
74,25,7,0,11
74,26,7,0,0
74,27,7,0,5
74,28,7,0,17
74,29,7,0,18
74,30,7,0,7
74,31,7,0,11
74,32,7,0,6
74,33,7,0,24
74,34,7,0,2
74,35,7,0,23
74,36,7,0,8
74,37,7,0,15
74,38,7,0,10
74,39,7,0,21
74,40,7,0,19
74,41,7,0,15
74,42,7,0,2
74,43,9,7,21
74,44,9,0,11
74,45,9,0,4
74,46,9,0,16
74,47,9,0,0
74,48,9,0,11
75,0,9,0,5
75,1,9,0,19
75,2,9,0,9
75,3,9,0,9
75,4,9,0,0
75,5,9,0,15
75,6,9,0,6
75,7,9,0,4
75,8,9,0,22
75,9,9,0,10
75,10,9,0,22
75,11,9,7,0
75,12,7,0,21
75,13,7,0,22
75,14,7,0,7
75,15,7,0,11
75,16,9,7,6
75,17,9,0,23
75,18,9,0,23
75,19,9,0,16
75,20,9,0,17
75,21,9,7,3
75,22,7,0,11
75,23,7,0,6
75,24,7,0,4
75,25,7,0,6
75,26,7,0,24
75,27,7,0,12
75,28,7,0,19
75,29,7,0,9
75,30,7,0,3
75,31,7,0,14
75,32,7,0,15
75,33,7,0,18
75,34,7,0,13
75,35,7,0,21
75,36,7,0,0
75,37,7,0,22
75,38,7,0,1
75,39,7,0,23
75,40,7,0,16
75,41,7,0,5
75,42,7,0,3
75,43,9,7,22
75,44,9,0,2
75,45,9,0,6
75,46,9,0,2
75,47,9,0,3
75,48,9,0,14
76,0,9,0,16
76,1,9,0,5
76,2,9,0,11
76,3,9,0,15
76,4,9,0,19
76,5,9,0,7
76,6,9,0,7
76,7,9,0,24
76,8,9,0,24
76,9,9,0,22
76,10,9,0,1
76,11,9,7,18
76,12,7,0,9
76,13,7,0,2
76,14,7,0,10
76,15,7,0,18
76,16,9,7,24
76,17,9,0,7
76,18,9,0,10
76,19,9,0,15
76,20,9,0,6
76,21,9,7,1
76,22,7,0,9
76,23,7,0,9
76,24,7,0,16
76,25,7,0,1
76,26,7,0,16
76,27,7,0,14
76,28,7,0,24
76,29,7,0,4
76,30,7,0,7
76,31,7,0,4
76,32,7,0,17
76,33,7,0,18
76,34,7,0,4
76,35,7,0,3
76,36,7,0,20
76,37,7,0,4
76,38,7,0,9
76,39,7,0,14
76,40,7,0,19
76,41,7,0,24
76,42,7,0,8
76,43,9,7,24
76,44,9,0,0
76,45,9,0,17
76,46,9,0,4
76,47,9,0,6
76,48,9,0,9
77,0,9,0,19
77,1,9,0,22
77,2,9,0,19
77,3,9,0,10
77,4,9,0,10
77,5,9,0,15
77,6,9,0,23
77,7,9,0,9
77,8,9,0,22
77,9,9,7,20
77,10,9,7,5
77,11,7,0,20
77,12,7,0,8
77,13,7,0,11
77,14,7,0,24
77,15,9,7,6
77,16,9,0,20
77,17,9,0,20
77,18,9,0,11
77,19,9,0,20
77,20,9,0,10
77,21,9,7,18
77,22,7,0,14
77,23,7,0,24
77,24,7,0,12
77,25,7,0,13
77,26,7,0,16
77,27,7,0,21
77,28,7,0,15
77,29,7,0,20
77,30,7,0,5
77,31,7,0,22
77,32,7,0,15
77,33,7,0,15
77,34,7,0,13
77,35,7,0,23
77,36,7,0,5
77,37,7,0,9
77,38,7,0,0
77,39,7,0,13
77,40,7,0,20
77,41,7,0,21
77,42,9,7,6
77,43,9,0,18
77,44,9,0,21
77,45,9,0,23
77,46,9,0,1
77,47,9,0,5
77,48,9,0,20
78,0,9,0,0
78,1,9,0,2
78,2,9,0,8
78,3,9,0,18
78,4,9,0,11
78,5,9,0,5
78,6,9,0,11
78,7,9,0,24
78,8,9,7,15
78,9,9,7,8
78,10,7,0,24
78,11,7,0,2
78,12,7,0,22
78,13,7,0,24
78,14,7,0,23
78,15,9,7,22
78,16,9,7,20
78,17,9,7,20
78,18,9,0,10
78,19,9,0,7
78,20,9,7,0
78,21,7,0,10
78,22,7,0,0
78,23,7,0,11
78,24,7,0,11
78,25,7,0,16
78,26,7,0,23
78,27,7,0,12
78,28,7,0,8
78,29,7,0,7
78,30,7,0,1
78,31,7,0,5
78,32,7,0,12
78,33,7,0,20
78,34,7,0,3
78,35,7,0,7
78,36,7,0,5
78,37,7,0,13
78,38,7,0,10
78,39,7,0,18
78,40,7,0,12
78,41,7,0,19
78,42,9,7,7
78,43,9,7,20
78,44,9,0,15
78,45,9,0,12
78,46,9,0,24
78,47,9,0,19
78,48,9,0,18
79,0,9,0,1
79,1,9,0,8
79,2,9,0,5
79,3,9,0,3
79,4,9,0,12
79,5,9,0,0
79,6,9,0,5
79,7,9,7,5
79,8,7,0,12
79,9,7,0,18
79,10,7,0,12
79,11,7,0,1
79,12,7,0,5
79,13,7,0,18
79,14,7,0,15
79,15,9,7,8
79,16,9,7,8
79,17,9,7,23
79,18,9,0,5
79,19,9,0,11
79,20,9,7,1
79,21,7,0,15
79,22,7,0,22
79,23,7,0,17
79,24,7,0,2
79,25,7,0,23
79,26,7,0,23
79,27,7,0,6
79,28,7,0,24
79,29,7,0,0
79,30,7,0,15
79,31,7,0,2
79,32,9,7,16
79,33,9,7,16
79,34,9,7,16
79,35,7,0,6
79,36,7,0,16
79,37,7,0,3
79,38,7,0,19
79,39,7,0,14
79,40,7,0,5
79,41,7,0,8
79,42,9,7,8
79,43,9,7,22
79,44,9,0,2
79,45,9,0,11
79,46,9,0,8
79,47,9,0,5
79,48,9,0,12
80,0,9,0,6
80,1,9,0,0
80,2,9,0,23
80,3,9,0,6
80,4,9,0,21
80,5,9,0,16
80,6,9,7,10
80,7,7,0,21
80,8,7,0,21
80,9,7,0,12
80,10,7,0,5
80,11,7,0,6
80,12,7,0,11
80,13,7,0,1
80,14,7,0,21
80,15,7,0,23
80,16,7,0,24
80,17,9,7,21
80,18,9,0,11
80,19,9,0,2
80,20,9,7,18
80,21,7,0,22
80,22,7,0,15
80,23,7,0,12
80,24,7,0,18
80,25,7,0,23
80,26,7,0,21
80,27,7,0,21
80,28,7,0,15
80,29,7,0,22
80,30,7,0,18
80,31,9,7,11
80,32,9,7,4
80,33,9,7,4
80,34,9,7,3
80,35,9,7,16
80,36,7,0,14
80,37,7,0,0
80,38,7,0,10
80,39,7,0,3
80,40,7,0,20
80,41,7,0,13
80,42,7,0,5
80,43,9,7,21
80,44,9,0,14
80,45,9,0,11
80,46,9,0,12
80,47,9,0,14
80,48,9,0,16
