0,0,5,0,1
0,1,5,0,15
0,2,5,0,4
0,3,5,0,19
0,4,5,0,7
0,5,5,0,24
0,6,5,4,18
0,7,4,0,12
0,8,1,4,8
0,9,4,6,0
0,10,6,0,8
0,11,4,6,24
0,12,1,4,22
0,13,1,4,13
0,14,4,0,10
0,15,5,4,19
0,16,5,0,18
0,17,5,0,16
0,18,5,0,0
0,19,5,0,11
0,20,5,0,18
0,21,5,0,17
0,22,5,0,10
0,23,5,4,20
0,24,5,4,20
0,25,5,4,5
0,26,4,0,10
0,27,1,4,24
0,28,1,0,11
0,29,1,4,18
0,30,4,0,2
0,31,5,4,24
0,32,5,0,8
0,33,5,0,14
0,34,5,0,12
0,35,5,0,10
0,36,5,0,17
0,37,5,0,12
0,38,5,0,7
0,39,5,0,1
0,40,5,0,14
0,41,5,0,23
0,42,5,0,13
0,43,5,0,5
0,44,5,0,4
0,45,5,0,14
0,46,5,0,24
0,47,5,0,17
0,48,5,0,3
0,49,5,0,20
1,0,5,0,2
1,1,5,0,17
1,2,5,0,15
1,3,5,0,16
1,4,5,0,11
1,5,5,4,0
1,6,4,0,17
1,7,4,0,19
1,8,1,4,16
1,9,4,6,3
1,10,4,6,14
1,11,4,0,10
1,12,1,4,8
1,13,4,0,9
1,14,5,4,9
1,15,5,0,7
1,16,5,0,11
1,17,5,0,14
1,18,5,0,21
1,19,5,0,15
1,20,5,0,0
1,21,5,0,17
1,22,5,4,0
1,23,5,4,8
1,24,5,4,8
1,25,4,0,0
1,26,1,4,14
1,27,1,0,5
1,28,1,4,0
1,29,4,0,20
1,30,5,4,19
1,31,5,0,8
1,32,5,0,1
1,33,5,0,16
1,34,5,0,0
1,35,5,0,5
1,36,5,0,5
1,37,5,0,14
1,38,5,0,24
1,39,5,0,8
1,40,5,0,16
1,41,5,0,16
1,42,5,0,13
1,43,5,0,3
1,44,5,0,9
1,45,5,0,3
1,46,5,0,2
1,47,5,0,3
1,48,5,0,18
1,49,5,0,13
2,0,5,0,11
2,1,5,0,8
2,2,5,0,7
2,3,5,0,1
2,4,5,0,22
2,5,5,4,3
2,6,4,0,10
2,7,1,4,11
2,8,1,4,2
2,9,4,6,4
2,10,4,0,8
2,11,4,0,13
2,12,5,4,16
2,13,5,4,14
2,14,5,0,4
2,15,5,0,19
2,16,5,0,9
2,17,5,0,2
2,18,5,0,6
2,19,5,0,24
2,20,5,0,0
2,21,5,0,0
2,22,5,4,18
2,23,4,0,7
2,24,1,4,16
2,25,1,4,9
2,26,1,0,6
2,27,1,0,15
2,28,1,4,18
2,29,5,4,19
2,30,5,0,2
2,31,5,0,6
2,32,5,0,6
2,33,5,0,15
2,34,5,0,7
2,35,5,0,10
2,36,5,0,23
2,37,5,0,24
2,38,5,0,8
2,39,5,0,7
2,40,5,0,7
2,41,5,0,6
2,42,5,0,19
2,43,5,0,2
2,44,5,0,21
2,45,5,0,1
2,46,5,0,15
2,47,5,0,22
2,48,5,0,2
2,49,5,0,8
3,0,5,0,14
3,1,5,0,0
3,2,5,0,20
3,3,5,0,21
3,4,5,0,9
3,5,5,4,17
3,6,1,4,6
3,7,1,0,18
3,8,1,4,18
3,9,4,0,5
3,10,4,0,20
3,11,5,4,11
3,12,5,4,4
3,13,5,0,5
3,14,5,0,15
3,15,5,0,17
3,16,5,0,16
3,17,5,0,12
3,18,5,0,17
3,19,5,0,16
3,20,5,0,3
3,21,5,4,13
3,22,4,0,17
3,23,1,4,9
3,24,1,4,4
3,25,1,0,8
3,26,1,4,20
3,27,1,4,5
3,28,5,4,14
3,29,5,0,12
3,30,5,0,6
3,31,5,0,14
3,32,5,0,17
3,33,5,0,17
3,34,5,0,3
3,35,5,0,17
3,36,5,0,16
3,37,5,0,9
3,38,5,0,0
3,39,5,0,19
3,40,5,0,22
3,41,5,0,21
3,42,5,0,21
3,43,5,0,11
3,44,5,0,2
3,45,5,0,10
3,46,5,0,8
3,47,5,0,23
3,48,5,0,4
3,49,5,0,17
4,0,5,0,15
4,1,5,0,20
4,2,5,0,16
4,3,5,0,0
4,4,5,0,24
4,5,5,4,18
4,6,1,4,21
4,7,1,4,15
4,8,4,0,20
4,9,4,0,14
4,10,5,4,9
4,11,5,0,0
4,12,5,0,6
4,13,5,0,2
4,14,5,0,20
4,15,5,0,5
4,16,5,0,4
4,17,5,0,4
4,18,5,4,20
4,19,5,4,20
4,20,5,4,10
4,21,4,0,19
4,22,1,4,19
4,23,1,0,12
4,24,1,0,7
4,25,1,4,0
4,26,1,4,8
4,27,5,4,14
4,28,5,0,7
4,29,5,0,3
4,30,5,0,0
4,31,5,0,22
4,32,5,0,6
4,33,5,0,10
4,34,5,0,3
4,35,5,0,14
4,36,5,0,7
4,37,5,0,19
4,38,5,0,11
4,39,5,0,0
4,40,5,0,5
4,41,5,0,17
4,42,5,0,5
4,43,5,0,20
4,44,5,0,7
4,45,5,0,4
4,46,5,0,7
4,47,5,0,12
4,48,5,0,15
4,49,5,0,1
5,0,5,0,2
5,1,5,0,16
5,2,5,0,5
5,3,5,0,13
5,4,5,4,0
5,5,4,0,6
5,6,1,4,8
5,7,4,0,24
5,8,4,0,21
5,9,5,4,11
5,10,5,0,3
5,11,5,0,1
5,12,5,0,6
5,13,5,0,2
5,14,5,0,5
5,15,5,0,1
5,16,5,0,12
5,17,5,4,13
5,18,5,4,8
5,19,5,4,8
5,20,4,0,16
5,21,1,4,11
5,22,1,0,24
5,23,1,0,24
5,24,1,0,11
5,25,1,4,18
5,26,5,4,6
5,27,5,0,9
5,28,5,0,23
5,29,5,0,19
5,30,5,0,17
5,31,5,0,21
5,32,5,0,9
5,33,5,0,14
5,34,5,0,6
5,35,5,0,22
5,36,5,0,17
5,37,5,0,13
5,38,5,0,6
5,39,5,0,15
5,40,5,0,17
5,41,5,0,12
5,42,5,4,20
5,43,5,4,20
5,44,5,0,10
5,45,5,0,13
5,46,5,0,21
5,47,5,0,13
5,48,5,0,23
5,49,5,0,19
6,0,5,0,3
6,1,5,0,15
6,2,5,0,17
6,3,5,0,23
6,4,5,4,1
6,5,4,0,20
6,6,4,0,13
6,7,4,0,18
6,8,5,4,6
6,9,5,0,15
6,10,5,0,12
6,11,5,0,4
6,12,5,0,21
6,13,5,0,7
6,14,5,0,24
6,15,5,0,17
6,16,5,4,15
6,17,4,0,18
6,18,4,0,10
6,19,4,0,9
6,20,1,4,11
6,21,1,0,20
6,22,1,4,20
6,23,1,4,20
6,24,1,4,13
6,25,4,0,1
6,26,5,4,24
6,27,5,0,18
6,28,5,0,6
6,29,5,0,18
6,30,5,0,4
6,31,5,0,1
6,32,5,0,8
6,33,5,0,6
6,34,5,0,0
6,35,5,0,20
6,36,5,0,10
6,37,5,0,2
6,38,5,0,23
6,39,5,0,22
6,40,5,4,20
6,41,5,4,10
6,42,5,4,8
6,43,5,4,7
6,44,5,4,20
6,45,5,0,21
6,46,5,0,6
6,47,5,0,15
6,48,5,0,14
6,49,5,0,3
7,0,5,0,18
7,1,5,0,6
7,2,5,0,4
7,3,5,0,0
7,4,5,4,3
7,5,5,4,16
7,6,5,4,16
7,7,5,4,16
7,8,5,4,24
7,9,5,0,7
7,10,5,0,21
7,11,5,0,9
7,12,5,0,24
7,13,5,0,17
7,14,5,0,22
7,15,5,4,15
7,16,4,0,5
7,17,4,0,6
7,18,1,4,16
7,19,1,4,9
7,20,1,0,14
7,21,1,4,0
7,22,1,4,8
7,23,1,4,8
7,24,4,0,13
7,25,5,4,9
7,26,5,0,14
7,27,5,0,18
7,28,5,0,14
7,29,5,0,3
7,30,5,0,12
7,31,5,0,18
7,32,5,0,5
7,33,5,0,10
7,34,5,0,5
7,35,5,0,10
7,36,5,0,2
7,37,5,0,24
7,38,5,0,9
7,39,5,4,15
7,40,5,4,8
7,41,4,0,22
7,42,1,4,16
7,43,5,4,8
7,44,5,4,7
7,45,5,0,15
7,46,5,0,3
7,47,5,0,8
7,48,5,0,23
7,49,5,0,6
8,0,5,0,0
8,1,5,0,6
8,2,5,0,16
8,3,5,0,7
8,4,5,4,4
8,5,5,4,4
8,6,5,4,4
8,7,5,4,4
8,8,5,0,8
8,9,5,0,10
8,10,5,0,0
8,11,5,0,21
8,12,5,0,3
8,13,5,0,3
8,14,5,4,0
8,15,4,0,0
8,16,4,0,3
8,17,1,4,14
8,18,1,4,4
8,19,1,0,19
8,20,1,0,6
8,21,1,4,18
8,22,4,0,13
8,23,4,0,14
8,24,5,4,6
8,25,5,0,13
8,26,5,0,13
8,27,5,0,17
8,28,5,0,13
8,29,5,0,19
8,30,5,0,2
8,31,5,0,15
8,32,5,0,22
8,33,5,0,22
8,34,5,0,19
8,35,5,0,22
8,36,5,0,12
8,37,5,4,20
8,38,5,4,5
8,39,4,0,18
8,40,1,4,16
8,41,1,4,9
8,42,1,4,2
8,43,1,4,16
8,44,5,4,21
8,45,5,0,13
8,46,5,0,8
8,47,5,0,16
8,48,5,0,18
8,49,5,0,6
9,0,5,0,6
9,1,5,0,13
9,2,5,0,19
9,3,5,0,11
9,4,5,0,15
9,5,5,0,10
9,6,5,0,23
9,7,5,0,10
9,8,5,0,23
9,9,5,0,0
9,10,5,0,11
9,11,5,0,24
9,12,5,0,10
9,13,5,0,4
9,14,5,4,18
9,15,4,0,21
9,16,1,4,11
9,17,1,0,23
9,18,1,0,1
9,19,1,0,20
9,20,1,4,15
9,21,4,0,4
9,22,4,0,19
9,23,4,0,4
9,24,5,4,24
9,25,5,0,24
9,26,5,0,18
9,27,5,0,3
9,28,5,0,23
9,29,5,0,17
9,30,5,0,2
9,31,5,4,20
9,32,5,4,20
9,33,5,4,20
9,34,5,4,20
9,35,5,4,20
9,36,5,4,5
9,37,5,4,8
9,38,4,0,7
9,39,1,4,11
9,40,1,4,4
9,41,1,0,7
9,42,1,4,4
9,43,1,4,1
9,44,5,4,23
9,45,5,4,20
9,46,5,0,22
9,47,5,0,12
9,48,5,0,19
9,49,5,0,7
10,0,5,0,0
10,1,5,0,21
10,2,5,0,15
10,3,5,0,12
10,4,5,0,22
10,5,5,0,13
10,6,5,0,8
10,7,5,0,10
10,8,5,0,18
10,9,5,0,10
10,10,5,0,3
10,11,5,0,22
10,12,5,0,23
10,13,5,4,0
10,14,4,0,6
10,15,1,4,6
10,16,1,0,20
10,17,1,0,23
10,18,1,0,2
10,19,1,4,0
10,20,4,0,5
10,21,5,4,16
10,22,5,4,16
10,23,5,4,11
10,24,5,0,9
10,25,5,0,5
10,26,5,0,19
10,27,5,0,2
10,28,5,0,21
10,29,5,4,20
10,30,5,4,10
10,31,5,4,8
10,32,5,4,8
10,33,5,4,8
10,34,5,4,8
10,35,5,4,8
10,36,4,0,6
10,37,1,4,16
10,38,1,4,19
10,39,1,0,2
10,40,1,0,13
10,41,1,0,3
10,42,1,0,10
10,43,1,4,1
10,44,5,4,8
10,45,5,4,7
10,46,5,0,7
10,47,5,0,10
10,48,5,0,10
10,49,5,0,0
11,0,5,0,1
11,1,5,0,4
11,2,5,0,7
11,3,5,0,16
11,4,5,0,7
11,5,5,0,23
11,6,5,0,24
11,7,5,0,12
11,8,5,0,4
11,9,5,0,10
11,10,5,0,14
11,11,5,0,13
11,12,5,0,11
11,13,5,4,18
11,14,4,0,14
11,15,1,4,24
11,16,1,0,23
11,17,1,0,0
11,18,1,0,9
11,19,1,4,18
11,20,5,4,19
11,21,5,4,4
11,22,5,4,4
11,23,5,0,24
11,24,5,0,18
11,25,5,0,7
11,26,5,0,6
11,27,5,0,23
11,28,5,4,5
11,29,5,4,8
11,30,4,0,16
11,31,4,0,10
11,32,4,0,9
11,33,4,0,9
11,34,4,0,6
11,35,4,0,2
11,36,1,4,11
11,37,1,4,4
11,38,1,0,4
11,39,1,0,11
11,40,1,0,15
11,41,1,0,8
11,42,1,0,19
11,43,1,4,3
11,44,1,4,16
11,45,5,4,23
11,46,5,0,4
11,47,5,0,0
11,48,5,0,24
11,49,5,0,20
12,0,5,0,24
12,1,5,0,1
12,2,5,0,0
12,3,5,0,20
12,4,5,0,0
12,5,5,0,16
12,6,5,0,14
12,7,5,0,10
12,8,5,0,14
12,9,5,0,14
12,10,5,0,8
12,11,5,0,22
12,12,5,4,5
12,13,1,4,16
12,14,1,4,9
12,15,1,0,17
12,16,1,0,6
12,17,1,0,2
12,18,1,4,10
12,19,5,4,19
12,20,5,0,13
12,21,5,0,18
12,22,5,0,4
12,23,5,0,21
12,24,5,0,12
12,25,5,0,13
12,26,5,0,4
12,27,5,4,5
12,28,4,0,9
12,29,4,0,8
12,30,4,0,12
12,31,1,4,16
12,32,4,0,2
12,33,4,0,1
12,34,1,4,16
12,35,1,4,9
12,36,1,0,12
12,37,1,0,3
12,38,1,4,20
12,39,1,4,20
12,40,1,4,20
12,41,1,4,20
12,42,1,0,23
12,43,1,4,4
12,44,1,4,1
12,45,5,4,7
12,46,5,0,9
12,47,5,0,12
12,48,5,0,2
12,49,5,0,22
13,0,5,0,21
13,1,5,0,7
13,2,5,0,16
13,3,5,0,8
13,4,5,0,12
13,5,5,0,7
13,6,5,0,15
13,7,5,0,10
13,8,5,0,21
13,9,5,0,13
13,10,5,4,20
13,11,5,4,10
13,12,1,4,19
13,13,1,4,4
13,14,1,0,18
13,15,1,0,18
13,16,1,0,14
13,17,1,4,15
13,18,5,4,6
13,19,5,0,18
13,20,5,0,5
13,21,5,0,6
13,22,5,0,2
13,23,5,0,3
13,24,5,0,23
13,25,5,0,23
13,26,5,4,10
13,27,4,0,16
13,28,4,0,16
13,29,1,4,16
13,30,1,4,19
13,31,1,4,1
13,32,1,4,16
13,33,1,4,11
13,34,1,4,4
13,35,1,0,1
13,36,1,0,24
13,37,1,4,15
13,38,1,4,8
13,39,1,4,8
13,40,1,4,8
13,41,1,4,24
13,42,1,0,1
13,43,1,0,5
13,44,1,4,18
13,45,5,4,24
13,46,5,0,2
13,47,5,0,14
13,48,5,0,21
13,49,5,0,15
14,0,5,0,20
14,1,5,0,8
14,2,5,0,20
14,3,5,0,14
14,4,5,0,0
14,5,5,0,10
14,6,5,0,21
14,7,5,0,14
14,8,5,0,13
14,9,5,4,10
14,10,5,4,8
14,11,1,4,6
14,12,1,0,4
14,13,1,0,16
14,14,1,0,4
14,15,1,0,20
14,16,1,4,10
14,17,4,0,16
14,18,5,4,24
14,19,5,0,3
14,20,5,0,12
14,21,5,0,1
14,22,5,0,2
14,23,5,0,14
14,24,5,0,12
14,25,5,4,10
14,26,4,0,23
14,27,1,4,16
14,28,1,4,19
14,29,1,4,4
14,30,1,0,2
14,31,1,4,4
14,32,1,4,4
14,33,1,0,24
14,34,1,0,22
14,35,1,4,20
14,36,1,4,15
14,37,5,4,11
14,38,5,4,4
14,39,5,4,1
14,40,1,4,6
14,41,1,0,6
14,42,1,0,10
14,43,1,4,0
14,44,5,4,6
14,45,5,0,8
14,46,5,0,2
14,47,5,0,18
14,48,5,0,14
14,49,5,0,5
15,0,5,0,11
15,1,5,0,3
15,2,5,0,24
15,3,5,0,24
15,4,5,0,7
15,5,5,0,14
15,6,5,0,19
15,7,5,0,16
15,8,5,4,0
15,9,4,0,16
15,10,4,0,13
15,11,1,4,24
15,12,1,0,24
15,13,1,0,11
15,14,1,0,21
15,15,1,4,0
15,16,4,0,14
15,17,5,4,6
15,18,5,0,16
15,19,5,0,7
15,20,5,0,6
15,21,5,0,3
15,22,5,0,11
15,23,5,0,5
15,24,5,4,13
15,25,4,0,0
15,26,1,4,9
15,27,1,4,4
15,28,1,0,18
15,29,1,0,0
15,30,1,0,13
15,31,1,0,8
15,32,1,0,6
15,33,1,0,19
15,34,1,4,10
15,35,1,4,8
15,36,5,4,19
15,37,5,0,24
15,38,5,0,19
15,39,5,4,18
15,40,1,4,21
15,41,1,4,20
15,42,1,0,21
15,43,1,4,17
15,44,5,4,23
15,45,5,0,11
15,46,5,0,14
15,47,5,0,1
15,48,5,0,8
15,49,5,0,7
16,0,5,0,5
16,1,5,0,18
16,2,5,0,13
16,3,5,0,21
16,4,5,0,12
16,5,5,0,12
16,6,5,0,3
16,7,5,0,23
16,8,5,4,18
16,9,4,0,1
16,10,1,4,11
16,11,1,0,6
16,12,1,0,9
16,13,1,0,21
16,14,1,0,2
16,15,1,4,18
16,16,4,0,20
16,17,5,4,24
16,18,5,0,21
16,19,5,0,8
16,20,5,0,2
16,21,5,0,17
16,22,5,0,9
16,23,5,4,0
16,24,4,0,17
16,25,1,4,6
16,26,1,0,16
16,27,1,0,19
16,28,1,0,23
16,29,1,0,7
16,30,1,0,18
16,31,1,0,24
16,32,1,0,12
16,33,1,4,10
16,34,4,0,4
16,35,5,4,11
16,36,5,0,10
16,37,5,0,15
16,38,5,4,0
16,39,4,0,19
16,40,1,4,8
16,41,1,4,7
16,42,1,0,14
16,43,1,4,17
16,44,5,4,21
16,45,5,4,20
16,46,5,0,10
16,47,5,0,12
16,48,5,0,3
16,49,5,0,8
17,0,5,0,22
17,1,5,0,24
17,2,5,0,17
17,3,5,0,9
17,4,5,0,19
17,5,5,0,8
17,6,5,0,8
17,7,5,4,0
17,8,4,0,1
17,9,1,4,19
17,10,1,0,1
17,11,1,0,18
17,12,1,0,19
17,13,1,0,15
17,14,1,4,13
17,15,5,4,16
17,16,5,4,14
17,17,5,0,14
17,18,5,0,19
17,19,5,0,20
17,20,5,0,9
17,21,5,0,7
17,22,5,0,12
17,23,5,4,18
17,24,4,0,13
17,25,1,4,24
17,26,1,0,16
17,27,1,0,17
17,28,1,0,24
17,29,1,0,8
17,30,1,0,16
17,31,1,0,23
17,32,1,4,0
17,33,4,0,2
17,34,5,4,19
17,35,5,0,15
17,36,5,0,22
17,37,5,0,13
17,38,5,4,1
17,39,4,0,24
17,40,4,0,3
17,41,1,4,21
17,42,1,0,16
17,43,1,4,3
17,44,5,4,8
17,45,5,4,23
17,46,5,0,5
17,47,5,0,15
17,48,5,0,4
17,49,5,0,10
18,0,5,0,16
18,1,5,0,8
18,2,5,0,0
18,3,5,0,19
18,4,5,0,14
18,5,5,0,15
18,6,5,0,22
18,7,5,4,18
18,8,1,4,6
18,9,1,0,0
18,10,1,0,8
18,11,1,0,19
18,12,1,0,1
18,13,1,4,13
18,14,5,4,6
18,15,5,4,4
18,16,5,0,18
18,17,5,0,4
18,18,5,0,1
18,19,5,0,11
18,20,5,0,6
18,21,5,0,14
18,22,5,4,0
18,23,4,0,24
18,24,1,4,9
18,25,1,0,23
18,26,1,0,2
18,27,1,0,15
18,28,1,0,12
18,29,1,0,22
18,30,1,0,21
18,31,1,0,8
18,32,1,4,18
18,33,5,4,6
18,34,5,0,9
18,35,5,0,18
18,36,5,0,2
18,37,5,0,8
18,38,5,4,2
18,39,5,4,16
18,40,4,0,21
18,41,1,4,7
18,42,1,0,17
18,43,1,4,1
18,44,4,0,22
18,45,5,4,24
18,46,5,0,13
18,47,5,0,24
18,48,5,0,14
18,49,5,0,11
19,0,5,0,7
19,1,5,0,6
19,2,5,0,11
19,3,5,0,4
19,4,5,0,8
19,5,5,0,21
19,6,5,4,0
19,7,4,0,18
19,8,1,4,22
19,9,1,0,0
19,10,1,0,20
19,11,1,0,16
19,12,1,4,0
19,13,4,0,18
19,14,5,4,24
19,15,5,0,16
19,16,5,0,3
19,17,5,0,16
19,18,5,0,2
19,19,5,0,15
19,20,5,0,8
19,21,5,0,14
19,22,5,4,18
19,23,1,4,14
19,24,1,0,3
19,25,1,0,24
19,26,1,0,6
19,27,1,0,14
19,28,1,0,6
19,29,1,0,2
19,30,1,0,0
19,31,1,4,0
19,32,4,0,3
19,33,5,4,24
19,34,5,0,3
19,35,5,0,8
19,36,5,0,12
19,37,5,0,12
19,38,5,4,4
19,39,5,4,17
19,40,4,0,2
19,41,1,4,24
19,42,1,0,17
19,43,1,4,18
19,44,5,4,6
19,45,5,0,17
19,46,5,0,21
19,47,5,0,17
19,48,5,0,1
19,49,5,0,8
20,0,5,0,23
20,1,5,0,22
20,2,5,0,9
20,3,5,0,2
20,4,5,0,15
20,5,5,0,20
20,6,5,4,1
20,7,4,0,10
20,8,1,4,22
20,9,1,0,1
20,10,1,0,20
20,11,1,0,14
20,12,1,4,18
20,13,5,4,6
20,14,5,0,15
20,15,5,0,3
20,16,5,0,10
20,17,5,0,8
20,18,5,0,17
20,19,5,0,7
20,20,5,0,21
20,21,5,4,0
20,22,1,4,6
20,23,1,0,20
20,24,1,0,2
20,25,1,0,24
20,26,1,0,20
20,27,1,0,6
20,28,1,0,11
20,29,1,0,2
20,30,1,0,16
20,31,1,4,18
20,32,5,4,6
20,33,5,0,4
20,34,5,0,13
20,35,5,0,9
20,36,5,0,16
20,37,5,0,13
20,38,5,0,22
20,39,5,4,18
20,40,1,4,6
20,41,1,0,6
20,42,1,4,0
20,43,4,0,11
20,44,5,4,24
20,45,5,0,20
20,46,5,0,2
20,47,5,0,21
20,48,5,0,2
20,49,5,0,20
21,0,5,0,5
21,1,5,0,14
21,2,5,0,10
21,3,5,0,23
21,4,5,0,13
21,5,5,0,20
21,6,5,4,17
21,7,4,0,21
21,8,1,4,21
21,9,1,0,19
21,10,1,0,10
21,11,1,4,13
21,12,4,0,17
21,13,5,4,24
21,14,5,0,20
21,15,5,0,4
21,16,5,0,5
21,17,5,0,18
21,18,5,0,1
21,19,5,0,20
21,20,5,0,18
21,21,5,4,18
21,22,1,4,22
21,23,1,0,7
21,24,1,0,21
21,25,1,0,13
21,26,1,0,13
21,27,1,0,19
21,28,1,0,14
21,29,1,0,3
21,30,1,4,5
21,31,4,0,1
21,32,5,4,24
21,33,5,0,1
21,34,5,0,11
21,35,5,0,20
21,36,5,0,3
21,37,5,0,2
21,38,5,4,0
21,39,4,0,18
21,40,1,4,7
21,41,1,0,21
21,42,1,4,17
21,43,5,4,6
21,44,5,0,23
21,45,5,0,1
21,46,5,0,7
21,47,5,0,3
21,48,5,0,12
21,49,5,0,22
22,0,5,0,1
22,1,5,0,21
22,2,5,0,18
22,3,5,0,2
22,4,5,0,2
22,5,5,0,24
22,6,5,4,2
22,7,4,0,4
22,8,1,4,23
22,9,1,0,17
22,10,1,4,0
22,11,4,0,20
22,12,5,4,11
22,13,5,0,17
22,14,5,0,17
22,15,5,0,19
22,16,5,0,3
22,17,5,0,3
22,18,5,0,6
22,19,5,0,15
22,20,5,4,0
22,21,4,0,24
22,22,1,4,21
22,23,1,0,23
22,24,1,0,1
22,25,1,0,14
22,26,1,0,20
22,27,1,0,14
22,28,1,0,20
22,29,1,4,10
22,30,4,0,3
22,31,5,4,6
22,32,5,0,5
22,33,5,0,10
22,34,5,0,19
22,35,5,0,13
22,36,5,0,5
22,37,5,0,10
22,38,5,4,2
22,39,4,0,11
22,40,1,4,24
22,41,1,0,3
22,42,1,4,18
22,43,5,4,21
22,44,5,0,23
22,45,5,0,0
22,46,5,0,5
22,47,5,0,7
22,48,5,0,6
22,49,5,0,24
23,0,5,0,24
23,1,5,0,18
23,2,5,0,13
23,3,5,0,14
23,4,5,0,20
23,5,5,0,17
23,6,5,4,18
23,7,4,0,10
23,8,1,4,24
23,9,1,0,18
23,10,1,4,18
23,11,5,4,11
23,12,5,0,8
23,13,5,0,21
23,14,5,0,4
23,15,5,0,3
23,16,5,0,4
23,17,5,0,0
23,18,5,0,19
23,19,5,0,23
23,20,5,4,18
23,21,4,0,4
23,22,1,4,24
23,23,1,0,18
23,24,1,0,24
23,25,1,0,10
23,26,1,0,2
23,27,1,0,23
23,28,1,4,0
23,29,4,0,21
23,30,4,0,21
23,31,5,4,24
23,32,5,0,17
23,33,5,0,8
23,34,5,0,21
23,35,5,0,12
23,36,5,0,22
23,37,5,0,1
23,38,5,4,17
23,39,1,4,6
23,40,1,0,2
23,41,1,4,0
23,42,4,0,24
23,43,5,4,24
23,44,5,0,14
23,45,5,0,5
23,46,5,0,5
23,47,5,0,3
23,48,5,0,8
23,49,5,0,21
24,0,5,0,19
24,1,5,0,23
24,2,5,0,16
24,3,5,0,4
24,4,5,0,22
24,5,5,4,0
24,6,4,0,18
24,7,1,4,6
24,8,1,0,15
24,9,1,4,0
24,10,5,4,6
24,11,5,0,7
24,12,5,0,10
24,13,5,0,9
24,14,5,0,2
24,15,5,0,16
24,16,5,0,22
24,17,5,0,7
24,18,5,0,5
24,19,5,4,0
24,20,4,0,12
24,21,1,4,6
24,22,1,0,20
24,23,1,0,8
24,24,1,0,9
24,25,1,0,5
24,26,1,0,22
24,27,1,0,5
24,28,1,4,18
24,29,4,0,3
24,30,5,4,14
24,31,5,0,23
24,32,5,0,9
24,33,5,0,2
24,34,5,0,7
24,35,5,0,16
24,36,5,0,13
24,37,5,0,11
24,38,5,4,1
24,39,1,4,24
24,40,1,0,23
24,41,1,4,3
24,42,5,4,6
24,43,5,0,13
24,44,5,0,22
24,45,5,0,8
24,46,5,0,18
24,47,5,0,9
24,48,5,0,3
24,49,5,0,21
25,0,5,0,9
25,1,5,0,13
25,2,5,0,14
25,3,5,0,1
25,4,5,0,15
25,5,5,4,18
25,6,4,0,24
25,7,1,4,23
25,8,1,0,16
25,9,1,4,1
25,10,5,4,7
25,11,5,0,5
25,12,5,0,11
25,13,5,0,8
25,14,5,0,4
25,15,5,0,17
25,16,5,0,4
25,17,5,0,5
25,18,5,0,14
25,19,5,4,18
25,20,4,0,3
25,21,1,4,24
25,22,1,0,4
25,23,1,0,13
25,24,1,0,0
25,25,1,0,23
25,26,1,4,20
25,27,1,4,5
25,28,4,0,8
25,29,5,4,9
25,30,5,0,17
25,31,5,0,16
25,32,5,0,8
25,33,5,0,22
25,34,5,0,5
25,35,5,0,0
25,36,5,0,7
25,37,5,0,10
25,38,1,4,6
25,39,1,0,17
25,40,1,0,10
25,41,1,4,18
25,42,5,4,21
25,43,5,0,1
25,44,5,0,18
25,45,5,0,12
25,46,5,0,15
25,47,5,0,7
25,48,5,0,9
25,49,5,0,6
26,0,5,0,15
26,1,5,0,13
26,2,5,0,23
26,3,5,0,1
26,4,5,4,0
26,5,4,0,18
26,6,4,0,16
26,7,1,4,21
26,8,1,0,9
26,9,1,4,2
26,10,5,4,7
26,11,5,4,20
26,12,5,0,2
26,13,5,0,7
26,14,5,0,5
26,15,5,0,13
26,16,5,0,5
26,17,5,0,2
26,18,5,4,0
26,19,4,0,17
26,20,1,4,6
26,21,1,0,1
26,22,1,0,17
26,23,1,4,20
26,24,1,4,20
26,25,1,4,15
26,26,1,4,8
26,27,4,0,15
26,28,5,4,11
26,29,5,0,12
26,30,5,0,0
26,31,5,0,17
26,32,5,0,16
26,33,5,0,5
26,34,5,0,6
26,35,5,0,20
26,36,5,0,12
26,37,5,4,0
26,38,1,4,24
26,39,1,0,8
26,40,1,4,15
26,41,4,0,20
26,42,5,4,24
26,43,5,0,12
26,44,5,0,15
26,45,5,0,15
26,46,5,0,2
26,47,5,0,21
26,48,5,0,11
26,49,5,0,23
27,0,5,0,17
27,1,5,0,10
27,2,5,0,2
27,3,5,0,11
27,4,5,4,3
27,5,5,4,16
27,6,4,0,8
27,7,1,4,22
27,8,1,0,21
27,9,1,4,2
27,10,5,4,8
27,11,5,4,23
27,12,5,4,20
27,13,5,0,7
27,14,5,0,9
27,15,5,0,14
27,16,5,0,1
27,17,5,0,17
27,18,5,4,18
27,19,4,0,21
27,20,1,4,24
27,21,1,0,16
27,22,1,4,15
27,23,1,4,8
27,24,1,4,8
27,25,4,0,2
27,26,4,0,23
27,27,5,4,19
27,28,5,0,23
27,29,5,0,5
27,30,5,0,4
27,31,5,0,21
27,32,5,0,4
27,33,5,0,1
27,34,5,0,0
27,35,5,0,21
27,36,5,0,21
27,37,1,4,6
27,38,1,0,19
27,39,1,4,0
27,40,4,0,7
27,41,5,4,6
27,42,5,0,15
27,43,5,0,11
27,44,5,0,24
27,45,5,0,7
27,46,5,0,8
27,47,5,0,10
27,48,5,0,16
27,49,5,0,3
28,0,5,0,7
28,1,5,0,19
28,2,5,0,24
28,3,5,0,16
28,4,5,4,4
28,5,5,4,2
28,6,4,0,8
28,7,1,4,23
28,8,1,0,2
28,9,1,4,3
28,10,4,0,16
28,11,5,4,8
28,12,5,4,24
28,13,5,0,21
28,14,5,0,15
28,15,5,0,1
28,16,5,0,5
28,17,5,4,5
28,18,4,0,20
28,19,1,4,11
28,20,1,0,6
28,21,1,4,13
28,22,4,0,21
28,23,4,0,11
28,24,4,0,2
28,25,4,0,10
28,26,5,4,9
28,27,5,0,13
28,28,5,0,3
28,29,5,0,21
28,30,5,0,20
28,31,5,0,17
28,32,5,0,7
28,33,5,0,24
28,34,5,0,19
28,35,5,0,0
28,36,5,4,13
28,37,1,4,24
28,38,1,0,18
28,39,1,4,18
28,40,4,0,17
28,41,5,4,24
28,42,5,0,8
28,43,5,0,5
28,44,5,0,20
28,45,5,0,22
28,46,5,0,12
28,47,5,0,17
28,48,5,0,4
28,49,5,0,4
29,0,5,0,5
29,1,5,0,20
29,2,5,0,23
29,3,5,0,15
29,4,5,0,11
29,5,5,4,18
29,6,4,0,22
29,7,1,4,23
29,8,1,0,4
29,9,1,4,17
29,10,4,0,21
29,11,5,4,6
29,12,5,0,23
29,13,5,0,14
29,14,5,0,14
29,15,5,0,7
29,16,5,4,0
29,17,4,0,19
29,18,1,4,14
29,19,1,0,7
29,20,1,4,13
29,21,4,0,12
29,22,4,0,18
29,23,4,0,13
29,24,4,0,3
29,25,5,4,14
29,26,5,0,22
29,27,5,0,13
29,28,5,0,19
29,29,5,0,20
29,30,5,0,6
29,31,5,0,18
29,32,5,0,19
29,33,5,0,16
29,34,5,0,13
29,35,5,4,5
29,36,1,4,14
29,37,1,0,17
29,38,1,4,0
29,39,4,0,0
29,40,5,4,9
29,41,5,0,14
29,42,5,0,23
29,43,5,0,9
29,44,5,0,14
29,45,5,0,0
29,46,5,0,14
29,47,5,0,8
29,48,5,0,6
29,49,5,0,23
30,0,5,0,8
30,1,5,0,3
30,2,5,0,14
30,3,5,0,18
30,4,5,4,0
30,5,4,0,16
30,6,4,0,1
30,7,1,4,22
30,8,1,0,5
30,9,1,4,17
30,10,4,0,0
30,11,5,4,22
30,12,5,0,20
30,13,5,0,6
30,14,5,0,19
30,15,5,0,21
30,16,5,4,18
30,17,1,4,9
30,18,1,0,13
30,19,1,4,5
30,20,4,0,19
30,21,5,4,16
30,22,5,4,16
30,23,5,4,16
30,24,5,4,19
30,25,5,0,14
30,26,5,0,7
30,27,5,0,1
30,28,5,0,5
30,29,5,0,12
30,30,5,0,5
30,31,5,0,12
30,32,5,0,18
30,33,5,0,23
30,34,5,4,13
30,35,1,4,11
30,36,1,0,1
30,37,1,0,20
30,38,1,4,18
30,39,5,4,6
30,40,5,0,11
30,41,5,0,17
30,42,5,0,21
30,43,5,0,11
30,44,5,0,7
30,45,5,0,23
30,46,5,0,10
30,47,5,0,16
30,48,5,0,1
30,49,5,0,16
31,0,5,0,22
31,1,5,0,23
31,2,5,0,13
31,3,5,0,3
31,4,5,4,2
31,5,5,4,16
31,6,4,0,13
31,7,1,4,24
31,8,1,0,14
31,9,1,4,1
31,10,4,0,7
31,11,5,4,22
31,12,5,4,20
31,13,5,0,12
31,14,5,0,16
31,15,5,4,15
31,16,1,4,6
31,17,1,0,21
31,18,1,4,0
31,19,4,0,1
31,20,5,4,6
31,21,5,4,4
31,22,5,4,4
31,23,5,4,4
31,24,5,0,3
31,25,5,0,3
31,26,5,0,18
31,27,5,0,7
31,28,5,0,24
31,29,5,0,13
31,30,5,0,3
31,31,5,0,9
31,32,5,0,19
31,33,5,4,0
31,34,1,4,9
31,35,1,0,3
31,36,1,4,20
31,37,1,4,13
31,38,4,0,7
31,39,5,4,24
31,40,5,0,1
31,41,5,0,0
31,42,5,0,15
31,43,5,0,14
31,44,5,0,6
31,45,5,0,5
31,46,5,0,11
31,47,5,0,22
31,48,5,0,3
32,0,5,0,11
32,1,5,0,23
32,2,5,0,7
32,3,5,0,15
32,4,5,4,4
32,5,5,4,2
32,6,1,4,6
32,7,1,0,2
32,8,1,0,12
32,9,1,4,2
32,10,4,0,10
32,11,5,4,8
32,12,5,4,7
32,13,5,0,7
32,14,5,4,15
32,15,4,0,21
32,16,1,4,24
32,17,1,0,17
32,18,1,4,18
32,19,4,0,12
32,20,5,4,24
32,21,5,0,2
32,22,5,0,24
32,23,5,0,3
32,24,5,0,23
32,25,5,0,20
32,26,5,0,10
32,27,5,0,5
32,28,5,0,13
32,29,5,0,20
32,30,5,0,21
32,31,5,0,16
32,32,5,0,6
32,33,1,4,9
32,34,1,0,5
32,35,1,4,10
32,36,1,4,8
32,37,4,0,8
32,38,5,4,9
32,39,5,0,13
32,40,5,0,17
32,41,5,0,2
32,42,5,0,6
32,43,5,0,3
32,44,5,0,14
32,45,5,0,17
32,46,5,0,19
32,47,5,0,11
32,48,5,0,21
33,0,5,0,1
33,1,5,0,14
33,2,5,0,23
33,3,5,0,8
33,4,5,0,6
33,5,5,4,3
33,6,1,4,7
33,7,1,0,24
33,8,1,0,24
33,9,1,4,1
33,10,4,0,17
33,11,4,0,18
33,12,5,4,23
33,13,5,4,15
33,14,4,0,21
33,15,1,4,19
33,16,1,0,2
33,17,1,4,15
33,18,5,4,16
33,19,5,4,14
33,20,5,0,6
33,21,5,0,11
33,22,5,0,3
33,23,5,0,12
33,24,5,0,11
33,25,5,0,20
33,26,5,0,20
33,27,5,0,24
33,28,5,0,14
33,29,5,0,13
33,30,5,0,2
33,31,5,4,20
33,32,1,4,6
33,33,1,0,16
33,34,1,4,0
33,35,4,0,1
33,36,4,0,3
33,37,5,4,11
33,38,5,0,18
33,39,5,0,17
33,40,5,0,23
33,41,5,0,14
33,42,5,0,3
33,43,5,0,6
33,44,5,0,12
33,45,5,0,24
33,46,5,0,4
33,47,5,0,5
33,48,5,0,6
34,0,5,0,7
34,1,5,0,4
34,2,5,0,19
34,3,5,0,7
34,4,5,0,10
34,5,5,4,18
34,6,1,4,22
34,7,1,4,20
34,8,1,0,20
34,9,1,4,1
34,10,1,4,16
34,11,1,4,16
34,12,1,4,16
34,13,1,4,16
34,14,1,4,9
34,15,1,0,19
34,16,1,4,15
34,17,5,4,6
34,18,5,4,4
34,19,5,0,23
34,20,5,0,8
34,21,5,0,17
34,22,5,0,15
34,23,5,0,16
34,24,5,0,21
34,25,5,0,7
34,26,5,0,17
34,27,5,0,12
34,28,5,0,16
34,29,5,0,17
34,30,5,4,15
34,31,5,4,8
34,32,1,4,24
34,33,1,0,1
34,34,1,4,18
34,35,5,4,16
34,36,5,4,19
34,37,5,0,5
34,38,5,0,21
34,39,5,0,6
34,40,5,0,22
34,41,5,0,21
34,42,5,0,3
34,43,5,0,20
34,44,5,0,20
34,45,5,0,22
34,46,5,0,22
34,47,5,0,9
34,48,5,0,10
35,0,5,0,23
35,1,5,0,14
35,2,5,0,21
35,3,5,0,9
35,4,5,4,0
35,5,4,0,11
35,6,1,4,8
35,7,1,4,7
35,8,1,0,6
35,9,1,4,4
35,10,1,4,4
35,11,1,4,4
35,12,1,4,4
35,13,1,4,4
35,14,1,0,18
35,15,1,4,13
35,16,4,0,11
35,17,5,4,24
35,18,5,0,4
35,19,5,0,21
35,20,5,0,9
35,21,5,0,2
35,22,5,0,12
35,23,5,0,21
35,24,5,0,6
35,25,5,0,12
35,26,5,0,15
35,27,5,0,14
35,28,5,0,24
35,29,5,4,0
35,30,4,0,12
35,31,1,4,19
35,32,1,0,9
35,33,1,4,13
35,34,5,4,16
35,35,5,4,14
35,36,5,0,14
35,37,5,0,23
35,38,5,0,1
35,39,5,0,13
35,40,5,0,19
35,41,5,0,24
35,42,5,0,20
35,43,5,0,15
35,44,5,0,4
35,45,5,0,18
35,46,5,0,0
35,47,5,0,15
35,48,5,0,3
36,0,5,0,12
36,1,5,0,0
36,2,5,0,1
36,3,5,0,3
36,4,5,4,17
36,5,5,4,16
36,6,4,0,15
36,7,1,4,22
36,8,1,0,11
36,9,1,0,13
36,10,1,0,17
36,11,1,0,8
36,12,1,0,21
36,13,1,0,1
36,14,1,4,13
36,15,5,4,16
36,16,5,4,19
36,17,5,0,2
36,18,5,0,9
36,19,5,0,19
36,20,5,0,19
36,21,5,0,0
36,22,5,0,2
36,23,5,0,6
36,24,5,0,5
36,25,5,0,0
36,26,5,0,15
36,27,5,0,13
36,28,5,0,16
36,29,5,4,18
36,30,1,4,11
36,31,1,0,21
36,32,1,4,10
36,33,5,4,19
36,34,5,4,4
36,35,5,0,7
36,36,5,0,20
36,37,5,0,11
36,38,5,0,18
36,39,5,0,13
36,40,5,0,15
36,41,5,0,12
36,42,5,0,17
36,43,5,0,13
36,44,5,0,14
36,45,5,0,5
36,46,5,0,8
36,47,5,0,11
36,48,5,0,11
37,0,5,0,20
37,1,5,0,18
37,2,5,0,24
37,3,5,0,10
37,4,5,4,4
37,5,5,4,2
37,6,4,0,20
37,7,1,4,21
37,8,1,0,7
37,9,1,0,22
37,10,1,0,21
37,11,1,0,14
37,12,1,0,19
37,13,1,4,15
37,14,5,4,11
37,15,5,4,4
37,16,5,0,18
37,17,5,0,5
37,18,5,0,9
37,19,5,0,12
37,20,5,0,8
37,21,5,0,23
37,22,5,0,20
37,23,5,0,15
37,24,5,0,18
37,25,5,0,1
37,26,5,0,22
37,27,5,0,10
37,28,5,4,15
37,29,1,4,11
37,30,1,0,1
37,31,1,4,13
37,32,5,4,6
37,33,5,0,6
37,34,5,0,24
37,35,5,0,6
37,36,5,0,11
37,37,5,0,22
37,38,5,0,16
37,39,5,0,21
37,40,5,0,24
37,41,5,0,8
37,42,5,0,14
37,43,5,0,3
37,44,5,0,1
37,45,5,0,22
37,46,5,0,20
37,47,5,0,15
37,48,5,0,19
38,0,5,0,18
38,1,5,0,4
38,2,5,0,5
38,3,5,0,23
38,4,5,0,6
38,5,5,4,18
38,6,4,0,7
38,7,1,4,21
38,8,1,4,20
38,9,1,0,5
38,10,1,4,20
38,11,1,4,20
38,12,1,4,15
38,13,5,4,6
38,14,5,0,24
38,15,5,0,3
38,16,5,0,15
38,17,5,0,20
38,18,5,0,24
38,19,5,0,11
38,20,5,0,15
38,21,5,0,14
38,22,5,0,14
38,23,5,0,21
38,24,5,0,5
38,25,5,0,16
38,26,5,0,22
38,27,5,4,10
38,28,1,4,19
38,29,1,0,12
38,30,1,4,15
38,31,4,0,21
38,32,5,4,24
38,33,5,0,5
38,34,5,0,2
38,35,5,0,4
38,36,5,0,7
38,37,5,0,17
38,38,5,0,12
38,39,5,0,6
38,40,5,0,22
38,41,5,0,21
38,42,5,0,7
38,43,5,0,13
38,44,5,0,16
38,45,5,0,19
38,46,5,0,12
38,47,5,0,22
38,48,5,0,6
39,0,5,0,6
39,1,5,0,8
39,2,5,0,22
39,3,5,0,1
39,4,5,4,0
39,5,4,0,22
39,6,4,0,13
39,7,1,4,8
39,8,1,4,23
39,9,1,4,13
39,10,1,4,8
39,11,1,4,8
39,12,4,0,11
39,13,5,4,24
39,14,5,0,9
39,15,5,0,24
39,16,5,0,15
39,17,5,0,3
39,18,5,0,12
39,19,5,0,12
39,20,5,0,0
39,21,5,0,22
39,22,5,0,10
39,23,5,0,10
39,24,5,0,9
39,25,5,4,20
39,26,5,4,5
39,27,1,4,19
39,28,1,0,18
39,29,1,4,5
39,30,5,4,16
39,31,5,4,9
39,32,5,0,13
39,33,5,0,3
39,34,5,0,16
39,35,5,0,6
39,36,5,0,5
39,37,5,0,9
39,38,5,0,11
39,39,5,0,16
39,40,5,0,22
39,41,5,0,22
39,42,5,0,19
39,43,5,0,21
39,44,5,0,21
39,45,5,0,22
39,46,5,0,9
39,47,5,0,0
39,48,5,0,14
40,0,5,0,14
40,1,5,0,4
40,2,5,0,5
40,3,5,0,20
40,4,5,4,3
40,5,5,4,16
40,6,4,0,14
40,7,4,0,14
40,8,1,4,8
40,9,4,0,4
40,10,4,0,8
40,11,4,0,22
40,12,5,4,14
40,13,5,0,12
40,14,5,0,14
40,15,5,0,9
40,16,5,0,17
40,17,5,0,11
40,18,5,0,22
40,19,5,0,19
40,20,5,0,8
40,21,5,0,12
40,22,5,0,24
40,23,5,0,15
40,24,5,4,13
40,25,5,4,8
40,26,1,4,14
40,27,1,0,10
40,28,1,4,10
40,29,5,4,14
40,30,5,4,4
40,31,5,0,12
40,32,5,0,4
40,33,5,0,23
40,34,5,0,1
40,35,5,0,21
40,36,5,0,7
40,37,5,0,14
40,38,5,0,23
40,39,5,0,7
40,40,5,0,16
40,41,5,0,21
40,42,5,0,22
40,43,5,0,16
40,44,5,0,15
40,45,5,0,6
40,46,5,0,14
40,47,5,0,3
40,48,5,0,22
41,0,5,0,21
41,1,5,0,3
41,2,5,0,0
41,3,5,0,10
41,4,5,4,4
41,5,5,4,3
41,6,4,0,17
41,7,4,0,4
41,8,5,4,16
41,9,5,4,16
41,10,4,0,16
41,11,5,4,9
41,12,5,0,14
41,13,5,0,18
41,14,5,0,15
41,15,5,0,13
41,16,5,0,10
41,17,5,0,3
41,18,5,0,8
41,19,5,0,19
41,20,5,0,4
41,21,5,0,5
41,22,5,0,23
41,23,5,4,0
41,24,4,0,4
41,25,1,4,19
41,26,1,0,0
41,27,1,4,5
41,28,5,4,14
41,29,5,0,20
41,30,5,0,16
41,31,5,0,1
41,32,5,0,3
41,33,5,0,0
41,34,5,0,1
41,35,5,0,2
41,36,5,0,18
41,37,5,0,1
41,38,5,0,15
41,39,5,0,11
41,40,5,0,19
41,41,5,0,0
41,42,5,0,19
41,43,5,0,12
41,44,5,0,15
41,45,5,0,5
41,46,5,0,24
41,47,5,0,17
41,48,5,0,18
42,0,5,0,1
42,1,5,0,2
42,2,5,0,24
42,3,5,0,15
42,4,5,0,5
42,5,5,4,3
42,6,5,4,16
42,7,5,4,11
42,8,5,4,4
42,9,5,4,17
42,10,5,4,11
42,11,5,0,17
42,12,5,0,18
42,13,5,0,23
42,14,5,0,10
42,15,5,0,12
42,16,5,0,11
42,17,5,0,8
42,18,5,0,24
42,19,5,0,12
42,20,5,0,10
42,21,5,0,21
42,22,5,0,24
42,23,5,4,18
42,24,1,4,14
42,25,1,0,3
42,26,1,4,5
42,27,5,4,9
42,28,5,0,23
42,29,5,0,15
42,30,5,0,14
42,31,5,0,6
42,32,5,0,12
42,33,5,0,11
42,34,5,0,13
42,35,5,0,24
42,36,5,0,7
42,37,5,0,10
42,38,5,0,2
42,39,5,0,15
42,40,5,0,13
42,41,5,0,17
42,42,5,0,8
42,43,5,0,12
42,44,5,0,7
42,45,5,0,16
42,46,5,0,14
42,47,5,0,0
42,48,5,0,5
43,0,5,0,16
43,1,5,0,12
43,2,5,0,14
43,3,5,0,24
43,4,5,0,16
43,5,5,4,4
43,6,5,4,4
43,7,5,0,20
43,8,5,0,6
43,9,5,4,4
43,10,5,0,22
43,11,5,0,23
43,12,5,0,22
43,13,5,0,4
43,14,5,0,17
43,15,5,0,6
43,16,5,0,7
43,17,5,0,19
43,18,5,0,13
43,19,5,0,22
43,20,5,0,0
43,21,5,0,2
43,22,5,4,15
43,23,1,4,14
43,24,1,0,7
43,25,1,4,10
43,26,5,4,6
43,27,5,0,19
43,28,5,0,23
43,29,5,0,13
43,30,5,0,9
43,31,5,0,19
43,32,5,0,15
43,33,5,0,11
43,34,5,0,8
43,35,5,0,0
43,36,5,0,6
43,37,5,0,10
43,38,5,0,12
43,39,5,0,20
43,40,5,0,1
43,41,5,0,23
43,42,5,0,24
43,43,5,0,3
43,44,5,0,19
43,45,5,0,6
43,46,5,0,5
43,47,5,0,1
43,48,5,0,6
44,0,5,0,19
44,1,5,0,3
44,2,5,0,9
44,3,5,0,15
44,4,5,0,5
44,5,5,0,0
44,6,5,0,8
44,7,5,0,6
44,8,5,0,3
44,9,5,0,5
44,10,5,0,15
44,11,5,0,0
44,12,5,0,15
44,13,5,0,2
44,14,5,0,20
44,15,5,0,19
44,16,5,0,24
44,17,5,0,8
44,18,5,0,0
44,19,5,0,23
44,20,5,0,20
44,21,5,4,13
44,22,1,4,9
44,23,1,0,3
44,24,1,4,10
44,25,4,0,13
44,26,5,4,24
44,27,5,0,3
44,28,5,0,18
44,29,5,0,15
44,30,5,0,3
44,31,5,0,2
44,32,5,0,16
44,33,5,0,22
44,34,5,0,12
44,35,5,0,18
44,36,5,0,3
44,37,5,0,9
44,38,5,0,3
44,39,5,0,8
44,40,5,0,2
44,41,5,0,2
44,42,5,0,24
44,43,5,0,21
44,44,5,0,15
44,45,5,0,11
44,46,5,0,20
44,47,5,0,10
44,48,5,0,15
45,0,5,0,9
45,1,5,0,20
45,2,5,0,7
45,3,5,0,17
45,4,5,0,9
45,5,5,0,5
45,6,5,0,20
45,7,5,0,24
45,8,5,0,19
45,9,5,0,2
45,10,5,0,22
45,11,5,0,14
45,12,5,0,18
45,13,5,0,10
45,14,5,0,8
45,15,5,0,9
45,16,5,0,24
45,17,5,0,0
45,18,5,0,4
45,19,5,0,22
45,20,5,4,13
45,21,1,4,11
45,22,1,0,4
45,23,1,4,10
45,24,5,4,16
45,25,5,4,19
45,26,5,0,20
45,27,5,0,1
45,28,5,0,23
45,29,5,0,23
45,30,5,0,10
45,31,5,0,24
45,32,5,0,19
45,33,5,0,2
45,34,5,0,8
45,35,5,0,4
45,36,5,0,10
45,37,5,0,20
45,38,5,0,4
45,39,5,0,17
45,40,5,0,24
45,41,5,0,5
45,42,5,0,12
45,43,5,0,10
45,44,5,0,20
45,45,5,0,17
45,46,5,0,6
45,47,5,0,5
45,48,5,0,6
46,0,5,0,13
46,1,5,0,7
46,2,5,0,10
46,3,5,0,18
46,4,5,0,18
46,5,5,0,12
46,6,5,0,3
46,7,5,0,15
46,8,5,0,16
46,9,5,0,2
46,10,5,0,21
46,11,5,0,18
46,12,5,0,10
46,13,5,0,14
46,14,5,0,20
46,15,5,0,12
46,16,5,0,6
46,17,5,4,20
46,18,5,4,20
46,19,5,4,15
46,20,1,4,14
46,21,1,0,24
46,22,1,4,15
46,23,5,4,19
46,24,5,4,4
46,25,5,0,12
46,26,5,0,6
46,27,5,0,12
46,28,5,0,11
46,29,5,0,4
46,30,5,0,5
46,31,5,0,23
46,32,5,0,1
46,33,5,0,17
46,34,5,0,7
46,35,5,0,16
46,36,5,0,3
46,37,5,0,3
46,38,5,0,11
46,39,5,0,15
46,40,5,0,2
46,41,5,0,5
46,42,5,0,12
46,43,5,0,7
46,44,5,0,3
46,45,5,0,9
46,46,5,0,21
46,47,5,0,24
46,48,5,0,3
47,0,5,0,3
47,1,5,0,4
47,2,5,0,3
47,3,5,0,7
47,4,5,0,20
47,5,5,0,10
47,6,5,0,19
47,7,5,0,16
47,8,5,0,3
47,9,5,0,6
47,10,5,0,3
47,11,5,0,2
47,12,5,0,1
47,13,5,0,2
47,14,5,0,0
47,15,5,0,0
47,16,5,4,15
47,17,5,4,8
47,18,5,4,8
47,19,1,4,14
47,20,1,0,2
47,21,1,4,15
47,22,5,4,11
47,23,5,0,14
47,24,5,0,19
47,25,5,0,3
47,26,5,0,7
47,27,5,0,1
47,28,5,0,23
47,29,5,0,4
47,30,5,0,12
47,31,5,0,18
47,32,5,0,8
47,33,5,0,7
47,34,5,0,2
47,35,5,0,11
47,36,5,0,17
47,37,5,0,6
47,38,5,0,2
47,39,5,0,24
47,40,5,4,20
47,41,5,4,20
47,42,5,4,20
47,43,5,0,9
47,44,5,0,7
47,45,5,0,10
47,46,5,0,20
47,47,5,0,9
47,48,5,0,24
48,0,5,0,21
48,1,5,0,16
48,2,5,0,2
48,3,5,0,10
48,4,5,0,14
48,5,5,0,8
48,6,5,0,10
48,7,5,0,16
48,8,5,0,15
48,9,5,0,23
48,10,5,0,20
48,11,5,0,7
48,12,5,0,1
48,13,5,0,12
48,14,5,0,16
48,15,5,4,0
48,16,4,0,15
48,17,1,4,16
48,18,1,4,14
48,19,1,0,2
48,20,1,4,15
48,21,5,4,19
48,22,5,0,17
48,23,5,0,5
48,24,5,0,14
48,25,5,0,10
48,26,5,0,0
48,27,5,0,6
48,28,5,0,16
48,29,5,0,13
48,30,5,0,10
48,31,5,0,20
48,32,5,0,0
48,33,5,0,22
48,34,5,0,2
48,35,5,0,12
48,36,5,0,22
48,37,5,0,13
48,38,5,0,3
48,39,5,4,0
48,40,5,4,8
48,41,5,4,8
48,42,5,4,22
48,43,5,0,16
48,44,5,0,15
48,45,5,0,20
48,46,5,0,4
48,47,5,0,21
48,48,5,0,13
49,0,5,0,8
49,1,5,0,13
49,2,5,0,19
49,3,5,0,13
49,4,5,0,8
49,5,5,0,5
49,6,5,0,3
49,7,5,0,17
49,8,5,0,7
49,9,5,0,20
49,10,5,0,21
49,11,5,0,11
49,12,5,0,2
49,13,5,0,11
49,14,5,0,16
49,15,5,4,18
49,16,1,4,14
49,17,1,4,4
49,18,1,0,14
49,19,1,4,15
49,20,5,4,6
49,21,5,0,9
49,22,5,0,9
49,23,5,0,7
49,24,5,0,23
49,25,5,0,15
49,26,5,0,17
49,27,5,0,12
49,28,5,0,1
49,29,5,0,11
49,30,5,0,18
49,31,5,0,7
49,32,5,0,0
49,33,5,0,7
49,34,5,0,1
49,35,5,0,4
49,36,5,0,22
49,37,5,0,23
49,38,5,0,17
49,39,5,4,18
49,40,4,0,6
49,41,4,0,13
49,42,5,4,23
49,43,5,0,7
49,44,5,0,1
49,45,5,0,20
49,46,5,0,18
49,47,5,0,9
49,48,5,0,14
50,0,5,0,22
50,1,5,0,12
50,2,5,0,0
50,3,5,0,22
50,4,5,0,9
50,5,5,0,5
50,6,5,0,9
50,7,5,0,5
50,8,5,0,11
50,9,5,0,8
50,10,5,0,3
50,11,5,0,21
50,12,5,0,18
50,13,5,4,20
50,14,5,4,10
50,15,1,4,19
50,16,1,0,0
50,17,1,0,1
50,18,1,4,10
50,19,4,0,22
50,20,5,4,24
50,21,5,0,20
50,22,5,0,4
50,23,5,0,22
50,24,5,0,5
50,25,5,0,20
50,26,5,0,13
50,27,5,0,4
50,28,5,0,3
50,29,5,0,15
50,30,5,0,21
50,31,5,0,15
50,32,5,0,11
50,33,5,0,24
50,34,5,0,22
50,35,5,0,7
50,36,5,0,15
50,37,5,0,12
50,38,5,4,15
50,39,4,0,24
50,40,4,0,2
50,41,4,0,17
50,42,5,4,21
50,43,5,0,13
50,44,5,0,15
50,45,5,0,4
50,46,5,0,19
50,47,5,0,15
50,48,5,0,1
51,0,5,0,4
51,1,5,0,22
51,2,5,0,0
51,3,5,0,5
51,4,5,0,10
51,5,5,0,10
51,6,5,0,19
51,7,5,0,1
51,8,5,0,7
51,9,5,0,22
51,10,5,0,19
51,11,5,0,20
51,12,5,4,15
51,13,5,4,8
51,14,1,4,11
51,15,1,0,0
51,16,1,0,2
51,17,1,4,13
51,18,5,4,16
51,19,5,4,19
51,20,5,0,2
51,21,5,0,0
51,22,5,0,9
51,23,5,0,3
51,24,5,0,4
51,25,5,0,13
51,26,5,0,23
51,27,5,0,19
51,28,5,0,0
51,29,5,0,15
51,30,5,0,17
51,31,5,0,20
51,32,5,0,20
51,33,5,0,23
51,34,5,0,20
51,35,5,0,14
51,36,5,4,20
51,37,5,4,10
51,38,4,0,3
51,39,4,0,17
51,40,4,0,13
51,41,4,0,11
51,42,5,4,21
51,43,5,0,22
51,44,5,0,18
51,45,5,0,13
51,46,5,0,4
51,47,5,0,2
51,48,5,0,19
52,0,5,0,22
52,1,5,0,19
52,2,5,0,1
52,3,5,0,7
52,4,5,0,16
52,5,5,0,0
52,6,5,0,22
52,7,5,0,6
52,8,5,0,14
52,9,5,0,0
52,10,5,0,24
52,11,5,4,0
52,12,4,0,13
52,13,1,4,9
52,14,1,0,7
52,15,1,0,6
52,16,1,4,15
52,17,5,4,14
52,18,5,4,4
52,19,5,0,19
52,20,5,0,15
52,21,5,0,10
52,22,5,0,16
52,23,5,0,9
52,24,5,0,8
52,25,5,0,9
52,26,5,0,16
52,27,5,0,14
52,28,5,0,7
52,29,5,0,7
52,30,5,0,18
52,31,5,0,2
52,32,5,0,0
52,33,5,0,11
52,34,5,0,1
52,35,5,4,0
52,36,5,4,8
52,37,4,0,21
52,38,1,4,16
52,39,1,4,16
52,40,4,0,12
52,41,4,0,16
52,42,5,4,23
52,43,5,0,23
52,44,5,0,10
52,45,5,0,7
52,46,5,0,15
52,47,5,0,14
52,48,5,0,21
53,0,5,0,6
53,1,5,0,4
53,2,5,0,10
53,3,5,0,21
53,4,5,0,1
53,5,5,0,8
53,6,5,0,21
53,7,5,0,24
53,8,5,0,13
53,9,5,0,14
53,10,5,0,8
53,11,5,4,18
53,12,1,4,6
53,13,1,0,4
53,14,1,4,20
53,15,1,4,13
53,16,5,4,19
53,17,5,0,10
53,18,5,0,10
53,19,5,0,19
53,20,5,0,2
53,21,5,0,2
53,22,5,0,23
53,23,5,0,17
53,24,5,0,15
53,25,5,0,3
53,26,5,0,19
53,27,5,0,19
53,28,5,0,14
53,29,5,0,12
53,30,5,0,10
53,31,5,0,24
53,32,5,0,9
53,33,5,0,9
53,34,5,0,15
53,35,5,4,18
53,36,4,0,3
53,37,1,4,9
53,38,1,4,4
53,39,1,4,1
53,40,1,4,16
53,41,4,0,2
53,42,5,4,21
53,43,5,4,20
53,44,5,0,0
53,45,5,0,0
53,46,5,0,7
53,47,5,0,13
53,48,5,0,24
54,0,5,0,22
54,1,5,0,9
54,2,5,0,23
54,3,5,0,22
54,4,5,0,15
54,5,5,0,14
54,6,5,0,22
54,7,5,0,12
54,8,5,0,21
54,9,5,4,20
54,10,5,4,13
54,11,4,0,18
54,12,1,4,24
54,13,1,4,0
54,14,1,4,8
54,15,5,4,11
54,16,5,0,19
54,17,5,0,14
54,18,5,0,8
54,19,5,0,11
54,20,5,0,19
54,21,5,0,10
54,22,5,0,13
54,23,5,0,16
54,24,5,0,13
54,25,5,0,4
54,26,5,0,20
54,27,5,0,12
54,28,5,0,10
54,29,5,0,8
54,30,5,0,16
54,31,5,0,13
54,32,5,0,22
54,33,5,0,11
54,34,5,4,15
54,35,4,0,1
54,36,1,4,11
54,37,1,0,4
54,38,1,0,16
54,39,1,4,4
54,40,1,4,2
54,41,4,0,18
54,42,5,4,8
54,43,5,4,21
54,44,5,0,13
54,45,5,0,13
54,46,5,0,10
54,47,5,0,8
54,48,5,0,0
55,0,5,0,17
55,1,5,0,15
55,2,5,0,16
55,3,5,0,2
55,4,5,0,0
55,5,5,0,4
55,6,5,0,22
55,7,5,0,5
55,8,5,4,5
55,9,5,4,8
55,10,4,0,19
55,11,1,4,6
55,12,1,0,7
55,13,1,4,18
55,14,5,4,14
55,15,5,0,15
55,16,5,0,21
55,17,5,0,2
55,18,5,0,14
55,19,5,0,0
55,20,5,0,9
55,21,5,0,13
55,22,5,0,15
55,23,5,0,3
55,24,5,0,10
55,25,5,0,7
55,26,5,0,4
55,27,5,0,21
55,28,5,0,9
55,29,5,0,22
55,30,5,0,1
55,31,5,4,20
55,32,5,4,20
55,33,5,4,13
55,34,4,0,17
55,35,1,4,6
55,36,1,0,24
55,37,1,0,9
55,38,1,0,12
55,39,1,0,24
55,40,1,4,1
55,41,1,4,16
55,42,4,0,14
55,43,5,4,22
55,44,5,0,20
55,45,5,0,7
55,46,5,0,14
55,47,5,0,17
55,48,5,0,22
56,0,5,0,17
56,1,5,0,8
56,2,5,0,2
56,3,5,0,19
56,4,5,0,15
56,5,5,0,20
56,6,5,4,20
56,7,5,4,13
56,8,4,0,15
56,9,4,0,4
56,10,4,0,11
56,11,1,4,22
56,12,1,4,13
56,13,5,4,6
56,14,5,0,6
56,15,5,0,18
56,16,5,0,22
56,17,5,0,13
56,18,5,0,2
56,19,5,0,10
56,20,5,0,15
56,21,5,0,13
56,22,5,0,6
56,23,5,0,24
56,24,5,0,23
56,25,5,0,17
56,26,5,0,1
56,27,5,0,4
56,28,5,0,10
56,29,5,0,24
56,30,5,4,10
56,31,5,4,8
56,32,5,4,8
56,33,4,0,3
56,34,4,0,17
56,35,1,4,24
56,36,1,0,7
56,37,1,0,24
56,38,1,0,7
56,39,1,0,24
56,40,1,4,4
56,41,1,4,2
56,42,1,4,16
56,43,5,4,22
56,44,5,0,1
56,45,5,0,20
56,46,5,0,24
56,47,5,0,3
56,48,5,0,11
57,0,5,0,0
57,1,5,0,23
57,2,5,0,8
57,3,5,0,24
57,4,5,0,8
57,5,5,4,0
57,6,5,4,8
57,7,4,0,16
57,8,4,0,24
57,9,4,6,20
57,10,4,0,24
57,11,1,4,8
57,12,4,0,11
57,13,5,4,24
57,14,5,0,22
57,15,5,0,12
57,16,5,0,9
57,17,5,0,9
57,18,5,0,1
57,19,5,0,14
57,20,5,0,11
57,21,5,0,4
57,22,5,0,11
57,23,5,0,16
57,24,5,0,1
57,25,5,0,9
57,26,5,0,5
57,27,5,0,2
57,28,5,0,9
57,29,5,4,10
57,30,4,0,5
57,31,4,0,10
57,32,4,0,10
57,33,4,0,6
57,34,1,4,14
57,35,1,0,5
57,36,1,4,20
57,37,1,4,20
57,38,1,4,20
57,39,1,0,19
57,40,1,0,8
57,41,1,4,4
57,42,1,4,3
57,43,5,4,21
57,44,5,0,1
57,45,5,0,3
57,46,5,0,15
57,47,5,0,24
57,48,5,0,6
58,0,5,0,21
58,1,5,0,8
58,2,5,0,3
58,3,5,0,12
58,4,5,0,16
58,5,5,4,18
58,6,4,0,17
58,7,4,0,6
58,8,4,6,5
58,9,4,6,23
58,10,4,0,2
58,11,4,0,19
58,12,5,4,11
58,13,5,0,19
58,14,5,0,18
58,15,5,0,4
58,16,5,0,3
58,17,5,0,22
58,18,5,0,3
58,19,5,0,11
58,20,5,0,7
58,21,5,0,11
58,22,5,0,4
58,23,5,0,8
58,24,5,0,2
58,25,5,0,3
58,26,5,0,18
58,27,5,4,20
58,28,5,4,15
58,29,4,0,2
58,30,4,0,6
58,31,1,4,16
58,32,1,4,16
58,33,1,4,19
58,34,1,0,23
58,35,1,4,13
58,36,1,4,8
58,37,1,4,8
58,38,1,4,22
58,39,1,0,2
58,40,1,0,10
58,41,1,0,14
58,42,1,4,18
58,43,5,4,21
58,44,5,0,13
58,45,5,0,23
58,46,5,0,9
58,47,5,0,3
58,48,5,0,12
59,0,5,0,6
59,1,5,0,22
59,2,5,0,8
59,3,5,0,7
59,4,5,4,0
59,5,4,0,11
59,6,4,0,2
59,7,4,6,0
59,8,6,0,17
59,9,4,6,24
59,10,4,0,12
59,11,5,4,19
59,12,5,0,0
59,13,5,0,10
59,14,5,0,24
59,15,5,0,16
59,16,5,0,12
59,17,5,0,5
59,18,5,0,14
59,19,5,0,20
59,20,5,0,11
59,21,5,0,8
59,22,5,0,16
59,23,5,0,14
59,24,5,0,10
59,25,5,0,3
59,26,5,4,15
59,27,5,4,8
59,28,4,0,10
59,29,4,0,23
59,30,1,4,14
59,31,1,4,4
59,32,1,4,4
59,33,1,0,6
59,34,1,4,0
59,35,4,0,15
59,36,4,0,24
59,37,4,0,12
59,38,1,4,23
59,39,1,4,20
59,40,1,0,17
59,41,1,4,0
59,42,4,0,22
59,43,5,4,24
59,44,5,0,16
59,45,5,0,10
59,46,5,0,2
59,47,5,0,22
59,48,5,0,8
60,0,5,0,1
60,1,5,0,24
60,2,5,0,13
60,3,5,0,11
60,4,5,4,18
60,5,4,0,13
60,6,4,0,0
60,7,4,6,1
60,8,4,6,14
60,9,4,0,16
60,10,5,4,19
60,11,5,0,4
60,12,5,0,9
60,13,5,0,20
60,14,5,0,8
60,15,5,0,9
60,16,5,0,14
60,17,5,0,23
60,18,5,0,4
60,19,5,0,1
60,20,5,0,24
60,21,5,0,24
60,22,5,0,1
60,23,5,0,17
60,24,5,0,3
60,25,5,4,0
60,26,4,0,1
60,27,4,0,17
60,28,4,0,6
60,29,1,4,19
60,30,1,0,18
60,31,1,0,10
60,32,1,0,0
60,33,1,0,21
60,34,1,4,18
60,35,4,0,22
60,36,4,0,23
60,37,5,4,16
60,38,1,4,8
60,39,1,4,22
60,40,1,0,19
60,41,1,4,2
60,42,5,4,6
60,43,5,0,7
60,44,5,0,23
60,45,5,0,6
60,46,5,0,20
60,47,5,0,3
60,48,5,0,12
61,0,5,0,11
61,1,5,0,17
61,2,5,0,11
61,3,5,4,0
61,4,4,0,16
61,5,4,0,21
61,6,4,0,0
61,7,4,6,4
61,8,4,0,9
61,9,5,4,19
61,10,5,0,20
61,11,5,0,10
61,12,5,0,21
61,13,5,0,10
61,14,5,0,3
61,15,5,0,1
61,16,5,0,13
61,17,5,0,14
61,18,5,0,21
61,19,5,0,22
61,20,5,0,11
61,21,5,0,23
61,22,5,0,12
61,23,5,0,13
61,24,5,0,23
61,25,5,4,18
61,26,4,0,13
61,27,1,4,16
61,28,1,4,11
61,29,1,0,4
61,30,1,0,23
61,31,1,0,0
61,32,1,0,14
61,33,1,4,0
61,34,4,0,14
61,35,4,0,20
61,36,5,4,14
61,37,5,4,2
61,38,4,0,3
61,39,1,4,23
61,40,1,0,15
61,41,1,4,17
61,42,5,4,21
61,43,5,0,19
61,44,5,0,14
61,45,5,0,12
61,46,5,0,16
61,47,5,0,14
61,48,5,0,13
62,0,5,0,2
62,1,5,0,7
62,2,5,0,11
62,3,5,4,1
62,4,5,4,16
62,5,4,0,12
62,6,4,0,23
62,7,4,0,16
62,8,5,4,19
62,9,5,0,11
62,10,5,0,9
62,11,5,0,1
62,12,5,0,6
62,13,5,0,8
62,14,5,0,11
62,15,5,0,11
62,16,5,0,9
62,17,5,0,9
62,18,5,0,22
62,19,5,0,3
62,20,5,0,11
62,21,5,0,9
62,22,5,0,3
62,23,5,0,15
62,24,5,4,10
62,25,4,0,11
62,26,1,4,11
62,27,1,4,4
62,28,1,0,3
62,29,1,0,18
62,30,1,0,2
62,31,1,0,8
62,32,1,0,13
62,33,1,4,18
62,34,5,4,16
62,35,5,4,14
62,36,5,0,16
62,37,5,4,2
62,38,5,4,16
62,39,1,4,23
62,40,1,0,12
62,41,1,4,2
62,42,5,4,22
62,43,5,4,20
62,44,5,0,7
62,45,5,0,11
62,46,5,0,21
62,47,5,0,2
62,48,5,0,16
63,0,5,0,15
63,1,5,0,9
63,2,5,0,2
63,3,5,4,4
63,4,5,4,18
63,5,4,0,8
63,6,4,0,14
63,7,5,4,14
63,8,5,0,16
63,9,5,0,24
63,10,5,0,12
63,11,5,0,3
63,12,5,0,13
63,13,5,0,14
63,14,5,0,20
63,15,5,0,21
63,16,5,0,4
63,17,5,0,20
63,18,5,0,0
63,19,5,0,24
63,20,5,0,23
63,21,5,0,18
63,22,5,0,4
63,23,5,4,15
63,24,4,0,1
63,25,1,4,6
63,26,1,0,2
63,27,1,0,22
63,28,1,0,8
63,29,1,0,0
63,30,1,4,20
63,31,1,4,20
63,32,1,4,5
63,33,5,4,6
63,34,5,4,19
63,35,5,0,14
63,36,5,0,13
63,37,5,4,4
63,38,5,4,2
63,39,1,4,22
63,40,1,0,13
63,41,1,4,2
63,42,5,4,8
63,43,5,4,21
63,44,5,0,3
63,45,5,0,3
63,46,5,0,10
63,47,5,0,20
63,48,5,0,16
64,0,5,0,3
64,1,5,0,15
64,2,5,0,1
64,3,5,4,0
64,4,5,4,16
64,5,5,4,16
64,6,5,4,19
64,7,5,0,1
64,8,5,0,3
64,9,5,0,7
64,10,5,0,8
64,11,5,0,7
64,12,5,0,5
64,13,5,0,14
64,14,5,0,10
64,15,5,0,20
64,16,5,0,10
64,17,5,0,6
64,18,5,0,19
64,19,5,0,17
64,20,5,0,4
64,21,5,0,15
64,22,5,4,13
64,23,4,0,22
64,24,4,0,9
64,25,1,4,24
64,26,1,0,20
64,27,1,0,8
64,28,1,0,15
64,29,1,4,0
64,30,1,4,8
64,31,1,4,8
64,32,4,0,13
64,33,5,4,24
64,34,5,0,20
64,35,5,0,15
64,36,5,0,0
64,37,5,0,23
64,38,5,4,18
64,39,1,4,22
64,40,1,0,3
64,41,1,4,1
64,42,4,0,10
64,43,5,4,7
64,44,5,0,6
64,45,5,0,14
64,46,5,0,24
64,47,5,0,21
64,48,5,0,8
65,0,5,0,0
65,1,5,0,9
65,2,5,0,5
65,3,5,4,4
65,4,5,4,4
65,5,5,4,4
65,6,5,0,4
65,7,5,0,15
65,8,5,0,11
65,9,5,0,6
65,10,5,0,3
65,11,5,0,5
65,12,5,0,22
65,13,5,0,6
65,14,5,0,22
65,15,5,0,14
65,16,5,0,20
65,17,5,0,5
65,18,5,0,5
65,19,5,0,6
65,20,5,0,1
65,21,5,4,0
65,22,4,0,13
65,23,1,4,16
65,24,1,4,11
65,25,1,0,3
65,26,1,0,7
65,27,1,0,18
65,28,1,0,11
65,29,1,4,18
65,30,4,0,1
65,31,4,0,11
65,32,5,4,14
65,33,5,0,14
65,34,5,0,9
65,35,5,0,22
65,36,5,0,16
65,37,5,4,0
65,38,4,0,10
65,39,1,4,21
65,40,1,0,6
65,41,1,4,1
65,42,4,0,6
65,43,5,4,23
65,44,5,0,16
65,45,5,0,9
65,46,5,0,2
65,47,5,0,2
65,48,5,0,10
66,0,5,0,9
66,1,5,0,10
66,2,5,0,21
66,3,5,0,20
66,4,5,0,1
66,5,5,0,13
66,6,5,0,5
66,7,5,0,1
66,8,5,0,3
66,9,5,0,17
66,10,5,0,9
66,11,5,0,19
66,12,5,0,19
66,13,5,0,23
66,14,5,0,0
66,15,5,0,21
66,16,5,0,13
66,17,5,0,2
66,18,5,0,20
66,19,5,0,12
66,20,5,0,3
66,21,5,4,18
66,22,1,4,14
66,23,1,4,4
66,24,1,0,6
66,25,1,0,19
66,26,1,0,3
66,27,1,0,24
66,28,1,4,5
66,29,4,0,22
66,30,4,0,23
66,31,5,4,11
66,32,5,0,7
66,33,5,0,10
66,34,5,0,19
66,35,5,0,0
66,36,5,0,22
66,37,5,4,2
66,38,4,0,18
66,39,1,4,24
66,40,1,0,19
66,41,1,4,3
66,42,4,0,3
66,43,5,4,24
66,44,5,0,8
66,45,5,0,0
66,46,5,0,20
66,47,5,0,14
66,48,5,0,20
67,0,5,0,4
67,1,5,0,21
67,2,5,0,23
67,3,5,0,22
67,4,5,0,19
67,5,5,0,19
67,6,5,0,4
67,7,5,0,8
67,8,5,0,12
67,9,5,0,13
67,10,5,0,7
67,11,5,0,6
67,12,5,0,13
67,13,5,0,16
67,14,5,0,8
67,15,5,0,2
67,16,5,0,22
67,17,5,0,15
67,18,5,4,20
67,19,5,4,20
67,20,5,4,5
67,21,1,4,6
67,22,1,0,21
67,23,1,0,9
67,24,1,0,7
67,25,1,0,16
67,26,1,4,20
67,27,1,4,10
67,28,4,0,21
67,29,4,0,18
67,30,5,4,6
67,31,5,0,4
67,32,5,0,6
67,33,5,0,11
67,34,5,0,24
67,35,5,0,6
67,36,5,0,14
67,37,5,4,1
67,38,1,4,6
67,39,1,0,19
67,40,1,0,13
67,41,1,4,2
67,42,5,4,6
67,43,5,0,5
67,44,5,0,4
67,45,5,0,8
67,46,5,0,11
67,47,5,0,21
67,48,5,0,10
68,0,5,0,8
68,1,5,0,0
68,2,5,0,6
68,3,5,0,9
68,4,5,0,2
68,5,5,0,22
68,6,5,0,3
68,7,5,0,2
68,8,5,0,12
68,9,5,0,13
68,10,5,0,24
68,11,5,0,5
68,12,5,0,6
68,13,5,0,10
68,14,5,0,5
68,15,5,0,3
68,16,5,0,13
68,17,5,4,15
68,18,5,4,8
68,19,5,4,8
68,20,4,0,0
68,21,1,4,24
68,22,1,0,23
68,23,1,0,11
68,24,1,4,20
68,25,1,4,13
68,26,1,4,8
68,27,4,0,12
68,28,4,0,18
68,29,4,0,11
68,30,5,4,24
68,31,5,0,10
68,32,5,0,17
68,33,5,0,17
68,34,5,0,24
68,35,5,0,1
68,36,5,0,24
68,37,5,4,17
68,38,1,4,24
68,39,1,0,22
68,40,1,0,2
68,41,1,4,18
68,42,5,4,24
68,43,5,0,1
68,44,5,0,11
68,45,5,0,4
68,46,5,0,15
68,47,5,0,16
68,48,5,0,17
69,0,5,0,3
69,1,5,0,11
69,2,5,0,24
69,3,5,0,0
69,4,5,0,5
69,5,5,0,22
69,6,5,0,2
69,7,5,0,0
69,8,5,0,13
69,9,5,0,7
69,10,5,0,14
69,11,5,0,15
69,12,5,0,2
69,13,5,0,4
69,14,5,0,10
69,15,5,0,7
69,16,5,4,10
69,17,4,0,15
69,18,1,4,16
69,19,1,4,16
69,20,1,4,14
69,21,1,0,3
69,22,1,0,21
69,23,1,4,5
69,24,1,4,8
69,25,4,0,1
69,26,4,0,10
69,27,4,0,16
69,28,4,0,13
69,29,5,4,19
69,30,5,0,14
69,31,5,0,9
69,32,5,0,4
69,33,5,0,9
69,34,5,0,12
69,35,5,0,9
69,36,5,0,6
69,37,1,4,6
69,38,1,0,11
69,39,1,0,11
69,40,1,4,13
69,41,5,4,6
69,42,5,0,7
69,43,5,0,0
69,44,5,0,18
69,45,5,0,11
69,46,5,0,0
69,47,5,0,2
69,48,5,0,6
70,0,5,0,20
70,1,5,0,2
70,2,5,0,7
70,3,5,0,6
70,4,5,0,21
70,5,5,0,0
70,6,5,0,24
70,7,5,0,8
70,8,5,0,13
70,9,5,0,4
70,10,5,0,13
70,11,5,0,12
70,12,5,0,7
70,13,5,0,7
70,14,5,0,20
70,15,5,4,15
70,16,4,0,9
70,17,1,4,9
70,18,1,4,4
70,19,1,4,4
70,20,1,0,9
70,21,1,0,24
70,22,1,4,0
70,23,4,0,3
70,24,4,0,18
70,25,4,0,2
70,26,4,0,10
70,27,4,0,8
70,28,5,4,9
70,29,5,0,4
70,30,5,0,6
70,31,5,0,13
70,32,5,0,17
70,33,5,0,14
70,34,5,0,10
70,35,5,0,7
70,36,5,4,15
70,37,1,4,24
70,38,1,0,13
70,39,1,4,0
70,40,4,0,7
70,41,5,4,24
70,42,5,0,19
70,43,5,0,5
70,44,5,0,17
70,45,5,0,0
70,46,5,0,11
70,47,5,0,7
70,48,5,0,6
71,0,5,0,7
71,1,5,0,20
71,2,5,0,1
71,3,5,0,9
71,4,5,0,10
71,5,5,0,4
71,6,5,0,1
71,7,5,0,23
71,8,5,0,14
71,9,5,0,22
71,10,5,0,15
71,11,5,0,22
71,12,5,0,7
71,13,5,0,20
71,14,5,4,5
71,15,4,0,14
71,16,1,4,6
71,17,1,0,13
71,18,1,0,1
71,19,1,0,22
71,20,1,0,11
71,21,1,0,5
71,22,1,4,18
71,23,5,4,16
71,24,5,4,16
71,25,5,4,16
71,26,5,4,16
71,27,5,4,11
71,28,5,0,21
71,29,5,0,4
71,30,5,0,19
71,31,5,0,7
71,32,5,0,18
71,33,5,4,20
71,34,5,4,20
71,35,5,4,15
71,36,1,4,14
71,37,1,0,2
71,38,1,0,13
71,39,1,4,18
71,40,5,4,11
71,41,5,0,15
71,42,5,0,17
71,43,5,0,14
71,44,5,0,5
71,45,5,0,15
71,46,5,0,1
71,47,5,0,10
71,48,5,0,13
72,0,5,0,7
72,1,5,0,16
72,2,5,0,18
72,3,5,0,21
72,4,5,0,10
72,5,5,0,18
72,6,5,0,22
72,7,5,0,7
72,8,5,0,11
72,9,5,0,13
72,10,5,0,7
72,11,5,0,1
72,12,5,4,20
72,13,5,4,5
72,14,4,0,15
72,15,4,0,10
72,16,1,4,24
72,17,1,0,10
72,18,1,0,1
72,19,1,0,19
72,20,1,0,13
72,21,1,4,10
72,22,5,4,6
72,23,5,4,4
72,24,5,4,4
72,25,5,4,4
72,26,5,4,4
72,27,5,0,3
72,28,5,0,22
72,29,5,0,24
72,30,5,0,13
72,31,5,0,15
72,32,5,4,10
72,33,5,4,8
72,34,1,4,16
72,35,1,4,11
72,36,1,0,0
72,37,1,0,17
72,38,1,4,15
72,39,5,4,14
72,40,5,0,8
72,41,5,0,5
72,42,5,0,12
72,43,5,0,4
72,44,5,0,10
72,45,5,0,14
72,46,5,0,4
72,47,5,0,10
72,48,5,0,12
73,0,5,0,3
73,1,5,0,7
73,2,5,0,24
73,3,5,0,12
73,4,5,0,10
73,5,5,0,16
73,6,5,0,24
73,7,5,0,0
73,8,5,0,8
73,9,5,0,20
73,10,5,0,1
73,11,5,4,10
73,12,5,4,8
73,13,4,0,19
73,14,4,0,15
73,15,1,4,6
73,16,1,0,14
73,17,1,0,4
73,18,1,0,14
73,19,1,0,21
73,20,1,4,15
73,21,4,0,6
73,22,5,4,24
73,23,5,0,11
73,24,5,0,9
73,25,5,0,13
73,26,5,0,15
73,27,5,0,8
73,28,5,0,5
73,29,5,0,15
73,30,5,0,18
73,31,5,4,13
73,32,4,0,15
73,33,1,4,9
73,34,1,4,4
73,35,1,0,0
73,36,1,0,5
73,37,1,4,10
73,38,5,4,19
73,39,5,0,17
73,40,5,0,21
73,41,5,0,18
73,42,5,0,12
73,43,5,0,15
73,44,5,0,23
73,45,5,0,23
73,46,5,0,19
73,47,5,0,16
73,48,5,0,1
74,0,5,0,8
74,1,5,0,5
74,2,5,0,6
74,3,5,0,4
74,4,5,0,14
74,5,5,0,2
74,6,5,0,11
74,7,5,0,2
74,8,5,0,18
74,9,5,0,23
74,10,5,4,13
74,11,4,0,22
74,12,4,0,8
74,13,4,0,17
74,14,4,0,17
74,15,1,4,24
74,16,1,0,13
74,17,1,0,9
74,18,1,0,24
74,19,1,4,15
74,20,4,0,17
74,21,5,4,11
74,22,5,0,11
74,23,5,0,12
74,24,5,0,17
74,25,5,0,21
74,26,5,0,5
74,27,5,0,13
74,28,5,0,23
74,29,5,0,17
74,30,5,4,15
74,31,1,4,16
74,32,1,4,19
74,33,1,0,11
74,34,1,0,0
74,35,1,4,20
74,36,1,4,10
74,37,5,4,11
74,38,5,0,13
74,39,5,0,17
74,40,5,0,15
74,41,5,0,17
74,42,5,0,0
74,43,5,0,4
74,44,5,0,22
74,45,5,0,3
74,46,5,0,18
74,47,5,0,9
74,48,5,0,2
75,0,5,0,6
75,1,5,0,11
75,2,5,0,2
75,3,5,0,24
75,4,5,0,6
75,5,5,0,12
75,6,5,0,20
75,7,5,0,9
75,8,5,0,5
75,9,5,4,5
75,10,4,0,11
75,11,1,4,16
75,12,1,4,16
75,13,1,4,16
75,14,1,4,14
75,15,1,0,11
75,16,1,4,20
75,17,1,4,20
75,18,1,4,10
75,19,4,0,2
75,20,5,4,9
75,21,5,0,7
75,22,5,0,15
75,23,5,0,13
75,24,5,0,9
75,25,5,0,9
75,26,5,0,0
75,27,5,0,19
75,28,5,0,0
75,29,5,4,15
75,30,1,4,11
75,31,1,4,4
75,32,1,0,4
75,33,1,0,18
75,34,1,4,15
75,35,1,4,8
75,36,5,4,9
75,37,5,0,17
75,38,5,0,18
75,39,5,0,10
75,40,5,0,8
75,41,5,0,12
75,42,5,0,10
75,43,5,0,11
75,44,5,0,3
75,45,5,0,13
75,46,5,0,4
75,47,5,0,7
75,48,5,0,18
76,0,5,0,24
76,1,5,0,4
76,2,5,0,3
76,3,5,0,1
76,4,5,0,1
76,5,5,0,15
76,6,5,0,2
76,7,5,0,10
76,8,5,4,0
76,9,4,0,17
76,10,1,4,19
76,11,1,4,4
76,12,1,4,4
76,13,1,4,4
76,14,1,0,6
76,15,1,4,5
76,16,1,4,8
76,17,1,4,8
76,18,5,4,16
76,19,5,4,19
76,20,5,0,20
76,21,5,0,19
76,22,5,0,9
76,23,5,0,18
76,24,5,0,15
76,25,5,0,18
76,26,5,0,11
76,27,5,0,7
76,28,5,4,10
76,29,1,4,6
76,30,1,0,17
76,31,1,0,2
76,32,1,4,20
76,33,1,4,15
76,34,5,4,16
76,35,5,4,14
76,36,5,0,23
76,37,5,0,2
76,38,5,0,11
76,39,5,0,0
76,40,5,0,20
76,41,5,0,16
76,42,5,0,22
76,43,5,0,6
76,44,5,0,23
76,45,5,0,11
76,46,5,0,20
76,47,5,0,15
76,48,5,0,11
77,0,5,0,14
77,1,5,0,9
77,2,5,0,0
77,3,5,0,21
77,4,5,0,13
77,5,5,0,3
77,6,5,0,4
77,7,5,0,8
77,8,5,4,18
77,9,1,4,14
77,10,1,0,18
77,11,1,0,10
77,12,1,0,22
77,13,1,0,6
77,14,1,4,0
77,15,4,0,6
77,16,4,0,4
77,17,5,4,11
77,18,5,4,4
77,19,5,0,20
77,20,5,0,2
77,21,5,0,14
77,22,5,0,14
77,23,5,0,19
77,24,5,0,17
77,25,5,0,7
77,26,5,0,2
77,27,5,4,10
77,28,4,0,8
77,29,1,4,24
77,30,1,0,18
77,31,1,4,0
77,32,1,4,8
77,33,5,4,14
77,34,5,4,4
77,35,5,0,3
77,36,5,0,20
77,37,5,0,2
77,38,5,0,7
77,39,5,0,20
77,40,5,0,0
77,41,5,0,13
77,42,5,0,3
77,43,5,0,17
77,44,5,0,8
77,45,5,0,0
77,46,5,0,12
77,47,5,0,10
77,48,5,0,22
78,0,5,0,0
78,1,5,0,16
78,2,5,0,18
78,3,5,0,15
78,4,5,0,21
78,5,5,0,1
78,6,5,0,18
78,7,5,4,5
78,8,1,4,11
78,9,1,0,21
78,10,1,4,20
78,11,1,4,20
78,12,1,0,18
78,13,1,0,24
78,14,1,4,18
78,15,4,0,24
78,16,5,4,9
78,17,5,0,7
78,18,5,0,2
78,19,5,0,13
78,20,5,0,11
78,21,5,0,10
78,22,5,0,16
78,23,5,0,0
78,24,5,0,15
78,25,5,0,24
78,26,5,4,0
78,27,4,0,19
78,28,1,4,14
78,29,1,0,16
78,30,1,0,14
78,31,1,4,18
78,32,5,4,11
78,33,5,0,8
78,34,5,0,1
78,35,5,0,24
78,36,5,0,15
78,37,5,0,17
78,38,5,0,7
78,39,5,0,12
78,40,5,0,17
78,41,5,0,6
78,42,5,0,15
78,43,5,0,21
78,44,5,0,4
78,45,5,0,22
78,46,5,0,24
78,47,5,0,11
78,48,5,0,18
79,0,5,0,16
79,1,5,0,13
79,2,5,0,23
79,3,5,0,14
79,4,5,0,13
79,5,5,0,4
79,6,5,4,13
79,7,1,4,6
79,8,1,0,16
79,9,1,4,10
79,10,1,4,8
79,11,1,4,7
79,12,1,0,6
79,13,1,4,0
79,14,4,0,20
79,15,5,4,6
79,16,5,0,14
79,17,5,0,11
79,18,5,0,6
79,19,5,0,6
79,20,5,0,19
79,21,5,0,1
79,22,5,0,19
79,23,5,0,17
79,24,5,0,11
79,25,5,0,20
79,26,5,4,18
79,27,1,4,11
79,28,1,0,11
79,29,1,4,20
79,30,1,4,5
79,31,5,4,11
79,32,5,0,21
79,33,5,0,13
79,34,5,0,14
79,35,5,0,7
79,36,5,0,20
79,37,5,0,1
79,38,5,0,4
79,39,5,0,16
79,40,5,0,6
79,41,5,0,12
79,42,5,0,2
79,43,5,0,14
79,44,5,0,11
79,45,5,0,22
79,46,5,0,17
79,47,5,0,2
79,48,5,0,7
80,0,5,0,0
80,1,5,0,15
80,2,5,0,14
80,3,5,0,6
80,4,5,0,10
80,5,5,4,0
80,6,4,0,0
80,7,1,4,22
80,8,1,4,10
80,9,4,6,5
80,10,4,6,21
80,11,1,4,23
80,12,1,0,2
80,13,1,4,18
80,14,4,0,15
80,15,5,4,24
80,16,5,0,18
80,17,5,0,6
80,18,5,0,8
80,19,5,0,6
80,20,5,0,20
80,21,5,0,24
80,22,5,0,21
80,23,5,0,3
80,24,5,0,13
80,25,5,4,10
80,26,1,4,6
80,27,1,0,15
80,28,1,4,0
80,29,1,4,8
80,30,5,4,6
80,31,5,0,22
80,32,5,0,8
80,33,5,0,19
80,34,5,0,12
80,35,5,0,4
80,36,5,0,22
80,37,5,0,4
80,38,5,0,18
80,39,5,0,16
80,40,5,0,5
80,41,5,0,2
80,42,5,0,15
80,43,5,0,18
80,44,5,0,0
80,45,5,0,18
80,46,5,0,2
80,47,5,0,7
80,48,5,0,21
