0,0,5,0,3
0,1,5,0,4
0,2,5,0,3
0,3,5,0,11
0,4,5,0,0
0,5,5,0,0
0,6,5,0,0
0,7,5,0,14
0,8,5,4,17
0,9,4,0,4
0,10,4,0,15
0,11,4,0,23
0,12,4,0,17
0,13,4,0,13
0,14,4,0,24
0,15,1,4,6
0,16,1,0,20
0,17,1,0,21
0,18,1,0,2
0,19,1,0,14
0,20,10,1,24
0,21,10,0,3
0,22,10,0,16
0,23,10,0,17
0,24,10,0,24
0,25,10,0,8
0,26,10,0,3
0,27,10,0,23
0,28,10,1,2
0,29,1,0,2
0,30,1,0,14
0,31,1,0,24
0,32,1,0,10
0,33,1,0,11
0,34,1,0,0
0,35,1,4,17
0,36,4,0,19
0,37,4,0,24
0,38,4,0,11
0,39,4,0,24
0,40,4,0,15
0,41,4,0,7
0,42,5,4,6
0,43,5,4,20
0,44,5,0,9
0,45,5,0,1
0,46,5,0,24
0,47,5,0,16
0,48,5,0,7
0,49,5,0,24
1,0,5,0,15
1,1,5,0,12
1,2,5,0,22
1,3,5,0,11
1,4,5,0,0
1,5,5,0,16
1,6,5,0,21
1,7,5,0,3
1,8,5,4,3
1,9,4,0,4
1,10,4,0,24
1,11,4,0,15
1,12,4,0,12
1,13,4,0,17
1,14,4,0,23
1,15,1,4,23
1,16,1,0,14
1,17,1,0,19
1,18,1,0,11
1,19,10,1,6
1,20,10,0,6
1,21,10,0,14
1,22,10,0,17
1,23,10,0,5
1,24,10,0,8
1,25,10,0,19
1,26,10,0,11
1,27,10,0,10
1,28,10,1,2
1,29,10,1,16
1,30,1,0,2
1,31,1,0,14
1,32,1,0,2
1,33,1,0,8
1,34,1,0,24
1,35,1,4,18
1,36,4,0,8
1,37,4,0,7
1,38,4,0,5
1,39,4,0,16
1,40,4,0,1
1,41,4,0,9
1,42,5,4,8
1,43,5,4,7
1,44,5,0,0
1,45,5,0,2
1,46,5,0,15
1,47,5,0,21
1,48,5,0,0
1,49,5,0,2
2,0,5,0,4
2,1,5,0,16
2,2,5,0,2
2,3,5,0,15
2,4,5,0,0
2,5,5,0,8
2,6,5,0,20
2,7,5,0,21
2,8,5,4,18
2,9,4,0,11
2,10,4,0,10
2,11,4,0,16
2,12,4,0,9
2,13,4,0,10
2,14,4,0,10
2,15,1,4,21
2,16,1,0,23
2,17,1,0,6
2,18,1,0,24
2,19,10,1,24
2,20,10,0,21
2,21,10,0,8
2,22,10,0,6
2,23,10,0,2
2,24,10,0,24
2,25,10,0,16
2,26,10,0,5
2,27,10,0,10
2,28,10,1,4
2,29,10,1,17
2,30,1,0,11
2,31,1,0,24
2,32,1,0,12
2,33,1,0,13
2,34,1,4,0
2,35,4,0,21
2,36,4,0,12
2,37,4,0,19
2,38,4,0,20
2,39,4,0,6
2,40,4,0,7
2,41,4,0,18
2,42,4,0,3
2,43,5,4,23
2,44,5,0,2
2,45,5,0,17
2,46,5,0,15
2,47,5,0,15
2,48,5,0,19
2,49,5,0,7
3,0,5,0,24
3,1,5,0,11
3,2,5,0,15
3,3,5,0,3
3,4,5,0,7
3,5,5,0,19
3,6,5,0,24
3,7,5,4,0
3,8,4,0,17
3,9,4,0,16
3,10,4,0,22
3,11,4,0,2
3,12,4,0,23
3,13,4,0,24
3,14,4,0,6
3,15,1,4,24
3,16,1,0,5
3,17,1,0,9
3,18,10,1,6
3,19,10,0,14
3,20,10,0,22
3,21,10,0,17
3,22,10,0,10
3,23,10,0,20
3,24,10,0,21
3,25,10,0,14
3,26,10,0,22
3,27,10,0,18
3,28,10,0,0
3,29,10,1,18
3,30,1,0,21
3,31,1,0,11
3,32,1,0,3
3,33,1,0,9
3,34,1,4,1
3,35,1,4,16
3,36,4,0,22
3,37,4,0,17
3,38,4,0,18
3,39,4,0,8
3,40,4,0,4
3,41,4,0,6
3,42,4,0,18
3,43,5,4,7
3,44,5,4,20
3,45,5,0,1
3,46,5,0,13
3,47,5,0,22
3,48,5,0,11
3,49,5,0,5
4,0,5,0,2
4,1,5,0,21
4,2,5,0,1
4,3,5,0,2
4,4,5,0,14
4,5,5,0,0
4,6,5,0,4
4,7,5,4,3
4,8,4,0,24
4,9,4,0,0
4,10,4,0,24
4,11,4,0,20
4,12,4,0,4
4,13,4,0,20
4,14,1,4,6
4,15,1,0,18
4,16,1,0,2
4,17,1,0,6
4,18,10,1,23
4,19,10,0,16
4,20,10,0,0
4,21,10,0,3
4,22,10,0,10
4,23,10,0,7
4,24,10,0,3
4,25,10,0,1
4,26,10,0,23
4,27,10,0,11
4,28,10,1,10
4,29,1,0,14
4,30,1,0,9
4,31,1,0,3
4,32,1,0,9
4,33,1,0,9
4,34,1,4,4
4,35,1,4,3
4,36,4,0,20
4,37,4,0,7
4,38,4,0,15
4,39,4,0,10
4,40,4,0,23
4,41,4,0,4
4,42,4,0,23
4,43,5,4,8
4,44,5,4,23
4,45,5,0,16
4,46,5,0,15
4,47,5,0,1
4,48,5,0,5
4,49,5,0,11
5,0,5,0,2
5,1,5,0,21
5,2,5,0,0
5,3,5,0,19
5,4,5,0,21
5,5,5,0,12
5,6,5,0,14
5,7,5,4,18
5,8,4,0,20
5,9,4,0,0
5,10,4,0,10
5,11,4,0,12
5,12,4,0,23
5,13,4,0,12
5,14,1,4,24
5,15,1,0,17
5,16,1,0,3
5,17,1,0,14
5,18,10,1,24
5,19,10,0,21
5,20,10,0,1
5,21,10,0,18
5,22,10,0,9
5,23,10,0,11
5,24,10,0,15
5,25,10,0,2
5,26,10,0,14
5,27,10,1,0
5,28,1,0,24
5,29,1,0,7
5,30,1,0,20
5,31,1,0,12
5,32,1,0,2
5,33,1,0,11
5,34,1,0,4
5,35,1,4,3
5,36,4,0,19
5,37,4,0,3
5,38,4,0,17
5,39,4,0,19
5,40,4,0,2
5,41,4,0,23
5,42,4,0,13
5,43,4,0,8
5,44,5,4,22
5,45,5,0,22
5,46,5,0,12
5,47,5,0,23
5,48,5,0,3
5,49,5,0,6
6,0,5,0,15
6,1,5,0,10
6,2,5,0,23
6,3,5,0,5
6,4,5,0,9
6,5,5,0,22
6,6,5,4,0
6,7,4,0,2
6,8,4,0,8
6,9,4,0,24
6,10,4,0,14
6,11,4,0,12
6,12,4,0,24
6,13,1,4,6
6,14,1,4,20
6,15,1,0,0
6,16,1,0,24
6,17,10,1,6
6,18,10,0,19
6,19,10,1,20
6,20,10,1,20
6,21,10,0,8
6,22,10,0,1
6,23,10,0,11
6,24,10,0,7
6,25,10,0,19
6,26,10,0,1
6,27,10,1,18
6,28,1,0,5
6,29,1,0,11
6,30,1,0,9
6,31,1,0,3
6,32,1,0,11
6,33,1,0,24
6,34,1,0,4
6,35,1,4,18
6,36,4,0,24
6,37,4,0,9
6,38,4,0,8
6,39,4,0,6
6,40,4,0,0
6,41,4,0,1
6,42,4,0,8
6,43,4,0,13
6,44,5,4,23
6,45,5,0,0
6,46,5,0,22
6,47,5,0,20
6,48,5,0,2
6,49,5,0,21
7,0,5,0,13
7,1,5,0,15
7,2,5,0,24
7,3,5,0,22
7,4,5,0,5
7,5,5,0,15
7,6,5,4,2
7,7,4,0,23
7,8,4,0,21
7,9,4,0,23
7,10,4,0,5
7,11,4,0,4
7,12,4,0,11
7,13,1,4,8
7,14,1,4,22
7,15,1,0,1
7,16,1,0,14
7,17,10,1,21
7,18,10,1,15
7,19,10,1,8
7,20,10,1,24
7,21,10,0,13
7,22,10,0,9
7,23,10,0,16
7,24,10,0,8
7,25,10,0,20
7,26,10,1,0
7,27,10,1,16
7,28,10,1,16
7,29,1,0,12
7,30,1,0,9
7,31,1,0,2
7,32,1,0,14
7,33,1,0,12
7,34,1,4,0
7,35,4,0,5
7,36,4,0,19
7,37,4,0,3
7,38,4,0,13
7,39,4,0,6
7,40,4,0,5
7,41,4,0,7
7,42,4,0,0
7,43,4,0,14
7,44,5,4,23
7,45,5,0,16
7,46,5,0,7
7,47,5,0,17
7,48,5,0,22
7,49,5,0,12
8,0,5,0,9
8,1,5,0,23
8,2,5,0,4
8,3,5,0,21
8,4,5,0,15
8,5,5,0,11
8,6,5,4,3
8,7,4,0,8
8,8,4,0,3
8,9,4,0,23
8,10,4,0,4
8,11,4,0,3
8,12,4,0,11
8,13,4,0,23
8,14,1,4,24
8,15,1,0,11
8,16,1,0,24
8,17,10,1,8
8,18,1,0,24
8,19,10,1,6
8,20,10,0,11
8,21,10,0,4
8,22,10,0,4
8,23,10,0,13
8,24,10,0,16
8,25,10,0,2
8,26,10,1,4
8,27,10,1,4
8,28,10,1,2
8,29,1,0,14
8,30,1,0,10
8,31,1,0,8
8,32,1,0,8
8,33,1,0,19
8,34,1,4,3
8,35,4,0,4
8,36,4,0,19
8,37,4,0,17
8,38,4,0,19
8,39,4,0,8
8,40,4,0,19
8,41,4,0,21
8,42,4,0,1
8,43,4,0,14
8,44,5,4,24
8,45,5,0,10
8,46,5,0,4
8,47,5,0,0
8,48,5,0,14
8,49,5,0,19
9,0,5,0,22
9,1,5,0,4
9,2,5,0,1
9,3,5,0,11
9,4,5,0,3
9,5,5,0,9
9,6,5,4,3
9,7,4,0,19
9,8,4,0,12
9,9,4,0,1
9,10,4,0,22
9,11,4,0,5
9,12,4,0,15
9,13,1,4,6
9,14,1,0,2
9,15,1,0,9
9,16,1,0,2
9,17,1,0,0
9,18,1,0,20
9,19,10,1,24
9,20,10,0,17
9,21,10,0,24
9,22,10,0,17
9,23,10,0,2
9,24,10,0,4
9,25,10,0,0
9,26,10,0,13
9,27,10,0,22
9,28,10,1,18
9,29,1,0,11
9,30,1,0,14
9,31,1,0,6
9,32,1,0,24
9,33,1,0,3
9,34,1,4,3
9,35,1,4,16
9,36,4,0,13
9,37,4,0,14
9,38,4,0,17
9,39,4,0,8
9,40,4,0,23
9,41,4,0,10
9,42,4,0,7
9,43,5,4,6
9,44,5,0,23
9,45,5,0,14
9,46,5,0,12
9,47,5,0,8
9,48,5,0,1
9,49,5,0,16
10,0,5,0,0
10,1,5,0,6
10,2,5,0,18
10,3,5,0,13
10,4,5,0,7
10,5,5,0,11
10,6,5,4,18
10,7,4,0,17
10,8,4,0,21
10,9,4,0,0
10,10,4,0,16
10,11,4,0,12
10,12,4,0,1
10,13,1,4,24
10,14,1,0,3
10,15,1,0,5
10,16,1,0,2
10,17,1,0,14
10,18,10,1,6
10,19,10,0,17
10,20,10,0,1
10,21,10,0,4
10,22,10,0,19
10,23,10,0,24
10,24,10,0,19
10,25,10,0,7
10,26,10,0,7
10,27,10,1,0
10,28,1,0,8
10,29,1,0,15
10,30,1,0,20
10,31,1,0,4
10,32,1,0,23
10,33,1,0,7
10,34,1,4,4
10,35,1,4,3
10,36,4,0,19
10,37,4,0,16
10,38,4,0,14
10,39,4,0,0
10,40,4,0,17
10,41,4,0,8
10,42,4,0,11
10,43,5,4,22
10,44,5,0,24
10,45,5,0,17
10,46,5,0,8
10,47,5,0,6
10,48,5,0,1
10,49,5,0,8
11,0,5,0,16
11,1,5,0,23
11,2,5,0,13
11,3,5,0,19
11,4,5,0,16
11,5,5,4,0
11,6,4,0,8
11,7,4,0,16
11,8,4,0,22
11,9,4,0,9
11,10,4,0,10
11,11,4,0,13
11,12,1,4,6
11,13,1,4,20
11,14,1,0,11
11,15,1,0,9
11,16,1,0,19
11,17,1,0,8
11,18,10,1,7
11,19,10,1,20
11,20,10,0,5
11,21,10,0,4
11,22,10,1,20
11,23,10,1,20
11,24,10,1,20
11,25,10,0,4
11,26,10,0,6
11,27,10,1,18
11,28,1,0,17
11,29,1,0,14
11,30,1,0,3
11,31,1,0,9
11,32,1,0,16
11,33,1,0,8
11,34,1,0,16
11,35,1,4,18
11,36,4,0,13
11,37,4,0,0
11,38,4,0,24
11,39,4,0,23
11,40,4,0,0
11,41,4,0,2
11,42,4,0,14
11,43,5,4,21
11,44,5,0,22
11,45,5,0,2
11,46,5,0,4
11,47,5,0,19
11,48,5,0,13
11,49,5,0,14
12,0,5,0,17
12,1,5,0,22
12,2,5,0,22
12,3,5,0,19
12,4,5,0,19
12,5,5,4,17
12,6,4,0,12
12,7,4,0,18
12,8,4,0,22
12,9,4,0,5
12,10,4,0,24
12,11,4,0,24
12,12,1,4,8
12,13,1,4,22
12,14,1,0,21
12,15,1,0,19
12,16,1,0,14
12,17,1,0,12
12,18,10,1,8
12,19,10,1,7
12,20,10,1,20
12,21,10,1,15
12,22,10,1,8
12,23,10,1,8
12,24,10,1,7
12,25,10,0,14
12,26,10,1,0
12,27,1,0,5
12,28,1,0,2
12,29,1,0,16
12,30,1,0,12
12,31,1,0,6
12,32,1,0,22
12,33,1,0,13
12,34,1,4,0
12,35,4,0,15
12,36,4,0,6
12,37,4,0,15
12,38,4,0,6
12,39,4,0,17
12,40,4,0,9
12,41,4,0,7
12,42,4,0,24
12,43,5,4,21
12,44,5,4,20
12,45,5,0,16
12,46,5,0,0
12,47,5,0,18
12,48,5,0,11
12,49,5,0,8
13,0,5,0,11
13,1,5,0,17
13,2,5,0,1
13,3,5,0,17
13,4,5,0,5
13,5,5,4,1
13,6,5,4,16
13,7,4,0,20
13,8,4,0,16
13,9,4,0,12
13,10,4,0,23
13,11,4,0,18
13,12,4,0,8
13,13,1,4,22
13,14,1,0,21
13,15,1,0,1
13,16,1,0,23
13,17,1,0,19
13,18,1,0,10
13,19,10,1,8
13,20,10,1,8
13,21,1,0,12
13,22,1,0,5
13,23,1,0,21
13,24,10,1,23
13,25,10,0,9
13,26,10,1,1
13,27,1,0,24
13,28,1,0,15
13,29,1,0,10
13,30,1,0,10
13,31,1,0,3
13,32,1,0,9
13,33,1,0,3
13,34,1,4,18
13,35,4,0,20
13,36,4,0,17
13,37,4,0,16
13,38,4,0,16
13,39,4,0,21
13,40,4,0,17
13,41,4,0,18
13,42,4,0,13
13,43,5,4,8
13,44,5,4,21
13,45,5,0,17
13,46,5,0,6
13,47,5,0,16
13,48,5,0,17
13,49,5,0,3
14,0,5,0,5
14,1,5,0,21
14,2,5,0,20
14,3,5,0,1
14,4,5,0,14
14,5,5,4,4
14,6,5,4,2
14,7,4,0,14
14,8,4,0,2
14,9,4,0,7
14,10,4,0,8
14,11,4,0,17
14,12,4,0,16
14,13,1,4,24
14,14,1,0,7
14,15,1,0,3
14,16,1,0,17
14,17,1,0,4
14,18,1,0,13
14,19,1,0,13
14,20,1,0,2
14,21,1,0,1
14,22,1,0,18
14,23,1,0,2
14,24,10,1,7
14,25,10,0,17
14,26,10,1,2
14,27,1,0,20
14,28,1,0,3
14,29,1,0,12
14,30,1,0,14
14,31,1,0,24
14,32,1,0,10
14,33,1,4,0
14,34,4,0,7
14,35,4,0,1
14,36,4,0,5
14,37,4,0,5
14,38,4,0,1
14,39,4,0,15
14,40,4,0,17
14,41,4,0,16
14,42,4,0,21
14,43,4,0,12
14,44,5,4,7
14,45,5,0,9
14,46,5,0,18
14,47,5,0,1
14,48,5,0,10
14,49,5,0,15
15,0,5,0,10
15,1,5,0,19
15,2,5,0,15
15,3,5,0,24
15,4,5,0,13
15,5,5,0,1
15,6,5,4,18
15,7,4,0,23
15,8,4,0,7
15,9,4,0,0
15,10,4,0,8
15,11,4,0,3
15,12,1,4,6
15,13,1,0,24
15,14,1,0,22
15,15,1,0,6
15,16,1,0,19
15,17,1,0,14
15,18,1,0,1
15,19,1,0,7
15,20,1,0,18
15,21,1,0,10
15,22,1,0,24
15,23,1,0,23
15,24,10,1,24
15,25,10,0,23
15,26,10,1,18
15,27,1,0,19
15,28,1,0,19
15,29,1,0,19
15,30,1,0,4
15,31,1,0,8
15,32,1,0,4
15,33,1,4,18
15,34,4,0,12
15,35,4,0,1
15,36,4,0,17
15,37,4,0,14
15,38,4,0,21
15,39,4,0,24
15,40,4,0,0
15,41,4,0,11
15,42,4,0,11
15,43,4,0,23
15,44,5,4,21
15,45,5,0,5
15,46,5,0,6
15,47,5,0,17
15,48,5,0,19
15,49,5,0,19
16,0,5,0,1
16,1,5,0,17
16,2,5,0,16
16,3,5,0,14
16,4,5,0,12
16,5,5,4,0
16,6,4,0,24
16,7,4,0,7
16,8,4,0,9
16,9,4,0,3
16,10,4,0,1
16,11,4,0,21
16,12,1,4,22
16,13,1,4,20
16,14,1,0,12
16,15,1,0,13
16,16,1,0,4
16,17,1,0,4
16,18,1,0,4
16,19,1,0,13
16,20,1,0,11
16,21,1,0,7
16,22,1,0,23
16,23,10,1,6
16,24,10,0,4
16,25,10,1,0
16,26,10,1,16
16,27,1,0,13
16,28,1,0,7
16,29,1,0,19
16,30,1,0,0
16,31,1,0,4
16,32,1,4,0
16,33,4,0,22
16,34,4,0,3
16,35,4,0,10
16,36,4,0,23
16,37,4,0,4
16,38,4,0,15
16,39,4,0,23
16,40,4,0,16
16,41,4,0,5
16,42,4,0,13
16,43,4,0,18
16,44,5,4,24
16,45,5,0,3
16,46,5,0,24
16,47,5,0,23
16,48,5,0,13
16,49,5,0,23
17,0,5,0,2
17,1,5,0,17
17,2,5,0,5
17,3,5,0,14
17,4,5,0,7
17,5,5,4,1
17,6,4,0,14
17,7,4,0,24
17,8,4,0,22
17,9,4,0,12
17,10,4,0,11
17,11,4,0,14
17,12,1,4,8
17,13,1,4,21
17,14,1,0,19
17,15,1,0,23
17,16,1,0,17
17,17,1,0,19
17,18,1,0,19
17,19,1,0,9
17,20,1,0,24
17,21,1,0,5
17,22,1,0,19
17,23,10,1,23
17,24,10,0,18
17,25,10,1,4
17,26,10,1,17
17,27,1,0,18
17,28,1,0,14
17,29,1,0,13
17,30,1,0,24
17,31,1,0,20
17,32,1,4,3
17,33,4,0,15
17,34,4,0,16
17,35,4,0,19
17,36,4,0,11
17,37,4,0,17
17,38,4,0,18
17,39,4,0,0
17,40,4,0,14
17,41,4,0,23
17,42,4,0,15
17,43,5,4,6
17,44,5,0,12
17,45,5,0,10
17,46,5,0,10
17,47,5,0,15
17,48,5,0,21
17,49,5,0,7
18,0,5,0,3
18,1,5,0,17
18,2,5,0,21
18,3,5,0,6
18,4,5,0,2
18,5,5,4,1
18,6,4,0,9
18,7,4,0,10
18,8,4,0,12
18,9,4,0,18
18,10,4,0,17
18,11,4,0,18
18,12,4,0,6
18,13,1,4,23
18,14,1,4,20
18,15,1,0,10
18,16,1,0,5
18,17,1,0,18
18,18,1,0,19
18,19,1,0,18
18,20,1,0,19
18,21,1,0,6
18,22,1,0,23
18,23,10,1,23
18,24,10,0,14
18,25,10,0,23
18,26,10,1,18
18,27,1,0,10
18,28,1,0,22
18,29,1,0,21
18,30,1,0,14
18,31,1,0,15
18,32,1,4,1
18,33,1,4,16
18,34,4,0,15
18,35,4,0,12
18,36,4,0,6
18,37,4,0,18
18,38,4,0,3
18,39,4,0,8
18,40,4,0,3
18,41,4,0,9
18,42,4,0,19
18,43,5,4,7
18,44,5,0,0
18,45,5,0,12
18,46,5,0,13
18,47,5,0,22
18,48,5,0,4
18,49,5,0,14
19,0,5,0,10
19,1,5,0,21
19,2,5,0,18
19,3,5,0,7
19,4,5,0,7
19,5,5,4,18
19,6,4,0,12
19,7,4,0,4
19,8,4,0,24
19,9,4,0,10
19,10,4,0,22
19,11,4,0,23
19,12,4,0,22
19,13,1,4,8
19,14,1,4,7
19,15,1,4,20
19,16,1,0,19
19,17,1,0,5
19,18,1,0,10
19,19,1,0,17
19,20,1,0,9
19,21,1,0,15
19,22,1,0,8
19,23,10,1,21
19,24,10,0,3
19,25,10,1,0
19,26,10,1,16
19,27,10,1,16
19,28,10,1,16
19,29,1,0,0
19,30,1,0,14
19,31,1,0,21
19,32,1,4,4
19,33,1,4,3
19,34,4,0,1
19,35,4,0,9
19,36,4,0,6
19,37,4,0,12
19,38,4,0,8
19,39,4,0,6
19,40,4,0,7
19,41,4,0,14
19,42,4,0,21
19,43,5,4,24
19,44,5,0,13
19,45,5,0,23
19,46,5,0,21
19,47,5,0,10
19,48,5,0,22
19,49,5,0,9
20,0,5,0,5
20,1,5,0,14
20,2,5,0,24
20,3,5,0,9
20,4,5,4,0
20,5,4,0,24
20,6,4,0,13
20,7,4,0,12
20,8,4,0,8
20,9,4,0,18
20,10,4,0,13
20,11,4,0,11
20,12,4,0,13
20,13,4,0,18
20,14,1,4,8
20,15,1,4,7
20,16,1,4,20
20,17,1,0,21
20,18,1,0,1
20,19,1,0,8
20,20,1,0,13
20,21,1,0,21
20,22,1,0,10
20,23,10,1,7
20,24,10,0,24
20,25,10,1,4
20,26,10,1,4
20,27,10,1,4
20,28,10,1,3
20,29,1,0,18
20,30,1,0,19
20,31,1,0,18
20,32,1,0,12
20,33,1,4,17
20,34,1,4,16
20,35,4,0,15
20,36,4,0,19
20,37,4,0,9
20,38,4,0,7
20,39,4,0,17
20,40,4,0,14
20,41,4,0,12
20,42,5,4,6
20,43,5,0,20
20,44,5,0,7
20,45,5,0,13
20,46,5,0,0
20,47,5,0,0
20,48,5,0,19
20,49,5,0,17
21,0,5,0,13
21,1,5,0,5
21,2,5,0,24
21,3,5,0,1
21,4,5,4,2
21,5,5,4,16
21,6,4,0,15
21,7,4,0,24
21,8,4,0,24
21,9,4,0,3
21,10,4,0,18
21,11,4,0,11
21,12,4,0,24
21,13,4,0,21
21,14,4,0,6
21,15,1,4,8
21,16,1,4,23
21,17,1,0,22
21,18,1,0,14
21,19,1,0,7
21,20,1,0,6
21,21,1,0,17
21,22,1,0,4
21,23,10,1,22
21,24,10,0,4
21,25,10,0,19
21,26,10,0,1
21,27,10,0,8
21,28,10,1,18
21,29,1,0,7
21,30,1,0,5
21,31,1,0,17
21,32,1,0,4
21,33,1,4,4
21,34,1,4,17
21,35,4,0,11
21,36,4,0,6
21,37,4,0,8
21,38,4,0,23
21,39,4,0,9
21,40,4,0,22
21,41,4,0,12
21,42,5,4,22
21,43,5,0,5
21,44,5,0,19
21,45,5,0,3
21,46,5,0,7
21,47,5,0,15
21,48,5,0,6
21,49,5,0,3
22,0,5,0,1
22,1,5,0,11
22,2,5,0,7
22,3,5,0,10
22,4,5,4,4
22,5,5,4,2
22,6,4,0,22
22,7,4,0,13
22,8,4,0,19
22,9,4,0,0
22,10,4,0,6
22,11,4,0,16
22,12,4,0,2
22,13,4,0,7
22,14,4,0,9
22,15,4,0,3
22,16,1,4,24
22,17,1,0,7
22,18,1,0,11
22,19,1,0,10
22,20,1,0,7
22,21,1,0,15
22,22,1,0,22
22,23,10,1,24
22,24,10,0,5
22,25,10,0,9
22,26,10,0,8
22,27,10,1,0
22,28,1,0,11
22,29,1,0,21
22,30,1,0,3
22,31,1,0,7
22,32,1,0,16
22,33,1,0,0
22,34,1,4,17
22,35,4,0,20
22,36,4,0,12
22,37,4,0,7
22,38,4,0,13
22,39,4,0,19
22,40,4,0,10
22,41,4,0,9
22,42,5,4,24
22,43,5,0,9
22,44,5,0,20
22,45,5,0,1
22,46,5,0,12
22,47,5,0,17
22,48,5,0,10
22,49,5,0,11
23,0,5,0,2
23,1,5,0,3
23,2,5,0,23
23,3,5,0,13
23,4,5,0,23
23,5,5,4,18
23,6,4,0,3
23,7,4,0,13
23,8,4,0,16
23,9,4,0,15
23,10,4,0,15
23,11,4,0,11
23,12,4,0,17
23,13,4,0,14
23,14,4,0,16
23,15,1,4,6
23,16,1,4,20
23,17,1,4,20
23,18,1,0,2
23,19,1,0,7
23,20,1,0,19
23,21,1,0,12
23,22,10,1,6
23,23,10,0,21
23,24,10,0,8
23,25,10,0,7
23,26,10,0,5
23,27,10,1,1
23,28,1,0,22
23,29,1,0,10
23,30,1,0,6
23,31,1,0,14
23,32,1,0,17
23,33,1,0,7
23,34,1,4,3
23,35,4,0,19
23,36,4,0,1
23,37,4,0,15
23,38,4,0,0
23,39,4,0,20
23,40,4,0,6
23,41,5,4,6
23,42,5,0,3
23,43,5,0,1
23,44,5,0,13
23,45,5,0,24
23,46,5,0,20
23,47,5,0,23
23,48,5,0,14
23,49,5,0,22
24,0,5,0,4
24,1,5,0,2
24,2,5,0,9
24,3,5,0,18
24,4,5,4,0
24,5,4,0,15
24,6,4,0,12
24,7,4,0,24
24,8,4,0,24
24,9,4,0,16
24,10,4,0,23
24,11,4,0,17
24,12,4,0,15
24,13,4,0,3
24,14,4,0,1
24,15,1,4,8
24,16,1,4,8
24,17,1,4,7
24,18,1,0,18
24,19,1,0,23
24,20,1,0,22
24,21,1,0,9
24,22,10,1,24
24,23,10,0,6
24,24,10,0,19
24,25,10,0,2
24,26,10,0,2
24,27,10,1,2
24,28,10,1,16
24,29,10,1,16
24,30,1,0,9
24,31,1,0,11
24,32,1,0,15
24,33,1,0,5
24,34,1,4,18
24,35,4,0,14
24,36,4,0,4
24,37,4,0,11
24,38,4,0,19
24,39,4,0,17
24,40,4,0,24
24,41,5,4,23
24,42,5,0,0
24,43,5,0,3
24,44,5,0,14
24,45,5,0,11
24,46,5,0,19
24,47,5,0,23
24,48,5,0,21
24,49,5,0,17
25,0,5,0,18
25,1,5,0,5
25,2,5,0,9
25,3,5,0,4
25,4,5,4,3
25,5,4,0,17
25,6,4,0,7
25,7,4,0,0
25,8,4,0,15
25,9,4,0,17
25,10,4,0,15
25,11,4,0,2
25,12,4,0,11
25,13,4,0,12
25,14,4,0,20
25,15,4,0,22
25,16,4,0,6
25,17,1,4,24
25,18,1,0,10
25,19,1,0,18
25,20,1,0,3
25,21,10,1,6
25,22,10,0,11
25,23,10,0,9
25,24,10,0,5
25,25,10,0,17
25,26,10,0,10
25,27,10,1,4
25,28,10,1,4
25,29,10,1,17
25,30,1,0,14
25,31,1,0,15
25,32,1,0,15
25,33,1,4,0
25,34,4,0,4
25,35,4,0,20
25,36,4,0,20
25,37,4,0,9
25,38,4,0,22
25,39,4,0,19
25,40,4,0,10
25,41,5,4,24
25,42,5,0,2
25,43,5,0,23
25,44,5,0,10
25,45,5,0,24
25,46,5,0,21
25,47,5,0,7
25,48,5,0,10
25,49,5,0,18
26,0,5,0,3
26,1,5,0,4
26,2,5,0,24
26,3,5,0,12
26,4,5,4,17
26,5,4,0,21
26,6,4,0,6
26,7,4,0,6
26,8,4,0,19
26,9,4,0,20
26,10,4,0,12
26,11,4,0,8
26,12,4,0,18
26,13,4,0,19
26,14,4,0,6
26,15,4,0,10
26,16,1,4,6
26,17,1,0,14
26,18,1,0,12
26,19,1,0,9
26,20,1,0,10
26,21,10,1,24
26,22,10,0,15
26,23,10,0,9
26,24,10,0,4
26,25,10,0,14
26,26,10,0,17
26,27,10,0,2
26,28,10,0,21
26,29,10,1,1
26,30,1,0,20
26,31,1,0,24
26,32,1,0,0
26,33,1,4,17
26,34,1,4,16
26,35,4,0,24
26,36,4,0,15
26,37,4,0,5
26,38,4,0,23
26,39,4,0,14
26,40,5,4,11
26,41,5,0,19
26,42,5,0,13
26,43,5,0,12
26,44,5,0,14
26,45,5,0,15
26,46,5,0,21
26,47,5,0,6
26,48,5,0,17
26,49,5,0,4
27,0,5,0,11
27,1,5,0,21
27,2,5,0,12
27,3,5,0,1
27,4,5,4,17
27,5,5,4,16
27,6,4,0,11
27,7,4,0,4
27,8,4,0,13
27,9,4,0,12
27,10,4,0,16
27,11,4,0,21
27,12,4,0,21
27,13,4,0,20
27,14,4,0,7
27,15,4,0,10
27,16,1,4,24
27,17,1,0,19
27,18,1,0,24
27,19,1,0,10
27,20,10,1,6
27,21,10,0,1
27,22,10,0,9
27,23,10,0,16
27,24,10,0,9
27,25,10,0,21
27,26,10,0,10
27,27,10,0,15
27,28,10,0,6
27,29,10,1,3
27,30,1,0,1
27,31,1,0,11
27,32,1,0,19
27,33,1,4,4
27,34,1,4,18
27,35,4,0,15
27,36,4,0,0
27,37,4,0,1
27,38,4,0,4
27,39,5,4,6
27,40,5,0,12
27,41,5,0,24
27,42,5,0,13
27,43,5,0,17
27,44,5,0,14
27,45,5,0,0
27,46,5,0,0
27,47,5,0,0
27,48,5,0,13
27,49,5,0,15
28,0,5,0,10
28,1,5,0,16
28,2,5,0,9
28,3,5,0,3
28,4,5,4,4
28,5,5,4,3
28,6,4,0,0
28,7,4,0,3
28,8,4,0,13
28,9,4,0,5
28,10,4,0,23
28,11,4,0,7
28,12,4,0,3
28,13,4,0,20
28,14,4,0,8
28,15,1,4,6
28,16,1,4,24
28,17,1,0,18
28,18,1,0,21
28,19,1,0,19
28,20,10,1,24
28,21,10,0,0
28,22,10,0,4
28,23,10,0,3
28,24,10,0,15
28,25,10,0,14
28,26,10,0,13
28,27,10,0,10
28,28,10,0,5
28,29,10,1,18
28,30,1,0,8
28,31,1,0,10
28,32,1,0,13
28,33,1,4,0
28,34,4,0,9
28,35,4,0,13
28,36,4,0,16
28,37,4,0,24
28,38,4,0,15
28,39,5,4,24
28,40,5,0,21
28,41,5,0,8
28,42,5,0,8
28,43,5,0,1
28,44,5,0,9
28,45,5,0,12
28,46,5,0,20
28,47,5,0,22
28,48,5,0,14
28,49,5,0,16
29,0,5,0,19
29,1,5,0,4
29,2,5,0,11
29,3,5,0,17
29,4,5,0,15
29,5,5,4,1
29,6,4,0,23
29,7,4,0,6
29,8,4,0,21
29,9,4,0,24
29,10,4,0,12
29,11,4,0,19
29,12,4,0,17
29,13,4,0,24
29,14,4,0,23
29,15,1,4,6
29,16,1,0,11
29,17,1,0,21
29,18,1,0,4
29,19,10,1,6
29,20,10,0,4
29,21,10,0,20
29,22,10,0,5
29,23,10,0,13
29,24,10,0,11
29,25,10,0,14
29,26,10,0,5
29,27,10,0,12
29,28,10,1,0
29,29,1,0,18
29,30,1,0,9
29,31,1,0,23
29,32,1,0,8
29,33,1,4,18
29,34,4,0,3
29,35,4,0,7
29,36,4,0,20
29,37,4,0,20
29,38,5,4,6
29,39,5,0,16
29,40,5,0,17
29,41,5,0,14
29,42,5,0,7
29,43,5,0,12
29,44,5,0,13
29,45,5,0,2
29,46,5,0,12
29,47,5,0,18
29,48,5,0,9
29,49,5,0,7
30,0,5,0,13
30,1,5,0,8
30,2,5,0,7
30,3,5,0,6
30,4,5,0,5
30,5,5,4,17
30,6,5,4,16
30,7,4,0,8
30,8,4,0,2
30,9,4,0,17
30,10,4,0,8
30,11,4,0,20
30,12,4,0,11
30,13,4,0,19
30,14,4,0,8
30,15,1,4,23
30,16,1,4,20
30,17,1,0,9
30,18,1,0,9
30,19,10,1,24
30,20,10,0,14
30,21,10,0,21
30,22,10,0,6
30,23,10,0,21
30,24,10,0,22
30,25,10,0,23
30,26,10,0,6
30,27,10,0,18
30,28,10,1,18
30,29,1,0,23
30,30,1,0,5
30,31,1,0,18
30,32,1,4,10
30,33,4,0,2
30,34,4,0,14
30,35,4,0,13
30,36,4,0,1
30,37,4,0,20
30,38,5,4,24
30,39,5,0,11
30,40,5,0,12
30,41,5,0,16
30,42,5,0,24
30,43,5,0,24
30,44,5,0,23
30,45,5,0,18
30,46,5,0,15
30,47,5,0,15
30,48,5,0,5
30,49,5,0,9
31,0,5,0,1
31,1,5,0,22
31,2,5,0,15
31,3,5,0,17
31,4,5,0,7
31,5,5,4,4
31,6,5,4,1
31,7,4,0,7
31,8,4,0,6
31,9,4,0,8
31,10,4,0,24
31,11,4,0,20
31,12,4,0,19
31,13,4,0,8
31,14,4,0,24
31,15,1,4,8
31,16,1,4,22
31,17,1,0,8
31,18,10,1,6
31,19,10,0,15
31,20,10,0,11
31,21,10,0,6
31,22,10,0,13
31,23,10,0,12
31,24,10,0,24
31,25,10,0,1
31,26,10,0,21
31,27,10,1,5
31,28,1,0,11
31,29,1,0,22
31,30,1,0,0
31,31,1,4,13
31,32,4,0,18
31,33,4,0,0
31,34,4,0,22
31,35,4,0,10
31,36,4,0,17
31,37,5,4,6
31,38,5,0,10
31,39,5,0,4
31,40,5,0,11
31,41,5,0,7
31,42,5,0,14
31,43,5,0,11
31,44,5,0,22
31,45,5,0,21
31,46,5,0,6
31,47,5,0,17
31,48,5,0,15
32,0,5,0,2
32,1,5,0,15
32,2,5,0,21
32,3,5,0,12
32,4,5,0,0
32,5,5,0,2
32,6,5,4,2
32,7,4,0,12
32,8,4,0,8
32,9,4,0,24
32,10,4,0,3
32,11,4,0,8
32,12,4,0,15
32,13,4,0,11
32,14,4,0,21
32,15,4,0,14
32,16,1,4,24
32,17,1,0,12
32,18,10,1,23
32,19,10,0,6
32,20,10,0,3
32,21,10,0,8
32,22,10,0,12
32,23,10,0,13
32,24,10,0,12
32,25,10,0,18
32,26,10,1,0
32,27,1,0,5
32,28,1,0,14
32,29,1,0,24
32,30,1,4,0
32,31,4,0,9
32,32,4,0,5
32,33,4,0,19
32,34,4,0,22
32,35,4,0,4
32,36,4,0,13
32,37,5,4,24
32,38,5,0,15
32,39,5,0,24
32,40,5,0,2
32,41,5,0,3
32,42,5,0,15
32,43,5,0,6
32,44,5,0,24
32,45,5,0,1
32,46,5,0,19
32,47,5,0,15
32,48,5,0,6
33,0,5,0,24
33,1,5,0,18
33,2,5,0,3
33,3,5,0,0
33,4,5,0,0
33,5,5,0,8
33,6,5,4,2
33,7,4,0,24
33,8,4,0,15
33,9,4,0,12
33,10,4,0,17
33,11,4,0,20
33,12,4,0,3
33,13,4,0,17
33,14,4,0,3
33,15,1,4,6
33,16,1,0,16
33,17,1,0,15
33,18,10,1,22
33,19,10,0,11
33,20,10,0,1
33,21,10,0,21
33,22,10,0,24
33,23,10,0,2
33,24,10,0,6
33,25,10,0,18
33,26,10,1,18
33,27,1,0,19
33,28,1,0,9
33,29,1,0,12
33,30,1,4,18
33,31,4,0,18
33,32,4,0,23
33,33,4,0,16
33,34,4,0,13
33,35,4,0,20
33,36,5,4,6
33,37,5,0,23
33,38,5,0,14
33,39,5,0,21
33,40,5,0,13
33,41,5,0,14
33,42,5,0,4
33,43,5,0,13
33,44,5,0,20
33,45,5,0,13
33,46,5,0,19
33,47,5,0,3
33,48,5,0,20
34,0,5,0,11
34,1,5,0,12
34,2,5,0,11
34,3,5,0,1
34,4,5,0,7
34,5,5,0,2
34,6,5,4,2
34,7,5,4,16
34,8,4,0,22
34,9,4,0,5
34,10,4,0,11
34,11,4,0,21
34,12,4,0,10
34,13,4,0,20
34,14,4,0,16
34,15,1,4,24
34,16,1,0,18
34,17,1,0,19
34,18,10,1,23
34,19,10,0,14
34,20,10,0,19
34,21,10,0,16
34,22,10,0,10
34,23,10,0,3
34,24,10,0,15
34,25,10,1,10
34,26,1,0,2
34,27,1,0,1
34,28,1,0,10
34,29,1,4,15
34,30,4,0,3
34,31,4,0,5
34,32,4,0,16
34,33,4,0,3
34,34,4,0,22
34,35,4,0,14
34,36,5,4,24
34,37,5,0,12
34,38,5,0,6
34,39,5,0,12
34,40,5,0,8
34,41,5,0,23
34,42,5,0,2
34,43,5,0,10
34,44,5,0,0
34,45,5,0,7
34,46,5,0,22
34,47,5,0,20
34,48,5,0,8
35,0,5,0,23
35,1,5,0,23
35,2,5,0,1
35,3,5,0,15
35,4,5,0,3
35,5,5,0,3
35,6,5,4,4
35,7,5,4,1
35,8,4,0,4
35,9,4,0,3
35,10,4,0,9
35,11,4,0,1
35,12,4,0,22
35,13,4,0,3
35,14,1,4,6
35,15,1,0,8
35,16,1,0,3
35,17,1,0,16
35,18,10,1,22
35,19,10,0,5
35,20,10,0,20
35,21,10,0,1
35,22,10,0,7
35,23,10,0,10
35,24,10,1,13
35,25,1,0,2
35,26,1,0,21
35,27,1,4,20
35,28,1,4,5
35,29,4,0,23
35,30,4,0,9
35,31,4,0,1
35,32,4,0,5
35,33,4,0,8
35,34,4,0,11
35,35,5,4,9
35,36,5,0,3
35,37,5,0,18
35,38,5,0,23
35,39,5,0,24
35,40,5,0,21
35,41,5,0,6
35,42,5,0,14
35,43,5,0,8
35,44,5,0,14
35,45,5,0,5
35,46,5,0,2
35,47,5,0,19
35,48,5,0,14
36,0,5,0,1
36,1,5,0,18
36,2,5,0,9
36,3,5,0,2
36,4,5,0,21
36,5,5,0,14
36,6,5,0,5
36,7,5,4,18
36,8,4,0,9
36,9,4,0,14
36,10,4,0,17
36,11,4,0,16
36,12,4,0,22
36,13,4,0,12
36,14,1,4,21
36,15,1,4,20
36,16,1,0,16
36,17,1,0,1
36,18,10,1,21
36,19,10,0,19
36,20,10,0,13
36,21,10,0,11
36,22,10,0,3
36,23,10,1,15
36,24,1,0,8
36,25,1,0,14
36,26,1,4,15
36,27,1,4,8
36,28,4,0,19
36,29,4,0,7
36,30,4,0,21
36,31,4,0,3
36,32,4,0,16
36,33,5,4,16
36,34,5,4,14
36,35,5,0,18
36,36,5,0,23
36,37,5,0,14
36,38,5,0,14
36,39,5,0,7
36,40,5,0,13
36,41,5,0,4
36,42,5,0,11
36,43,5,0,22
36,44,5,0,15
36,45,5,0,13
36,46,5,0,15
36,47,5,0,20
36,48,5,0,19
37,0,5,0,24
37,1,5,0,15
37,2,5,0,6
37,3,5,0,10
37,4,5,0,24
37,5,5,0,6
37,6,5,4,0
37,7,4,0,19
37,8,4,0,5
37,9,4,0,10
37,10,4,0,11
37,11,4,0,12
37,12,4,0,16
37,13,4,0,4
37,14,1,4,8
37,15,1,4,21
37,16,1,0,16
37,17,1,0,24
37,18,10,1,23
37,19,10,0,11
37,20,10,0,12
37,21,10,0,22
37,22,10,1,10
37,23,1,0,8
37,24,1,0,24
37,25,1,4,15
37,26,4,0,13
37,27,4,0,3
37,28,4,0,19
37,29,4,0,3
37,30,4,0,5
37,31,4,0,10
37,32,5,4,6
37,33,5,4,4
37,34,5,0,16
37,35,5,0,10
37,36,5,0,7
37,37,5,0,4
37,38,5,0,12
37,39,5,0,12
37,40,5,0,0
37,41,5,0,13
37,42,5,0,14
37,43,5,0,15
37,44,5,0,23
37,45,5,0,21
37,46,5,0,24
37,47,5,0,21
37,48,5,0,7
38,0,5,0,10
38,1,5,0,24
38,2,5,0,9
38,3,5,0,1
38,4,5,0,15
38,5,5,0,23
38,6,5,4,18
38,7,4,0,3
38,8,4,0,5
38,9,4,0,14
38,10,4,0,11
38,11,4,0,14
38,12,4,0,14
38,13,4,0,6
38,14,4,0,7
38,15,1,4,24
38,16,1,0,11
38,17,1,0,12
38,18,10,1,21
38,19,10,1,20
38,20,10,1,20
38,21,10,1,5
38,22,1,0,17
38,23,1,0,24
38,24,1,4,15
38,25,4,0,18
38,26,4,0,16
38,27,4,0,15
38,28,4,0,23
38,29,4,0,18
38,30,4,0,6
38,31,4,0,21
38,32,5,4,24
38,33,5,0,4
38,34,5,0,17
38,35,5,0,22
38,36,5,0,21
38,37,5,0,19
38,38,5,0,18
38,39,5,0,22
38,40,5,0,14
38,41,5,0,23
38,42,5,0,21
38,43,5,0,1
38,44,5,0,15
38,45,5,0,8
38,46,5,0,20
38,47,5,0,20
38,48,5,0,13
39,0,5,0,12
39,1,5,0,6
39,2,5,0,16
39,3,5,0,9
39,4,5,0,20
39,5,5,4,0
39,6,4,0,3
39,7,4,0,5
39,8,4,0,8
39,9,4,0,11
39,10,4,0,3
39,11,4,0,18
39,12,4,0,9
39,13,4,0,1
39,14,1,4,6
39,15,1,0,18
39,16,1,0,20
39,17,1,0,18
39,18,10,1,8
39,19,10,1,8
39,20,10,1,8
39,21,1,0,0
39,22,1,0,6
39,23,1,4,0
39,24,4,0,3
39,25,4,0,20
39,26,4,0,15
39,27,4,0,9
39,28,4,0,0
39,29,4,0,16
39,30,4,0,16
39,31,5,4,9
39,32,5,0,16
39,33,5,0,8
39,34,5,0,3
39,35,5,0,16
39,36,5,0,12
39,37,5,0,19
39,38,5,0,16
39,39,5,0,16
39,40,5,0,6
39,41,5,0,20
39,42,5,0,18
39,43,5,0,22
39,44,5,0,5
39,45,5,0,5
39,46,5,0,4
39,47,5,0,18
39,48,5,0,2
40,0,5,0,17
40,1,5,0,16
40,2,5,0,14
40,3,5,0,18
40,4,5,0,10
40,5,5,4,17
40,6,4,0,10
40,7,4,0,1
40,8,4,0,23
40,9,4,0,1
40,10,4,0,16
40,11,4,0,6
40,12,4,0,4
40,13,4,0,17
40,14,1,4,23
40,15,1,0,5
40,16,1,0,7
40,17,1,0,21
40,18,1,0,21
40,19,1,0,14
40,20,1,0,19
40,21,1,0,18
40,22,1,0,24
40,23,1,4,18
40,24,4,0,6
40,25,4,0,14
40,26,4,0,11
40,27,4,0,9
40,28,4,0,4
40,29,4,0,23
40,30,5,4,14
40,31,5,0,8
40,32,5,0,24
40,33,5,0,22
40,34,5,0,16
40,35,5,0,23
40,36,5,0,5
40,37,5,0,1
40,38,5,0,21
40,39,5,0,21
40,40,5,0,3
40,41,5,0,20
40,42,5,0,20
40,43,5,0,24
40,44,5,0,14
40,45,5,0,5
40,46,5,0,23
40,47,5,0,12
40,48,5,0,2
41,0,5,0,18
41,1,5,0,7
41,2,5,0,0
41,3,5,0,0
41,4,5,0,16
41,5,5,4,3
41,6,4,0,1
41,7,4,0,13
41,8,4,0,5
41,9,4,0,11
41,10,4,0,3
41,11,4,0,6
41,12,4,0,4
41,13,4,0,23
41,14,1,4,23
41,15,1,0,12
41,16,1,0,10
41,17,1,0,6
41,18,1,0,15
41,19,1,0,15
41,20,1,0,4
41,21,1,0,21
41,22,1,4,10
41,23,4,0,12
41,24,4,0,8
41,25,4,0,6
41,26,4,0,3
41,27,4,0,11
41,28,4,0,13
41,29,5,4,19
41,30,5,0,14
41,31,5,0,2
41,32,5,0,23
41,33,5,0,22
41,34,5,0,10
41,35,5,0,15
41,36,5,0,24
41,37,5,0,6
41,38,5,0,2
41,39,5,0,8
41,40,5,0,1
41,41,5,0,11
41,42,5,0,22
41,43,5,0,12
41,44,5,0,17
41,45,5,0,4
41,46,5,0,23
41,47,5,0,2
41,48,5,0,24
42,0,5,0,14
42,1,5,0,22
42,2,5,0,13
42,3,5,0,19
42,4,5,0,21
42,5,5,4,2
42,6,5,4,16
42,7,5,4,16
42,8,4,0,4
42,9,4,0,9
42,10,4,0,20
42,11,4,0,22
42,12,4,0,24
42,13,4,0,11
42,14,1,4,23
42,15,1,0,22
42,16,1,0,0
42,17,1,0,0
42,18,1,0,0
42,19,1,0,10
42,20,1,0,9
42,21,1,4,0
42,22,4,0,2
42,23,4,0,18
42,24,4,0,21
42,25,4,0,15
42,26,4,0,0
42,27,4,0,7
42,28,5,4,6
42,29,5,0,17
42,30,5,0,7
42,31,5,0,2
42,32,5,0,11
42,33,5,0,5
42,34,5,0,12
42,35,5,0,4
42,36,5,0,21
42,37,5,0,5
42,38,5,0,24
42,39,5,0,7
42,40,5,0,19
42,41,5,0,6
42,42,5,0,12
42,43,5,0,11
42,44,5,0,14
42,45,5,0,18
42,46,5,0,19
42,47,5,0,4
42,48,5,0,18
43,0,5,0,18
43,1,5,0,15
43,2,5,0,6
43,3,5,0,4
43,4,5,0,2
43,5,5,4,4
43,6,5,4,4
43,7,5,4,3
43,8,4,0,6
43,9,4,0,11
43,10,4,0,17
43,11,4,0,2
43,12,4,0,23
43,13,4,0,4
43,14,1,4,7
43,15,1,4,20
43,16,1,0,2
43,17,1,0,15
43,18,1,0,5
43,19,1,0,16
43,20,1,4,20
43,21,1,4,18
43,22,4,0,13
43,23,4,0,8
43,24,4,0,2
43,25,4,0,9
43,26,4,0,24
43,27,4,0,5
43,28,5,4,24
43,29,5,0,3
43,30,5,0,4
43,31,5,0,10
43,32,5,0,18
43,33,5,0,11
43,34,5,0,11
43,35,5,0,18
43,36,5,0,14
43,37,5,0,15
43,38,5,0,8
43,39,5,0,23
43,40,5,0,10
43,41,5,0,4
43,42,5,0,7
43,43,5,0,3
43,44,5,0,6
43,45,5,0,16
43,46,5,0,6
43,47,5,0,24
43,48,5,0,10
44,0,5,0,18
44,1,5,0,21
44,2,5,0,0
44,3,5,0,19
44,4,5,0,12
44,5,5,0,4
44,6,5,0,15
44,7,5,4,17
44,8,4,0,17
44,9,4,0,8
44,10,4,0,8
44,11,4,0,19
44,12,4,0,19
44,13,4,0,21
44,14,1,4,8
44,15,1,4,7
44,16,1,0,24
44,17,1,0,11
44,18,1,0,18
44,19,1,4,0
44,20,1,4,8
44,21,4,0,14
44,22,4,0,17
44,23,4,0,23
44,24,4,0,4
44,25,4,0,11
44,26,4,0,3
44,27,5,4,19
44,28,5,0,4
44,29,5,0,24
44,30,5,0,20
44,31,5,0,5
44,32,5,0,1
44,33,5,0,17
44,34,5,0,0
44,35,5,0,12
44,36,5,0,21
44,37,5,0,0
44,38,5,0,24
44,39,5,0,16
44,40,5,0,1
44,41,5,0,1
44,42,5,0,23
44,43,5,0,19
44,44,5,0,8
44,45,5,0,23
44,46,5,0,2
44,47,5,0,16
44,48,5,0,7
45,0,5,0,11
45,1,5,0,9
45,2,5,0,23
45,3,5,0,2
45,4,5,0,8
45,5,5,0,11
45,6,5,0,7
45,7,5,4,18
45,8,4,0,17
45,9,4,0,17
45,10,4,0,5
45,11,4,0,7
45,12,4,0,23
45,13,4,0,20
45,14,4,0,14
45,15,1,4,22
45,16,1,0,22
45,17,1,0,17
45,18,1,0,23
45,19,1,4,18
45,20,4,0,16
45,21,4,0,1
45,22,4,0,9
45,23,4,0,23
45,24,4,0,11
45,25,4,0,16
45,26,5,4,9
45,27,5,0,24
45,28,5,0,9
45,29,5,0,18
45,30,5,0,24
45,31,5,0,21
45,32,5,0,16
45,33,5,0,17
45,34,5,0,6
45,35,5,0,5
45,36,5,0,3
45,37,5,0,23
45,38,5,0,8
45,39,5,0,19
45,40,5,0,12
45,41,5,0,2
45,42,5,0,15
45,43,5,0,8
45,44,5,0,1
45,45,5,0,4
45,46,5,0,12
45,47,5,0,8
45,48,5,0,9
46,0,5,0,9
46,1,5,0,24
46,2,5,0,15
46,3,5,0,19
46,4,5,0,11
46,5,5,0,1
46,6,5,4,0
46,7,4,0,13
46,8,4,0,8
46,9,4,0,14
46,10,4,0,7
46,11,4,0,5
46,12,4,0,11
46,13,4,0,14
46,14,4,0,1
46,15,1,4,21
46,16,1,4,20
46,17,1,4,20
46,18,1,4,10
46,19,4,0,15
46,20,4,0,11
46,21,4,0,19
46,22,4,0,4
46,23,4,0,21
46,24,4,0,21
46,25,5,4,6
46,26,5,0,2
46,27,5,0,2
46,28,5,0,5
46,29,5,0,8
46,30,5,0,10
46,31,5,0,4
46,32,5,0,21
46,33,5,0,4
46,34,5,0,7
46,35,5,0,12
46,36,5,0,22
46,37,5,0,17
46,38,5,0,20
46,39,5,0,12
46,40,5,0,14
46,41,5,0,2
46,42,5,0,6
46,43,5,0,10
46,44,5,0,7
46,45,5,0,4
46,46,5,0,11
46,47,5,0,11
46,48,5,0,21
47,0,5,0,3
47,1,5,0,14
47,2,5,0,8
47,3,5,0,18
47,4,5,0,18
47,5,5,0,21
47,6,5,4,18
47,7,4,0,7
47,8,4,0,6
47,9,4,0,8
47,10,4,0,11
47,11,4,0,19
47,12,4,0,13
47,13,4,0,24
47,14,4,0,18
47,15,1,4,8
47,16,1,4,8
47,17,1,4,8
47,18,4,0,5
47,19,4,0,23
47,20,4,0,11
47,21,4,0,14
47,22,4,0,12
47,23,4,0,19
47,24,4,0,4
47,25,5,4,24
47,26,5,0,0
47,27,5,0,8
47,28,5,0,15
47,29,5,0,7
47,30,5,0,0
47,31,5,0,14
47,32,5,0,15
47,33,5,0,15
47,34,5,0,23
47,35,5,0,22
47,36,5,0,3
47,37,5,0,19
47,38,5,0,20
47,39,5,0,13
47,40,5,0,12
47,41,5,0,15
47,42,5,0,21
47,43,5,0,12
47,44,5,0,1
47,45,5,0,6
47,46,5,0,12
47,47,5,0,23
47,48,5,0,4
48,0,5,0,14
48,1,5,0,20
48,2,5,0,6
48,3,5,0,16
48,4,5,0,5
48,5,5,4,0
48,6,4,0,14
48,7,4,0,11
48,8,4,0,24
48,9,4,0,12
48,10,4,0,19
48,11,4,0,18
48,12,4,0,21
48,13,4,0,18
48,14,4,0,8
48,15,4,0,16
48,16,4,0,1
48,17,4,0,7
48,18,4,0,15
48,19,4,0,18
48,20,4,0,14
48,21,4,0,2
48,22,4,0,13
48,23,4,0,1
48,24,5,4,14
48,25,5,0,22
48,26,5,0,3
48,27,5,0,2
48,28,5,0,1
48,29,5,0,1
48,30,5,0,22
48,31,5,0,20
48,32,5,0,19
48,33,5,0,5
48,34,5,0,0
48,35,5,0,22
48,36,5,0,6
48,37,5,0,7
48,38,5,0,24
48,39,5,0,4
48,40,5,0,0
48,41,5,0,4
48,42,5,0,21
48,43,5,0,10
48,44,5,0,5
48,45,5,0,9
48,46,5,0,21
48,47,5,0,12
48,48,5,0,21
49,0,5,0,24
49,1,5,0,4
49,2,5,0,2
49,3,5,0,0
49,4,5,0,3
49,5,5,4,1
49,6,4,0,14
49,7,4,0,20
49,8,4,0,3
49,9,4,0,13
49,10,4,0,11
49,11,4,0,7
49,12,4,0,5
49,13,4,0,9
49,14,4,0,2
49,15,4,0,0
49,16,4,0,17
49,17,4,0,12
49,18,4,0,22
49,19,4,0,20
49,20,4,0,13
49,21,4,0,2
49,22,4,0,24
49,23,5,4,19
49,24,5,0,15
49,25,5,0,18
49,26,5,0,3
49,27,5,0,6
49,28,5,0,2
49,29,5,0,21
49,30,5,0,2
49,31,5,0,8
49,32,5,0,5
49,33,5,0,8
49,34,5,0,7
49,35,5,0,18
49,36,5,4,20
49,37,5,4,20
49,38,5,4,20
49,39,5,0,0
49,40,5,0,5
49,41,5,0,9
49,42,5,0,14
49,43,5,0,24
49,44,5,0,21
49,45,5,0,15
49,46,5,0,23
49,47,5,0,18
49,48,5,0,6
50,0,5,0,12
50,1,5,0,9
50,2,5,0,21
50,3,5,0,2
50,4,5,0,13
50,5,5,4,3
50,6,4,0,9
50,7,4,0,4
50,8,4,0,3
50,9,4,0,2
50,10,4,0,20
50,11,4,0,24
50,12,4,0,13
50,13,4,0,4
50,14,4,0,21
50,15,4,0,5
50,16,4,6,20
50,17,4,0,6
50,18,4,0,20
50,19,4,0,15
50,20,4,0,15
50,21,5,4,16
50,22,5,4,11
50,23,5,0,23
50,24,5,0,2
50,25,5,0,1
50,26,5,0,12
50,27,5,0,23
50,28,5,0,14
50,29,5,0,21
50,30,5,0,20
50,31,5,0,17
50,32,5,0,21
50,33,5,0,17
50,34,5,0,21
50,35,5,4,15
50,36,5,4,8
50,37,5,4,8
50,38,5,4,7
50,39,5,0,18
50,40,5,0,5
50,41,5,0,21
50,42,5,0,2
50,43,5,0,19
50,44,5,0,8
50,45,5,0,19
50,46,5,0,13
50,47,5,0,15
50,48,5,0,14
51,0,5,0,20
51,1,5,0,5
51,2,5,0,15
51,3,5,0,7
51,4,5,0,16
51,5,5,4,17
51,6,5,4,16
51,7,4,0,15
51,8,4,0,22
51,9,4,0,0
51,10,4,0,20
51,11,4,0,24
51,12,4,0,4
51,13,4,0,3
51,14,4,0,15
51,15,4,6,13
51,16,4,6,7
51,17,4,0,4
51,18,4,0,3
51,19,4,0,2
51,20,5,4,11
51,21,5,4,4
51,22,5,0,17
51,23,5,0,9
51,24,5,0,2
51,25,5,0,7
51,26,5,0,8
51,27,5,0,2
51,28,5,0,7
51,29,5,0,20
51,30,5,0,12
51,31,5,0,18
51,32,5,0,9
51,33,5,0,2
51,34,5,4,10
51,35,4,0,24
51,36,4,0,20
51,37,4,0,24
51,38,5,4,22
51,39,5,4,20
51,40,5,4,20
51,41,5,0,2
51,42,5,0,24
51,43,5,0,1
51,44,5,0,9
51,45,5,0,20
51,46,5,0,3
51,47,5,0,0
51,48,5,0,1
52,0,5,0,17
52,1,5,0,12
52,2,5,0,17
52,3,5,0,7
52,4,5,0,23
52,5,5,4,4
52,6,5,4,17
52,7,4,0,5
52,8,4,0,11
52,9,4,0,14
52,10,4,0,18
52,11,4,0,11
52,12,4,0,9
52,13,4,0,19
52,14,4,6,0
52,15,6,0,21
52,16,4,6,24
52,17,4,0,22
52,18,4,0,16
52,19,5,4,11
52,20,5,0,1
52,21,5,0,16
52,22,5,0,15
52,23,5,0,15
52,24,5,0,5
52,25,5,0,5
52,26,5,0,12
52,27,5,0,19
52,28,5,0,22
52,29,5,0,10
52,30,5,0,24
52,31,5,0,16
52,32,5,0,2
52,33,5,4,15
52,34,4,0,1
52,35,4,0,15
52,36,4,0,2
52,37,4,0,13
52,38,5,4,8
52,39,5,4,8
52,40,5,4,22
52,41,5,0,5
52,42,5,0,20
52,43,5,0,1
52,44,5,0,3
52,45,5,0,15
52,46,5,0,23
52,47,5,0,14
52,48,5,0,0
53,0,5,0,14
53,1,5,0,18
53,2,5,0,1
53,3,5,0,1
53,4,5,0,23
53,5,5,0,11
53,6,5,4,1
53,7,5,4,16
53,8,4,0,1
53,9,4,0,20
53,10,4,0,6
53,11,4,0,5
53,12,4,0,11
53,13,4,0,15
53,14,4,6,2
53,15,4,6,11
53,16,4,0,19
53,17,4,0,7
53,18,5,4,9
53,19,5,0,4
53,20,5,0,17
53,21,5,0,20
53,22,5,0,24
53,23,5,0,20
53,24,5,0,7
53,25,5,0,19
53,26,5,0,16
53,27,5,0,15
53,28,5,0,7
53,29,5,0,15
53,30,5,0,20
53,31,5,0,9
53,32,5,4,5
53,33,4,0,23
53,34,4,0,6
53,35,4,0,1
53,36,4,0,11
53,37,4,0,24
53,38,4,0,13
53,39,4,0,1
53,40,5,4,21
53,41,5,4,20
53,42,5,0,2
53,43,5,0,0
53,44,5,0,21
53,45,5,0,10
53,46,5,0,15
53,47,5,0,13
53,48,5,0,24
54,0,5,0,13
54,1,5,0,7
54,2,5,0,4
54,3,5,0,19
54,4,5,0,24
54,5,5,0,14
54,6,5,4,4
54,7,5,4,17
54,8,4,0,8
54,9,4,0,23
54,10,4,0,3
54,11,4,0,13
54,12,4,0,14
54,13,4,0,24
54,14,4,6,4
54,15,4,0,12
54,16,4,0,3
54,17,5,4,9
54,18,5,0,3
54,19,5,0,15
54,20,5,0,3
54,21,5,0,9
54,22,5,0,17
54,23,5,0,10
54,24,5,0,1
54,25,5,0,4
54,26,5,0,13
54,27,5,0,22
54,28,5,0,19
54,29,5,4,20
54,30,5,4,20
54,31,5,4,15
54,32,4,0,18
54,33,4,0,0
54,34,4,0,11
54,35,4,0,2
54,36,4,0,13
54,37,4,0,10
54,38,4,0,3
54,39,4,0,3
54,40,5,4,8
54,41,5,4,23
54,42,5,0,2
54,43,5,0,16
54,44,5,0,12
54,45,5,0,12
54,46,5,0,22
54,47,5,0,17
54,48,5,0,3
55,0,5,0,6
55,1,5,0,21
55,2,5,0,2
55,3,5,0,15
55,4,5,0,5
55,5,5,0,19
55,6,5,0,11
55,7,5,4,1
55,8,4,0,20
55,9,4,0,19
55,10,4,0,18
55,11,4,0,4
55,12,4,0,1
55,13,4,0,5
55,14,4,0,23
55,15,4,0,5
55,16,5,4,6
55,17,5,0,11
55,18,5,0,4
55,19,5,0,13
55,20,5,0,5
55,21,5,0,10
55,22,5,0,10
55,23,5,0,10
55,24,5,0,16
55,25,5,0,5
55,26,5,0,1
55,27,5,0,12
55,28,5,4,13
55,29,5,4,8
55,30,5,4,8
55,31,4,0,10
55,32,4,0,5
55,33,4,0,19
55,34,4,0,8
55,35,4,0,16
55,36,4,0,24
55,37,4,0,9
55,38,4,0,11
55,39,4,0,3
55,40,4,0,13
55,41,5,4,23
55,42,5,4,20
55,43,5,0,7
55,44,5,0,13
55,45,5,0,17
55,46,5,0,9
55,47,5,0,15
55,48,5,0,18
56,0,5,0,15
56,1,5,0,17
56,2,5,0,11
56,3,5,0,16
56,4,5,0,19
56,5,5,0,24
56,6,5,0,22
56,7,5,4,17
56,8,4,0,16
56,9,4,0,24
56,10,4,0,10
56,11,4,0,5
56,12,4,0,17
56,13,4,0,21
56,14,4,0,14
56,15,4,0,1
56,16,5,4,24
56,17,5,0,6
56,18,5,0,4
56,19,5,0,20
56,20,5,0,12
56,21,5,0,1
56,22,5,0,20
56,23,5,0,11
56,24,5,0,5
56,25,5,0,14
56,26,5,0,20
56,27,5,4,15
56,28,4,0,16
56,29,4,0,24
56,30,4,0,3
56,31,4,0,4
56,32,4,0,15
56,33,4,0,23
56,34,4,0,11
56,35,4,0,13
56,36,4,0,7
56,37,4,0,1
56,38,4,0,19
56,39,4,0,13
56,40,4,0,0
56,41,5,4,8
56,42,5,4,23
56,43,5,0,0
56,44,5,0,13
56,45,5,0,21
56,46,5,0,20
56,47,5,0,14
56,48,5,0,11
57,0,5,0,9
57,1,5,0,14
57,2,5,0,2
57,3,5,0,20
57,4,5,0,12
57,5,5,0,1
57,6,5,0,10
57,7,5,4,18
57,8,4,0,24
57,9,4,0,9
57,10,4,0,19
57,11,4,0,22
57,12,4,0,3
57,13,4,0,7
57,14,4,0,16
57,15,5,4,14
57,16,5,0,15
57,17,5,0,1
57,18,5,0,10
57,19,5,0,13
57,20,5,0,5
57,21,5,0,11
57,22,5,0,21
57,23,5,0,2
57,24,5,0,8
57,25,5,4,20
57,26,5,4,15
57,27,4,0,18
57,28,4,0,9
57,29,4,0,22
57,30,4,0,4
57,31,4,0,14
57,32,4,0,18
57,33,4,0,23
57,34,4,0,9
57,35,4,0,13
57,36,4,0,20
57,37,4,0,20
57,38,4,0,4
57,39,4,0,23
57,40,4,0,15
57,41,4,0,3
57,42,5,4,7
57,43,5,0,23
57,44,5,0,23
57,45,5,0,18
57,46,5,0,22
57,47,5,0,10
57,48,5,0,0
58,0,5,0,0
58,1,5,0,24
58,2,5,0,11
58,3,5,0,19
58,4,5,0,23
58,5,5,0,18
58,6,5,4,0
58,7,4,0,14
58,8,4,0,3
58,9,4,0,0
58,10,4,0,8
58,11,4,0,13
58,12,4,0,10
58,13,5,4,16
58,14,5,4,9
58,15,5,0,2
58,16,5,0,6
58,17,5,0,9
58,18,5,0,2
58,19,5,0,16
58,20,5,0,7
58,21,5,0,4
58,22,5,0,11
58,23,5,0,1
58,24,5,4,10
58,25,5,4,8
58,26,4,0,22
58,27,4,0,1
58,28,4,0,20
58,29,4,0,15
58,30,4,0,3
58,31,4,0,14
58,32,4,0,5
58,33,4,0,21
58,34,4,0,14
58,35,4,0,12
58,36,4,0,6
58,37,4,0,19
58,38,4,0,7
58,39,4,0,21
58,40,4,0,7
58,41,4,0,13
58,42,5,4,21
58,43,5,0,10
58,44,5,0,12
58,45,5,0,24
58,46,5,0,3
58,47,5,0,9
58,48,5,0,15
59,0,5,0,12
59,1,5,0,6
59,2,5,0,16
59,3,5,0,12
59,4,5,0,12
59,5,5,0,9
59,6,5,4,2
59,7,5,4,16
59,8,5,4,16
59,9,4,0,16
59,10,4,0,22
59,11,4,0,1
59,12,5,4,14
59,13,5,4,4
59,14,5,0,13
59,15,5,0,21
59,16,5,0,24
59,17,5,0,17
59,18,5,0,5
59,19,5,0,10
59,20,5,0,17
59,21,5,0,19
59,22,5,0,14
59,23,5,4,13
59,24,4,0,11
59,25,4,0,19
59,26,4,0,19
59,27,4,0,22
59,28,4,0,17
59,29,4,0,24
59,30,4,0,4
59,31,4,0,7
59,32,4,0,6
59,33,4,0,0
59,34,4,0,22
59,35,4,0,5
59,36,4,0,14
59,37,4,0,16
59,38,4,0,17
59,39,4,0,10
59,40,4,0,6
59,41,4,0,16
59,42,5,4,7
59,43,5,4,20
59,44,5,0,5
59,45,5,0,4
59,46,5,0,24
59,47,5,0,2
59,48,5,0,14
60,0,5,0,19
60,1,5,0,23
60,2,5,0,22
60,3,5,0,24
60,4,5,0,21
60,5,5,0,22
60,6,5,4,4
60,7,5,4,4
60,8,5,4,1
60,9,4,0,24
60,10,4,0,5
60,11,5,4,19
60,12,5,0,15
60,13,5,0,16
60,14,5,0,21
60,15,5,0,14
60,16,5,0,23
60,17,5,0,17
60,18,5,0,22
60,19,5,0,19
60,20,5,0,18
60,21,5,0,18
60,22,5,4,0
60,23,4,0,19
60,24,4,0,21
60,25,4,0,11
60,26,4,0,5
60,27,4,0,20
60,28,4,0,13
60,29,4,0,11
60,30,4,0,7
60,31,4,0,22
60,32,4,0,11
60,33,4,0,22
60,34,4,0,18
60,35,4,0,24
60,36,4,0,13
60,37,4,0,0
60,38,4,0,13
60,39,4,0,16
60,40,4,0,3
60,41,4,0,22
60,42,5,4,8
60,43,5,4,23
60,44,5,0,1
60,45,5,0,16
60,46,5,0,18
60,47,5,0,16
60,48,5,0,11
61,0,5,0,11
61,1,5,0,3
61,2,5,0,13
61,3,5,0,10
61,4,5,0,5
61,5,5,0,19
61,6,5,0,3
61,7,5,0,1
61,8,5,4,18
61,9,4,0,0
61,10,5,4,6
61,11,5,0,1
61,12,5,0,9
61,13,5,0,10
61,14,5,0,12
61,15,5,0,9
61,16,5,0,22
61,17,5,0,20
61,18,5,0,18
61,19,5,0,19
61,20,5,0,8
61,21,5,0,23
61,22,5,4,18
61,23,4,0,18
61,24,4,0,20
61,25,4,6,20
61,26,4,0,5
61,27,4,0,11
61,28,4,0,3
61,29,4,0,6
61,30,4,0,2
61,31,4,0,9
61,32,4,0,6
61,33,4,0,21
61,34,4,0,5
61,35,4,0,12
61,36,4,0,14
61,37,4,0,16
61,38,4,0,1
61,39,4,0,11
61,40,4,0,12
61,41,4,0,4
61,42,4,0,6
61,43,5,4,21
61,44,5,0,6
61,45,5,0,14
61,46,5,0,13
61,47,5,0,0
61,48,5,0,1
62,0,5,0,7
62,1,5,0,12
62,2,5,0,14
62,3,5,0,9
62,4,5,0,8
62,5,5,0,8
62,6,5,0,6
62,7,5,4,0
62,8,4,0,12
62,9,4,0,19
62,10,5,4,24
62,11,5,0,10
62,12,5,0,13
62,13,5,0,24
62,14,5,0,15
62,15,5,0,16
62,16,5,0,5
62,17,5,0,21
62,18,5,0,13
62,19,5,0,4
62,20,5,0,7
62,21,5,4,15
62,22,4,0,24
62,23,4,0,17
62,24,4,6,15
62,25,4,6,21
62,26,4,0,7
62,27,4,0,2
62,28,4,0,6
62,29,4,0,4
62,30,1,4,16
62,31,1,4,16
62,32,4,0,17
62,33,4,0,16
62,34,4,0,3
62,35,4,0,5
62,36,4,0,23
62,37,4,0,20
62,38,4,0,3
62,39,4,0,18
62,40,4,0,19
62,41,4,0,17
62,42,4,0,17
62,43,5,4,22
62,44,5,0,17
62,45,5,0,12
62,46,5,0,20
62,47,5,0,2
62,48,5,0,5
63,0,5,0,3
63,1,5,0,23
63,2,5,0,5
63,3,5,0,0
63,4,5,0,20
63,5,5,0,14
63,6,5,0,24
63,7,5,4,2
63,8,4,0,6
63,9,5,4,14
63,10,5,0,16
63,11,5,0,6
63,12,5,0,9
63,13,5,0,3
63,14,5,0,19
63,15,5,0,4
63,16,5,0,10
63,17,5,0,14
63,18,5,0,2
63,19,5,0,17
63,20,5,4,5
63,21,4,0,3
63,22,4,0,23
63,23,4,6,0
63,24,6,0,6
63,25,4,6,24
63,26,4,0,2
63,27,4,0,8
63,28,4,0,10
63,29,1,4,11
63,30,1,4,4
63,31,1,4,1
63,32,1,4,16
63,33,1,4,16
63,34,1,4,16
63,35,4,0,9
63,36,4,0,4
63,37,4,0,19
63,38,4,0,12
63,39,4,0,12
63,40,4,0,12
63,41,4,0,14
63,42,4,0,8
63,43,5,4,7
63,44,5,4,20
63,45,5,0,10
63,46,5,0,23
63,47,5,0,8
63,48,5,0,8
64,0,5,0,0
64,1,5,0,13
64,2,5,0,20
64,3,5,0,21
64,4,5,0,12
64,5,5,0,6
64,6,5,0,16
64,7,5,4,1
64,8,5,4,14
64,9,5,0,22
64,10,5,0,17
64,11,5,0,0
64,12,5,0,13
64,13,5,0,1
64,14,5,0,18
64,15,5,0,20
64,16,5,0,10
64,17,5,0,22
64,18,5,0,6
64,19,5,4,13
64,20,4,0,18
64,21,4,0,7
64,22,4,0,8
64,23,4,6,2
64,24,4,6,19
64,25,4,0,0
64,26,4,0,14
64,27,4,0,4
64,28,1,4,6
64,29,1,0,18
64,30,1,0,16
64,31,1,4,4
64,32,1,4,4
64,33,1,4,4
64,34,1,4,17
64,35,4,0,13
64,36,4,0,22
64,37,4,0,12
64,38,4,0,10
64,39,4,0,23
64,40,4,0,13
64,41,4,0,11
64,42,4,0,24
64,43,5,4,8
64,44,5,4,21
64,45,5,0,8
64,46,5,0,1
64,47,5,0,17
64,48,5,0,8
65,0,5,0,4
65,1,5,0,21
65,2,5,0,20
65,3,5,0,17
65,4,5,0,8
65,5,5,0,13
65,6,5,0,17
65,7,5,4,4
65,8,5,0,23
65,9,5,0,22
65,10,5,0,4
65,11,5,0,10
65,12,5,0,8
65,13,5,0,23
65,14,5,0,7
65,15,5,0,16
65,16,5,0,8
65,17,5,0,24
65,18,5,4,0
65,19,4,0,10
65,20,4,0,16
65,21,4,0,21
65,22,4,0,8
65,23,4,6,4
65,24,4,0,14
65,25,4,0,24
65,26,4,0,18
65,27,4,0,16
65,28,1,4,24
65,29,1,0,23
65,30,1,0,4
65,31,1,0,17
65,32,1,0,17
65,33,1,0,1
65,34,1,4,17
65,35,4,0,2
65,36,4,0,16
65,37,4,0,14
65,38,4,0,10
65,39,4,0,5
65,40,4,0,18
65,41,4,0,6
65,42,4,0,1
65,43,4,0,6
65,44,5,4,24
65,45,5,0,10
65,46,5,0,6
65,47,5,0,19
65,48,5,0,10
66,0,5,0,5
66,1,5,0,23
66,2,5,0,15
66,3,5,0,2
66,4,5,0,7
66,5,5,0,7
66,6,5,0,11
66,7,5,0,14
66,8,5,0,22
66,9,5,0,5
66,10,5,0,6
66,11,5,0,9
66,12,5,0,22
66,13,5,0,4
66,14,5,0,21
66,15,5,0,7
66,16,5,0,23
66,17,5,0,0
66,18,5,4,18
66,19,4,0,18
66,20,4,0,0
66,21,4,0,0
66,22,4,0,20
66,23,4,0,17
66,24,4,0,17
66,25,4,0,9
66,26,1,4,16
66,27,1,4,11
66,28,1,0,3
66,29,1,0,11
66,30,1,0,15
66,31,1,0,18
66,32,1,0,10
66,33,1,0,7
66,34,1,4,18
66,35,4,0,16
66,36,4,0,0
66,37,4,0,3
66,38,4,0,2
66,39,4,0,24
66,40,4,0,1
66,41,4,0,13
66,42,4,0,16
66,43,5,4,6
66,44,5,0,14
66,45,5,0,6
66,46,5,0,9
66,47,5,0,5
66,48,5,0,10
67,0,5,0,15
67,1,5,0,22
67,2,5,0,6
67,3,5,0,1
67,4,5,0,14
67,5,5,0,6
67,6,5,0,16
67,7,5,0,20
67,8,5,0,10
67,9,5,0,17
67,10,5,0,1
67,11,5,0,16
67,12,5,0,20
67,13,5,0,14
67,14,5,0,14
67,15,5,0,4
67,16,5,4,20
67,17,5,4,13
67,18,4,0,11
67,19,4,0,21
67,20,4,0,22
67,21,4,0,14
67,22,4,0,2
67,23,4,0,18
67,24,4,0,12
67,25,1,4,14
67,26,1,4,4
67,27,1,0,8
67,28,1,0,12
67,29,1,0,0
67,30,1,0,23
67,31,1,0,5
67,32,1,0,8
67,33,1,4,0
67,34,4,0,10
67,35,4,0,21
67,36,4,0,12
67,37,4,0,20
67,38,4,0,24
67,39,4,0,11
67,40,4,0,16
67,41,4,0,2
67,42,4,0,1
67,43,5,4,22
67,44,5,0,1
67,45,5,0,17
67,46,5,0,5
67,47,5,0,6
67,48,5,0,23
68,0,5,0,2
68,1,5,0,17
68,2,5,0,22
68,3,5,0,21
68,4,5,0,20
68,5,5,0,24
68,6,5,0,16
68,7,5,0,1
68,8,5,0,7
68,9,5,0,4
68,10,5,0,7
68,11,5,0,12
68,12,5,0,8
68,13,5,0,24
68,14,5,0,20
68,15,5,4,13
68,16,5,4,8
68,17,4,0,14
68,18,4,0,11
68,19,4,0,7
68,20,4,0,15
68,21,4,0,16
68,22,4,0,4
68,23,4,0,8
68,24,1,4,19
68,25,1,0,14
68,26,1,0,14
68,27,1,0,14
68,28,1,0,12
68,29,1,0,2
68,30,1,0,12
68,31,1,0,15
68,32,1,0,18
68,33,1,4,2
68,34,4,0,3
68,35,4,0,19
68,36,4,0,21
68,37,4,0,13
68,38,4,0,12
68,39,4,0,19
68,40,4,0,3
68,41,4,0,21
68,42,4,0,8
68,43,5,4,23
68,44,5,0,5
68,45,5,0,6
68,46,5,0,24
68,47,5,0,3
68,48,5,0,10
69,0,5,0,4
69,1,5,0,20
69,2,5,0,11
69,3,5,0,14
69,4,5,0,8
69,5,5,0,12
69,6,5,0,13
69,7,5,0,13
69,8,5,0,12
69,9,5,0,20
69,10,5,0,13
69,11,5,0,18
69,12,5,0,8
69,13,5,0,22
69,14,5,4,0
69,15,4,0,20
69,16,4,0,21
69,17,4,0,22
69,18,4,0,12
69,19,4,0,12
69,20,4,0,3
69,21,4,0,2
69,22,4,0,5
69,23,1,4,6
69,24,1,0,4
69,25,1,0,24
69,26,1,0,1
69,27,1,0,13
69,28,1,0,24
69,29,1,0,7
69,30,1,0,9
69,31,1,0,21
69,32,1,0,9
69,33,1,4,3
69,34,1,4,16
69,35,4,0,21
69,36,4,0,12
69,37,4,0,6
69,38,4,0,4
69,39,4,0,9
69,40,4,0,8
69,41,4,0,2
69,42,4,0,6
69,43,5,4,22
69,44,5,0,3
69,45,5,0,15
69,46,5,0,17
69,47,5,0,8
69,48,5,0,10
70,0,5,0,22
70,1,5,0,16
70,2,5,0,5
70,3,5,0,13
70,4,5,0,10
70,5,5,0,2
70,6,5,0,2
70,7,5,0,22
70,8,5,0,8
70,9,5,0,5
70,10,5,0,9
70,11,5,0,10
70,12,5,0,11
70,13,5,0,17
70,14,5,4,18
70,15,4,0,5
70,16,4,0,4
70,17,4,0,21
70,18,4,0,19
70,19,4,0,9
70,20,4,0,12
70,21,4,0,11
70,22,4,0,7
70,23,1,4,24
70,24,1,0,13
70,25,1,0,4
70,26,1,0,18
70,27,1,0,11
70,28,1,0,18
70,29,1,0,0
70,30,1,0,21
70,31,1,0,4
70,32,1,0,5
70,33,1,4,4
70,34,1,4,1
70,35,4,0,16
70,36,4,0,19
70,37,4,0,4
70,38,4,0,8
70,39,4,0,5
70,40,4,0,20
70,41,4,0,7
70,42,4,0,8
70,43,5,4,22
70,44,5,0,5
70,45,5,0,23
70,46,5,0,11
70,47,5,0,20
70,48,5,0,6
71,0,5,0,19
71,1,5,0,5
71,2,5,0,11
71,3,5,0,12
71,4,5,0,1
71,5,5,0,11
71,6,5,0,3
71,7,5,0,22
71,8,5,0,22
71,9,5,0,18
71,10,5,0,1
71,11,5,0,14
71,12,5,0,16
71,13,5,4,15
71,14,4,0,9
71,15,4,0,9
71,16,4,0,16
71,17,4,0,0
71,18,4,0,4
71,19,4,0,12
71,20,4,0,10
71,21,4,0,10
71,22,1,4,6
71,23,1,0,8
71,24,1,0,8
71,25,1,0,16
71,26,1,0,7
71,27,1,0,21
71,28,1,0,18
71,29,1,0,7
71,30,1,0,24
71,31,1,0,4
71,32,1,0,7
71,33,1,0,22
71,34,1,4,3
71,35,4,0,3
71,36,4,0,1
71,37,4,0,15
71,38,4,0,9
71,39,4,0,15
71,40,4,0,9
71,41,4,0,0
71,42,4,0,15
71,43,5,4,23
71,44,5,4,20
71,45,5,0,6
71,46,5,0,14
71,47,5,0,22
71,48,5,0,23
72,0,5,0,3
72,1,5,0,21
72,2,5,0,18
72,3,5,0,18
72,4,5,0,4
72,5,5,0,0
72,6,5,0,14
72,7,5,0,21
72,8,5,0,10
72,9,5,0,2
72,10,5,0,7
72,11,5,0,11
72,12,5,4,0
72,13,4,0,5
72,14,4,0,15
72,15,4,0,4
72,16,4,0,19
72,17,4,0,9
72,18,4,0,4
72,19,4,0,8
72,20,4,0,6
72,21,4,0,10
72,22,1,4,24
72,23,1,0,19
72,24,1,0,22
72,25,1,0,9
72,26,1,0,18
72,27,1,0,23
72,28,1,0,18
72,29,1,0,13
72,30,1,0,20
72,31,1,0,10
72,32,1,0,1
72,33,1,0,21
72,34,1,4,18
72,35,4,0,4
72,36,4,0,18
72,37,4,0,15
72,38,4,0,13
72,39,4,0,19
72,40,4,0,5
72,41,4,0,22
72,42,4,0,16
72,43,5,4,8
72,44,5,4,21
72,45,5,0,13
72,46,5,0,3
72,47,5,0,15
72,48,5,0,1
73,0,5,0,13
73,1,5,0,5
73,2,5,0,12
73,3,5,0,21
73,4,5,0,10
73,5,5,0,10
73,6,5,0,11
73,7,5,0,0
73,8,5,0,7
73,9,5,0,18
73,10,5,0,11
73,11,5,0,21
73,12,5,4,18
73,13,4,0,22
73,14,4,0,19
73,15,4,0,16
73,16,4,0,18
73,17,4,0,13
73,18,4,0,14
73,19,4,0,9
73,20,4,0,16
73,21,1,4,6
73,22,1,0,21
73,23,1,0,24
73,24,1,0,10
73,25,1,0,9
73,26,10,1,16
73,27,1,0,18
73,28,1,0,17
73,29,1,0,4
73,30,1,0,0
73,31,1,0,9
73,32,1,0,12
73,33,1,4,0
73,34,4,0,21
73,35,4,0,8
73,36,4,0,18
73,37,4,0,16
73,38,4,0,22
73,39,4,0,11
73,40,4,0,5
73,41,4,0,15
73,42,4,0,23
73,43,4,0,6
73,44,5,4,21
73,45,5,0,1
73,46,5,0,10
73,47,5,0,2
73,48,5,0,15
74,0,5,0,1
74,1,5,0,14
74,2,5,0,1
74,3,5,0,2
74,4,5,0,12
74,5,5,0,23
74,6,5,0,1
74,7,5,0,12
74,8,5,0,22
74,9,5,0,22
74,10,5,0,5
74,11,5,4,13
74,12,4,0,7
74,13,4,0,19
74,14,4,0,4
74,15,4,0,3
74,16,4,0,17
74,17,4,0,10
74,18,4,0,8
74,19,4,0,20
74,20,4,0,23
74,21,1,4,24
74,22,1,0,12
74,23,1,0,8
74,24,1,0,23
74,25,10,1,19
74,26,10,1,3
74,27,10,1,16
74,28,1,0,9
74,29,1,0,9
74,30,1,0,11
74,31,1,0,15
74,32,1,0,19
74,33,1,4,1
74,34,4,0,21
74,35,4,0,13
74,36,4,0,0
74,37,4,0,23
74,38,4,0,8
74,39,4,0,11
74,40,4,0,20
74,41,4,0,1
74,42,4,0,15
74,43,4,0,5
74,44,5,4,24
74,45,5,0,17
74,46,5,0,5
74,47,5,0,22
74,48,5,0,14
75,0,5,0,8
75,1,5,0,8
75,2,5,0,22
75,3,5,0,21
75,4,5,0,16
75,5,5,0,2
75,6,5,0,13
75,7,5,0,21
75,8,5,0,2
75,9,5,0,6
75,10,5,4,10
75,11,4,0,23
75,12,4,0,11
75,13,4,0,22
75,14,4,0,8
75,15,4,0,16
75,16,4,0,5
75,17,4,0,17
75,18,4,0,18
75,19,4,0,9
75,20,1,4,11
75,21,1,0,23
75,22,1,0,21
75,23,1,0,9
75,24,10,1,9
75,25,10,0,18
75,26,10,1,4
75,27,10,1,1
75,28,1,0,22
75,29,1,0,20
75,30,1,0,24
75,31,1,0,2
75,32,1,0,0
75,33,1,4,3
75,34,4,0,21
75,35,4,0,16
75,36,4,0,7
75,37,4,0,10
75,38,4,0,9
75,39,4,0,7
75,40,4,0,10
75,41,4,0,23
75,42,4,0,14
75,43,5,4,6
75,44,5,0,19
75,45,5,0,0
75,46,5,0,3
75,47,5,0,15
75,48,5,0,3
76,0,5,0,5
76,1,5,0,15
76,2,5,0,14
76,3,5,0,22
76,4,5,0,18
76,5,5,0,4
76,6,5,0,17
76,7,5,0,11
76,8,5,0,13
76,9,5,4,0
76,10,4,0,19
76,11,4,0,3
76,12,4,0,9
76,13,4,0,3
76,14,4,0,13
76,15,4,0,6
76,16,4,0,0
76,17,4,0,6
76,18,1,4,16
76,19,1,4,19
76,20,1,0,24
76,21,1,0,20
76,22,1,0,20
76,23,10,1,9
76,24,10,0,20
76,25,10,0,23
76,26,10,0,11
76,27,10,1,3
76,28,1,0,1
76,29,1,0,11
76,30,1,0,13
76,31,1,0,4
76,32,1,0,4
76,33,1,4,2
76,34,1,4,16
76,35,4,0,6
76,36,4,0,6
76,37,4,0,21
76,38,4,0,4
76,39,4,0,8
76,40,4,0,19
76,41,4,0,8
76,42,4,0,13
76,43,5,4,23
76,44,5,0,24
76,45,5,0,3
76,46,5,0,8
76,47,5,0,18
76,48,5,0,6
77,0,5,0,2
77,1,5,0,18
77,2,5,0,0
77,3,5,0,12
77,4,5,0,6
77,5,5,0,11
77,6,5,0,4
77,7,5,0,14
77,8,5,0,13
77,9,5,4,18
77,10,4,0,3
77,11,4,0,5
77,12,4,0,10
77,13,4,0,9
77,14,4,0,20
77,15,4,0,21
77,16,4,0,2
77,17,1,4,11
77,18,1,4,4
77,19,1,0,1
77,20,1,0,1
77,21,1,0,8
77,22,10,1,14
77,23,10,0,18
77,24,10,0,15
77,25,10,0,11
77,26,10,0,11
77,27,10,1,18
77,28,1,0,19
77,29,1,0,5
77,30,1,0,2
77,31,1,0,2
77,32,1,0,7
77,33,1,4,4
77,34,1,4,18
77,35,4,0,10
77,36,4,0,16
77,37,4,0,10
77,38,4,0,2
77,39,4,0,18
77,40,4,0,8
77,41,4,0,20
77,42,4,0,11
77,43,5,4,22
77,44,5,0,18
77,45,5,0,17
77,46,5,0,14
77,47,5,0,2
77,48,5,0,7
78,0,5,0,9
78,1,5,0,7
78,2,5,0,23
78,3,5,0,14
78,4,5,0,6
78,5,5,0,15
78,6,5,0,0
78,7,5,0,8
78,8,5,4,0
78,9,4,0,19
78,10,4,0,23
78,11,4,0,23
78,12,4,0,6
78,13,4,0,6
78,14,4,0,19
78,15,4,0,3
78,16,1,4,6
78,17,1,0,11
78,18,1,0,21
78,19,1,0,9
78,20,1,0,23
78,21,10,1,11
78,22,10,0,1
78,23,10,0,24
78,24,10,0,12
78,25,10,0,3
78,26,10,1,0
78,27,1,0,21
78,28,1,0,3
78,29,1,0,3
78,30,1,0,5
78,31,1,0,1
78,32,1,0,2
78,33,1,4,0
78,34,4,0,10
78,35,4,0,14
78,36,4,0,4
78,37,4,0,1
78,38,4,0,9
78,39,4,0,9
78,40,4,0,1
78,41,4,0,18
78,42,4,0,20
78,43,5,4,24
78,44,5,0,21
78,45,5,0,24
78,46,5,0,13
78,47,5,0,7
78,48,5,0,3
79,0,5,0,1
79,1,5,0,16
79,2,5,0,24
79,3,5,0,1
79,4,5,0,2
79,5,5,0,8
79,6,5,0,11
79,7,5,0,11
79,8,5,4,18
79,9,4,0,3
79,10,4,0,13
79,11,4,0,4
79,12,4,0,22
79,13,4,0,8
79,14,4,0,5
79,15,4,0,9
79,16,1,4,24
79,17,1,0,21
79,18,1,0,13
79,19,1,0,18
79,20,10,1,11
79,21,10,0,7
79,22,10,0,20
79,23,10,0,16
79,24,10,0,5
79,25,10,0,15
79,26,10,1,1
79,27,10,1,16
79,28,1,0,14
79,29,1,0,4
79,30,1,0,13
79,31,1,0,15
79,32,1,0,21
79,33,1,4,3
79,34,1,4,16
79,35,4,0,12
79,36,4,0,13
79,37,4,0,4
79,38,4,0,7
79,39,4,0,9
79,40,4,0,1
79,41,4,0,19
79,42,5,4,6
79,43,5,0,20
79,44,5,0,7
79,45,5,0,4
79,46,5,0,0
79,47,5,0,1
79,48,5,0,16
80,0,5,0,5
80,1,5,0,5
80,2,5,0,0
80,3,5,0,23
80,4,5,0,3
80,5,5,0,18
80,6,5,0,23
80,7,5,4,0
80,8,4,0,9
80,9,4,0,0
80,10,4,0,7
80,11,4,0,0
80,12,4,0,3
80,13,4,0,1
80,14,4,0,6
80,15,1,4,19
80,16,1,0,16
80,17,1,0,11
80,18,1,0,19
80,19,10,1,6
80,20,10,0,0
80,21,10,0,23
80,22,10,0,0
80,23,10,0,23
80,24,10,0,23
80,25,10,0,7
80,26,10,1,4
80,27,10,1,2
80,28,1,0,11
80,29,1,0,15
80,30,1,0,19
80,31,1,0,8
80,32,1,0,9
80,33,1,4,4
80,34,1,4,1
80,35,4,0,19
80,36,4,0,20
80,37,4,0,22
80,38,4,0,20
80,39,4,0,17
80,40,4,0,4
80,41,4,0,5
80,42,5,4,24
80,43,5,0,20
80,44,5,0,15
80,45,5,0,8
80,46,5,0,16
80,47,5,0,10
80,48,5,0,8
