0,0,5,0,4
0,1,5,0,24
0,2,5,0,20
0,3,5,0,4
0,4,5,0,20
0,5,5,0,2
0,6,5,0,15
0,7,5,0,22
0,8,5,0,3
0,9,5,0,5
0,10,5,0,7
0,11,5,0,19
0,12,5,0,11
0,13,5,0,12
0,14,5,0,11
0,15,5,0,15
0,16,5,4,3
0,17,4,0,2
0,18,4,0,6
0,19,4,0,6
0,20,4,0,24
0,21,1,4,24
0,22,1,0,17
0,23,1,0,15
0,24,1,0,21
0,25,1,0,19
0,26,10,1,7
0,27,10,0,14
0,28,10,0,6
0,29,10,0,9
0,30,10,1,2
0,31,1,0,2
0,32,1,0,24
0,33,1,0,20
0,34,1,0,16
0,35,1,0,6
0,36,1,0,11
0,37,1,0,2
0,38,1,4,18
0,39,4,0,16
0,40,4,0,23
0,41,4,0,14
0,42,4,0,22
0,43,4,0,24
0,44,5,4,24
0,45,5,0,4
0,46,5,0,3
0,47,5,0,19
0,48,5,0,20
0,49,5,0,5
0,50,5,0,5
0,51,5,0,15
0,52,5,0,13
0,53,5,0,12
0,54,5,0,19
0,55,5,0,15
0,56,5,0,6
0,57,5,0,22
0,58,5,0,20
0,59,5,0,11
0,60,5,0,7
0,61,5,0,3
0,62,5,0,9
0,63,5,0,11
1,0,5,0,23
1,1,5,0,24
1,2,5,0,20
1,3,5,0,11
1,4,5,0,17
1,5,5,0,20
1,6,5,0,9
1,7,5,0,8
1,8,5,0,12
1,9,5,0,1
1,10,5,0,6
1,11,5,0,18
1,12,5,0,9
1,13,5,0,12
1,14,5,0,23
1,15,5,0,21
1,16,5,4,2
1,17,4,0,12
1,18,4,0,22
1,19,4,0,6
1,20,1,4,6
1,21,1,0,11
1,22,1,0,3
1,23,1,0,19
1,24,1,0,5
1,25,1,0,23
1,26,10,1,7
1,27,10,0,11
1,28,10,0,7
1,29,10,0,1
1,30,10,1,2
1,31,1,0,16
1,32,1,0,17
1,33,1,0,24
1,34,1,0,18
1,35,1,0,14
1,36,1,0,19
1,37,1,4,5
1,38,4,0,4
1,39,4,0,0
1,40,4,0,16
1,41,4,0,2
1,42,4,0,17
1,43,5,4,6
1,44,5,0,8
1,45,5,0,13
1,46,5,0,9
1,47,5,0,1
1,48,5,0,1
1,49,5,0,20
1,50,5,0,23
1,51,5,0,10
1,52,5,0,23
1,53,5,0,17
1,54,5,0,10
1,55,5,0,4
1,56,5,0,16
1,57,5,0,15
1,58,5,0,9
1,59,5,0,0
1,60,5,0,12
1,61,5,0,15
1,62,5,0,2
2,0,5,0,5
2,1,5,0,20
2,2,5,0,20
2,3,5,0,19
2,4,5,0,6
2,5,5,0,16
2,6,5,0,10
2,7,5,0,21
2,8,5,0,2
2,9,5,0,1
2,10,5,0,10
2,11,5,0,23
2,12,5,0,17
2,13,5,0,21
2,14,5,0,0
2,15,5,0,7
2,16,5,4,18
2,17,4,0,2
2,18,4,0,4
2,19,4,0,4
2,20,1,4,21
2,21,1,4,20
2,22,1,0,11
2,23,1,0,7
2,24,1,0,14
2,25,1,0,14
2,26,10,1,7
2,27,10,0,19
2,28,10,0,16
2,29,10,0,6
2,30,10,1,1
2,31,1,0,17
2,32,1,0,13
2,33,1,0,5
2,34,1,0,8
2,35,1,0,14
2,36,1,4,5
2,37,4,0,18
2,38,4,0,1
2,39,4,0,3
2,40,4,0,23
2,41,4,0,13
2,42,4,0,3
2,43,5,4,24
2,44,5,0,14
2,45,5,0,1
2,46,5,0,17
2,47,5,0,8
2,48,5,0,14
2,49,5,0,23
2,50,5,0,7
2,51,5,0,6
2,52,5,0,14
2,53,5,0,19
2,54,5,0,10
2,55,5,0,20
2,56,5,0,4
2,57,5,0,18
2,58,5,0,19
2,59,5,0,18
2,60,5,0,3
2,61,5,0,24
2,62,5,0,24
3,0,5,0,14
3,1,5,0,12
3,2,5,0,4
3,3,5,0,24
3,4,5,0,2
3,5,5,0,22
3,6,5,0,4
3,7,5,0,13
3,8,5,0,12
3,9,5,0,0
3,10,5,0,0
3,11,5,0,3
3,12,5,0,19
3,13,5,0,18
3,14,5,0,17
3,15,5,4,0
3,16,4,0,4
3,17,4,0,4
3,18,4,0,5
3,19,4,0,18
3,20,1,4,8
3,21,1,4,21
3,22,1,0,19
3,23,1,0,2
3,24,1,0,14
3,25,1,0,12
3,26,10,1,24
3,27,10,0,16
3,28,10,0,13
3,29,10,0,21
3,30,10,1,2
3,31,1,0,9
3,32,1,0,24
3,33,1,0,8
3,34,1,0,8
3,35,1,4,15
3,36,4,0,16
3,37,4,0,14
3,38,4,0,20
3,39,4,0,13
3,40,4,0,22
3,41,4,0,10
3,42,5,4,6
3,43,5,0,9
3,44,5,0,5
3,45,5,0,5
3,46,5,0,23
3,47,5,0,14
3,48,5,0,21
3,49,5,0,18
3,50,5,0,4
3,51,5,0,11
3,52,5,0,23
3,53,5,0,14
3,54,5,0,5
3,55,5,0,13
3,56,5,0,22
3,57,5,0,3
3,58,5,0,18
3,59,5,0,1
3,60,5,0,9
3,61,5,0,1
3,62,5,0,7
4,0,5,0,1
4,1,5,0,16
4,2,5,0,0
4,3,5,0,24
4,4,5,0,10
4,5,5,0,6
4,6,5,0,10
4,7,5,0,22
4,8,5,0,3
4,9,5,0,9
4,10,5,0,22
4,11,5,0,24
4,12,5,0,15
4,13,5,0,15
4,14,5,0,22
4,15,5,4,18
4,16,4,0,23
4,17,4,0,13
4,18,4,0,8
4,19,4,0,21
4,20,4,0,9
4,21,1,4,24
4,22,1,0,16
4,23,1,0,7
4,24,1,0,11
4,25,10,1,6
4,26,10,0,1
4,27,10,0,18
4,28,10,0,11
4,29,10,0,6
4,30,10,1,18
4,31,1,0,9
4,32,1,0,3
4,33,1,0,21
4,34,1,4,13
4,35,4,0,5
4,36,4,0,4
4,37,4,0,12
4,38,4,0,24
4,39,4,0,0
4,40,4,0,9
4,41,4,0,15
4,42,5,4,24
4,43,5,0,2
4,44,5,0,4
4,45,5,0,16
4,46,5,0,21
4,47,5,0,2
4,48,5,0,9
4,49,5,0,15
4,50,5,0,11
4,51,5,0,5
4,52,5,0,4
4,53,5,0,15
4,54,5,0,19
4,55,5,0,2
4,56,5,0,16
4,57,5,0,6
4,58,5,0,9
4,59,5,0,15
4,60,5,0,23
4,61,5,0,8
4,62,5,0,17
5,0,5,0,2
5,1,5,0,12
5,2,5,0,15
5,3,5,0,12
5,4,5,0,21
5,5,5,0,19
5,6,5,0,13
5,7,5,0,8
5,8,5,0,22
5,9,5,0,1
5,10,5,0,19
5,11,5,0,6
5,12,5,0,24
5,13,5,0,19
5,14,5,4,0
5,15,4,0,24
5,16,4,0,24
5,17,4,0,8
5,18,4,0,12
5,19,4,0,19
5,20,1,4,6
5,21,1,0,6
5,22,1,0,2
5,23,1,0,11
5,24,1,0,8
5,25,10,1,23
5,26,10,0,2
5,27,10,0,20
5,28,10,0,11
5,29,10,1,0
5,30,1,0,16
5,31,1,0,8
5,32,1,0,24
5,33,1,4,10
5,34,4,0,18
5,35,4,0,9
5,36,4,0,24
5,37,4,0,6
5,38,4,0,6
5,39,4,0,14
5,40,4,0,0
5,41,5,4,9
5,42,5,0,1
5,43,5,0,5
5,44,5,0,7
5,45,5,0,13
5,46,5,0,22
5,47,5,0,16
5,48,5,0,7
5,49,5,0,14
5,50,5,0,24
5,51,5,0,19
5,52,5,0,21
5,53,5,0,23
5,54,5,0,18
5,55,5,0,22
5,56,5,0,2
5,57,5,0,4
5,58,5,0,1
5,59,5,0,5
5,60,5,0,2
5,61,5,0,2
5,62,5,0,7
6,0,5,0,10
6,1,5,0,8
6,2,5,0,16
6,3,5,0,20
6,4,5,0,17
6,5,5,0,19
6,6,5,0,3
6,7,5,0,8
6,8,5,0,15
6,9,5,0,12
6,10,5,0,4
6,11,5,0,14
6,12,5,0,11
6,13,5,0,21
6,14,5,4,3
6,15,4,0,9
6,16,4,0,20
6,17,4,0,5
6,18,4,0,4
6,19,4,0,0
6,20,1,4,24
6,21,1,0,7
6,22,1,0,0
6,23,1,0,23
6,24,1,0,10
6,25,10,1,23
6,26,10,0,12
6,27,10,0,24
6,28,10,0,12
6,29,10,1,18
6,30,1,0,10
6,31,1,0,12
6,32,1,4,0
6,33,4,0,14
6,34,4,0,18
6,35,4,0,3
6,36,4,0,11
6,37,4,0,22
6,38,4,0,15
6,39,4,0,5
6,40,5,4,19
6,41,5,0,9
6,42,5,0,21
6,43,5,0,16
6,44,5,0,16
6,45,5,0,15
6,46,5,0,6
6,47,5,0,2
6,48,5,0,22
6,49,5,0,12
6,50,5,0,24
6,51,5,0,18
6,52,5,0,2
6,53,5,0,1
6,54,5,0,10
6,55,5,0,3
6,56,5,0,12
6,57,5,0,23
6,58,5,0,11
6,59,5,0,8
6,60,5,0,20
6,61,5,0,20
6,62,5,0,11
7,0,5,0,11
7,1,5,0,13
7,2,5,0,23
7,3,5,0,7
7,4,5,0,22
7,5,5,0,4
7,6,5,0,13
7,7,5,0,16
7,8,5,0,10
7,9,5,0,23
7,10,5,0,4
7,11,5,0,0
7,12,5,0,15
7,13,5,0,2
7,14,5,4,18
7,15,4,0,19
7,16,4,0,6
7,17,4,0,4
7,18,4,0,9
7,19,1,4,6
7,20,1,0,3
7,21,1,0,19
7,22,1,0,3
7,23,1,0,11
7,24,1,0,17
7,25,10,1,7
7,26,10,0,16
7,27,10,0,5
7,28,10,1,0
7,29,1,0,0
7,30,1,0,4
7,31,1,0,9
7,32,1,4,18
7,33,4,0,20
7,34,4,0,17
7,35,4,0,16
7,36,4,0,6
7,37,4,0,0
7,38,4,0,2
7,39,5,4,6
7,40,5,0,9
7,41,5,0,15
7,42,5,0,14
7,43,5,0,6
7,44,5,0,14
7,45,5,0,16
7,46,5,0,19
7,47,5,0,11
7,48,5,0,2
7,49,5,0,7
7,50,5,0,2
7,51,5,0,7
7,52,5,0,9
7,53,5,0,19
7,54,5,0,3
7,55,5,0,11
7,56,5,0,15
7,57,5,0,5
7,58,5,0,23
7,59,5,0,23
7,60,5,0,24
7,61,5,0,14
7,62,5,0,17
8,0,5,0,16
8,1,5,0,2
8,2,5,0,13
8,3,5,0,5
8,4,5,0,24
8,5,5,0,6
8,6,5,0,7
8,7,5,0,21
8,8,5,0,3
8,9,5,0,14
8,10,5,0,12
8,11,5,0,19
8,12,5,0,7
8,13,5,4,0
8,14,4,0,8
8,15,4,0,0
8,16,4,0,7
8,17,4,0,6
8,18,4,0,0
8,19,1,4,23
8,20,1,0,6
8,21,1,0,18
8,22,1,0,5
8,23,1,0,14
8,24,1,0,2
8,25,10,1,21
8,26,10,1,20
8,27,10,0,6
8,28,10,1,18
8,29,1,0,22
8,30,1,0,10
8,31,1,4,5
8,32,4,0,6
8,33,4,0,14
8,34,4,0,23
8,35,4,0,17
8,36,4,0,9
8,37,4,0,10
8,38,4,0,15
8,39,5,4,24
8,40,5,0,3
8,41,5,0,21
8,42,5,0,10
8,43,5,0,0
8,44,5,0,11
8,45,5,0,4
8,46,5,0,9
8,47,5,0,2
8,48,5,0,8
8,49,5,0,17
8,50,5,0,15
8,51,5,0,1
8,52,5,0,13
8,53,5,0,22
8,54,5,0,2
8,55,5,0,10
8,56,5,0,1
8,57,5,0,17
8,58,5,0,12
8,59,5,0,2
8,60,5,0,5
8,61,5,0,21
8,62,5,0,12
9,0,5,0,0
9,1,5,0,14
9,2,5,0,1
9,3,5,0,2
9,4,5,0,9
9,5,5,0,13
9,6,5,0,4
9,7,5,0,8
9,8,5,0,17
9,9,5,0,0
9,10,5,0,18
9,11,5,0,1
9,12,5,0,8
9,13,5,4,18
9,14,4,0,18
9,15,4,0,3
9,16,4,0,11
9,17,4,0,12
9,18,4,0,3
9,19,1,4,7
9,20,1,0,12
9,21,1,0,17
9,22,1,0,22
9,23,1,0,2
9,24,1,0,19
9,25,10,1,8
9,26,10,1,21
9,27,10,1,15
9,28,1,0,11
9,29,1,0,8
9,30,1,4,15
9,31,4,0,12
9,32,4,0,12
9,33,4,0,8
9,34,4,0,11
9,35,4,0,6
9,36,4,0,0
9,37,4,0,3
9,38,5,4,14
9,39,5,0,23
9,40,5,0,8
9,41,5,0,4
9,42,5,0,8
9,43,5,0,5
9,44,5,0,3
9,45,5,0,17
9,46,5,0,19
9,47,5,0,15
9,48,5,0,10
9,49,5,0,2
9,50,5,0,9
9,51,5,0,6
9,52,5,0,7
9,53,5,0,11
9,54,5,0,15
9,55,5,0,13
9,56,5,0,9
9,57,5,0,13
9,58,5,0,12
9,59,5,0,24
9,60,5,0,10
9,61,5,0,19
9,62,5,0,1
10,0,5,0,9
10,1,5,0,18
10,2,5,0,2
10,3,5,0,17
10,4,5,0,11
10,5,5,0,16
10,6,5,0,0
10,7,5,0,5
10,8,5,0,14
10,9,5,0,18
10,10,5,0,22
10,11,5,0,16
10,12,5,4,0
10,13,4,0,19
10,14,4,0,7
10,15,4,0,18
10,16,4,0,8
10,17,4,0,23
10,18,4,0,16
10,19,1,4,21
10,20,1,0,24
10,21,1,0,23
10,22,1,0,17
10,23,1,0,20
10,24,1,0,9
10,25,1,0,24
10,26,10,1,8
10,27,1,0,16
10,28,1,0,5
10,29,1,4,15
10,30,4,0,5
10,31,4,0,7
10,32,4,0,22
10,33,4,0,21
10,34,4,0,4
10,35,4,0,17
10,36,4,0,20
10,37,5,4,14
10,38,5,0,14
10,39,5,0,19
10,40,5,0,15
10,41,5,0,20
10,42,5,0,12
10,43,5,0,10
10,44,5,0,11
10,45,5,0,12
10,46,5,0,19
10,47,5,0,0
10,48,5,0,21
10,49,5,0,16
10,50,5,0,13
10,51,5,0,1
10,52,5,0,14
10,53,5,0,13
10,54,5,0,4
10,55,5,0,20
10,56,5,0,3
10,57,5,0,12
10,58,5,0,10
10,59,5,0,3
10,60,5,0,18
10,61,5,0,2
10,62,5,0,4
11,0,5,0,13
11,1,5,0,14
11,2,5,0,0
11,3,5,0,2
11,4,5,0,14
11,5,5,0,21
11,6,5,0,1
11,7,5,0,7
11,8,5,0,2
11,9,5,0,9
11,10,5,0,23
11,11,5,0,5
11,12,5,4,1
11,13,4,0,6
11,14,4,0,24
11,15,4,0,16
11,16,4,0,16
11,17,4,0,17
11,18,4,0,23
11,19,1,4,7
11,20,1,0,2
11,21,1,0,10
11,22,1,0,7
11,23,1,0,24
11,24,1,0,9
11,25,1,0,13
11,26,1,0,7
11,27,1,0,3
11,28,1,4,15
11,29,4,0,22
11,30,4,0,20
11,31,4,0,18
11,32,4,0,6
11,33,4,0,18
11,34,4,0,7
11,35,4,0,19
11,36,5,4,9
11,37,5,0,15
11,38,5,0,0
11,39,5,0,20
11,40,5,0,18
11,41,5,0,21
11,42,5,0,20
11,43,5,0,18
11,44,5,0,13
11,45,5,0,7
11,46,5,0,8
11,47,5,0,22
11,48,5,0,5
11,49,5,0,22
11,50,5,0,1
11,51,5,0,14
11,52,5,0,12
11,53,5,0,15
11,54,5,0,21
11,55,5,0,10
11,56,5,0,9
11,57,5,0,3
11,58,5,0,21
11,59,5,0,9
11,60,5,0,12
11,61,5,0,15
11,62,5,0,18
12,0,5,0,0
12,1,5,0,3
12,2,5,0,14
12,3,5,0,7
12,4,5,0,8
12,5,5,0,24
12,6,5,0,4
12,7,5,0,4
12,8,5,0,2
12,9,5,0,1
12,10,5,0,18
12,11,5,0,0
12,12,5,4,18
12,13,4,0,24
12,14,4,0,10
12,15,4,0,14
12,16,4,0,18
12,17,4,0,4
12,18,4,0,5
12,19,1,4,22
12,20,1,0,21
12,21,1,0,24
12,22,1,0,11
12,23,1,0,22
12,24,1,0,0
12,25,1,0,5
12,26,1,4,20
12,27,1,4,15
12,28,4,6,20
12,29,4,0,20
12,30,4,0,21
12,31,4,0,23
12,32,4,0,11
12,33,4,0,14
12,34,4,0,0
12,35,5,4,14
12,36,5,0,16
12,37,5,0,21
12,38,5,0,20
12,39,5,0,11
12,40,5,0,22
12,41,5,0,5
12,42,5,0,14
12,43,5,0,5
12,44,5,0,19
12,45,5,0,4
12,46,5,0,7
12,47,5,0,8
12,48,5,0,23
12,49,5,0,2
12,50,5,0,13
12,51,5,0,19
12,52,5,0,10
12,53,5,0,6
12,54,5,0,8
12,55,5,0,12
12,56,5,0,16
12,57,5,0,10
12,58,5,0,20
12,59,5,0,12
12,60,5,0,0
12,61,5,0,11
12,62,5,0,23
13,0,5,0,21
13,1,5,0,22
13,2,5,0,2
13,3,5,0,1
13,4,5,0,19
13,5,5,0,7
13,6,5,0,6
13,7,5,0,14
13,8,5,0,19
13,9,5,0,4
13,10,5,0,21
13,11,5,4,0
13,12,4,0,13
13,13,4,0,19
13,14,4,0,2
13,15,4,0,7
13,16,4,0,21
13,17,4,0,6
13,18,4,0,22
13,19,1,4,22
13,20,1,0,17
13,21,1,0,21
13,22,1,0,21
13,23,1,0,9
13,24,1,4,20
13,25,1,4,13
13,26,1,4,8
13,27,4,6,10
13,28,4,6,7
13,29,4,0,8
13,30,4,0,5
13,31,4,0,24
13,32,4,0,9
13,33,4,0,15
13,34,5,4,11
13,35,5,0,4
13,36,5,0,3
13,37,5,0,17
13,38,5,0,5
13,39,5,0,2
13,40,5,0,9
13,41,5,0,1
13,42,5,0,21
13,43,5,0,19
13,44,5,0,8
13,45,5,0,3
13,46,5,0,8
13,47,5,0,4
13,48,5,0,24
13,49,5,0,10
13,50,5,0,19
13,51,5,0,1
13,52,5,0,21
13,53,5,0,1
13,54,5,0,3
13,55,5,0,13
13,56,5,0,13
13,57,5,0,1
13,58,5,0,11
13,59,5,0,22
13,60,5,0,10
13,61,5,0,10
13,62,5,0,3
14,0,5,0,4
14,1,5,0,8
14,2,5,0,14
14,3,5,0,7
14,4,5,0,18
14,5,5,0,16
14,6,5,0,9
14,7,5,0,24
14,8,5,0,14
14,9,5,0,5
14,10,5,0,20
14,11,5,4,1
14,12,4,0,18
14,13,4,0,12
14,14,4,0,23
14,15,4,0,20
14,16,4,0,10
14,17,4,0,3
14,18,4,0,0
14,19,1,4,21
14,20,1,4,20
14,21,1,4,20
14,22,1,4,20
14,23,1,4,13
14,24,1,4,8
14,25,4,0,22
14,26,4,6,0
14,27,6,0,16
14,28,4,6,24
14,29,4,0,11
14,30,4,0,19
14,31,4,0,13
14,32,4,0,15
14,33,5,4,14
14,34,5,0,21
14,35,5,0,16
14,36,5,0,12
14,37,5,0,10
14,38,5,0,1
14,39,5,0,4
14,40,5,0,6
14,41,5,0,18
14,42,5,0,21
14,43,5,0,16
14,44,5,0,11
14,45,5,0,14
14,46,5,0,4
14,47,5,0,13
14,48,5,0,9
14,49,5,0,17
14,50,5,0,4
14,51,5,0,12
14,52,5,0,13
14,53,5,0,14
14,54,5,0,9
14,55,5,0,3
14,56,5,0,6
14,57,5,0,16
14,58,5,0,21
14,59,5,0,11
14,60,5,0,21
14,61,5,0,5
14,62,5,0,0
15,0,5,0,7
15,1,5,0,11
15,2,5,0,8
15,3,5,0,14
15,4,5,0,17
15,5,5,0,2
15,6,5,0,10
15,7,5,0,0
15,8,5,0,12
15,9,5,0,18
15,10,5,0,15
15,11,5,4,1
15,12,4,0,1
15,13,4,0,6
15,14,4,0,21
15,15,4,0,15
15,16,4,0,17
15,17,4,0,22
15,18,4,0,12
15,19,1,4,8
15,20,1,4,8
15,21,1,4,8
15,22,1,4,8
15,23,4,0,4
15,24,4,0,9
15,25,4,0,20
15,26,4,6,17
15,27,4,6,14
15,28,4,0,21
15,29,4,0,12
15,30,4,0,21
15,31,4,0,3
15,32,5,4,9
15,33,5,0,4
15,34,5,0,5
15,35,5,0,7
15,36,5,0,8
15,37,5,0,9
15,38,5,0,8
15,39,5,0,5
15,40,5,0,5
15,41,5,0,14
15,42,5,0,23
15,43,5,0,8
15,44,5,0,8
15,45,5,0,13
15,46,5,0,13
15,47,5,0,11
15,48,5,0,23
15,49,5,0,7
15,50,5,0,23
15,51,5,0,23
15,52,5,0,5
15,53,5,0,17
15,54,5,0,23
15,55,5,0,9
15,56,5,0,11
15,57,5,0,10
15,58,5,0,8
15,59,5,0,9
15,60,5,0,9
15,61,5,0,10
15,62,5,0,6
16,0,5,0,5
16,1,5,0,18
16,2,5,0,20
16,3,5,0,16
16,4,5,0,7
16,5,5,0,23
16,6,5,0,13
16,7,5,0,22
16,8,5,0,8
16,9,5,0,17
16,10,5,0,19
16,11,5,4,18
16,12,4,0,20
16,13,4,0,19
16,14,4,0,1
16,15,4,0,23
16,16,4,0,17
16,17,4,0,5
16,18,4,0,7
16,19,4,0,8
16,20,4,0,6
16,21,4,0,19
16,22,4,0,3
16,23,4,0,5
16,24,4,0,22
16,25,4,0,7
16,26,4,6,4
16,27,4,0,20
16,28,4,0,15
16,29,4,0,2
16,30,4,0,4
16,31,5,4,14
16,32,5,0,17
16,33,5,0,16
16,34,5,0,3
16,35,5,0,7
16,36,5,0,14
16,37,5,0,17
16,38,5,0,0
16,39,5,0,14
16,40,5,0,12
16,41,5,0,0
16,42,5,0,21
16,43,5,0,22
16,44,5,0,20
16,45,5,0,21
16,46,5,0,16
16,47,5,0,19
16,48,5,0,24
16,49,5,0,1
16,50,5,0,7
16,51,5,0,7
16,52,5,0,1
16,53,5,0,20
16,54,5,0,13
16,55,5,0,3
16,56,5,0,4
16,57,5,0,22
16,58,5,0,0
16,59,5,0,22
16,60,5,0,13
16,61,5,0,19
16,62,5,0,22
17,0,5,0,6
17,1,5,0,14
17,2,5,0,22
17,3,5,0,12
17,4,5,0,7
17,5,5,0,4
17,6,5,0,21
17,7,5,0,3
17,8,5,0,16
17,9,5,0,0
17,10,5,4,0
17,11,4,0,3
17,12,4,0,9
17,13,4,0,17
17,14,4,0,2
17,15,4,0,0
17,16,4,0,5
17,17,4,0,1
17,18,4,0,2
17,19,4,0,17
17,20,4,0,4
17,21,4,0,11
17,22,4,0,20
17,23,4,0,8
17,24,4,0,1
17,25,4,0,6
17,26,4,0,16
17,27,4,0,19
17,28,4,0,3
17,29,5,4,16
17,30,5,4,14
17,31,5,0,0
17,32,5,0,18
17,33,5,0,2
17,34,5,0,14
17,35,5,0,5
17,36,5,0,2
17,37,5,0,17
17,38,5,0,3
17,39,5,0,4
17,40,5,0,16
17,41,5,0,0
17,42,5,0,15
17,43,5,0,13
17,44,5,0,6
17,45,5,0,3
17,46,5,0,13
17,47,5,0,21
17,48,5,0,14
17,49,5,0,15
17,50,5,0,3
17,51,5,0,2
17,52,5,0,14
17,53,5,0,19
17,54,5,0,0
17,55,5,0,17
17,56,5,0,23
17,57,5,0,21
17,58,5,0,3
17,59,5,0,22
17,60,5,0,8
17,61,5,0,15
17,62,5,0,5
18,0,5,0,23
18,1,5,0,17
18,2,5,0,7
18,3,5,0,9
18,4,5,0,1
18,5,5,0,14
18,6,5,0,17
18,7,5,0,5
18,8,5,0,2
18,9,5,0,24
18,10,5,4,3
18,11,5,4,16
18,12,4,0,16
18,13,4,0,13
18,14,4,0,10
18,15,4,0,7
18,16,4,0,1
18,17,4,0,21
18,18,4,0,20
18,19,4,0,19
18,20,4,0,6
18,21,4,0,11
18,22,4,0,17
18,23,4,0,5
18,24,4,0,14
18,25,4,0,15
18,26,4,0,12
18,27,4,0,18
18,28,5,4,11
18,29,5,4,4
18,30,5,0,17
18,31,5,0,8
18,32,5,0,6
18,33,5,0,13
18,34,5,0,22
18,35,5,0,9
18,36,5,0,8
18,37,5,0,5
18,38,5,0,4
18,39,5,0,17
18,40,5,0,23
18,41,5,0,19
18,42,5,0,8
18,43,5,0,13
18,44,5,0,22
18,45,5,0,12
18,46,5,0,9
18,47,5,0,9
18,48,5,0,0
18,49,5,0,2
18,50,5,0,6
18,51,5,0,0
18,52,5,0,4
18,53,5,0,10
18,54,5,0,12
18,55,5,0,7
18,56,5,0,24
18,57,5,0,10
18,58,5,0,1
18,59,5,0,19
18,60,5,0,10
18,61,5,0,9
18,62,5,0,9
19,0,5,0,9
19,1,5,0,6
19,2,5,0,24
19,3,5,0,4
19,4,5,0,10
19,5,5,0,15
19,6,5,0,4
19,7,5,0,3
19,8,5,0,10
19,9,5,0,11
19,10,5,4,4
19,11,5,4,3
19,12,4,0,13
19,13,4,0,11
19,14,4,0,7
19,15,4,0,9
19,16,4,0,22
19,17,4,0,4
19,18,4,0,7
19,19,4,0,14
19,20,4,0,10
19,21,4,0,14
19,22,4,0,14
19,23,4,0,14
19,24,4,0,2
19,25,4,0,8
19,26,4,0,18
19,27,5,4,9
19,28,5,0,6
19,29,5,0,6
19,30,5,0,5
19,31,5,0,16
19,32,5,0,10
19,33,5,0,4
19,34,5,0,6
19,35,5,0,24
19,36,5,0,3
19,37,5,0,2
19,38,5,0,23
19,39,5,0,16
19,40,5,0,18
19,41,5,0,17
19,42,5,0,14
19,43,5,0,0
19,44,5,0,24
19,45,5,0,4
19,46,5,0,6
19,47,5,0,14
19,48,5,0,10
19,49,5,0,5
19,50,5,0,23
19,51,5,0,20
19,52,5,0,15
19,53,5,0,4
19,54,5,0,18
19,55,5,0,9
19,56,5,0,24
19,57,5,0,15
19,58,5,0,22
19,59,5,0,10
19,60,5,0,5
19,61,5,0,23
19,62,5,0,16
20,0,5,0,22
20,1,5,0,21
20,2,5,0,16
20,3,5,0,17
20,4,5,0,11
20,5,5,0,11
20,6,5,0,3
20,7,5,0,14
20,8,5,0,13
20,9,5,0,13
20,10,5,0,18
20,11,5,4,1
20,12,5,4,16
20,13,4,0,1
20,14,4,0,2
20,15,4,0,13
20,16,4,0,8
20,17,4,0,14
20,18,4,0,12
20,19,4,0,1
20,20,4,0,12
20,21,4,0,23
20,22,4,0,10
20,23,4,0,8
20,24,5,4,16
20,25,5,4,16
20,26,5,4,11
20,27,5,0,14
20,28,5,0,7
20,29,5,0,4
20,30,5,0,8
20,31,5,0,15
20,32,5,0,14
20,33,5,0,16
20,34,5,0,17
20,35,5,0,5
20,36,5,0,11
20,37,5,0,5
20,38,5,0,6
20,39,5,0,19
20,40,5,0,5
20,41,5,0,3
20,42,5,0,13
20,43,5,0,8
20,44,5,0,20
20,45,5,0,1
20,46,5,0,7
20,47,5,0,11
20,48,5,0,11
20,49,5,0,3
20,50,5,0,17
20,51,5,0,24
20,52,5,0,7
20,53,5,0,3
20,54,5,0,4
20,55,5,0,5
20,56,5,0,3
20,57,5,0,13
20,58,5,0,16
20,59,5,0,1
20,60,5,0,3
20,61,5,0,8
20,62,5,0,0
21,0,5,0,22
21,1,5,0,13
21,2,5,0,17
21,3,5,0,18
21,4,5,0,18
21,5,5,0,5
21,6,5,0,20
21,7,5,0,16
21,8,5,0,2
21,9,5,0,24
21,10,5,0,14
21,11,5,4,4
21,12,5,4,1
21,13,5,4,16
21,14,4,0,2
21,15,4,0,21
21,16,4,0,11
21,17,4,0,0
21,18,4,0,16
21,19,4,0,0
21,20,4,0,3
21,21,4,0,3
21,22,4,0,16
21,23,5,4,6
21,24,5,4,4
21,25,5,4,4
21,26,5,0,23
21,27,5,0,9
21,28,5,0,2
21,29,5,0,10
21,30,5,0,9
21,31,5,0,16
21,32,5,0,7
21,33,5,0,14
21,34,5,0,17
21,35,5,0,21
21,36,5,0,8
21,37,5,0,19
21,38,5,0,4
21,39,5,0,11
21,40,5,0,1
21,41,5,0,14
21,42,5,0,21
21,43,5,0,21
21,44,5,0,12
21,45,5,0,7
21,46,5,0,13
21,47,5,0,15
21,48,5,0,12
21,49,5,0,23
21,50,5,0,19
21,51,5,0,10
21,52,5,0,6
21,53,5,0,10
21,54,5,0,9
21,55,5,0,4
21,56,5,0,11
21,57,5,0,4
21,58,5,0,3
21,59,5,0,12
21,60,5,0,14
21,61,5,0,14
21,62,5,0,3
22,0,5,0,22
22,1,5,0,19
22,2,5,0,0
22,3,5,0,23
22,4,5,0,11
22,5,5,0,10
22,6,5,0,9
22,7,5,0,9
22,8,5,0,19
22,9,5,0,4
22,10,5,0,24
22,11,5,0,23
22,12,5,4,4
22,13,5,4,3
22,14,4,0,7
22,15,4,0,18
22,16,4,0,6
22,17,4,0,13
22,18,4,0,18
22,19,4,0,23
22,20,4,0,19
22,21,4,0,10
22,22,4,0,6
22,23,5,4,24
22,24,5,0,14
22,25,5,0,16
22,26,5,0,1
22,27,5,0,19
22,28,5,0,22
22,29,5,0,1
22,30,5,0,0
22,31,5,0,0
22,32,5,0,16
22,33,5,0,24
22,34,5,0,20
22,35,5,0,2
22,36,5,0,7
22,37,5,0,7
22,38,5,0,24
22,39,5,0,2
22,40,5,0,3
22,41,5,0,21
22,42,5,0,21
22,43,5,0,12
22,44,5,0,14
22,45,5,0,24
22,46,5,0,4
22,47,5,0,19
22,48,5,0,14
22,49,5,0,8
22,50,5,0,2
22,51,5,0,23
22,52,5,0,3
22,53,5,0,20
22,54,5,0,7
22,55,5,0,12
22,56,5,0,2
22,57,5,0,20
22,58,5,0,14
22,59,5,0,5
22,60,5,0,22
22,61,5,0,4
22,62,5,0,4
23,0,5,0,5
23,1,5,0,23
23,2,5,0,19
23,3,5,0,20
23,4,5,0,17
23,5,5,0,6
23,6,5,0,6
23,7,5,0,4
23,8,5,0,15
23,9,5,0,3
23,10,5,0,17
23,11,5,0,0
23,12,5,0,7
23,13,5,4,1
23,14,4,0,4
23,15,4,0,7
23,16,4,0,0
23,17,4,0,4
23,18,4,0,5
23,19,4,0,10
23,20,4,0,22
23,21,4,0,5
23,22,5,4,11
23,23,5,0,5
23,24,5,0,1
23,25,5,0,22
23,26,5,0,24
23,27,5,0,22
23,28,5,0,24
23,29,5,0,6
23,30,5,0,16
23,31,5,0,24
23,32,5,0,8
23,33,5,0,23
23,34,5,0,7
23,35,5,0,21
23,36,5,0,11
23,37,5,0,8
23,38,5,0,3
23,39,5,0,7
23,40,5,0,16
23,41,5,0,8
23,42,5,0,20
23,43,5,0,7
23,44,5,0,0
23,45,5,0,18
23,46,5,0,19
23,47,5,0,17
23,48,5,0,24
23,49,5,0,22
23,50,5,0,24
23,51,5,0,10
23,52,5,0,21
23,53,5,0,0
23,54,5,0,12
23,55,5,0,10
23,56,5,0,10
23,57,5,0,24
23,58,5,0,2
23,59,5,0,1
23,60,5,0,0
23,61,5,0,7
23,62,5,0,3
24,0,5,0,24
24,1,5,0,4
24,2,5,0,12
24,3,5,0,24
24,4,5,0,22
24,5,5,0,12
24,6,5,0,6
24,7,5,0,5
24,8,5,0,19
24,9,5,0,11
24,10,5,0,21
24,11,5,0,12
24,12,5,0,6
24,13,5,4,18
24,14,4,0,3
24,15,4,0,10
24,16,4,0,22
24,17,4,0,18
24,18,4,0,2
24,19,4,0,11
24,20,4,0,4
24,21,5,4,11
24,22,5,0,22
24,23,5,0,11
24,24,5,0,11
24,25,5,0,13
24,26,5,0,11
24,27,5,0,9
24,28,5,0,20
24,29,5,0,0
24,30,5,0,16
24,31,5,0,2
24,32,5,0,18
24,33,5,0,20
24,34,5,0,13
24,35,5,0,23
24,36,5,0,3
24,37,5,0,24
24,38,5,0,3
24,39,5,0,13
24,40,5,0,22
24,41,5,0,6
24,42,5,0,10
24,43,5,0,1
24,44,5,0,21
24,45,5,0,8
24,46,5,0,8
24,47,5,0,0
24,48,5,0,10
24,49,5,0,4
24,50,5,0,8
24,51,5,0,18
24,52,5,0,24
24,53,5,0,6
24,54,5,0,6
24,55,5,0,5
24,56,5,0,4
24,57,5,0,24
24,58,5,0,1
24,59,5,0,0
24,60,5,0,20
24,61,5,0,14
24,62,5,0,0
25,0,5,0,21
25,1,5,0,11
25,2,5,0,13
25,3,5,0,20
25,4,5,0,23
25,5,5,0,2
25,6,5,0,5
25,7,5,0,10
25,8,5,0,0
25,9,5,0,8
25,10,5,0,22
25,11,5,0,21
25,12,5,4,0
25,13,4,0,21
25,14,4,0,0
25,15,4,0,13
25,16,4,0,9
25,17,4,0,22
25,18,4,0,7
25,19,4,0,14
25,20,5,4,14
25,21,5,0,18
25,22,5,0,4
25,23,5,0,8
25,24,5,0,6
25,25,5,0,15
25,26,5,0,16
25,27,5,0,9
25,28,5,0,22
25,29,5,0,17
25,30,5,0,13
25,31,5,0,20
25,32,5,0,9
25,33,5,0,9
25,34,5,0,1
25,35,5,0,21
25,36,5,0,9
25,37,5,0,18
25,38,5,0,20
25,39,5,0,3
25,40,5,0,16
25,41,5,0,0
25,42,5,0,9
25,43,5,0,2
25,44,5,0,7
25,45,5,0,13
25,46,5,0,18
25,47,5,0,3
25,48,5,0,9
25,49,5,0,24
25,50,5,0,21
25,51,5,0,17
25,52,5,0,13
25,53,5,0,16
25,54,5,0,14
25,55,5,0,21
25,56,5,0,17
25,57,5,0,0
25,58,5,0,11
25,59,5,0,7
25,60,5,0,13
25,61,5,0,23
25,62,5,0,10
26,0,5,0,19
26,1,5,0,19
26,2,5,0,14
26,3,5,0,10
26,4,5,0,18
26,5,5,0,0
26,6,5,0,15
26,7,5,0,3
26,8,5,0,14
26,9,5,0,19
26,10,5,0,16
26,11,5,0,23
26,12,5,4,2
26,13,4,0,4
26,14,4,0,14
26,15,4,0,21
26,16,4,0,22
26,17,4,0,21
26,18,4,0,2
26,19,5,4,11
26,20,5,0,17
26,21,5,0,12
26,22,5,0,0
26,23,5,0,24
26,24,5,0,11
26,25,5,0,1
26,26,5,0,11
26,27,5,0,3
26,28,5,0,5
26,29,5,0,0
26,30,5,0,17
26,31,5,0,21
26,32,5,0,12
26,33,5,0,3
26,34,5,0,3
26,35,5,0,5
26,36,5,0,2
26,37,5,0,20
26,38,5,0,13
26,39,5,0,20
26,40,5,0,5
26,41,5,0,6
26,42,5,0,0
26,43,5,0,10
26,44,5,0,10
26,45,5,0,12
26,46,5,0,17
26,47,5,0,9
26,48,5,0,8
26,49,5,0,12
26,50,5,0,17
26,51,5,0,5
26,52,5,0,17
26,53,5,0,19
26,54,5,0,11
26,55,5,0,1
26,56,5,0,24
26,57,5,0,15
26,58,5,0,7
26,59,5,0,23
26,60,5,0,13
26,61,5,0,0
26,62,5,0,20
27,0,5,0,22
27,1,5,0,18
27,2,5,0,17
27,3,5,0,5
27,4,5,0,22
27,5,5,0,24
27,6,5,0,17
27,7,5,0,15
27,8,5,0,11
27,9,5,0,5
27,10,5,0,8
27,11,5,0,7
27,12,5,4,17
27,13,5,4,16
27,14,4,0,1
27,15,4,0,3
27,16,5,4,16
27,17,5,4,16
27,18,5,4,14
27,19,5,0,23
27,20,5,0,19
27,21,5,0,3
27,22,5,0,12
27,23,5,0,1
27,24,5,0,23
27,25,5,0,15
27,26,5,0,12
27,27,5,0,5
27,28,5,0,19
27,29,5,0,0
27,30,5,0,1
27,31,5,0,22
27,32,5,0,12
27,33,5,0,12
27,34,5,0,6
27,35,5,0,7
27,36,5,0,22
27,37,5,0,18
27,38,5,0,14
27,39,5,0,1
27,40,5,0,0
27,41,5,0,5
27,42,5,0,13
27,43,5,0,0
27,44,5,0,13
27,45,5,0,15
27,46,5,0,0
27,47,5,0,13
27,48,5,0,23
27,49,5,0,15
27,50,5,0,2
27,51,5,0,9
27,52,5,0,3
27,53,5,0,16
27,54,5,0,22
27,55,5,0,24
27,56,5,0,22
27,57,5,0,9
27,58,5,0,12
27,59,5,0,21
27,60,5,0,23
27,61,5,0,6
27,62,5,0,19
28,0,5,0,22
28,1,5,0,15
28,2,5,0,16
28,3,5,0,4
28,4,5,0,24
28,5,5,0,12
28,6,5,0,13
28,7,5,0,6
28,8,5,0,1
28,9,5,0,0
28,10,5,0,2
28,11,5,0,9
28,12,5,4,4
28,13,5,4,3
28,14,4,0,17
28,15,5,4,11
28,16,5,4,4
28,17,5,4,4
28,18,5,0,11
28,19,5,0,6
28,20,5,0,4
28,21,5,0,15
28,22,5,0,11
28,23,5,0,15
28,24,5,0,10
28,25,5,0,21
28,26,5,0,21
28,27,5,0,5
28,28,5,0,6
28,29,5,0,18
28,30,5,0,16
28,31,5,0,10
28,32,5,0,13
28,33,5,0,8
28,34,5,0,11
28,35,5,0,7
28,36,5,0,6
28,37,5,0,17
28,38,5,0,14
28,39,5,0,0
28,40,5,0,5
28,41,5,0,11
28,42,5,0,9
28,43,5,0,6
28,44,5,0,11
28,45,5,0,1
28,46,5,0,14
28,47,5,0,13
28,48,5,0,0
28,49,5,0,23
28,50,5,0,20
28,51,5,0,24
28,52,5,0,23
28,53,5,0,0
28,54,5,0,3
28,55,5,0,13
28,56,5,0,3
28,57,5,0,1
28,58,5,0,23
28,59,5,0,10
28,60,5,0,12
28,61,5,0,13
28,62,5,0,13
29,0,5,0,24
29,1,5,0,1
29,2,5,0,3
29,3,5,0,7
29,4,5,0,7
29,5,5,0,10
29,6,5,0,11
29,7,5,0,18
29,8,5,0,19
29,9,5,0,1
29,10,5,0,24
29,11,5,0,21
29,12,5,0,19
29,13,5,4,2
29,14,5,4,14
29,15,5,0,15
29,16,5,0,10
29,17,5,0,8
29,18,5,0,8
29,19,5,0,20
29,20,5,0,4
29,21,5,0,17
29,22,5,0,9
29,23,5,0,10
29,24,5,0,24
29,25,5,0,2
29,26,5,0,15
29,27,5,0,0
29,28,5,0,20
29,29,5,0,21
29,30,5,0,5
29,31,5,0,19
29,32,5,0,6
29,33,5,0,14
29,34,5,0,9
29,35,5,0,16
29,36,5,0,0
29,37,5,0,21
29,38,5,0,14
29,39,5,0,14
29,40,5,0,24
29,41,5,0,14
29,42,5,0,22
29,43,5,0,20
29,44,5,0,8
29,45,5,0,14
29,46,5,0,14
29,47,5,0,9
29,48,5,0,15
29,49,5,0,1
29,50,5,0,14
29,51,5,0,21
29,52,5,0,5
29,53,5,0,11
29,54,5,0,21
29,55,5,0,2
29,56,5,0,11
29,57,5,0,20
29,58,5,0,22
29,59,5,0,4
29,60,5,0,1
29,61,5,0,21
29,62,5,0,12
30,0,5,0,13
30,1,5,0,2
30,2,5,0,10
30,3,5,0,23
30,4,5,0,6
30,5,5,0,10
30,6,5,0,21
30,7,5,0,10
30,8,5,0,5
30,9,5,0,10
30,10,5,0,6
30,11,5,0,24
30,12,5,0,24
30,13,5,4,4
30,14,5,0,24
30,15,5,0,11
30,16,5,0,15
30,17,5,0,6
30,18,5,0,12
30,19,5,0,24
30,20,5,0,22
30,21,5,0,13
30,22,5,0,4
30,23,5,0,17
30,24,5,0,0
30,25,5,0,6
30,26,5,0,22
30,27,5,0,24
30,28,5,0,13
30,29,5,0,6
30,30,5,0,20
30,31,5,0,21
30,32,5,0,19
30,33,5,0,10
30,34,5,0,12
30,35,5,0,9
30,36,5,0,23
30,37,5,0,23
30,38,5,0,21
30,39,5,0,23
30,40,5,0,17
30,41,5,0,20
30,42,5,0,5
30,43,5,0,16
30,44,5,0,14
30,45,5,0,9
30,46,5,0,8
30,47,5,0,23
30,48,5,0,4
30,49,5,0,7
30,50,5,0,1
30,51,5,0,7
30,52,5,0,1
30,53,5,0,4
30,54,5,0,20
30,55,5,0,11
30,56,5,0,16
30,57,5,0,14
30,58,5,0,20
30,59,5,0,2
30,60,5,0,18
30,61,5,0,18
30,62,5,0,6
31,0,5,0,10
31,1,5,0,22
31,2,5,0,7
31,3,5,0,4
31,4,5,0,9
31,5,5,0,0
31,6,5,0,19
31,7,5,0,15
31,8,5,0,23
31,9,5,0,21
31,10,5,0,2
31,11,5,0,20
31,12,5,0,10
31,13,5,0,6
31,14,5,0,14
31,15,5,0,10
31,16,5,0,9
31,17,5,0,22
31,18,5,0,20
31,19,5,0,2
31,20,5,0,10
31,21,5,0,6
31,22,5,0,20
31,23,5,0,18
31,24,5,0,12
31,25,5,0,9
31,26,5,0,3
31,27,5,0,20
31,28,5,0,20
31,29,5,0,4
31,30,5,0,22
31,31,5,0,1
31,32,5,0,18
31,33,5,0,9
31,34,5,0,13
31,35,5,0,23
31,36,5,0,10
31,37,5,0,16
31,38,5,0,3
31,39,5,0,18
31,40,5,0,7
31,41,5,0,6
31,42,5,0,21
31,43,5,0,16
31,44,5,0,6
31,45,5,0,10
31,46,5,0,16
31,47,5,0,5
31,48,5,0,10
31,49,5,0,0
31,50,5,0,3
31,51,5,0,23
31,52,5,0,21
31,53,5,0,22
31,54,5,0,23
31,55,5,0,10
31,56,5,0,20
31,57,5,0,24
31,58,5,0,13
31,59,5,0,6
31,60,5,0,21
31,61,5,0,12
31,62,5,0,18
32,0,5,0,8
32,1,5,0,2
32,2,5,0,5
32,3,5,0,18
32,4,5,0,16
32,5,5,0,15
32,6,5,0,9
32,7,5,0,21
32,8,5,0,6
32,9,5,0,24
32,10,5,0,5
32,11,5,0,12
32,12,5,0,24
32,13,5,0,17
32,14,5,0,18
32,15,5,0,24
32,16,5,0,11
32,17,5,0,12
32,18,5,0,8
32,19,5,0,7
32,20,5,0,6
32,21,5,0,3
32,22,5,0,7
32,23,5,0,15
32,24,5,0,1
32,25,5,0,2
32,26,5,0,16
32,27,5,0,4
32,28,5,0,11
32,29,5,0,6
32,30,5,0,12
32,31,5,0,16
32,32,5,0,20
32,33,5,0,8
32,34,5,0,20
32,35,5,0,10
32,36,5,0,13
32,37,5,0,10
32,38,5,0,21
32,39,5,0,16
32,40,5,0,11
32,41,5,0,18
32,42,5,0,21
32,43,5,0,13
32,44,5,0,5
32,45,5,0,16
32,46,5,0,6
32,47,5,0,6
32,48,5,0,8
32,49,5,0,11
32,50,5,0,5
32,51,5,0,3
32,52,5,0,21
32,53,5,0,15
32,54,5,0,5
32,55,5,0,23
32,56,5,0,5
32,57,5,0,4
32,58,5,0,11
32,59,5,0,3
32,60,5,0,10
32,61,5,0,18
32,62,5,0,7
33,0,5,0,4
33,1,5,0,10
33,2,5,0,19
33,3,5,0,11
33,4,5,0,20
33,5,5,0,13
33,6,5,0,13
33,7,5,0,1
33,8,5,0,10
33,9,5,0,5
33,10,5,0,10
33,11,5,0,17
33,12,5,0,14
33,13,5,0,17
33,14,5,0,10
33,15,5,0,21
33,16,5,0,22
33,17,5,0,17
33,18,5,0,13
33,19,5,0,17
33,20,5,0,12
33,21,5,0,17
33,22,5,0,23
33,23,5,0,13
33,24,5,0,14
33,25,5,0,5
33,26,5,0,17
33,27,5,0,5
33,28,5,0,17
33,29,5,0,4
33,30,5,0,12
33,31,5,0,9
33,32,5,0,14
33,33,5,0,18
33,34,5,0,4
33,35,5,0,0
33,36,5,0,13
33,37,5,0,1
33,38,5,0,5
33,39,5,0,11
33,40,5,0,2
33,41,5,0,6
33,42,5,0,13
33,43,5,0,6
33,44,5,0,17
33,45,5,0,9
33,46,5,0,2
33,47,5,0,14
33,48,5,0,3
33,49,5,0,23
33,50,5,0,8
33,51,5,0,7
33,52,5,0,10
33,53,5,0,2
33,54,5,0,5
33,55,5,0,2
33,56,5,0,20
33,57,5,0,9
33,58,5,0,23
33,59,5,0,14
33,60,5,0,16
33,61,5,0,17
33,62,5,0,3
34,0,5,0,22
34,1,5,0,19
34,2,5,0,23
34,3,5,0,4
34,4,5,0,3
34,5,5,0,5
34,6,5,0,18
34,7,5,0,6
34,8,5,0,23
34,9,5,0,13
34,10,5,0,24
34,11,5,0,1
34,12,5,0,8
34,13,5,0,23
34,14,5,0,14
34,15,5,0,18
34,16,5,0,5
34,17,5,0,11
34,18,5,0,4
34,19,5,0,17
34,20,5,0,2
34,21,5,0,19
34,22,5,0,8
34,23,5,0,12
34,24,5,0,12
34,25,5,0,17
34,26,5,0,24
34,27,5,0,1
34,28,5,0,3
34,29,5,0,14
34,30,5,0,17
34,31,5,0,2
34,32,5,0,18
34,33,5,0,24
34,34,5,0,17
34,35,5,0,9
34,36,5,0,9
34,37,5,0,8
34,38,5,0,18
34,39,5,0,18
34,40,5,0,22
34,41,5,0,13
34,42,5,0,3
34,43,5,0,15
34,44,5,0,14
34,45,5,0,8
34,46,5,0,7
34,47,5,0,24
34,48,5,0,3
34,49,5,0,20
34,50,5,0,19
34,51,5,0,1
34,52,5,0,3
34,53,5,0,0
34,54,5,0,5
34,55,5,0,6
34,56,5,0,3
34,57,5,0,12
34,58,5,0,13
34,59,5,0,6
34,60,5,0,7
34,61,5,0,3
34,62,5,0,15
35,0,5,0,2
35,1,5,0,16
35,2,5,0,11
35,3,5,0,6
35,4,5,0,6
35,5,5,0,23
35,6,5,0,7
35,7,5,0,9
35,8,5,0,2
35,9,5,0,9
35,10,5,0,23
35,11,5,0,17
35,12,5,0,22
35,13,5,0,5
35,14,5,0,22
35,15,5,0,0
35,16,5,0,7
35,17,5,0,5
35,18,5,0,13
35,19,5,0,12
35,20,5,0,11
35,21,5,0,0
35,22,5,0,15
35,23,5,0,14
35,24,5,0,10
35,25,5,0,9
35,26,5,0,2
35,27,5,0,12
35,28,5,0,4
35,29,5,0,6
35,30,5,0,17
35,31,5,0,21
35,32,5,0,5
35,33,5,0,2
35,34,5,0,16
35,35,5,0,23
35,36,5,0,5
35,37,5,0,21
35,38,5,0,12
35,39,5,0,21
35,40,5,0,21
35,41,5,0,10
35,42,5,0,5
35,43,5,0,24
35,44,5,0,4
35,45,5,4,20
35,46,5,4,20
35,47,5,0,23
35,48,5,0,21
35,49,5,0,20
35,50,5,0,10
35,51,5,0,9
35,52,5,0,14
35,53,5,0,2
35,54,5,0,7
35,55,5,0,19
35,56,5,0,5
35,57,5,0,20
35,58,5,0,9
35,59,5,0,5
35,60,5,0,10
35,61,5,0,4
35,62,5,0,22
36,0,5,0,4
36,1,5,0,12
36,2,5,0,24
36,3,5,0,23
36,4,5,0,5
36,5,5,0,8
36,6,5,0,16
36,7,5,0,11
36,8,5,0,12
36,9,5,0,0
36,10,5,0,21
36,11,5,0,15
36,12,5,0,7
36,13,5,0,4
36,14,5,0,2
36,15,5,0,11
36,16,5,0,10
36,17,5,0,21
36,18,5,0,24
36,19,5,0,6
36,20,5,0,4
36,21,5,0,19
36,22,5,0,12
36,23,5,0,6
36,24,5,0,22
36,25,5,0,18
36,26,5,0,6
36,27,5,0,16
36,28,5,0,15
36,29,5,0,4
36,30,5,0,4
36,31,5,0,4
36,32,5,0,21
36,33,5,0,7
36,34,5,0,19
36,35,5,0,6
36,36,5,0,11
36,37,5,0,5
36,38,5,0,4
36,39,5,0,20
36,40,5,0,15
36,41,5,4,20
36,42,5,4,20
36,43,5,4,20
36,44,5,4,5
36,45,5,4,8
36,46,5,4,21
36,47,5,4,20
36,48,5,4,20
36,49,5,0,7
36,50,5,0,21
36,51,5,0,7
36,52,5,0,7
36,53,5,0,20
36,54,5,0,8
36,55,5,0,9
36,56,5,0,0
36,57,5,0,20
36,58,5,0,12
36,59,5,0,6
36,60,5,0,8
36,61,5,0,15
36,62,5,0,4
37,0,5,0,3
37,1,5,0,8
37,2,5,0,15
37,3,5,0,1
37,4,5,0,5
37,5,5,0,19
37,6,5,0,22
37,7,5,0,21
37,8,5,0,2
37,9,5,0,21
37,10,5,0,9
37,11,5,0,11
37,12,5,0,9
37,13,5,0,13
37,14,5,0,4
37,15,5,0,7
37,16,5,0,11
37,17,5,0,15
37,18,5,0,13
37,19,5,0,8
37,20,5,0,19
37,21,5,0,9
37,22,5,0,12
37,23,5,0,3
37,24,5,0,16
37,25,5,0,12
37,26,5,0,6
37,27,5,0,9
37,28,5,0,9
37,29,5,0,18
37,30,5,0,3
37,31,5,0,11
37,32,5,0,0
37,33,5,0,23
37,34,5,0,19
37,35,5,0,0
37,36,5,0,15
37,37,5,0,24
37,38,5,0,18
37,39,5,0,9
37,40,5,4,10
37,41,5,4,8
37,42,5,4,8
37,43,5,4,8
37,44,4,0,11
37,45,4,0,10
37,46,5,4,8
37,47,5,4,8
37,48,5,4,21
37,49,5,0,18
37,50,5,0,11
37,51,5,0,10
37,52,5,0,14
37,53,5,0,23
37,54,5,0,6
37,55,5,0,17
37,56,5,0,10
37,57,5,0,5
37,58,5,0,24
37,59,5,0,17
37,60,5,0,1
37,61,5,0,12
37,62,5,0,0
38,0,5,0,9
38,1,5,0,14
38,2,5,0,2
38,3,5,0,18
38,4,5,0,21
38,5,5,0,19
38,6,5,0,0
38,7,5,0,0
38,8,5,0,20
38,9,5,0,12
38,10,5,0,4
38,11,5,0,7
38,12,5,0,11
38,13,5,0,20
38,14,5,0,11
38,15,5,0,3
38,16,5,0,10
38,17,5,0,13
38,18,5,0,1
38,19,5,0,9
38,20,5,0,6
38,21,5,0,10
38,22,5,0,17
38,23,5,0,19
38,24,5,0,6
38,25,5,0,8
38,26,5,0,3
38,27,5,0,2
38,28,5,0,15
38,29,5,0,11
38,30,5,0,12
38,31,5,0,16
38,32,5,0,13
38,33,5,0,0
38,34,5,0,4
38,35,5,0,15
38,36,5,0,6
38,37,5,0,22
38,38,5,4,20
38,39,5,4,5
38,40,4,0,22
38,41,4,0,22
38,42,4,0,6
38,43,4,0,0
38,44,4,0,6
38,45,4,0,13
38,46,4,0,3
38,47,4,0,19
38,48,5,4,23
38,49,5,4,20
38,50,5,0,0
38,51,5,0,9
38,52,5,0,13
38,53,5,0,5
38,54,5,0,10
38,55,5,0,23
38,56,5,0,11
38,57,5,0,23
38,58,5,0,21
38,59,5,0,1
38,60,5,0,6
38,61,5,0,19
38,62,5,0,4
39,0,5,0,3
39,1,5,0,22
39,2,5,0,17
39,3,5,0,22
39,4,5,0,9
39,5,5,0,14
39,6,5,0,15
39,7,5,0,18
39,8,5,0,8
39,9,5,0,2
39,10,5,0,19
39,11,5,0,20
39,12,5,0,17
39,13,5,0,11
39,14,5,0,18
39,15,5,0,12
39,16,5,0,16
39,17,5,0,23
39,18,5,0,12
39,19,5,0,4
39,20,5,0,9
39,21,5,0,1
39,22,5,0,21
39,23,5,0,16
39,24,5,0,5
39,25,5,0,9
39,26,5,0,2
39,27,5,0,22
39,28,5,0,10
39,29,5,0,13
39,30,5,0,2
39,31,5,0,14
39,32,5,0,9
39,33,5,0,11
39,34,5,0,24
39,35,5,0,2
39,36,5,0,16
39,37,5,4,10
39,38,5,4,8
39,39,4,0,16
39,40,4,0,13
39,41,4,0,20
39,42,4,0,19
39,43,4,0,23
39,44,4,0,24
39,45,4,0,3
39,46,4,0,0
39,47,4,0,17
39,48,5,4,8
39,49,5,4,22
39,50,5,4,20
39,51,5,0,7
39,52,5,0,13
39,53,5,0,18
39,54,5,0,5
39,55,5,0,5
39,56,5,0,9
39,57,5,0,7
39,58,5,0,10
39,59,5,0,13
39,60,5,0,19
39,61,5,0,13
39,62,5,0,15
40,0,5,0,24
40,1,5,0,22
40,2,5,0,0
40,3,5,0,0
40,4,5,0,1
40,5,5,0,16
40,6,5,0,18
40,7,5,0,3
40,8,5,0,17
40,9,5,0,15
40,10,5,0,19
40,11,5,0,1
40,12,5,0,20
40,13,5,0,1
40,14,5,0,23
40,15,5,0,4
40,16,5,0,13
40,17,5,0,21
40,18,5,0,5
40,19,5,0,15
40,20,5,0,21
40,21,5,0,18
40,22,5,0,18
40,23,5,0,5
40,24,5,0,17
40,25,5,0,6
40,26,5,0,14
40,27,5,0,8
40,28,5,0,3
40,29,5,0,0
40,30,5,0,3
40,31,5,0,2
40,32,5,0,9
40,33,5,0,12
40,34,5,0,14
40,35,5,0,7
40,36,5,4,13
40,37,4,0,24
40,38,4,0,22
40,39,4,0,9
40,40,4,0,5
40,41,4,0,14
40,42,4,0,11
40,43,4,0,13
40,44,4,0,14
40,45,4,0,0
40,46,4,0,22
40,47,4,0,13
40,48,4,0,20
40,49,5,4,8
40,50,5,4,21
40,51,5,0,13
40,52,5,0,5
40,53,5,0,2
40,54,5,0,14
40,55,5,0,15
40,56,5,0,15
40,57,5,0,23
40,58,5,0,9
40,59,5,0,8
40,60,5,0,11
40,61,5,0,19
40,62,5,0,14
41,0,5,0,4
41,1,5,0,6
41,2,5,0,0
41,3,5,0,1
41,4,5,0,24
41,5,5,0,20
41,6,5,0,6
41,7,5,0,15
41,8,5,0,15
41,9,5,0,7
41,10,5,0,7
41,11,5,0,4
41,12,5,0,22
41,13,5,0,18
41,14,5,0,9
41,15,5,0,9
41,16,5,0,7
41,17,5,0,11
41,18,5,0,14
41,19,5,0,14
41,20,5,0,4
41,21,5,0,12
41,22,5,0,15
41,23,5,0,15
41,24,5,0,9
41,25,5,0,19
41,26,5,0,13
41,27,5,0,21
41,28,5,0,9
41,29,5,0,7
41,30,5,0,12
41,31,5,0,14
41,32,5,0,0
41,33,5,0,18
41,34,5,0,3
41,35,5,4,10
41,36,4,0,18
41,37,4,0,17
41,38,4,0,19
41,39,4,0,1
41,40,4,0,5
41,41,4,0,23
41,42,4,0,14
41,43,4,0,24
41,44,4,0,14
41,45,4,0,18
41,46,4,0,13
41,47,4,0,3
41,48,4,0,8
41,49,4,0,11
41,50,5,4,22
41,51,5,0,11
41,52,5,0,8
41,53,5,0,15
41,54,5,0,1
41,55,5,0,9
41,56,5,0,10
41,57,5,0,20
41,58,5,0,18
41,59,5,0,9
41,60,5,0,24
41,61,5,0,24
41,62,5,0,8
42,0,5,0,16
42,1,5,0,16
42,2,5,0,3
42,3,5,0,8
42,4,5,0,2
42,5,5,0,0
42,6,5,0,8
42,7,5,0,15
42,8,5,0,13
42,9,5,0,16
42,10,5,0,0
42,11,5,0,1
42,12,5,0,24
42,13,5,0,14
42,14,5,0,1
42,15,5,0,16
42,16,5,0,22
42,17,5,0,11
42,18,5,0,22
42,19,5,0,1
42,20,5,0,2
42,21,5,0,18
42,22,5,0,19
42,23,5,0,6
42,24,5,0,14
42,25,5,0,8
42,26,5,0,6
42,27,5,0,21
42,28,5,0,3
42,29,5,0,23
42,30,5,0,15
42,31,5,0,7
42,32,5,0,16
42,33,5,0,12
42,34,5,4,0
42,35,4,0,22
42,36,4,0,2
42,37,4,0,0
42,38,4,0,21
42,39,4,0,12
42,40,4,0,9
42,41,4,0,8
42,42,4,0,22
42,43,4,0,13
42,44,4,0,5
42,45,4,0,12
42,46,4,0,5
42,47,4,0,12
42,48,4,0,23
42,49,4,0,20
42,50,5,4,23
42,51,5,0,19
42,52,5,0,10
42,53,5,0,22
42,54,5,0,4
42,55,5,0,16
42,56,5,0,23
42,57,5,0,8
42,58,5,0,23
42,59,5,0,0
42,60,5,0,7
42,61,5,0,19
42,62,5,0,16
43,0,5,0,7
43,1,5,0,21
43,2,5,0,16
43,3,5,0,14
43,4,5,0,17
43,5,5,0,12
43,6,5,0,10
43,7,5,0,13
43,8,5,0,12
43,9,5,0,24
43,10,5,0,9
43,11,5,0,19
43,12,5,0,3
43,13,5,0,3
43,14,5,0,17
43,15,5,0,16
43,16,5,0,14
43,17,5,0,6
43,18,5,0,3
43,19,5,0,13
43,20,5,0,21
43,21,5,0,18
43,22,5,0,18
43,23,5,0,24
43,24,5,0,0
43,25,5,0,23
43,26,5,0,9
43,27,5,0,16
43,28,5,0,17
43,29,5,0,24
43,30,5,0,6
43,31,5,0,9
43,32,5,0,17
43,33,5,0,24
43,34,5,4,18
43,35,4,0,5
43,36,4,0,10
43,37,4,0,5
43,38,4,0,5
43,39,4,0,23
43,40,4,0,4
43,41,4,0,22
43,42,4,0,16
43,43,4,0,9
43,44,4,0,19
43,45,4,0,13
43,46,4,0,20
43,47,4,0,20
43,48,4,0,18
43,49,4,0,7
43,50,5,4,7
43,51,5,0,0
43,52,5,0,13
43,53,5,0,13
43,54,5,0,13
43,55,5,0,20
43,56,5,0,9
43,57,5,0,17
43,58,5,0,16
43,59,5,0,13
43,60,5,0,18
43,61,5,0,17
43,62,5,0,1
44,0,5,0,18
44,1,5,0,16
44,2,5,0,9
44,3,5,0,15
44,4,5,0,16
44,5,5,0,21
44,6,5,0,7
44,7,5,0,3
44,8,5,0,14
44,9,5,0,17
44,10,5,0,3
44,11,5,0,7
44,12,5,0,3
44,13,5,0,7
44,14,5,0,20
44,15,5,0,7
44,16,5,0,7
44,17,5,0,7
44,18,5,0,22
44,19,5,0,9
44,20,5,0,24
44,21,5,0,14
44,22,5,0,2
44,23,5,0,22
44,24,5,0,9
44,25,5,0,17
44,26,5,0,23
44,27,5,0,2
44,28,5,0,7
44,29,5,0,14
44,30,5,0,24
44,31,5,0,1
44,32,5,0,1
44,33,5,4,0
44,34,4,0,1
44,35,4,0,6
44,36,4,0,17
44,37,4,0,6
44,38,4,0,14
44,39,4,0,9
44,40,4,0,14
44,41,4,0,20
44,42,4,0,8
44,43,4,0,17
44,44,4,0,17
44,45,4,0,1
44,46,4,0,3
44,47,4,0,15
44,48,4,0,2
44,49,4,0,12
44,50,5,4,21
44,51,5,0,6
44,52,5,0,0
44,53,5,0,20
44,54,5,0,12
44,55,5,0,6
44,56,5,0,3
44,57,5,0,19
44,58,5,0,20
44,59,5,0,13
44,60,5,0,18
44,61,5,0,4
44,62,5,0,4
45,0,5,0,4
45,1,5,0,14
45,2,5,0,1
45,3,5,0,7
45,4,5,0,16
45,5,5,0,24
45,6,5,0,21
45,7,5,0,8
45,8,5,0,18
45,9,5,0,2
45,10,5,0,11
45,11,5,0,17
45,12,5,0,5
45,13,5,0,9
45,14,5,0,23
45,15,5,0,13
45,16,5,0,6
45,17,5,0,6
45,18,5,0,13
45,19,5,0,3
45,20,5,0,15
45,21,5,0,23
45,22,5,0,8
45,23,5,0,6
45,24,5,0,15
45,25,5,0,2
45,26,5,0,10
45,27,5,0,2
45,28,5,0,4
45,29,5,0,13
45,30,5,0,20
45,31,5,0,3
45,32,5,4,20
45,33,5,4,18
45,34,4,0,22
45,35,4,0,20
45,36,4,0,8
45,37,4,0,10
45,38,4,0,7
45,39,4,0,11
45,40,4,0,19
45,41,4,0,3
45,42,4,0,12
45,43,4,0,6
45,44,4,0,1
45,45,4,0,23
45,46,4,0,17
45,47,4,0,20
45,48,4,0,10
45,49,4,0,21
45,50,5,4,21
45,51,5,0,4
45,52,5,0,8
45,53,5,0,1
45,54,5,0,5
45,55,5,0,23
45,56,5,0,4
45,57,5,0,4
45,58,5,0,12
45,59,5,0,7
45,60,5,0,20
45,61,5,0,11
45,62,5,0,0
46,0,5,0,3
46,1,5,0,10
46,2,5,0,2
46,3,5,0,18
46,4,5,0,13
46,5,5,0,24
46,6,5,0,22
46,7,5,0,10
46,8,5,0,20
46,9,5,0,21
46,10,5,0,8
46,11,5,0,6
46,12,5,0,10
46,13,5,0,19
46,14,5,0,14
46,15,5,0,22
46,16,5,0,16
46,17,5,0,17
46,18,5,0,17
46,19,5,0,16
46,20,5,0,15
46,21,5,0,14
46,22,5,0,0
46,23,5,0,23
46,24,5,0,3
46,25,5,0,0
46,26,5,0,24
46,27,5,0,20
46,28,5,0,2
46,29,5,0,9
46,30,5,0,19
46,31,5,4,10
46,32,5,4,8
46,33,4,0,16
46,34,4,0,4
46,35,4,0,8
46,36,4,0,13
46,37,1,4,16
46,38,1,4,16
46,39,1,4,16
46,40,1,4,16
46,41,4,0,14
46,42,4,0,20
46,43,4,0,15
46,44,4,0,7
46,45,4,0,9
46,46,4,0,3
46,47,4,0,19
46,48,4,0,6
46,49,4,0,3
46,50,5,4,24
46,51,5,0,21
46,52,5,0,14
46,53,5,0,15
46,54,5,0,14
46,55,5,0,15
46,56,5,0,17
46,57,5,0,22
46,58,5,0,24
46,59,5,0,20
46,60,5,0,2
46,61,5,0,1
46,62,5,0,3
47,0,5,0,23
47,1,5,0,12
47,2,5,0,21
47,3,5,0,3
47,4,5,0,19
47,5,5,0,19
47,6,5,0,12
47,7,5,0,7
47,8,5,0,21
47,9,5,0,14
47,10,5,0,7
47,11,5,0,0
47,12,5,0,2
47,13,5,0,24
47,14,5,0,24
47,15,5,0,3
47,16,5,0,3
47,17,5,0,8
47,18,5,0,14
47,19,5,0,4
47,20,5,0,24
47,21,5,0,7
47,22,5,0,13
47,23,5,0,3
47,24,5,0,5
47,25,5,0,12
47,26,5,0,8
47,27,5,0,17
47,28,5,0,0
47,29,5,0,14
47,30,5,4,15
47,31,4,0,17
47,32,4,0,20
47,33,4,0,7
47,34,4,0,1
47,35,1,4,16
47,36,1,4,9
47,37,1,4,4
47,38,1,4,4
47,39,1,4,4
47,40,1,4,17
47,41,1,4,16
47,42,4,0,14
47,43,4,0,7
47,44,4,0,22
47,45,4,0,12
47,46,4,0,9
47,47,4,0,17
47,48,4,0,23
47,49,5,4,6
47,50,5,0,6
47,51,5,0,1
47,52,5,0,19
47,53,5,0,16
47,54,5,0,24
47,55,5,0,10
47,56,5,0,3
47,57,5,0,8
47,58,5,0,23
47,59,5,0,4
47,60,5,0,0
47,61,5,0,20
47,62,5,0,21
48,0,5,0,3
48,1,5,0,21
48,2,5,0,19
48,3,5,0,16
48,4,5,0,14
48,5,5,0,19
48,6,5,0,14
48,7,5,0,18
48,8,5,0,1
48,9,5,0,2
48,10,5,0,5
48,11,5,0,7
48,12,5,0,6
48,13,5,0,9
48,14,5,0,20
48,15,5,0,3
48,16,5,0,13
48,17,5,0,2
48,18,5,0,16
48,19,5,0,21
48,20,5,0,15
48,21,5,0,5
48,22,5,0,4
48,23,5,0,6
48,24,5,0,4
48,25,5,0,12
48,26,5,0,11
48,27,5,0,0
48,28,5,0,1
48,29,5,4,13
48,30,4,0,3
48,31,4,0,16
48,32,4,0,20
48,33,4,0,7
48,34,1,4,14
48,35,1,4,4
48,36,1,0,24
48,37,1,0,17
48,38,1,0,3
48,39,1,0,17
48,40,1,4,4
48,41,1,4,2
48,42,1,4,16
48,43,4,0,15
48,44,4,0,14
48,45,4,0,2
48,46,4,0,5
48,47,4,0,1
48,48,4,0,13
48,49,5,4,24
48,50,5,0,15
48,51,5,0,23
48,52,5,0,18
48,53,5,0,1
48,54,5,0,9
48,55,5,0,11
48,56,5,0,23
48,57,5,0,24
48,58,5,0,19
48,59,5,0,5
48,60,5,0,9
48,61,5,0,11
48,62,5,0,2
49,0,5,0,12
49,1,5,0,12
49,2,5,0,21
49,3,5,0,20
49,4,5,0,1
49,5,5,0,18
49,6,5,0,20
49,7,5,0,7
49,8,5,0,12
49,9,5,0,3
49,10,5,0,15
49,11,5,0,0
49,12,5,0,21
49,13,5,0,18
49,14,5,0,2
49,15,5,0,21
49,16,5,0,1
49,17,5,0,3
49,18,5,0,12
49,19,5,0,15
49,20,5,0,18
49,21,5,0,8
49,22,5,0,13
49,23,5,0,14
49,24,5,0,4
49,25,5,0,9
49,26,5,0,18
49,27,5,0,20
49,28,5,4,10
49,29,4,0,16
49,30,4,0,14
49,31,4,0,6
49,32,4,0,22
49,33,1,4,6
49,34,1,0,3
49,35,1,0,8
49,36,1,0,1
49,37,1,0,22
49,38,1,0,9
49,39,1,0,19
49,40,1,0,20
49,41,1,4,4
49,42,1,4,3
49,43,4,0,21
49,44,4,0,16
49,45,4,0,23
49,46,4,0,20
49,47,4,0,2
49,48,5,4,6
49,49,5,0,6
49,50,5,0,12
49,51,5,0,8
49,52,5,0,15
49,53,5,0,17
49,54,5,0,4
49,55,5,0,8
49,56,5,0,20
49,57,5,0,22
49,58,5,0,24
49,59,5,0,9
49,60,5,0,24
49,61,5,0,15
49,62,5,0,13
50,0,5,0,11
50,1,5,0,17
50,2,5,0,1
50,3,5,0,5
50,4,5,0,22
50,5,5,0,10
50,6,5,0,21
50,7,5,0,6
50,8,5,0,19
50,9,5,0,10
50,10,5,0,20
50,11,5,0,6
50,12,5,0,23
50,13,5,0,6
50,14,5,0,22
50,15,5,0,7
50,16,5,0,18
50,17,5,0,5
50,18,5,0,18
50,19,5,0,23
50,20,5,0,15
50,21,5,0,7
50,22,5,0,8
50,23,5,0,3
50,24,5,0,14
50,25,5,0,11
50,26,5,0,9
50,27,5,4,13
50,28,4,0,6
50,29,4,6,20
50,30,4,0,3
50,31,4,0,15
50,32,4,0,17
50,33,1,4,24
50,34,1,0,17
50,35,1,0,7
50,36,1,0,19
50,37,1,0,13
50,38,1,0,19
50,39,1,0,19
50,40,1,0,16
50,41,1,0,21
50,42,1,4,3
50,43,4,0,23
50,44,4,0,23
50,45,4,0,14
50,46,4,0,5
50,47,4,0,16
50,48,5,4,7
50,49,5,0,17
50,50,5,0,1
50,51,5,0,13
50,52,5,0,10
50,53,5,0,15
50,54,5,0,2
50,55,5,0,5
50,56,5,0,16
50,57,5,0,14
50,58,5,0,9
50,59,5,0,7
50,60,5,0,17
50,61,5,0,17
50,62,5,0,0
51,0,5,0,13
51,1,5,0,22
51,2,5,0,0
51,3,5,0,1
51,4,5,0,20
51,5,5,0,8
51,6,5,0,6
51,7,5,0,5
51,8,5,0,23
51,9,5,0,4
51,10,5,0,9
51,11,5,0,12
51,12,5,0,24
51,13,5,0,4
51,14,5,0,15
51,15,5,0,10
51,16,5,0,9
51,17,5,0,16
51,18,5,0,15
51,19,5,0,2
51,20,5,0,22
51,21,5,0,23
51,22,5,0,5
51,23,5,0,2
51,24,5,0,13
51,25,5,0,8
51,26,5,4,13
51,27,4,0,2
51,28,4,6,10
51,29,4,6,7
51,30,4,0,7
51,31,4,0,24
51,32,1,4,19
51,33,1,0,16
51,34,1,0,5
51,35,1,0,22
51,36,1,0,12
51,37,1,0,14
51,38,1,0,8
51,39,1,0,19
51,40,1,0,24
51,41,1,0,8
51,42,1,4,2
51,43,4,0,4
51,44,4,0,13
51,45,4,0,9
51,46,4,0,14
51,47,4,0,5
51,48,5,4,23
51,49,5,0,12
51,50,5,0,14
51,51,5,0,14
51,52,5,0,3
51,53,5,0,20
51,54,5,0,0
51,55,5,0,2
51,56,5,0,7
51,57,5,0,23
51,58,5,0,4
51,59,5,0,12
51,60,5,0,0
51,61,5,0,14
51,62,5,0,20
52,0,5,0,22
52,1,5,0,7
52,2,5,0,6
52,3,5,0,9
52,4,5,0,6
52,5,5,0,7
52,6,5,0,13
52,7,5,0,14
52,8,5,0,18
52,9,5,0,0
52,10,5,0,11
52,11,5,0,12
52,12,5,0,7
52,13,5,0,20
52,14,5,0,7
52,15,5,0,5
52,16,5,0,21
52,17,5,0,15
52,18,5,0,21
52,19,5,0,16
52,20,5,0,24
52,21,5,0,5
52,22,5,0,24
52,23,5,0,5
52,24,5,0,6
52,25,5,4,15
52,26,4,0,3
52,27,4,6,0
52,28,6,0,16
52,29,4,6,24
52,30,4,0,22
52,31,1,4,9
52,32,1,0,19
52,33,1,0,16
52,34,1,0,7
52,35,1,0,14
52,36,1,0,17
52,37,1,0,8
52,38,1,0,21
52,39,1,0,13
52,40,1,0,17
52,41,1,0,21
52,42,1,4,3
52,43,4,0,2
52,44,4,0,4
52,45,4,0,9
52,46,4,0,16
52,47,4,0,10
52,48,5,4,7
52,49,5,0,14
52,50,5,0,6
52,51,5,0,24
52,52,5,0,24
52,53,5,0,24
52,54,5,0,7
52,55,5,0,13
52,56,5,0,16
52,57,5,0,12
52,58,5,0,24
52,59,5,0,18
52,60,5,0,0
52,61,5,0,3
52,62,5,0,18
53,0,5,0,21
53,1,5,0,16
53,2,5,0,10
53,3,5,0,4
53,4,5,0,3
53,5,5,0,19
53,6,5,0,15
53,7,5,0,24
53,8,5,0,0
53,9,5,0,22
53,10,5,0,5
53,11,5,0,20
53,12,5,0,17
53,13,5,0,11
53,14,5,0,2
53,15,5,0,23
53,16,5,0,18
53,17,5,0,24
53,18,5,0,21
53,19,5,0,0
53,20,5,0,24
53,21,5,0,7
53,22,5,0,22
53,23,5,4,20
53,24,5,4,10
53,25,4,0,12
53,26,4,0,19
53,27,4,6,1
53,28,4,6,19
53,29,4,0,13
53,30,1,4,11
53,31,1,0,15
53,32,1,0,9
53,33,1,0,0
53,34,1,0,2
53,35,1,0,17
53,36,1,0,14
53,37,1,0,22
53,38,1,0,21
53,39,1,0,12
53,40,1,0,2
53,41,1,0,22
53,42,1,4,18
53,43,4,0,3
53,44,4,0,23
53,45,4,0,11
53,46,4,0,13
53,47,4,0,14
53,48,5,4,21
53,49,5,0,13
53,50,5,0,11
53,51,5,0,5
53,52,5,0,24
53,53,5,0,6
53,54,5,0,13
53,55,5,0,0
53,56,5,0,24
53,57,5,0,7
53,58,5,0,5
53,59,5,0,24
53,60,5,0,14
53,61,5,0,16
53,62,5,0,22
54,0,5,0,5
54,1,5,0,4
54,2,5,0,17
54,3,5,0,16
54,4,5,0,0
54,5,5,0,8
54,6,5,0,13
54,7,5,0,4
54,8,5,0,23
54,9,5,0,10
54,10,5,0,7
54,11,5,0,3
54,12,5,0,22
54,13,5,0,7
54,14,5,0,11
54,15,5,0,19
54,16,5,0,12
54,17,5,0,19
54,18,5,0,16
54,19,5,0,6
54,20,5,0,3
54,21,5,0,20
54,22,5,4,13
54,23,5,4,8
54,24,4,0,5
54,25,4,0,13
54,26,4,0,20
54,27,4,6,4
54,28,1,4,16
54,29,1,4,11
54,30,1,0,18
54,31,1,0,6
54,32,1,0,3
54,33,1,0,9
54,34,1,0,4
54,35,1,0,22
54,36,1,0,0
54,37,1,0,6
54,38,1,0,9
54,39,1,0,7
54,40,1,0,11
54,41,1,4,0
54,42,4,0,22
54,43,4,0,0
54,44,4,0,16
54,45,4,0,14
54,46,4,0,10
54,47,4,0,17
54,48,5,4,24
54,49,5,0,23
54,50,5,0,2
54,51,5,0,20
54,52,5,0,3
54,53,5,0,16
54,54,5,0,16
54,55,5,0,13
54,56,5,0,12
54,57,5,0,18
54,58,5,0,23
54,59,5,0,23
54,60,5,0,23
54,61,5,0,19
54,62,5,0,8
55,0,5,0,1
55,1,5,0,8
55,2,5,0,15
55,3,5,0,7
55,4,5,0,2
55,5,5,0,22
55,6,5,0,7
55,7,5,0,13
55,8,5,0,10
55,9,5,0,6
55,10,5,0,21
55,11,5,0,18
55,12,5,0,3
55,13,5,0,24
55,14,5,0,14
55,15,5,0,12
55,16,5,0,20
55,17,5,0,9
55,18,5,0,22
55,19,5,0,13
55,20,5,0,7
55,21,5,4,0
55,22,4,0,17
55,23,4,0,9
55,24,4,0,5
55,25,4,0,13
55,26,1,4,19
55,27,1,4,4
55,28,1,4,4
55,29,1,0,16
55,30,1,0,2
55,31,1,0,18
55,32,1,0,17
55,33,1,0,17
55,34,1,0,1
55,35,1,0,6
55,36,1,0,24
55,37,1,0,20
55,38,1,0,5
55,39,1,0,13
55,40,1,0,9
55,41,1,4,18
55,42,4,0,11
55,43,4,0,9
55,44,4,0,20
55,45,4,0,4
55,46,4,0,11
55,47,5,4,6
55,48,5,0,16
55,49,5,0,3
55,50,5,0,6
55,51,5,0,23
55,52,5,0,5
55,53,5,0,3
55,54,5,0,22
55,55,5,0,14
55,56,5,0,16
55,57,5,0,12
55,58,5,0,1
55,59,5,0,16
55,60,5,0,13
55,61,5,0,3
55,62,5,0,9
56,0,5,0,17
56,1,5,0,21
56,2,5,0,17
56,3,5,0,4
56,4,5,0,17
56,5,5,0,4
56,6,5,0,20
56,7,5,0,11
56,8,5,0,8
56,9,5,0,18
56,10,5,0,0
56,11,5,0,23
56,12,5,0,1
56,13,5,0,23
56,14,5,0,24
56,15,5,0,5
56,16,5,0,19
56,17,5,0,18
56,18,5,0,13
56,19,5,0,17
56,20,5,0,16
56,21,5,4,18
56,22,4,0,0
56,23,4,0,2
56,24,4,0,3
56,25,1,4,6
56,26,1,0,2
56,27,1,0,10
56,28,1,0,0
56,29,1,0,16
56,30,1,0,21
56,31,1,0,9
56,32,1,0,19
56,33,1,0,23
56,34,1,0,17
56,35,1,0,10
56,36,1,0,11
56,37,1,0,19
56,38,1,0,6
56,39,1,0,9
56,40,1,4,0
56,41,4,0,1
56,42,4,0,16
56,43,4,0,16
56,44,4,0,10
56,45,4,0,9
56,46,4,0,11
56,47,5,4,24
56,48,5,0,22
56,49,5,0,4
56,50,5,0,17
56,51,5,0,11
56,52,5,0,24
56,53,5,0,22
56,54,5,0,16
56,55,5,0,6
56,56,5,0,6
56,57,5,0,17
56,58,5,0,21
56,59,5,0,12
56,60,5,0,18
56,61,5,0,2
56,62,5,0,24
57,0,5,0,4
57,1,5,0,6
57,2,5,0,22
57,3,5,0,11
57,4,5,0,17
57,5,5,0,20
57,6,5,0,24
57,7,5,0,0
57,8,5,0,14
57,9,5,0,20
57,10,5,0,1
57,11,5,0,6
57,12,5,0,16
57,13,5,0,2
57,14,5,0,8
57,15,5,0,10
57,16,5,0,14
57,17,5,0,6
57,18,5,0,6
57,19,5,0,18
57,20,5,4,10
57,21,4,0,5
57,22,4,0,13
57,23,4,0,3
57,24,4,0,4
57,25,1,4,24
57,26,1,0,0
57,27,1,0,8
57,28,1,0,20
57,29,1,0,13
57,30,1,0,18
57,31,1,0,0
57,32,1,0,7
57,33,1,0,8
57,34,1,0,21
57,35,1,0,19
57,36,1,0,16
57,37,1,0,16
57,38,1,0,13
57,39,1,0,7
57,40,1,4,2
57,41,4,0,13
57,42,4,0,8
57,43,4,0,17
57,44,4,0,8
57,45,4,0,17
57,46,5,4,6
57,47,5,0,24
57,48,5,0,8
57,49,5,0,14
57,50,5,0,18
57,51,5,0,19
57,52,5,0,9
57,53,5,0,20
57,54,5,0,20
57,55,5,0,17
57,56,5,0,17
57,57,5,0,15
57,58,5,0,0
57,59,5,0,18
57,60,5,0,14
57,61,5,0,3
57,62,5,0,4
58,0,5,0,2
58,1,5,0,14
58,2,5,0,19
58,3,5,0,15
58,4,5,0,15
58,5,5,0,4
58,6,5,0,23
58,7,5,0,4
58,8,5,0,4
58,9,5,0,18
58,10,5,0,3
58,11,5,0,13
58,12,5,0,20
58,13,5,0,11
58,14,5,0,22
58,15,5,0,4
58,16,5,0,18
58,17,5,0,9
58,18,5,0,4
58,19,5,4,5
58,20,4,0,1
58,21,4,0,20
58,22,4,0,3
58,23,4,0,8
58,24,1,4,11
58,25,1,0,9
58,26,1,0,4
58,27,1,0,8
58,28,1,0,22
58,29,1,0,2
58,30,1,0,24
58,31,1,0,0
58,32,1,0,8
58,33,1,0,14
58,34,1,0,10
58,35,1,0,19
58,36,1,0,20
58,37,1,0,2
58,38,1,0,17
58,39,1,0,0
58,40,1,4,17
58,41,4,0,4
58,42,4,0,15
58,43,4,0,3
58,44,4,0,20
58,45,4,0,19
58,46,5,4,23
58,47,5,0,14
58,48,5,0,13
58,49,5,0,9
58,50,5,0,1
58,51,5,0,2
58,52,5,0,1
58,53,5,0,17
58,54,5,0,10
58,55,5,0,21
58,56,5,0,0
58,57,5,0,9
58,58,5,0,18
58,59,5,0,13
58,60,5,0,17
58,61,5,0,2
58,62,5,0,21
59,0,5,0,13
59,1,5,0,3
59,2,5,0,18
59,3,5,0,7
59,4,5,0,10
59,5,5,0,15
59,6,5,0,8
59,7,5,0,4
59,8,5,0,7
59,9,5,0,7
59,10,5,0,10
59,11,5,0,7
59,12,5,0,22
59,13,5,0,18
59,14,5,0,10
59,15,5,0,0
59,16,5,0,7
59,17,5,0,11
59,18,5,4,13
59,19,4,0,14
59,20,4,0,5
59,21,4,0,17
59,22,4,0,0
59,23,1,4,11
59,24,1,0,19
59,25,1,0,2
59,26,1,0,1
59,27,1,0,23
59,28,1,0,18
59,29,1,0,5
59,30,1,0,20
59,31,1,0,17
59,32,1,0,23
59,33,1,0,23
59,34,1,0,22
59,35,1,0,18
59,36,1,0,11
59,37,1,0,16
59,38,1,0,24
59,39,1,0,11
59,40,1,4,2
59,41,4,0,17
59,42,4,0,13
59,43,4,0,21
59,44,4,0,20
59,45,4,0,6
59,46,5,4,24
59,47,5,0,16
59,48,5,0,17
59,49,5,0,10
59,50,5,0,23
59,51,5,0,11
59,52,5,0,5
59,53,5,0,0
59,54,5,0,0
59,55,5,0,1
59,56,5,0,21
59,57,5,0,5
59,58,5,0,22
59,59,5,0,17
59,60,5,0,1
59,61,5,0,5
59,62,5,0,3
60,0,5,0,4
60,1,5,0,23
60,2,5,0,22
60,3,5,0,1
60,4,5,0,15
60,5,5,0,22
60,6,5,0,21
60,7,5,0,2
60,8,5,0,5
60,9,5,0,3
60,10,5,0,13
60,11,5,0,24
60,12,5,0,13
60,13,5,0,2
60,14,5,0,3
60,15,5,0,9
60,16,5,0,5
60,17,5,4,0
60,18,4,0,20
60,19,4,0,3
60,20,4,0,8
60,21,4,0,23
60,22,1,4,6
60,23,1,0,14
60,24,1,0,16
60,25,1,0,19
60,26,1,0,19
60,27,1,0,0
60,28,1,0,7
60,29,1,0,14
60,30,1,0,12
60,31,1,0,5
60,32,1,0,20
60,33,1,0,21
60,34,1,0,13
60,35,1,0,22
60,36,1,0,19
60,37,1,0,8
60,38,1,0,15
60,39,1,0,16
60,40,1,4,2
60,41,4,0,10
60,42,4,0,24
60,43,4,0,16
60,44,4,0,15
60,45,5,4,6
60,46,5,0,1
60,47,5,0,24
60,48,5,0,9
60,49,5,0,16
60,50,5,0,3
60,51,5,0,16
60,52,5,0,0
60,53,5,0,24
60,54,5,0,21
60,55,5,0,20
60,56,5,0,19
60,57,5,0,9
60,58,5,0,5
60,59,5,0,8
60,60,5,0,23
60,61,5,0,14
60,62,5,0,16
61,0,5,0,23
61,1,5,0,11
61,2,5,0,7
61,3,5,0,12
61,4,5,0,16
61,5,5,0,7
61,6,5,0,10
61,7,5,0,13
61,8,5,0,10
61,9,5,0,15
61,10,5,0,0
61,11,5,0,20
61,12,5,0,24
61,13,5,0,6
61,14,5,0,22
61,15,5,0,0
61,16,5,0,14
61,17,5,4,18
61,18,4,0,20
61,19,4,0,15
61,20,4,0,23
61,21,4,0,16
61,22,1,4,24
61,23,1,0,11
61,24,1,0,7
61,25,1,0,10
61,26,1,0,5
61,27,1,0,18
61,28,1,0,1
61,29,1,0,20
61,30,1,0,18
61,31,1,0,17
61,32,1,0,11
61,33,1,0,7
61,34,1,0,17
61,35,1,0,14
61,36,1,0,23
61,37,1,0,15
61,38,1,0,22
61,39,1,0,16
61,40,1,4,18
61,41,4,0,3
61,42,4,0,17
61,43,4,0,13
61,44,4,0,21
61,45,5,4,23
61,46,5,0,14
61,47,5,0,14
61,48,5,0,2
61,49,5,0,2
61,50,5,0,8
61,51,5,0,24
61,52,5,0,14
61,53,5,0,12
61,54,5,0,14
61,55,5,0,0
61,56,5,0,20
61,57,5,0,8
61,58,5,0,6
61,59,5,0,16
61,60,5,0,13
61,61,5,0,17
61,62,5,0,2
62,0,5,0,1
62,1,5,0,13
62,2,5,0,20
62,3,5,0,11
62,4,5,0,13
62,5,5,0,14
62,6,5,0,20
62,7,5,0,4
62,8,5,0,15
62,9,5,0,8
62,10,5,0,3
62,11,5,0,23
62,12,5,0,8
62,13,5,0,4
62,14,5,0,8
62,15,5,0,21
62,16,5,4,0
62,17,4,0,14
62,18,4,0,4
62,19,4,0,20
62,20,4,0,7
62,21,1,4,14
62,22,1,0,0
62,23,1,0,12
62,24,1,0,24
62,25,1,0,17
62,26,1,0,4
62,27,10,1,16
62,28,10,1,16
62,29,10,1,16
62,30,1,0,3
62,31,1,0,11
62,32,1,0,0
62,33,1,0,5
62,34,1,0,15
62,35,1,0,13
62,36,1,0,14
62,37,1,0,14
62,38,1,0,16
62,39,1,4,15
62,40,4,0,11
62,41,4,0,5
62,42,4,0,13
62,43,4,0,13
62,44,4,0,21
62,45,5,4,24
62,46,5,0,12
62,47,5,0,1
62,48,5,0,9
62,49,5,0,14
62,50,5,0,11
62,51,5,0,14
62,52,5,0,24
62,53,5,0,10
62,54,5,0,10
62,55,5,0,0
62,56,5,0,1
62,57,5,0,3
62,58,5,0,22
62,59,5,0,21
62,60,5,0,4
62,61,5,0,7
62,62,5,0,16
63,0,5,0,1
63,1,5,0,4
63,2,5,0,1
63,3,5,0,16
63,4,5,0,21
63,5,5,0,14
63,6,5,0,4
63,7,5,0,14
63,8,5,0,4
63,9,5,0,2
63,10,5,0,18
63,11,5,0,13
63,12,5,0,14
63,13,5,0,21
63,14,5,0,13
63,15,5,0,17
63,16,5,4,18
63,17,4,0,12
63,18,4,0,11
63,19,4,0,5
63,20,1,4,6
63,21,1,0,22
63,22,1,0,2
63,23,1,0,12
63,24,1,0,17
63,25,1,0,3
63,26,10,1,14
63,27,10,1,4
63,28,10,1,4
63,29,10,1,2
63,30,1,0,18
63,31,1,0,19
63,32,1,0,18
63,33,1,0,12
63,34,1,0,1
63,35,1,0,13
63,36,1,0,24
63,37,1,0,2
63,38,1,4,15
63,39,4,0,24
63,40,4,0,12
63,41,4,0,6
63,42,4,0,8
63,43,4,0,8
63,44,5,4,19
63,45,5,0,18
63,46,5,0,8
63,47,5,0,3
63,48,5,0,17
63,49,5,0,1
63,50,5,0,20
63,51,5,0,9
63,52,5,0,16
63,53,5,0,15
63,54,5,0,20
63,55,5,0,12
63,56,5,0,7
63,57,5,0,4
63,58,5,0,7
63,59,5,0,3
63,60,5,0,18
63,61,5,0,17
63,62,5,0,22
64,0,5,0,2
64,1,5,0,7
64,2,5,0,18
64,3,5,0,15
64,4,5,0,9
64,5,5,0,5
64,6,5,0,13
64,7,5,0,23
64,8,5,0,6
64,9,5,0,5
64,10,5,0,20
64,11,5,0,7
64,12,5,0,0
64,13,5,0,12
64,14,5,0,13
64,15,5,4,0
64,16,4,0,4
64,17,4,0,15
64,18,4,0,13
64,19,4,0,21
64,20,1,4,22
64,21,1,0,23
64,22,1,0,1
64,23,1,0,13
64,24,1,0,4
64,25,10,1,6
64,26,10,0,7
64,27,10,0,23
64,28,10,0,21
64,29,10,1,17
64,30,1,0,16
64,31,1,0,15
64,32,1,0,19
64,33,1,0,4
64,34,1,0,13
64,35,1,0,11
64,36,1,0,12
64,37,1,4,0
64,38,4,0,19
64,39,4,0,21
64,40,4,0,4
64,41,4,0,1
64,42,4,0,8
64,43,5,4,6
64,44,5,0,21
64,45,5,0,19
64,46,5,0,9
64,47,5,0,24
64,48,5,0,8
64,49,5,0,2
64,50,5,0,19
64,51,5,0,15
64,52,5,0,3
64,53,5,0,1
64,54,5,0,18
64,55,5,0,0
64,56,5,0,3
64,57,5,0,17
64,58,5,0,16
64,59,5,0,16
64,60,5,0,1
64,61,5,0,22
64,62,5,0,9
