0,0,5,0,11
0,1,5,0,23
0,2,5,0,7
0,3,5,0,11
0,4,5,0,1
0,5,5,0,17
0,6,5,0,12
0,7,5,0,1
0,8,5,0,12
0,9,5,0,11
0,10,5,0,8
0,11,5,0,19
0,12,5,0,13
0,13,5,0,18
0,14,5,0,8
0,15,5,0,17
0,16,5,0,17
0,17,5,4,10
0,18,4,0,16
0,19,4,0,11
0,20,4,0,2
0,21,4,0,22
0,22,1,4,24
0,23,1,0,21
0,24,1,0,21
0,25,1,0,17
0,26,1,0,24
0,27,1,0,6
0,28,1,4,4
0,29,1,4,1
0,30,4,0,24
0,31,4,0,15
0,32,4,0,10
0,33,4,0,16
0,34,4,0,4
0,35,5,4,7
0,36,5,0,4
0,37,5,0,18
0,38,5,0,17
0,39,5,0,20
0,40,5,0,20
0,41,5,0,18
0,42,5,0,11
0,43,5,0,0
0,44,5,0,8
0,45,5,0,12
0,46,5,0,15
0,47,5,0,24
0,48,5,0,23
0,49,5,0,6
1,0,5,0,18
1,1,5,0,15
1,2,5,0,1
1,3,5,0,18
1,4,5,0,8
1,5,5,0,7
1,6,5,0,19
1,7,5,0,20
1,8,5,0,9
1,9,5,0,13
1,10,5,0,24
1,11,5,0,16
1,12,5,0,20
1,13,5,0,14
1,14,5,0,3
1,15,5,0,21
1,16,5,4,5
1,17,4,0,5
1,18,4,0,10
1,19,4,0,4
1,20,4,0,20
1,21,1,4,14
1,22,1,0,4
1,23,1,0,12
1,24,1,0,1
1,25,1,0,4
1,26,1,0,6
1,27,1,0,15
1,28,1,0,13
1,29,1,4,2
1,30,4,0,4
1,31,4,0,2
1,32,4,0,8
1,33,4,0,12
1,34,4,0,4
1,35,5,4,23
1,36,5,0,8
1,37,5,0,8
1,38,5,0,19
1,39,5,0,23
1,40,5,0,14
1,41,5,0,20
1,42,5,0,16
1,43,5,0,24
1,44,5,0,17
1,45,5,0,6
1,46,5,0,18
1,47,5,0,14
1,48,5,0,5
1,49,5,0,22
2,0,5,0,1
2,1,5,0,0
2,2,5,0,20
2,3,5,0,23
2,4,5,0,13
2,5,5,0,10
2,6,5,0,10
2,7,5,0,16
2,8,5,0,8
2,9,5,0,20
2,10,5,0,17
2,11,5,0,6
2,12,5,0,1
2,13,5,0,20
2,14,5,0,24
2,15,5,4,0
2,16,4,0,2
2,17,4,0,21
2,18,4,0,11
2,19,1,4,16
2,20,1,4,9
2,21,1,0,15
2,22,1,0,12
2,23,1,0,3
2,24,1,0,20
2,25,1,0,5
2,26,1,0,8
2,27,1,0,2
2,28,1,0,9
2,29,1,4,1
2,30,1,4,16
2,31,4,0,1
2,32,4,0,16
2,33,4,0,6
2,34,4,0,23
2,35,5,4,23
2,36,5,0,17
2,37,5,0,7
2,38,5,0,19
2,39,5,0,19
2,40,5,0,18
2,41,5,0,19
2,42,5,0,14
2,43,5,0,7
2,44,5,0,20
2,45,5,0,17
2,46,5,0,20
2,47,5,0,24
2,48,5,0,14
2,49,5,0,12
3,0,5,0,21
3,1,5,0,4
3,2,5,0,12
3,3,5,0,13
3,4,5,0,13
3,5,5,0,5
3,6,5,0,8
3,7,5,0,24
3,8,5,0,21
3,9,5,0,10
3,10,5,0,0
3,11,5,0,4
3,12,5,0,7
3,13,5,0,21
3,14,5,0,13
3,15,5,4,18
3,16,4,0,9
3,17,4,0,19
3,18,1,4,19
3,19,1,4,4
3,20,1,0,18
3,21,1,0,18
3,22,1,0,0
3,23,1,0,4
3,24,1,0,15
3,25,1,0,4
3,26,1,0,23
3,27,1,0,8
3,28,1,0,15
3,29,1,4,4
3,30,1,4,3
3,31,4,0,23
3,32,4,0,19
3,33,4,0,23
3,34,4,0,0
3,35,5,4,24
3,36,5,0,24
3,37,5,0,3
3,38,5,0,9
3,39,5,0,11
3,40,5,0,21
3,41,5,0,22
3,42,5,0,10
3,43,5,0,13
3,44,5,0,8
3,45,5,0,11
3,46,5,0,13
3,47,5,0,1
3,48,5,0,12
3,49,5,0,9
4,0,5,0,15
4,1,5,0,4
4,2,5,0,13
4,3,5,0,17
4,4,5,0,23
4,5,5,0,13
4,6,5,0,21
4,7,5,0,15
4,8,5,0,18
4,9,5,0,6
4,10,5,0,5
4,11,5,0,3
4,12,5,0,8
4,13,5,0,1
4,14,5,4,13
4,15,4,0,11
4,16,4,0,21
4,17,1,4,9
4,18,1,0,3
4,19,1,0,3
4,20,1,0,24
4,21,1,0,19
4,22,1,0,15
4,23,1,0,2
4,24,1,0,22
4,25,1,0,4
4,26,1,0,22
4,27,1,0,14
4,28,1,0,5
4,29,1,0,18
4,30,1,4,18
4,31,4,0,7
4,32,4,0,19
4,33,4,0,5
4,34,5,4,6
4,35,5,0,9
4,36,5,0,21
4,37,5,0,11
4,38,5,0,9
4,39,5,0,12
4,40,5,0,19
4,41,5,0,1
4,42,5,0,19
4,43,5,0,8
4,44,5,0,8
4,45,5,0,24
4,46,5,0,19
4,47,5,0,4
4,48,5,0,14
4,49,5,0,20
5,0,5,0,23
5,1,5,0,24
5,2,5,0,11
5,3,5,0,10
5,4,5,0,7
5,5,5,0,5
5,6,5,0,18
5,7,5,0,9
5,8,5,0,24
5,9,5,0,12
5,10,5,0,22
5,11,5,0,4
5,12,5,4,20
5,13,5,4,15
5,14,4,0,19
5,15,4,0,15
5,16,1,4,14
5,17,1,0,0
5,18,1,0,8
5,19,1,0,1
5,20,1,0,11
5,21,1,0,10
5,22,1,0,3
5,23,1,0,9
5,24,1,0,20
5,25,1,0,8
5,26,1,0,21
5,27,1,0,9
5,28,1,0,21
5,29,1,4,0
5,30,4,0,10
5,31,4,0,7
5,32,4,0,10
5,33,4,0,14
5,34,5,4,7
5,35,5,0,18
5,36,5,0,2
5,37,5,0,18
5,38,5,0,6
5,39,5,0,1
5,40,5,0,8
5,41,5,0,20
5,42,5,0,3
5,43,5,0,6
5,44,5,0,9
5,45,5,0,24
5,46,5,0,1
5,47,5,0,16
5,48,5,0,3
5,49,5,0,1
6,0,5,0,1
6,1,5,0,9
6,2,5,0,11
6,3,5,0,16
6,4,5,0,10
6,5,5,0,18
6,6,5,0,4
6,7,5,0,6
6,8,5,0,8
6,9,5,0,4
6,10,5,0,6
6,11,5,4,5
6,12,5,4,8
6,13,4,0,19
6,14,4,0,20
6,15,1,4,19
6,16,1,0,15
6,17,1,0,22
6,18,1,0,19
6,19,1,0,3
6,20,1,0,22
6,21,10,1,16
6,22,1,0,10
6,23,1,0,24
6,24,1,0,0
6,25,1,0,23
6,26,1,0,10
6,27,1,0,6
6,28,1,0,19
6,29,1,4,2
6,30,4,0,6
6,31,4,0,17
6,32,4,0,3
6,33,4,0,15
6,34,5,4,22
6,35,5,0,8
6,36,5,0,22
6,37,5,0,18
6,38,5,0,12
6,39,5,0,6
6,40,5,0,0
6,41,5,0,10
6,42,5,0,0
6,43,5,0,20
6,44,5,0,24
6,45,5,0,18
6,46,5,0,11
6,47,5,0,20
6,48,5,0,18
6,49,5,0,14
7,0,5,0,1
7,1,5,0,22
7,2,5,0,17
7,3,5,0,19
7,4,5,0,3
7,5,5,0,23
7,6,5,0,3
7,7,5,0,0
7,8,5,0,12
7,9,5,0,8
7,10,5,4,0
7,11,4,0,16
7,12,4,0,3
7,13,4,0,7
7,14,1,4,6
7,15,1,0,6
7,16,1,0,10
7,17,1,0,24
7,18,1,0,21
7,19,1,0,9
7,20,10,1,9
7,21,10,1,3
7,22,10,1,16
7,23,1,0,5
7,24,1,0,10
7,25,1,0,4
7,26,1,0,23
7,27,1,0,18
7,28,1,0,15
7,29,1,4,1
7,30,4,0,1
7,31,4,0,1
7,32,4,0,13
7,33,4,0,5
7,34,5,4,24
7,35,5,0,4
7,36,5,0,11
7,37,5,0,24
7,38,5,0,23
7,39,5,0,16
7,40,5,0,15
7,41,5,0,11
7,42,5,0,7
7,43,5,0,2
7,44,5,0,20
7,45,5,0,19
7,46,5,0,22
7,47,5,0,7
7,48,5,0,20
7,49,5,0,14
8,0,5,0,13
8,1,5,0,11
8,2,5,0,14
8,3,5,0,14
8,4,5,0,12
8,5,5,0,18
8,6,5,0,21
8,7,5,0,10
8,8,5,0,6
8,9,5,0,20
8,10,5,4,18
8,11,4,0,8
8,12,4,0,20
8,13,4,0,13
8,14,1,4,24
8,15,1,0,11
8,16,1,0,10
8,17,1,0,16
8,18,1,0,3
8,19,10,1,9
8,20,10,0,9
8,21,10,1,4
8,22,10,1,1
8,23,1,0,21
8,24,1,0,12
8,25,1,0,1
8,26,1,0,10
8,27,1,0,21
8,28,1,0,19
8,29,1,4,18
8,30,4,0,15
8,31,4,0,11
8,32,4,0,11
8,33,5,4,6
8,34,5,0,21
8,35,5,0,24
8,36,5,0,5
8,37,5,0,11
8,38,5,0,0
8,39,5,0,10
8,40,5,0,8
8,41,5,0,22
8,42,5,0,16
8,43,5,0,19
8,44,5,0,11
8,45,5,0,11
8,46,5,0,1
8,47,5,0,19
8,48,5,0,8
8,49,5,0,8
9,0,5,0,1
9,1,5,0,3
9,2,5,0,15
9,3,5,0,16
9,4,5,0,1
9,5,5,0,5
9,6,5,0,13
9,7,5,0,19
9,8,5,0,13
9,9,5,4,5
9,10,4,0,23
9,11,4,0,6
9,12,4,0,3
9,13,1,4,19
9,14,1,0,14
9,15,1,0,24
9,16,1,0,16
9,17,1,0,13
9,18,10,1,14
9,19,10,0,23
9,20,10,0,24
9,21,10,0,11
9,22,10,1,3
9,23,1,0,3
9,24,1,0,15
9,25,1,0,2
9,26,1,0,22
9,27,1,0,0
9,28,1,4,0
9,29,4,0,3
9,30,4,0,22
9,31,4,0,2
9,32,4,0,9
9,33,5,4,21
9,34,5,0,21
9,35,5,0,2
9,36,5,0,19
9,37,5,0,12
9,38,5,0,7
9,39,5,0,13
9,40,5,0,18
9,41,5,0,24
9,42,5,0,5
9,43,5,0,7
9,44,5,0,15
9,45,5,0,7
9,46,5,0,23
9,47,5,0,2
9,48,5,0,6
9,49,5,0,16
10,0,5,0,18
10,1,5,0,18
10,2,5,0,5
10,3,5,0,5
10,4,5,0,8
10,5,5,0,9
10,6,5,0,20
10,7,5,0,5
10,8,5,4,0
10,9,4,0,14
10,10,4,0,9
10,11,4,0,0
10,12,1,4,14
10,13,1,0,7
10,14,1,0,10
10,15,1,0,22
10,16,1,0,22
10,17,10,1,6
10,18,10,0,7
10,19,10,0,18
10,20,10,0,2
10,21,10,0,20
10,22,10,1,18
10,23,1,0,17
10,24,1,0,3
10,25,1,0,8
10,26,1,0,23
10,27,1,0,11
10,28,1,4,18
10,29,4,0,10
10,30,4,0,24
10,31,4,0,16
10,32,4,0,17
10,33,5,4,24
10,34,5,0,10
10,35,5,0,1
10,36,5,0,8
10,37,5,0,21
10,38,5,0,21
10,39,5,0,20
10,40,5,0,8
10,41,5,0,18
10,42,5,0,2
10,43,5,0,8
10,44,5,0,8
10,45,5,0,23
10,46,5,0,15
10,47,5,0,22
10,48,5,0,13
10,49,5,0,17
11,0,5,0,14
11,1,5,0,0
11,2,5,0,5
11,3,5,0,15
11,4,5,0,13
11,5,5,0,1
11,6,5,0,0
11,7,5,0,7
11,8,5,4,18
11,9,4,0,24
11,10,4,0,4
11,11,1,4,6
11,12,1,0,5
11,13,1,0,13
11,14,1,0,10
11,15,1,0,11
11,16,1,0,11
11,17,10,1,24
11,18,10,0,7
11,19,10,0,13
11,20,10,0,12
11,21,10,1,0
11,22,1,0,8
11,23,1,0,19
11,24,1,0,18
11,25,1,0,9
11,26,1,0,23
11,27,1,4,0
11,28,4,0,15
11,29,4,0,21
11,30,4,0,22
11,31,4,0,12
11,32,5,4,6
11,33,5,0,24
11,34,5,0,8
11,35,5,0,22
11,36,5,0,16
11,37,5,0,1
11,38,5,0,5
11,39,5,0,1
11,40,5,0,20
11,41,5,0,17
11,42,5,4,20
11,43,5,4,20
11,44,5,0,7
11,45,5,0,19
11,46,5,0,7
11,47,5,0,2
11,48,5,0,20
11,49,5,0,2
12,0,5,0,21
12,1,5,0,4
12,2,5,0,6
12,3,5,0,14
12,4,5,0,10
12,5,5,0,23
12,6,5,0,21
12,7,5,4,0
12,8,4,0,23
12,9,4,0,18
12,10,4,0,0
12,11,1,4,23
12,12,1,0,5
12,13,1,0,8
12,14,1,0,15
12,15,1,0,10
12,16,10,1,6
12,17,10,0,17
12,18,10,0,2
12,19,10,0,9
12,20,10,0,4
12,21,10,1,2
12,22,1,0,10
12,23,1,0,16
12,24,1,0,4
12,25,1,0,20
12,26,1,0,12
12,27,1,4,17
12,28,4,0,15
12,29,4,0,2
12,30,4,0,23
12,31,4,0,11
12,32,5,4,24
12,33,5,0,16
12,34,5,0,11
12,35,5,0,5
12,36,5,0,0
12,37,5,0,0
12,38,5,0,12
12,39,5,0,2
12,40,5,0,22
12,41,5,4,15
12,42,5,4,8
12,43,5,4,22
12,44,5,4,20
12,45,5,0,14
12,46,5,0,17
12,47,5,0,19
12,48,5,0,17
12,49,5,0,14
13,0,5,0,3
13,1,5,0,17
13,2,5,0,0
13,3,5,0,16
13,4,5,0,2
13,5,5,0,4
13,6,5,0,24
13,7,5,4,18
13,8,4,0,17
13,9,4,0,11
13,10,4,0,21
13,11,1,4,24
13,12,1,0,16
13,13,1,0,15
13,14,1,0,12
13,15,1,0,6
13,16,10,1,7
13,17,10,0,0
13,18,10,0,0
13,19,10,0,7
13,20,10,0,15
13,21,10,1,18
13,22,1,0,16
13,23,1,0,2
13,24,1,0,4
13,25,1,0,24
13,26,1,0,5
13,27,1,4,18
13,28,4,0,8
13,29,4,0,9
13,30,4,0,11
13,31,5,4,6
13,32,5,0,2
13,33,5,0,8
13,34,5,0,4
13,35,5,0,12
13,36,5,0,7
13,37,5,0,22
13,38,5,0,2
13,39,5,0,12
13,40,5,4,15
13,41,4,0,12
13,42,4,0,9
13,43,5,4,8
13,44,5,4,23
13,45,5,0,16
13,46,5,0,3
13,47,5,0,1
13,48,5,0,0
13,49,5,0,13
14,0,5,0,3
14,1,5,0,11
14,2,5,0,15
14,3,5,0,12
14,4,5,0,15
14,5,5,0,4
14,6,5,4,0
14,7,5,4,16
14,8,4,0,2
14,9,4,0,18
14,10,1,4,6
14,11,1,0,11
14,12,1,0,19
14,13,1,0,6
14,14,1,0,23
14,15,1,0,9
14,16,10,1,22
14,17,10,0,0
14,18,10,0,21
14,19,10,0,9
14,20,10,1,15
14,21,1,0,7
14,22,1,0,24
14,23,1,0,2
14,24,1,0,23
14,25,1,4,20
14,26,1,4,15
14,27,4,0,17
14,28,4,0,2
14,29,4,0,16
14,30,4,0,7
14,31,5,4,24
14,32,5,0,21
14,33,5,0,1
14,34,5,0,8
14,35,5,0,1
14,36,5,0,16
14,37,5,0,10
14,38,5,0,8
14,39,5,4,10
14,40,4,0,23
14,41,4,0,6
14,42,4,0,24
14,43,4,0,24
14,44,5,4,24
14,45,5,0,12
14,46,5,0,0
14,47,5,0,1
14,48,5,0,18
14,49,5,0,4
15,0,5,0,11
15,1,5,0,1
15,2,5,0,5
15,3,5,0,11
15,4,5,0,4
15,5,5,0,22
15,6,5,4,4
15,7,5,4,1
15,8,4,0,1
15,9,4,0,12
15,10,1,4,23
15,11,1,0,11
15,12,1,0,4
15,13,1,0,11
15,14,1,0,19
15,15,1,0,8
15,16,10,1,23
15,17,10,0,14
15,18,10,0,23
15,19,10,1,13
15,20,1,0,3
15,21,1,0,16
15,22,1,0,16
15,23,1,0,19
15,24,1,4,13
15,25,1,4,8
15,26,4,6,20
15,27,4,0,10
15,28,4,0,15
15,29,4,0,24
15,30,5,4,6
15,31,5,0,7
15,32,5,0,9
15,33,5,0,8
15,34,5,0,9
15,35,5,0,24
15,36,5,0,13
15,37,5,0,5
15,38,5,4,0
15,39,4,0,18
15,40,4,0,17
15,41,4,0,17
15,42,4,0,4
15,43,5,4,6
15,44,5,0,8
15,45,5,0,8
15,46,5,0,19
15,47,5,0,1
15,48,5,0,11
15,49,5,0,9
16,0,5,0,21
16,1,5,0,9
16,2,5,0,1
16,3,5,0,13
16,4,5,0,6
16,5,5,0,21
16,6,5,0,8
16,7,5,4,18
16,8,4,0,9
16,9,4,0,19
16,10,1,4,23
16,11,1,0,23
16,12,1,0,16
16,13,1,0,7
16,14,1,0,9
16,15,1,0,5
16,16,10,1,21
16,17,10,0,10
16,18,10,1,10
16,19,1,0,19
16,20,1,0,22
16,21,1,0,22
16,22,1,0,17
16,23,1,4,13
16,24,4,0,7
16,25,4,6,13
16,26,4,6,22
16,27,4,0,22
16,28,4,0,24
16,29,4,0,17
16,30,5,4,24
16,31,5,0,19
16,32,5,0,7
16,33,5,0,8
16,34,5,0,6
16,35,5,0,3
16,36,5,0,23
16,37,5,0,3
16,38,5,4,18
16,39,4,0,9
16,40,4,0,1
16,41,4,0,12
16,42,4,0,13
16,43,5,4,21
16,44,5,0,20
16,45,5,0,5
16,46,5,0,20
16,47,5,0,15
16,48,5,0,1
16,49,5,0,18
17,0,5,0,23
17,1,5,0,16
17,2,5,0,20
17,3,5,0,0
17,4,5,0,4
17,5,5,0,14
17,6,5,4,0
17,7,4,0,21
17,8,4,0,10
17,9,4,0,14
17,10,1,4,7
17,11,1,0,8
17,12,1,0,0
17,13,1,0,1
17,14,1,0,14
17,15,1,0,24
17,16,10,1,23
17,17,10,1,10
17,18,1,0,17
17,19,1,0,14
17,20,1,0,21
17,21,1,0,3
17,22,1,4,13
17,23,4,0,11
17,24,4,6,0
17,25,6,0,2
17,26,4,6,24
17,27,4,0,2
17,28,4,0,5
17,29,5,4,9
17,30,5,0,19
17,31,5,0,1
17,32,5,0,0
17,33,5,0,20
17,34,5,0,17
17,35,5,0,7
17,36,5,0,23
17,37,5,4,10
17,38,4,0,19
17,39,4,0,23
17,40,4,0,24
17,41,4,0,23
17,42,4,0,22
17,43,5,4,24
17,44,5,0,12
17,45,5,0,8
17,46,5,0,5
17,47,5,0,19
17,48,5,0,13
17,49,5,0,17
18,0,5,0,15
18,1,5,0,15
18,2,5,0,24
18,3,5,0,6
18,4,5,0,6
18,5,5,0,6
18,6,5,4,2
18,7,4,0,19
18,8,4,0,15
18,9,4,0,0
18,10,1,4,21
18,11,1,4,20
18,12,1,0,17
18,13,1,0,12
18,14,1,0,5
18,15,1,0,7
18,16,10,1,8
18,17,1,0,13
18,18,1,0,10
18,19,1,0,15
18,20,1,0,7
18,21,1,4,0
18,22,4,0,8
18,23,4,0,11
18,24,4,6,17
18,25,4,6,14
18,26,4,0,3
18,27,4,0,4
18,28,5,4,9
18,29,5,0,23
18,30,5,0,10
18,31,5,0,11
18,32,5,0,22
18,33,5,0,19
18,34,5,0,3
18,35,5,0,20
18,36,5,4,0
18,37,4,0,12
18,38,4,0,2
18,39,4,0,17
18,40,4,0,4
18,41,4,0,17
18,42,5,4,14
18,43,5,0,14
18,44,5,0,21
18,45,5,0,20
18,46,5,0,6
18,47,5,0,2
18,48,5,0,15
18,49,5,0,22
19,0,5,0,10
19,1,5,0,24
19,2,5,0,3
19,3,5,0,18
19,4,5,0,24
19,5,5,0,20
19,6,5,4,3
19,7,4,0,9
19,8,4,0,12
19,9,4,0,11
19,10,1,4,8
19,11,1,4,22
19,12,1,0,14
19,13,1,0,23
19,14,1,0,20
19,15,1,0,16
19,16,1,0,20
19,17,1,0,7
19,18,1,0,6
19,19,1,0,14
19,20,1,0,7
19,21,1,4,18
19,22,4,6,20
19,23,4,0,23
19,24,4,6,4
19,25,4,0,23
19,26,5,4,16
19,27,5,4,19
19,28,5,0,21
19,29,5,0,5
19,30,5,0,17
19,31,5,0,21
19,32,5,0,0
19,33,5,0,6
19,34,5,0,22
19,35,5,0,23
19,36,5,4,17
19,37,5,4,16
19,38,5,4,16
19,39,4,0,16
19,40,4,0,7
19,41,5,4,14
19,42,5,0,15
19,43,5,0,19
19,44,5,0,0
19,45,5,0,9
19,46,5,0,11
19,47,5,0,10
19,48,5,0,14
19,49,5,0,14
20,0,5,0,19
20,1,5,0,22
20,2,5,0,7
20,3,5,0,23
20,4,5,0,22
20,5,5,0,24
20,6,5,4,17
20,7,5,4,16
20,8,4,0,11
20,9,4,0,20
20,10,4,0,2
20,11,1,4,21
20,12,1,0,24
20,13,1,0,12
20,14,1,0,3
20,15,1,0,3
20,16,1,0,0
20,17,1,0,20
20,18,1,0,5
20,19,1,0,17
20,20,1,4,10
20,21,4,6,10
20,22,4,6,23
20,23,4,0,8
20,24,4,0,7
20,25,5,4,14
20,26,5,4,4
20,27,5,0,1
20,28,5,0,5
20,29,5,0,21
20,30,5,0,24
20,31,5,0,22
20,32,5,0,12
20,33,5,0,4
20,34,5,0,7
20,35,5,0,2
20,36,5,4,4
20,37,5,4,4
20,38,5,4,2
20,39,4,0,5
20,40,5,4,11
20,41,5,0,16
20,42,5,0,9
20,43,5,0,8
20,44,5,0,23
20,45,5,0,17
20,46,5,0,9
20,47,5,0,21
20,48,5,0,10
20,49,5,0,1
21,0,5,0,14
21,1,5,0,7
21,2,5,0,17
21,3,5,0,21
21,4,5,0,23
21,5,5,0,11
21,6,5,4,4
21,7,5,4,17
21,8,4,0,21
21,9,4,0,13
21,10,4,0,9
21,11,1,4,7
21,12,1,4,20
21,13,1,0,10
21,14,1,0,0
21,15,1,0,9
21,16,1,0,9
21,17,1,4,20
21,18,1,4,20
21,19,1,4,5
21,20,4,6,0
21,21,6,0,10
21,22,4,6,24
21,23,4,0,0
21,24,5,4,11
21,25,5,0,10
21,26,5,0,2
21,27,5,0,7
21,28,5,0,23
21,29,5,0,15
21,30,5,0,24
21,31,5,0,15
21,32,5,0,20
21,33,5,0,22
21,34,5,0,2
21,35,5,0,11
21,36,5,0,21
21,37,5,0,12
21,38,5,4,17
21,39,5,4,19
21,40,5,0,18
21,41,5,0,23
21,42,5,0,9
21,43,5,0,17
21,44,5,0,22
21,45,5,0,20
21,46,5,0,7
21,47,5,0,17
21,48,5,0,15
21,49,5,0,5
22,0,5,0,0
22,1,5,0,21
22,2,5,0,10
22,3,5,0,22
22,4,5,0,8
22,5,5,0,9
22,6,5,0,13
22,7,5,4,1
22,8,4,0,3
22,9,4,0,6
22,10,4,0,1
22,11,1,4,8
22,12,1,4,23
22,13,1,0,1
22,14,1,0,5
22,15,1,0,24
22,16,1,4,15
22,17,1,4,8
22,18,1,4,8
22,19,4,0,23
22,20,4,6,2
22,21,4,6,14
22,22,4,0,23
22,23,5,4,6
22,24,5,0,6
22,25,5,0,14
22,26,5,0,4
22,27,5,0,0
22,28,5,0,1
22,29,5,0,22
22,30,5,0,12
22,31,5,0,19
22,32,5,0,1
22,33,5,0,17
22,34,5,0,23
22,35,5,0,2
22,36,5,0,11
22,37,5,0,8
22,38,5,4,4
22,39,5,0,22
22,40,5,0,20
22,41,5,0,16
22,42,5,0,13
22,43,5,0,2
22,44,5,0,0
22,45,5,0,9
22,46,5,0,5
22,47,5,0,2
22,48,5,0,24
22,49,5,0,16
23,0,5,0,23
23,1,5,0,11
23,2,5,0,22
23,3,5,0,5
23,4,5,0,8
23,5,5,0,5
23,6,5,0,11
23,7,5,4,1
23,8,4,0,13
23,9,4,0,19
23,10,4,0,24
23,11,4,0,12
23,12,1,4,23
23,13,1,0,8
23,14,1,0,18
23,15,1,4,0
23,16,4,0,21
23,17,4,6,20
23,18,4,0,2
23,19,4,0,1
23,20,4,6,4
23,21,4,0,21
23,22,4,0,11
23,23,5,4,24
23,24,5,0,1
23,25,5,0,18
23,26,5,0,5
23,27,5,0,16
23,28,5,0,4
23,29,5,0,22
23,30,5,0,3
23,31,5,0,3
23,32,5,0,9
23,33,5,0,18
23,34,5,0,22
23,35,5,0,22
23,36,5,0,16
23,37,5,0,4
23,38,5,0,6
23,39,5,0,8
23,40,5,0,19
23,41,5,0,6
23,42,5,0,9
23,43,5,0,8
23,44,5,0,19
23,45,5,0,20
23,46,5,0,13
23,47,5,0,10
23,48,5,0,9
23,49,5,0,16
24,0,5,0,19
24,1,5,0,0
24,2,5,0,10
24,3,5,0,15
24,4,5,0,1
24,5,5,0,4
24,6,5,0,7
24,7,5,4,18
24,8,4,0,0
24,9,4,0,20
24,10,4,0,22
24,11,4,0,19
24,12,1,4,22
24,13,1,4,20
24,14,1,4,20
24,15,1,4,18
24,16,4,6,5
24,17,4,6,23
24,18,4,0,20
24,19,4,0,20
24,20,4,0,14
24,21,4,0,7
24,22,5,4,14
24,23,5,0,1
24,24,5,0,19
24,25,5,0,13
24,26,5,0,16
24,27,5,0,8
24,28,5,0,15
24,29,5,0,0
24,30,5,0,8
24,31,5,0,19
24,32,5,4,20
24,33,5,4,20
24,34,5,4,20
24,35,5,0,14
24,36,5,0,13
24,37,5,0,21
24,38,5,0,18
24,39,5,0,6
24,40,5,0,15
24,41,5,0,19
24,42,5,0,2
24,43,5,0,23
24,44,5,0,5
24,45,5,0,1
24,46,5,0,21
24,47,5,0,18
24,48,5,0,23
24,49,5,0,7
25,0,5,0,7
25,1,5,0,5
25,2,5,0,18
25,3,5,0,22
25,4,5,0,14
25,5,5,0,11
25,6,5,4,0
25,7,4,0,15
25,8,4,0,3
25,9,4,0,9
25,10,4,0,15
25,11,4,0,14
25,12,1,4,8
25,13,1,4,8
25,14,1,4,8
25,15,4,6,0
25,16,6,0,15
25,17,4,6,24
25,18,4,0,4
25,19,4,0,23
25,20,4,0,24
25,21,5,4,14
25,22,5,0,4
25,23,5,0,3
25,24,5,0,0
25,25,5,0,9
25,26,5,0,0
25,27,5,0,13
25,28,5,0,11
25,29,5,0,2
25,30,5,0,9
25,31,5,4,10
25,32,5,4,8
25,33,5,4,8
25,34,5,4,22
25,35,5,0,9
25,36,5,0,18
25,37,5,0,10
25,38,5,0,17
25,39,5,0,11
25,40,5,0,10
25,41,5,0,14
25,42,5,0,13
25,43,5,0,8
25,44,5,0,17
25,45,5,0,13
25,46,5,0,7
25,47,5,0,24
25,48,5,0,19
25,49,5,0,12
26,0,5,0,24
26,1,5,0,6
26,2,5,0,13
26,3,5,0,17
26,4,5,0,2
26,5,5,0,7
26,6,5,4,1
26,7,4,0,23
26,8,4,0,3
26,9,4,0,20
26,10,4,0,9
26,11,4,0,5
26,12,4,0,23
26,13,4,0,19
26,14,4,0,22
26,15,4,6,17
26,16,4,6,19
26,17,4,0,13
26,18,4,0,17
26,19,4,0,14
26,20,5,4,11
26,21,5,0,23
26,22,5,0,14
26,23,5,0,20
26,24,5,0,5
26,25,5,0,17
26,26,5,0,10
26,27,5,0,12
26,28,5,0,15
26,29,5,0,20
26,30,5,4,5
26,31,4,0,4
26,32,4,0,0
26,33,4,0,10
26,34,5,4,24
26,35,5,0,24
26,36,5,0,15
26,37,5,0,16
26,38,5,0,16
26,39,5,0,6
26,40,5,0,1
26,41,5,0,1
26,42,5,0,22
26,43,5,0,11
26,44,5,0,21
26,45,5,0,16
26,46,5,0,16
26,47,5,0,1
26,48,5,0,13
26,49,5,0,18
27,0,5,0,19
27,1,5,0,19
27,2,5,0,16
27,3,5,0,12
27,4,5,0,19
27,5,5,0,1
27,6,5,4,1
27,7,4,0,13
27,8,4,0,24
27,9,4,0,17
27,10,4,0,1
27,11,4,0,2
27,12,4,0,24
27,13,4,0,21
27,14,4,0,14
27,15,4,6,4
27,16,4,0,8
27,17,4,0,18
27,18,5,4,16
27,19,5,4,9
27,20,5,0,24
27,21,5,0,23
27,22,5,0,22
27,23,5,0,9
27,24,5,0,0
27,25,5,0,1
27,26,5,0,5
27,27,5,0,7
27,28,5,0,15
27,29,5,4,15
27,30,4,0,18
27,31,4,0,9
27,32,4,0,11
27,33,5,4,6
27,34,5,0,16
27,35,5,0,17
27,36,5,0,17
27,37,5,0,23
27,38,5,0,11
27,39,5,0,23
27,40,5,0,2
27,41,5,0,19
27,42,5,0,12
27,43,5,0,2
27,44,5,0,8
27,45,5,0,19
27,46,5,0,7
27,47,5,0,22
27,48,5,0,13
27,49,5,0,16
28,0,5,0,10
28,1,5,0,11
28,2,5,0,24
28,3,5,0,11
28,4,5,0,13
28,5,5,0,9
28,6,5,4,18
28,7,4,0,17
28,8,4,0,9
28,9,4,0,7
28,10,4,0,3
28,11,4,0,10
28,12,4,0,16
28,13,4,0,0
28,14,4,0,7
28,15,4,0,6
28,16,4,0,20
28,17,5,4,19
28,18,5,4,4
28,19,5,0,19
28,20,5,0,0
28,21,5,0,9
28,22,5,0,6
28,23,5,0,12
28,24,5,0,8
28,25,5,0,16
28,26,5,0,10
28,27,5,0,9
28,28,5,4,0
28,29,4,0,4
28,30,4,0,19
28,31,4,0,9
28,32,4,0,2
28,33,5,4,24
28,34,5,0,24
28,35,5,0,8
28,36,5,0,3
28,37,5,0,0
28,38,5,0,11
28,39,5,0,4
28,40,5,0,19
28,41,5,0,20
28,42,5,0,13
28,43,5,0,22
28,44,5,0,3
28,45,5,0,12
28,46,5,0,21
28,47,5,0,4
28,48,5,0,21
28,49,5,0,6
29,0,5,0,5
29,1,5,0,21
29,2,5,0,22
29,3,5,0,14
29,4,5,0,3
29,5,5,4,0
29,6,4,0,11
29,7,4,0,4
29,8,4,0,0
29,9,4,0,10
29,10,4,0,15
29,11,4,0,2
29,12,4,0,12
29,13,4,0,20
29,14,4,0,18
29,15,4,0,19
29,16,5,4,14
29,17,5,0,2
29,18,5,0,23
29,19,5,0,15
29,20,5,0,8
29,21,5,0,2
29,22,5,0,18
29,23,5,0,24
29,24,5,0,23
29,25,5,0,6
29,26,5,0,15
29,27,5,0,17
29,28,5,4,18
29,29,4,0,12
29,30,4,0,16
29,31,4,0,2
29,32,5,4,6
29,33,5,0,17
29,34,5,0,4
29,35,5,0,1
29,36,5,0,0
29,37,5,0,23
29,38,5,0,23
29,39,5,0,17
29,40,5,0,12
29,41,5,0,13
29,42,5,0,23
29,43,5,0,14
29,44,5,0,18
29,45,5,0,19
29,46,5,0,6
29,47,5,0,23
29,48,5,0,1
29,49,5,0,21
30,0,5,0,11
30,1,5,0,16
30,2,5,0,1
30,3,5,0,16
30,4,5,0,19
30,5,5,4,3
30,6,4,0,23
30,7,4,0,7
30,8,4,0,4
30,9,4,0,3
30,10,4,0,0
30,11,4,0,1
30,12,4,0,16
30,13,5,4,16
30,14,5,4,16
30,15,5,4,14
30,16,5,0,6
30,17,5,0,0
30,18,5,0,14
30,19,5,0,19
30,20,5,0,6
30,21,5,0,6
30,22,5,0,21
30,23,5,0,0
30,24,5,0,4
30,25,5,0,22
30,26,5,0,19
30,27,5,4,0
30,28,4,0,21
30,29,4,0,23
30,30,4,0,17
30,31,4,0,20
30,32,5,4,21
30,33,5,0,20
30,34,5,0,14
30,35,5,0,13
30,36,5,0,18
30,37,5,0,21
30,38,5,0,8
30,39,5,0,14
30,40,5,0,9
30,41,5,0,0
30,42,5,0,21
30,43,5,0,2
30,44,5,0,23
30,45,5,0,8
30,46,5,0,18
30,47,5,0,3
30,48,5,0,20
30,49,5,0,7
31,0,5,0,8
31,1,5,0,19
31,2,5,0,24
31,3,5,0,22
31,4,5,0,12
31,5,5,4,1
31,6,4,0,5
31,7,4,0,19
31,8,4,0,14
31,9,4,0,5
31,10,4,0,20
31,11,4,0,1
31,12,5,4,19
31,13,5,4,4
31,14,5,4,4
31,15,5,0,9
31,16,5,0,15
31,17,5,0,18
31,18,5,0,20
31,19,5,0,1
31,20,5,0,15
31,21,5,0,20
31,22,5,0,1
31,23,5,0,11
31,24,5,0,20
31,25,5,0,17
31,26,5,0,6
31,27,5,4,18
31,28,4,0,17
31,29,4,0,16
31,30,4,0,20
31,31,4,0,22
31,32,5,4,24
31,33,5,0,10
31,34,5,0,15
31,35,5,0,3
31,36,5,0,13
31,37,5,0,13
31,38,5,0,4
31,39,5,0,10
31,40,5,0,16
31,41,5,0,20
31,42,5,0,14
31,43,5,0,16
31,44,5,0,24
31,45,5,0,1
31,46,5,0,15
31,47,5,0,7
31,48,5,0,22
32,0,5,0,12
32,1,5,0,5
32,2,5,0,4
32,3,5,0,22
32,4,5,0,15
32,5,5,4,3
32,6,5,4,16
32,7,4,0,12
32,8,4,0,12
32,9,5,4,16
32,10,5,4,16
32,11,5,4,14
32,12,5,0,1
32,13,5,0,4
32,14,5,0,18
32,15,5,0,5
32,16,5,0,21
32,17,5,0,11
32,18,5,0,19
32,19,5,0,9
32,20,5,0,14
32,21,5,0,2
32,22,5,0,11
32,23,5,0,23
32,24,5,0,8
32,25,5,0,18
32,26,5,4,0
32,27,4,0,14
32,28,4,0,20
32,29,4,0,13
32,30,4,0,0
32,31,5,4,14
32,32,5,0,11
32,33,5,0,8
32,34,5,0,10
32,35,5,0,14
32,36,5,0,2
32,37,5,0,7
32,38,5,0,22
32,39,5,0,11
32,40,5,0,7
32,41,5,0,8
32,42,5,0,5
32,43,5,0,18
32,44,5,0,17
32,45,5,0,11
32,46,5,0,15
32,47,5,0,12
32,48,5,0,4
33,0,5,0,9
33,1,5,0,0
33,2,5,0,14
33,3,5,0,3
33,4,5,0,3
33,5,5,4,4
33,6,5,4,1
33,7,5,4,16
33,8,5,4,11
33,9,5,4,4
33,10,5,4,4
33,11,5,0,15
33,12,5,0,0
33,13,5,0,16
33,14,5,0,11
33,15,5,0,18
33,16,5,0,20
33,17,5,0,19
33,18,5,0,4
33,19,5,0,0
33,20,5,0,4
33,21,5,0,10
33,22,5,0,19
33,23,5,0,10
33,24,5,0,9
33,25,5,0,22
33,26,5,4,17
33,27,4,0,0
33,28,4,0,1
33,29,4,0,20
33,30,5,4,19
33,31,5,0,12
33,32,5,0,19
33,33,5,0,23
33,34,5,0,11
33,35,5,0,20
33,36,5,0,1
33,37,5,0,5
33,38,5,0,23
33,39,5,0,1
33,40,5,0,8
33,41,5,0,0
33,42,5,0,3
33,43,5,0,12
33,44,5,0,20
33,45,5,0,2
33,46,5,0,16
33,47,5,0,15
33,48,5,0,17
34,0,5,0,16
34,1,5,0,5
34,2,5,0,21
34,3,5,0,6
34,4,5,0,18
34,5,5,0,0
34,6,5,4,4
34,7,5,4,4
34,8,5,0,0
34,9,5,0,9
34,10,5,0,3
34,11,5,0,7
34,12,5,0,12
34,13,5,0,21
34,14,5,0,6
34,15,5,0,23
34,16,5,0,7
34,17,5,0,12
34,18,5,0,22
34,19,5,0,9
34,20,5,0,17
34,21,5,0,23
34,22,5,0,20
34,23,5,0,6
34,24,5,0,24
34,25,5,0,21
34,26,5,4,17
34,27,5,4,16
34,28,5,4,16
34,29,5,4,11
34,30,5,0,7
34,31,5,0,23
34,32,5,0,0
34,33,5,0,20
34,34,5,0,12
34,35,5,0,11
34,36,5,0,15
34,37,5,0,18
34,38,5,0,24
34,39,5,0,17
34,40,5,0,7
34,41,5,0,20
34,42,5,0,6
34,43,5,0,17
34,44,5,0,1
34,45,5,0,21
34,46,5,0,18
34,47,5,0,21
34,48,5,0,15
35,0,5,0,6
35,1,5,0,15
35,2,5,0,6
35,3,5,0,20
35,4,5,0,17
35,5,5,0,2
35,6,5,0,18
35,7,5,0,24
35,8,5,0,11
35,9,5,0,10
35,10,5,0,1
35,11,5,0,12
35,12,5,0,24
35,13,5,0,4
35,14,5,0,22
35,15,5,0,17
35,16,5,0,22
35,17,5,0,2
35,18,5,0,18
35,19,5,0,15
35,20,5,0,24
35,21,5,0,7
35,22,5,0,10
35,23,5,0,5
35,24,5,0,9
35,25,5,0,15
35,26,5,4,4
35,27,5,4,4
35,28,5,4,4
35,29,5,0,18
35,30,5,0,23
35,31,5,0,23
35,32,5,0,4
35,33,5,0,0
35,34,5,0,14
35,35,5,0,10
35,36,5,0,8
35,37,5,0,20
35,38,5,0,11
35,39,5,0,9
35,40,5,0,7
35,41,5,0,19
35,42,5,0,5
35,43,5,0,19
35,44,5,0,19
35,45,5,0,9
35,46,5,0,6
35,47,5,0,23
35,48,5,0,15
36,0,5,0,5
36,1,5,0,4
36,2,5,0,6
36,3,5,0,3
36,4,5,0,23
36,5,5,0,7
36,6,5,0,1
36,7,5,0,2
36,8,5,0,5
36,9,5,0,9
36,10,5,0,0
36,11,5,0,10
36,12,5,0,8
36,13,5,0,17
36,14,5,0,6
36,15,5,0,24
36,16,5,0,9
36,17,5,0,8
36,18,5,0,11
36,19,5,0,11
36,20,5,0,17
36,21,5,0,23
36,22,5,0,0
36,23,5,0,6
36,24,5,0,17
36,25,5,0,0
36,26,5,0,22
36,27,5,0,24
36,28,5,0,15
36,29,5,0,20
36,30,5,0,0
36,31,5,0,2
36,32,5,0,3
36,33,5,0,13
36,34,5,0,24
36,35,5,0,9
36,36,5,0,9
36,37,5,0,18
36,38,5,0,14
36,39,5,0,3
36,40,5,0,22
36,41,5,0,9
36,42,5,0,15
36,43,5,0,22
36,44,5,0,8
36,45,5,0,1
36,46,5,0,16
36,47,5,0,18
36,48,5,0,23
37,0,5,0,2
37,1,5,0,10
37,2,5,0,21
37,3,5,0,22
37,4,5,0,9
37,5,5,0,16
37,6,5,0,21
37,7,5,0,10
37,8,5,0,7
37,9,5,0,9
37,10,5,0,17
37,11,5,0,12
37,12,5,0,12
37,13,5,0,8
37,14,5,0,7
37,15,5,0,14
37,16,5,0,5
37,17,5,0,14
37,18,5,0,22
37,19,5,0,21
37,20,5,0,21
37,21,5,0,15
37,22,5,0,0
37,23,5,0,1
37,24,5,0,9
37,25,5,0,19
37,26,5,0,16
37,27,5,0,18
37,28,5,0,15
37,29,5,0,15
37,30,5,0,4
37,31,5,0,16
37,32,5,0,8
37,33,5,0,13
37,34,5,0,8
37,35,5,0,12
37,36,5,0,12
37,37,5,0,5
37,38,5,0,22
37,39,5,0,10
37,40,5,0,6
37,41,5,0,21
37,42,5,0,20
37,43,5,0,10
37,44,5,0,5
37,45,5,0,4
37,46,5,0,8
37,47,5,0,21
37,48,5,0,13
38,0,5,0,15
38,1,5,0,9
38,2,5,0,20
38,3,5,0,1
38,4,5,0,0
38,5,5,0,7
38,6,5,0,20
38,7,5,0,22
38,8,5,0,21
38,9,5,0,10
38,10,5,0,13
38,11,5,0,7
38,12,5,0,6
38,13,5,0,10
38,14,5,0,12
38,15,5,0,12
38,16,5,0,5
38,17,5,0,23
38,18,5,0,13
38,19,5,0,7
38,20,5,0,9
38,21,5,0,5
38,22,5,0,11
38,23,5,0,20
38,24,5,0,0
38,25,5,0,15
38,26,5,0,22
38,27,5,0,11
38,28,5,0,23
38,29,5,0,23
38,30,5,0,10
38,31,5,0,1
38,32,5,0,12
38,33,5,0,21
38,34,5,0,0
38,35,5,0,22
38,36,5,0,15
38,37,5,0,3
38,38,5,0,3
38,39,5,0,24
38,40,5,0,20
38,41,5,0,1
38,42,5,0,11
38,43,5,0,21
38,44,5,0,17
38,45,5,0,24
38,46,5,0,16
38,47,5,0,21
38,48,5,0,7
39,0,5,0,8
39,1,5,0,13
39,2,5,0,10
39,3,5,0,11
39,4,5,0,0
39,5,5,0,4
39,6,5,0,5
39,7,5,0,19
39,8,5,0,2
39,9,5,0,6
39,10,5,0,3
39,11,5,0,6
39,12,5,0,22
39,13,5,0,23
39,14,5,0,4
39,15,5,0,19
39,16,5,0,1
39,17,5,0,15
39,18,5,0,5
39,19,5,0,14
39,20,5,0,12
39,21,5,0,18
39,22,5,0,11
39,23,5,0,20
39,24,5,0,9
39,25,5,0,22
39,26,5,0,9
39,27,5,0,10
39,28,5,0,23
39,29,5,0,6
39,30,5,0,18
39,31,5,0,2
39,32,5,0,11
39,33,5,0,17
39,34,5,0,23
39,35,5,0,2
39,36,5,0,11
39,37,5,0,21
39,38,5,0,13
39,39,5,0,20
39,40,5,0,6
39,41,5,0,6
39,42,5,0,0
39,43,5,0,15
39,44,5,0,5
39,45,5,0,3
39,46,5,0,8
39,47,5,0,2
39,48,5,0,13
40,0,5,0,21
40,1,5,0,12
40,2,5,0,8
40,3,5,0,12
40,4,5,0,9
40,5,5,0,9
40,6,5,0,11
40,7,5,0,8
40,8,5,0,11
40,9,5,0,3
40,10,5,0,17
40,11,5,0,7
40,12,5,0,18
40,13,5,0,9
40,14,5,0,12
40,15,5,0,22
40,16,5,0,20
40,17,5,0,19
40,18,5,0,14
40,19,5,0,8
40,20,5,0,18
40,21,5,0,7
40,22,5,0,14
40,23,5,0,13
40,24,5,0,15
40,25,5,0,9
40,26,5,0,6
40,27,5,0,19
40,28,5,0,23
40,29,5,0,12
40,30,5,0,17
40,31,5,0,17
40,32,5,0,8
40,33,5,0,18
40,34,5,0,22
40,35,5,0,9
40,36,5,0,11
40,37,5,0,24
40,38,5,0,4
40,39,5,0,22
40,40,5,0,15
40,41,5,0,18
40,42,5,0,4
40,43,5,0,14
40,44,5,0,3
40,45,5,0,2
40,46,5,0,23
40,47,5,0,19
40,48,5,0,15
41,0,5,0,9
41,1,5,0,23
41,2,5,0,10
41,3,5,0,4
41,4,5,0,9
41,5,5,0,5
41,6,5,0,16
41,7,5,0,22
41,8,5,0,8
41,9,5,0,22
41,10,5,0,4
41,11,5,0,17
41,12,5,0,2
41,13,5,0,17
41,14,5,0,24
41,15,5,0,0
41,16,5,0,0
41,17,5,0,15
41,18,5,0,8
41,19,5,0,6
41,20,5,0,11
41,21,5,0,14
41,22,5,0,16
41,23,5,0,19
41,24,5,0,15
41,25,5,0,21
41,26,5,0,0
41,27,5,0,6
41,28,5,0,8
41,29,5,0,14
41,30,5,0,3
41,31,5,0,21
41,32,5,0,7
41,33,5,0,10
41,34,5,0,12
41,35,5,0,16
41,36,5,0,11
41,37,5,0,3
41,38,5,0,14
41,39,5,0,8
41,40,5,0,3
41,41,5,0,19
41,42,5,0,16
41,43,5,0,10
41,44,5,0,4
41,45,5,0,0
41,46,5,0,8
41,47,5,0,6
41,48,5,0,2
42,0,5,0,14
42,1,5,0,5
42,2,5,0,11
42,3,5,0,8
42,4,5,0,9
42,5,5,0,16
42,6,5,0,12
42,7,5,0,20
42,8,5,0,3
42,9,5,0,2
42,10,5,0,16
42,11,5,0,10
42,12,5,0,18
42,13,5,0,21
42,14,5,0,1
42,15,5,0,24
42,16,5,0,1
42,17,5,0,0
42,18,5,0,1
42,19,5,0,24
42,20,5,0,3
42,21,5,0,6
42,22,5,0,7
42,23,5,0,2
42,24,5,0,12
42,25,5,0,4
42,26,5,0,2
42,27,5,0,9
42,28,5,0,1
42,29,5,0,9
42,30,5,0,23
42,31,5,0,17
42,32,5,0,23
42,33,5,0,9
42,34,5,0,8
42,35,5,0,23
42,36,5,0,3
42,37,5,0,21
42,38,5,0,6
42,39,5,0,5
42,40,5,0,16
42,41,5,0,24
42,42,5,0,21
42,43,5,0,15
42,44,5,0,19
42,45,5,0,17
42,46,5,0,22
42,47,5,0,15
42,48,5,0,2
43,0,5,0,13
43,1,5,0,23
43,2,5,0,6
43,3,5,0,5
43,4,5,0,23
43,5,5,0,24
43,6,5,0,15
43,7,5,0,19
43,8,5,0,15
43,9,5,0,9
43,10,5,0,10
43,11,5,0,22
43,12,5,0,2
43,13,5,0,16
43,14,5,0,17
43,15,5,0,5
43,16,5,0,0
43,17,5,0,0
43,18,5,0,22
43,19,5,0,13
43,20,5,0,24
43,21,5,0,22
43,22,5,0,23
43,23,5,0,12
43,24,5,0,21
43,25,5,0,5
43,26,5,0,15
43,27,5,0,11
43,28,5,0,23
43,29,5,0,12
43,30,5,0,0
43,31,5,0,19
43,32,5,0,12
43,33,5,0,7
43,34,5,0,13
43,35,5,0,9
43,36,5,0,7
43,37,5,0,4
43,38,5,0,2
43,39,5,0,3
43,40,5,0,4
43,41,5,0,5
43,42,5,0,12
43,43,5,0,10
43,44,5,0,13
43,45,5,0,8
43,46,5,0,1
43,47,5,0,14
43,48,5,0,5
44,0,5,0,12
44,1,5,0,5
44,2,5,0,1
44,3,5,0,24
44,4,5,0,5
44,5,5,0,19
44,6,5,0,1
44,7,5,0,7
44,8,5,0,17
44,9,5,0,4
44,10,5,0,12
44,11,5,0,7
44,12,5,0,17
44,13,5,0,7
44,14,5,0,10
44,15,5,0,21
44,16,5,0,23
44,17,5,0,8
44,18,5,0,3
44,19,5,0,7
44,20,5,0,10
44,21,5,0,2
44,22,5,0,3
44,23,5,0,15
44,24,5,0,11
44,25,5,0,4
44,26,5,0,2
44,27,5,0,9
44,28,5,0,6
44,29,5,0,8
44,30,5,0,5
44,31,5,0,13
44,32,5,0,8
44,33,5,0,7
44,34,5,0,5
44,35,5,0,12
44,36,5,0,23
44,37,5,0,20
44,38,5,0,14
44,39,5,0,19
44,40,5,0,8
44,41,5,0,21
44,42,5,0,8
44,43,5,0,7
44,44,5,0,11
44,45,5,0,9
44,46,5,0,10
44,47,5,0,5
44,48,5,0,24
45,0,5,0,8
45,1,5,0,5
45,2,5,0,8
45,3,5,0,23
45,4,5,0,10
45,5,5,0,9
45,6,5,0,18
45,7,5,0,10
45,8,5,0,18
45,9,5,0,20
45,10,5,0,24
45,11,5,0,23
45,12,5,0,20
45,13,5,0,22
45,14,5,0,1
45,15,5,0,15
45,16,5,0,7
45,17,5,0,5
45,18,5,0,20
45,19,5,0,17
45,20,5,0,18
45,21,5,0,19
45,22,5,0,24
45,23,5,0,15
45,24,5,0,2
45,25,5,0,6
45,26,5,0,7
45,27,5,0,2
45,28,5,0,16
45,29,5,0,15
45,30,5,0,24
45,31,5,0,6
45,32,5,0,7
45,33,5,0,24
45,34,5,0,23
45,35,5,0,7
45,36,5,0,10
45,37,5,0,6
45,38,5,0,8
45,39,5,0,0
45,40,5,0,19
45,41,5,0,20
45,42,5,0,16
45,43,5,0,0
45,44,5,0,18
45,45,5,0,24
45,46,5,0,11
45,47,5,0,13
45,48,5,0,22
46,0,5,0,0
46,1,5,0,16
46,2,5,0,1
46,3,5,0,13
46,4,5,0,24
46,5,5,0,11
46,6,5,0,9
46,7,5,0,3
46,8,5,0,6
46,9,5,0,18
46,10,5,0,6
46,11,5,0,7
46,12,5,0,1
46,13,5,0,6
46,14,5,0,21
46,15,5,0,21
46,16,5,0,2
46,17,5,0,2
46,18,5,0,12
46,19,5,0,22
46,20,5,0,17
46,21,5,0,14
46,22,5,0,12
46,23,5,0,10
46,24,5,0,7
46,25,5,0,6
46,26,5,0,20
46,27,5,0,2
46,28,5,0,5
46,29,5,0,10
46,30,5,0,22
46,31,5,0,15
46,32,5,0,23
46,33,5,0,6
46,34,5,0,3
46,35,5,0,24
46,36,5,0,12
46,37,5,0,10
46,38,5,0,1
46,39,5,0,8
46,40,5,0,3
46,41,5,0,1
46,42,5,0,20
46,43,5,0,2
46,44,5,0,13
46,45,5,0,12
46,46,5,0,23
46,47,5,0,11
46,48,5,0,19
47,0,5,0,11
47,1,5,0,8
47,2,5,0,6
47,3,5,0,5
47,4,5,0,1
47,5,5,0,8
47,6,5,0,12
47,7,5,0,0
47,8,5,0,2
47,9,5,0,10
47,10,5,0,21
47,11,5,0,4
47,12,5,0,24
47,13,5,0,11
47,14,5,0,3
47,15,5,0,2
47,16,5,0,17
47,17,5,0,17
47,18,5,0,15
47,19,5,0,5
47,20,5,0,23
47,21,5,0,23
47,22,5,0,6
47,23,5,0,12
47,24,5,0,19
47,25,5,0,5
47,26,5,0,17
47,27,5,0,10
47,28,5,0,10
47,29,5,0,1
47,30,5,0,6
47,31,5,0,10
47,32,5,0,24
47,33,5,0,4
47,34,5,0,14
47,35,5,0,14
47,36,5,0,14
47,37,5,0,7
47,38,5,0,14
47,39,5,0,16
47,40,5,0,4
47,41,5,0,17
47,42,5,0,15
47,43,5,0,11
47,44,5,0,23
47,45,5,0,0
47,46,5,0,2
47,47,5,0,11
47,48,5,0,21
48,0,5,0,14
48,1,5,0,14
48,2,5,0,9
48,3,5,0,1
48,4,5,0,4
48,5,5,0,20
48,6,5,0,12
48,7,5,0,16
48,8,5,0,6
48,9,5,0,12
48,10,5,0,13
48,11,5,0,19
48,12,5,0,7
48,13,5,0,2
48,14,5,0,12
48,15,5,0,4
48,16,5,0,1
48,17,5,0,23
48,18,5,0,16
48,19,5,0,14
48,20,5,0,18
48,21,5,0,15
48,22,5,0,4
48,23,5,0,11
48,24,5,0,2
48,25,5,0,12
48,26,5,0,12
48,27,5,0,13
48,28,5,0,14
48,29,5,0,8
48,30,5,0,19
48,31,5,0,16
48,32,5,0,8
48,33,5,0,6
48,34,5,0,21
48,35,5,0,9
48,36,5,0,13
48,37,5,0,14
48,38,5,0,17
48,39,5,0,12
48,40,5,0,11
48,41,5,0,7
48,42,5,0,24
48,43,5,0,8
48,44,5,0,14
48,45,5,0,21
48,46,5,0,11
48,47,5,0,19
48,48,5,0,10
49,0,5,0,15
49,1,5,0,20
49,2,5,0,0
49,3,5,0,16
49,4,5,0,4
49,5,5,0,23
49,6,5,0,23
49,7,5,0,14
49,8,5,0,7
49,9,5,0,12
49,10,5,0,6
49,11,5,0,2
49,12,5,0,22
49,13,5,0,16
49,14,5,0,3
49,15,5,0,10
49,16,5,0,24
49,17,5,0,7
49,18,5,0,3
49,19,5,0,18
49,20,5,0,14
49,21,5,0,16
49,22,5,0,21
49,23,5,0,7
49,24,5,0,15
49,25,5,0,18
49,26,5,0,8
49,27,5,0,5
49,28,5,0,22
49,29,5,0,7
49,30,5,0,22
49,31,5,0,8
49,32,5,0,2
49,33,5,0,15
49,34,5,0,10
49,35,5,0,14
49,36,5,0,9
49,37,5,0,12
49,38,5,0,14
49,39,5,0,23
49,40,5,0,5
49,41,5,0,11
49,42,5,0,5
49,43,5,0,9
49,44,5,0,20
49,45,5,0,3
49,46,5,0,21
49,47,5,0,23
49,48,5,0,1
50,0,5,0,19
50,1,5,0,13
50,2,5,0,15
50,3,5,0,16
50,4,5,0,18
50,5,5,0,13
50,6,5,0,5
50,7,5,0,7
50,8,5,0,8
50,9,5,0,23
50,10,5,0,19
50,11,5,0,13
50,12,5,0,22
50,13,5,0,2
50,14,5,0,13
50,15,5,0,19
50,16,5,0,12
50,17,5,0,3
50,18,5,0,17
50,19,5,0,5
50,20,5,0,5
50,21,5,0,13
50,22,5,0,14
50,23,5,0,2
50,24,5,0,12
50,25,5,0,9
50,26,5,0,20
50,27,5,0,24
50,28,5,0,6
50,29,5,0,6
50,30,5,0,1
50,31,5,0,3
50,32,5,0,5
50,33,5,0,5
50,34,5,0,6
50,35,5,0,1
50,36,5,0,11
50,37,5,0,1
50,38,5,0,22
50,39,5,0,10
50,40,5,0,5
50,41,5,0,4
50,42,5,0,8
50,43,5,0,0
50,44,5,0,19
50,45,5,0,14
50,46,5,0,14
50,47,5,0,4
50,48,5,0,13
51,0,5,0,4
51,1,5,0,21
51,2,5,0,8
51,3,5,0,3
51,4,5,0,0
51,5,5,0,23
51,6,5,0,15
51,7,5,0,9
51,8,5,0,9
51,9,5,0,1
51,10,5,0,3
51,11,5,0,11
51,12,5,0,15
51,13,5,0,8
51,14,5,0,10
51,15,5,0,14
51,16,5,0,3
51,17,5,0,10
51,18,5,0,15
51,19,5,0,5
51,20,5,0,0
51,21,5,0,21
51,22,5,0,23
51,23,5,0,1
51,24,5,0,5
51,25,5,0,4
51,26,5,0,17
51,27,5,0,0
51,28,5,0,6
51,29,5,0,7
51,30,5,0,10
51,31,5,0,22
51,32,5,0,8
51,33,5,0,9
51,34,5,0,17
51,35,5,0,21
51,36,5,0,10
51,37,5,0,5
51,38,5,0,0
51,39,5,0,13
51,40,5,0,19
51,41,5,0,4
51,42,5,0,13
51,43,5,0,19
51,44,5,0,13
51,45,5,0,4
51,46,5,0,21
51,47,5,0,7
51,48,5,0,14
52,0,5,0,5
52,1,5,0,5
52,2,5,0,11
52,3,5,0,23
52,4,5,0,14
52,5,5,0,7
52,6,5,0,23
52,7,5,0,4
52,8,5,0,19
52,9,5,0,16
52,10,5,0,17
52,11,5,0,6
52,12,5,0,12
52,13,5,0,23
52,14,5,0,19
52,15,5,0,17
52,16,5,0,19
52,17,5,0,19
52,18,5,0,23
52,19,5,0,23
52,20,5,0,20
52,21,5,0,7
52,22,5,0,18
52,23,5,0,10
52,24,5,0,3
52,25,5,0,1
52,26,5,0,21
52,27,5,0,11
52,28,5,0,20
52,29,5,0,2
52,30,5,0,0
52,31,5,0,9
52,32,5,0,18
52,33,5,0,7
52,34,5,0,24
52,35,5,0,7
52,36,5,0,16
52,37,5,0,0
52,38,5,0,18
52,39,5,0,14
52,40,5,0,18
52,41,5,0,10
52,42,5,0,8
52,43,5,0,8
52,44,5,0,13
52,45,5,0,2
52,46,5,0,17
52,47,5,0,9
52,48,5,0,5
53,0,5,0,10
53,1,5,0,1
53,2,5,0,21
53,3,5,0,24
53,4,5,0,10
53,5,5,0,8
53,6,5,0,21
53,7,5,0,19
53,8,5,0,7
53,9,5,0,23
53,10,5,0,15
53,11,5,0,23
53,12,5,0,9
53,13,5,0,11
53,14,5,0,10
53,15,5,0,14
53,16,5,0,20
53,17,5,0,17
53,18,5,0,20
53,19,5,0,9
53,20,5,0,4
53,21,5,0,21
53,22,5,0,14
53,23,5,0,11
53,24,5,0,3
53,25,5,0,3
53,26,5,0,12
53,27,5,0,12
53,28,5,0,3
53,29,5,0,22
53,30,5,0,22
53,31,5,0,3
53,32,5,0,24
53,33,5,0,3
53,34,5,0,4
53,35,5,0,0
53,36,5,0,13
53,37,5,0,4
53,38,5,0,3
53,39,5,0,21
53,40,5,0,18
53,41,5,0,20
53,42,5,0,11
53,43,5,0,11
53,44,5,0,0
53,45,5,0,2
53,46,5,0,20
53,47,5,0,24
53,48,5,0,7
54,0,5,0,5
54,1,5,0,7
54,2,5,0,22
54,3,5,0,24
54,4,5,0,22
54,5,5,0,0
54,6,5,0,20
54,7,5,0,24
54,8,5,0,12
54,9,5,0,5
54,10,5,0,10
54,11,5,0,20
54,12,5,0,23
54,13,5,0,20
54,14,5,0,14
54,15,5,0,18
54,16,5,0,20
54,17,5,0,4
54,18,5,0,7
54,19,5,0,16
54,20,5,0,18
54,21,5,0,4
54,22,5,0,0
54,23,5,0,1
54,24,5,0,2
54,25,5,0,21
54,26,5,0,2
54,27,5,0,15
54,28,5,0,20
54,29,5,0,10
54,30,5,0,11
54,31,5,0,19
54,32,5,0,17
54,33,5,0,16
54,34,5,0,4
54,35,5,0,14
54,36,5,0,2
54,37,5,0,0
54,38,5,0,7
54,39,5,0,13
54,40,5,0,14
54,41,5,0,13
54,42,5,0,20
54,43,5,0,15
54,44,5,0,19
54,45,5,0,11
54,46,5,0,8
54,47,5,0,17
54,48,5,0,23
55,0,5,0,22
55,1,5,0,4
55,2,5,0,2
55,3,5,0,21
55,4,5,0,4
55,5,5,0,19
55,6,5,0,22
55,7,5,0,16
55,8,5,0,16
55,9,5,0,19
55,10,5,0,8
55,11,5,0,13
55,12,5,0,12
55,13,5,0,16
55,14,5,0,17
55,15,5,0,14
55,16,5,0,16
55,17,5,0,10
55,18,5,0,20
55,19,5,0,16
55,20,5,0,21
55,21,5,0,15
55,22,5,0,20
55,23,5,0,3
55,24,5,0,3
55,25,5,0,11
55,26,5,0,16
55,27,5,0,2
55,28,5,0,13
55,29,5,0,10
55,30,5,0,19
55,31,5,0,23
55,32,5,0,8
55,33,5,0,22
55,34,5,0,6
55,35,5,0,21
55,36,5,0,18
55,37,5,0,23
55,38,5,0,22
55,39,5,0,21
55,40,5,0,2
55,41,5,0,8
55,42,5,0,24
55,43,5,0,0
55,44,5,0,20
55,45,5,0,4
55,46,5,0,3
55,47,5,0,8
55,48,5,0,10
56,0,5,0,15
56,1,5,0,19
56,2,5,0,16
56,3,5,0,24
56,4,5,0,10
56,5,5,0,0
56,6,5,0,18
56,7,5,0,12
56,8,5,0,20
56,9,5,0,0
56,10,5,0,13
56,11,5,0,24
56,12,5,0,14
56,13,5,0,16
56,14,5,0,9
56,15,5,0,19
56,16,5,0,12
56,17,5,0,16
56,18,5,0,24
56,19,5,0,4
56,20,5,0,0
56,21,5,0,12
56,22,5,0,12
56,23,5,0,21
56,24,5,0,9
56,25,5,0,6
56,26,5,0,1
56,27,5,0,20
56,28,5,0,23
56,29,5,0,0
56,30,5,0,4
56,31,5,0,18
56,32,5,0,0
56,33,5,0,15
56,34,5,0,18
56,35,5,0,23
56,36,5,0,12
56,37,5,0,22
56,38,5,0,24
56,39,5,0,17
56,40,5,0,22
56,41,5,0,4
56,42,5,0,5
56,43,5,0,11
56,44,5,0,6
56,45,5,0,14
56,46,5,0,18
56,47,5,0,20
56,48,5,0,1
57,0,5,0,4
57,1,5,0,12
57,2,5,0,22
57,3,5,0,14
57,4,5,0,10
57,5,5,0,2
57,6,5,0,6
57,7,5,0,7
57,8,5,0,21
57,9,5,0,6
57,10,5,0,21
57,11,5,0,4
57,12,5,0,19
57,13,5,0,10
57,14,5,0,3
57,15,5,0,9
57,16,5,0,8
57,17,5,0,23
57,18,5,0,16
57,19,5,0,2
57,20,5,0,3
57,21,5,0,12
57,22,5,0,16
57,23,5,0,17
57,24,5,0,13
57,25,5,0,0
57,26,5,0,19
57,27,5,0,18
57,28,5,0,13
57,29,5,0,17
57,30,5,0,10
57,31,5,0,7
57,32,5,0,17
57,33,5,0,2
57,34,5,0,4
57,35,5,0,22
57,36,5,0,14
57,37,5,0,7
57,38,5,0,23
57,39,5,0,7
57,40,5,0,7
57,41,5,0,15
57,42,5,0,24
57,43,5,0,10
57,44,5,0,4
57,45,5,0,12
57,46,5,0,17
57,47,5,0,19
57,48,5,0,13
58,0,5,0,18
58,1,5,0,13
58,2,5,0,1
58,3,5,0,5
58,4,5,0,24
58,5,5,0,13
58,6,5,0,3
58,7,5,0,24
58,8,5,0,0
58,9,5,0,17
58,10,5,0,6
58,11,5,0,0
58,12,5,0,2
58,13,5,0,5
58,14,5,0,23
58,15,5,0,20
58,16,5,0,23
58,17,5,0,21
58,18,5,0,15
58,19,5,0,20
58,20,5,0,12
58,21,5,0,1
58,22,5,0,4
58,23,5,0,12
58,24,5,0,7
58,25,5,0,0
58,26,5,0,16
58,27,5,0,12
58,28,5,0,21
58,29,5,0,23
58,30,5,0,15
58,31,5,0,14
58,32,5,0,5
58,33,5,0,23
58,34,5,0,21
58,35,5,0,0
58,36,5,0,2
58,37,5,0,8
58,38,5,0,7
58,39,5,0,8
58,40,5,0,13
58,41,5,0,23
58,42,5,0,12
58,43,5,0,23
58,44,5,0,23
58,45,5,0,16
58,46,5,0,15
58,47,5,0,24
58,48,5,0,23
59,0,5,0,11
59,1,5,0,16
59,2,5,0,10
59,3,5,0,17
59,4,5,0,22
59,5,5,0,1
59,6,5,0,10
59,7,5,0,3
59,8,5,0,0
59,9,5,0,15
59,10,5,0,12
59,11,5,0,16
59,12,5,0,16
59,13,5,0,21
59,14,5,0,6
59,15,5,0,5
59,16,5,0,9
59,17,5,0,10
59,18,5,0,16
59,19,5,0,18
59,20,5,0,15
59,21,5,0,17
59,22,5,0,6
59,23,5,0,4
59,24,5,0,3
59,25,5,0,12
59,26,5,0,20
59,27,5,0,23
59,28,5,0,21
59,29,5,0,18
59,30,5,0,8
59,31,5,0,9
59,32,5,0,21
59,33,5,0,6
59,34,5,0,5
59,35,5,0,17
59,36,5,0,12
59,37,5,0,19
59,38,5,0,10
59,39,5,0,8
59,40,5,0,21
59,41,5,0,5
59,42,5,0,24
59,43,5,0,8
59,44,5,0,6
59,45,5,0,8
59,46,5,0,15
59,47,5,0,10
59,48,5,0,4
60,0,5,0,5
60,1,5,0,2
60,2,5,0,15
60,3,5,0,22
60,4,5,0,22
60,5,5,0,5
60,6,5,0,23
60,7,5,0,10
60,8,5,0,2
60,9,5,0,7
60,10,5,0,11
60,11,5,0,0
60,12,5,0,1
60,13,5,0,16
60,14,5,0,4
60,15,5,0,19
60,16,5,0,7
60,17,5,0,15
60,18,5,0,15
60,19,5,0,22
60,20,5,0,0
60,21,5,0,21
60,22,5,0,24
60,23,5,0,15
60,24,5,0,2
60,25,5,0,17
60,26,5,0,7
60,27,5,0,19
60,28,5,0,13
60,29,5,0,0
60,30,5,0,24
60,31,5,0,11
60,32,5,0,21
60,33,5,0,8
60,34,5,0,10
60,35,5,0,23
60,36,5,0,13
60,37,5,0,14
60,38,5,0,7
60,39,5,0,9
60,40,5,0,12
60,41,5,0,7
60,42,5,0,0
60,43,5,0,0
60,44,5,0,19
60,45,5,0,15
60,46,5,0,4
60,47,5,0,12
60,48,5,0,14
61,0,5,0,8
61,1,5,0,1
61,2,5,0,1
61,3,5,0,12
61,4,5,0,12
61,5,5,0,17
61,6,5,0,11
61,7,5,0,12
61,8,5,0,11
61,9,5,0,20
61,10,5,0,20
61,11,5,0,8
61,12,5,0,1
61,13,5,0,0
61,14,5,0,15
61,15,5,0,1
61,16,5,0,20
61,17,5,0,9
61,18,5,0,11
61,19,5,0,24
61,20,5,0,8
61,21,5,0,0
61,22,5,0,1
61,23,5,0,7
61,24,5,0,2
61,25,5,0,4
61,26,5,0,6
61,27,5,0,18
61,28,5,0,17
61,29,5,0,6
61,30,5,0,7
61,31,5,0,13
61,32,5,0,9
61,33,5,0,14
61,34,5,0,6
61,35,5,0,9
61,36,5,0,22
61,37,5,0,17
61,38,5,0,24
61,39,5,0,2
61,40,5,0,0
61,41,5,0,8
61,42,5,0,13
61,43,5,0,18
61,44,5,0,23
61,45,5,0,12
61,46,5,0,9
61,47,5,0,10
61,48,5,0,24
62,0,5,0,6
62,1,5,0,0
62,2,5,0,16
62,3,5,0,6
62,4,5,0,18
62,5,5,0,17
62,6,5,0,16
62,7,5,0,0
62,8,5,0,0
62,9,5,0,16
62,10,5,0,11
62,11,5,0,15
62,12,5,0,3
62,13,5,0,10
62,14,5,0,13
62,15,5,0,8
62,16,5,0,9
62,17,5,0,21
62,18,5,0,8
62,19,5,0,19
62,20,5,0,15
62,21,5,0,1
62,22,5,0,20
62,23,5,0,4
62,24,5,0,23
62,25,5,0,20
62,26,5,0,5
62,27,5,0,11
62,28,5,0,13
62,29,5,0,24
62,30,5,0,0
62,31,5,0,10
62,32,5,0,10
62,33,5,0,0
62,34,5,0,2
62,35,5,0,9
62,36,5,0,22
62,37,5,0,6
62,38,5,0,20
62,39,5,0,3
62,40,5,0,13
62,41,5,0,9
62,42,5,0,1
62,43,5,0,17
62,44,5,0,17
62,45,5,0,8
62,46,5,0,12
62,47,5,0,14
62,48,5,0,7
63,0,5,0,7
63,1,5,0,4
63,2,5,0,15
63,3,5,0,9
63,4,5,0,16
63,5,5,0,8
63,6,5,0,2
63,7,5,0,10
63,8,5,0,1
63,9,5,0,6
63,10,5,0,7
63,11,5,0,19
63,12,5,0,19
63,13,5,0,13
63,14,5,0,4
63,15,5,0,22
63,16,5,0,17
63,17,5,0,0
63,18,5,0,6
63,19,5,0,2
63,20,5,0,2
63,21,5,0,14
63,22,5,0,22
63,23,5,0,22
63,24,5,0,1
63,25,5,0,19
63,26,5,0,7
63,27,5,0,3
63,28,5,0,1
63,29,5,0,4
63,30,5,0,13
63,31,5,0,8
63,32,5,0,18
63,33,5,0,12
63,34,5,0,4
63,35,5,0,5
63,36,5,0,19
63,37,5,0,11
63,38,5,0,18
63,39,5,0,24
63,40,5,0,3
63,41,5,0,12
63,42,5,0,23
63,43,5,0,1
63,44,5,0,24
63,45,5,0,15
63,46,5,0,2
63,47,5,0,1
63,48,5,0,16
64,0,5,0,21
64,1,5,0,14
64,2,5,0,23
64,3,5,0,24
64,4,5,0,9
64,5,5,0,17
64,6,5,0,6
64,7,5,0,16
64,8,5,0,14
64,9,5,0,5
64,10,5,0,8
64,11,5,0,6
64,12,5,0,21
64,13,5,0,11
64,14,5,0,6
64,15,5,0,12
64,16,5,0,18
64,17,5,0,20
64,18,5,0,19
64,19,5,0,20
64,20,5,0,7
64,21,5,0,9
64,22,5,0,8
64,23,5,0,12
64,24,5,0,5
64,25,5,0,7
64,26,5,0,10
64,27,5,0,1
64,28,5,0,20
64,29,5,0,18
64,30,5,0,15
64,31,5,0,1
64,32,5,0,10
64,33,5,0,7
64,34,5,0,23
64,35,5,0,2
64,36,5,0,22
64,37,5,0,23
64,38,5,0,23
64,39,5,0,7
64,40,5,0,22
64,41,5,0,17
64,42,5,0,22
64,43,5,0,20
64,44,5,0,14
64,45,5,0,18
64,46,5,0,20
64,47,5,0,23
64,48,5,0,21
65,0,5,0,6
65,1,5,0,18
65,2,5,0,4
65,3,5,0,14
65,4,5,0,22
65,5,5,0,22
65,6,5,0,22
65,7,5,0,4
65,8,5,0,10
65,9,5,0,1
65,10,5,0,10
65,11,5,0,8
65,12,5,0,5
65,13,5,0,20
65,14,5,0,20
65,15,5,0,7
65,16,5,0,12
65,17,5,0,23
65,18,5,0,18
65,19,5,0,21
65,20,5,0,16
65,21,5,0,15
65,22,5,0,18
65,23,5,0,8
65,24,5,0,14
65,25,5,0,15
65,26,5,0,14
65,27,5,0,18
65,28,5,0,3
65,29,5,0,14
65,30,5,4,20
65,31,5,4,20
65,32,5,4,20
65,33,5,4,20
65,34,5,0,19
65,35,5,0,22
65,36,5,0,18
65,37,5,0,19
65,38,5,0,11
65,39,5,0,1
65,40,5,0,2
65,41,5,0,14
65,42,5,0,10
65,43,5,0,5
65,44,5,0,11
65,45,5,0,22
65,46,5,0,17
65,47,5,0,17
65,48,5,0,23
66,0,5,0,1
66,1,5,0,20
66,2,5,0,19
66,3,5,0,19
66,4,5,0,16
66,5,5,0,11
66,6,5,0,23
66,7,5,0,24
66,8,5,0,6
66,9,5,0,20
66,10,5,0,19
66,11,5,0,12
66,12,5,0,19
66,13,5,0,6
66,14,5,0,15
66,15,5,0,10
66,16,5,0,21
66,17,5,0,11
66,18,5,0,0
66,19,5,0,20
66,20,5,0,24
66,21,5,0,8
66,22,5,0,0
66,23,5,0,3
66,24,5,0,2
66,25,5,0,3
66,26,5,0,19
66,27,5,0,19
66,28,5,0,12
66,29,5,4,10
66,30,5,4,8
66,31,5,4,8
66,32,5,4,8
66,33,5,4,21
66,34,5,0,7
66,35,5,0,5
66,36,5,0,18
66,37,5,0,5
66,38,5,0,20
66,39,5,0,4
66,40,5,0,9
66,41,5,0,10
66,42,5,0,9
66,43,5,0,9
66,44,5,0,16
66,45,5,0,11
66,46,5,0,10
66,47,5,0,21
66,48,5,0,9
67,0,5,0,12
67,1,5,0,19
67,2,5,0,9
67,3,5,0,20
67,4,5,0,21
67,5,5,0,14
67,6,5,0,23
67,7,5,0,7
67,8,5,0,1
67,9,5,0,0
67,10,5,0,10
67,11,5,0,14
67,12,5,0,9
67,13,5,0,9
67,14,5,0,15
67,15,5,0,23
67,16,5,0,12
67,17,5,0,15
67,18,5,0,23
67,19,5,0,19
67,20,5,0,21
67,21,5,0,24
67,22,5,0,1
67,23,5,0,3
67,24,5,0,8
67,25,5,0,17
67,26,5,0,18
67,27,5,0,18
67,28,5,4,15
67,29,4,0,11
67,30,4,0,6
67,31,4,0,16
67,32,4,0,13
67,33,5,4,23
67,34,5,4,20
67,35,5,0,5
67,36,5,0,1
67,37,5,0,24
67,38,5,0,0
67,39,5,0,14
67,40,5,0,7
67,41,5,0,19
67,42,5,0,13
67,43,5,0,9
67,44,5,0,20
67,45,5,0,19
67,46,5,0,20
67,47,5,0,19
67,48,5,0,9
68,0,5,0,10
68,1,5,0,19
68,2,5,0,18
68,3,5,0,16
68,4,5,0,24
68,5,5,0,9
68,6,5,0,11
68,7,5,0,15
68,8,5,0,20
68,9,5,0,24
68,10,5,0,11
68,11,5,0,17
68,12,5,0,12
68,13,5,0,3
68,14,5,0,11
68,15,5,0,10
68,16,5,0,12
68,17,5,0,0
68,18,5,0,8
68,19,5,0,21
68,20,5,0,2
68,21,5,0,10
68,22,5,0,2
68,23,5,0,19
68,24,5,0,9
68,25,5,0,2
68,26,5,0,14
68,27,5,4,15
68,28,4,0,14
68,29,4,0,7
68,30,4,0,3
68,31,4,0,17
68,32,4,0,12
68,33,5,4,8
68,34,5,4,21
68,35,5,4,20
68,36,5,0,8
68,37,5,0,15
68,38,5,0,13
68,39,5,0,16
68,40,5,0,8
68,41,5,0,24
68,42,5,0,9
68,43,5,0,7
68,44,5,0,15
68,45,5,0,20
68,46,5,0,7
68,47,5,0,2
68,48,5,0,13
69,0,5,0,1
69,1,5,0,16
69,2,5,0,9
69,3,5,0,24
69,4,5,0,8
69,5,5,0,1
69,6,5,0,3
69,7,5,0,24
69,8,5,0,7
69,9,5,0,18
69,10,5,0,20
69,11,5,0,18
69,12,5,0,1
69,13,5,0,17
69,14,5,0,20
69,15,5,0,10
69,16,5,0,4
69,17,5,0,23
69,18,5,0,21
69,19,5,0,3
69,20,5,0,6
69,21,5,0,5
69,22,5,0,23
69,23,5,0,14
69,24,5,0,21
69,25,5,0,9
69,26,5,4,0
69,27,4,0,7
69,28,4,0,0
69,29,4,0,14
69,30,4,0,11
69,31,4,0,23
69,32,4,0,9
69,33,4,0,20
69,34,5,4,8
69,35,5,4,22
69,36,5,0,2
69,37,5,0,14
69,38,5,0,1
69,39,5,0,20
69,40,5,0,20
69,41,5,0,24
69,42,5,0,12
69,43,5,0,17
69,44,5,0,24
69,45,5,0,6
69,46,5,0,21
69,47,5,0,13
69,48,5,0,10
70,0,5,0,23
70,1,5,0,16
70,2,5,0,7
70,3,5,0,23
70,4,5,0,10
70,5,5,0,2
70,6,5,0,9
70,7,5,0,10
70,8,5,0,18
70,9,5,0,6
70,10,5,0,23
70,11,5,0,10
70,12,5,0,24
70,13,5,0,6
70,14,5,0,5
70,15,5,0,11
70,16,5,0,22
70,17,5,0,12
70,18,5,0,23
70,19,5,0,16
70,20,5,0,21
70,21,5,0,10
70,22,5,0,2
70,23,5,0,3
70,24,5,0,9
70,25,5,0,22
70,26,5,4,18
70,27,4,0,10
70,28,4,0,8
70,29,4,6,20
70,30,4,0,0
70,31,4,0,5
70,32,4,0,14
70,33,4,0,2
70,34,4,0,23
70,35,5,4,21
70,36,5,0,23
70,37,5,0,1
70,38,5,0,0
70,39,5,0,2
70,40,5,0,12
70,41,5,0,24
70,42,5,0,22
70,43,5,0,9
70,44,5,0,0
70,45,5,0,5
70,46,5,0,3
70,47,5,0,6
70,48,5,0,9
71,0,5,0,0
71,1,5,0,20
71,2,5,0,4
71,3,5,0,20
71,4,5,0,4
71,5,5,0,20
71,6,5,0,9
71,7,5,0,19
71,8,5,0,16
71,9,5,0,21
71,10,5,0,8
71,11,5,0,16
71,12,5,0,6
71,13,5,0,17
71,14,5,0,23
71,15,5,0,14
71,16,5,0,7
71,17,5,0,8
71,18,5,0,17
71,19,5,0,8
71,20,5,0,19
71,21,5,0,20
71,22,5,0,23
71,23,5,0,23
71,24,5,0,20
71,25,5,4,10
71,26,4,0,15
71,27,4,0,16
71,28,4,6,13
71,29,4,6,22
71,30,4,0,1
71,31,4,0,1
71,32,4,0,2
71,33,4,0,20
71,34,4,0,21
71,35,5,4,7
71,36,5,0,4
71,37,5,0,19
71,38,5,0,20
71,39,5,0,4
71,40,5,0,6
71,41,5,0,0
71,42,5,0,24
71,43,5,0,21
71,44,5,0,17
71,45,5,0,5
71,46,5,0,3
71,47,5,0,3
71,48,5,0,10
72,0,5,0,8
72,1,5,0,3
72,2,5,0,14
72,3,5,0,20
72,4,5,0,1
72,5,5,0,5
72,6,5,0,3
72,7,5,0,12
72,8,5,0,9
72,9,5,0,20
72,10,5,0,0
72,11,5,0,10
72,12,5,0,16
72,13,5,0,16
72,14,5,0,5
72,15,5,0,20
72,16,5,0,2
72,17,5,0,9
72,18,5,0,24
72,19,5,0,15
72,20,5,0,12
72,21,5,0,9
72,22,5,0,8
72,23,5,0,19
72,24,5,4,0
72,25,4,0,16
72,26,4,0,22
72,27,4,6,0
72,28,6,0,7
72,29,4,6,24
72,30,4,0,14
72,31,4,0,1
72,32,4,0,3
72,33,4,0,7
72,34,4,0,2
72,35,5,4,7
72,36,5,0,22
72,37,5,0,3
72,38,5,0,11
72,39,5,0,23
72,40,5,0,20
72,41,5,0,23
72,42,5,0,1
72,43,5,0,21
72,44,5,0,14
72,45,5,0,3
72,46,5,0,6
72,47,5,0,8
72,48,5,0,3
73,0,5,0,22
73,1,5,0,1
73,2,5,0,17
73,3,5,0,24
73,4,5,0,2
73,5,5,0,4
73,6,5,0,9
73,7,5,0,6
73,8,5,0,24
73,9,5,0,8
73,10,5,0,7
73,11,5,0,24
73,12,5,0,17
73,13,5,0,5
73,14,5,0,15
73,15,5,0,2
73,16,5,0,20
73,17,5,0,1
73,18,5,0,10
73,19,5,0,24
73,20,5,0,13
73,21,5,0,23
73,22,5,0,9
73,23,5,0,4
73,24,5,4,18
73,25,4,0,9
73,26,4,0,23
73,27,4,6,17
73,28,4,6,19
73,29,4,0,11
73,30,4,0,12
73,31,4,0,18
73,32,4,0,20
73,33,4,0,11
73,34,4,0,5
73,35,5,4,7
73,36,5,0,1
73,37,5,0,13
73,38,5,0,14
73,39,5,0,4
73,40,5,0,7
73,41,5,0,24
73,42,5,0,7
73,43,5,0,0
73,44,5,0,8
73,45,5,0,0
73,46,5,0,6
73,47,5,0,7
73,48,5,0,10
74,0,5,0,12
74,1,5,0,6
74,2,5,0,8
74,3,5,0,24
74,4,5,0,4
74,5,5,0,22
74,6,5,0,8
74,7,5,0,20
74,8,5,0,24
74,9,5,0,11
74,10,5,0,9
74,11,5,0,2
74,12,5,0,19
74,13,5,0,7
74,14,5,0,1
74,15,5,0,1
74,16,5,0,21
74,17,5,0,20
74,18,5,0,0
74,19,5,0,10
74,20,5,0,24
74,21,5,0,3
74,22,5,0,23
74,23,5,4,0
74,24,4,0,9
74,25,4,0,6
74,26,4,0,22
74,27,4,6,4
74,28,4,0,0
74,29,4,0,1
74,30,4,0,11
74,31,4,0,13
74,32,4,0,11
74,33,4,0,5
74,34,4,0,11
74,35,5,4,24
74,36,5,0,19
74,37,5,0,18
74,38,5,0,21
74,39,5,0,2
74,40,5,0,23
74,41,5,0,14
74,42,5,0,9
74,43,5,0,18
74,44,5,0,18
74,45,5,0,17
74,46,5,0,22
74,47,5,0,15
74,48,5,0,19
75,0,5,0,4
75,1,5,0,24
75,2,5,0,0
75,3,5,0,11
75,4,5,0,13
75,5,5,0,10
75,6,5,0,11
75,7,5,0,6
75,8,5,0,11
75,9,5,0,18
75,10,5,0,24
75,11,5,0,7
75,12,5,0,9
75,13,5,0,21
75,14,5,0,4
75,15,5,0,19
75,16,5,0,8
75,17,5,0,12
75,18,5,0,2
75,19,5,0,21
75,20,5,0,15
75,21,5,0,4
75,22,5,0,7
75,23,5,4,18
75,24,4,0,13
75,25,4,0,8
75,26,4,0,15
75,27,1,4,16
75,28,4,0,4
75,29,4,0,0
75,30,4,0,12
75,31,4,0,9
75,32,4,0,16
75,33,4,0,12
75,34,5,4,6
75,35,5,4,20
75,36,5,0,24
75,37,5,0,17
75,38,5,0,10
75,39,5,0,4
75,40,5,0,6
75,41,5,0,10
75,42,5,0,12
75,43,5,0,17
75,44,5,0,5
75,45,5,0,18
75,46,5,0,18
75,47,5,0,3
75,48,5,0,19
76,0,5,0,17
76,1,5,0,4
76,2,5,0,8
76,3,5,0,22
76,4,5,0,7
76,5,5,0,22
76,6,5,0,10
76,7,5,0,21
76,8,5,0,21
76,9,5,0,7
76,10,5,0,1
76,11,5,0,10
76,12,5,0,7
76,13,5,0,4
76,14,5,0,2
76,15,5,0,14
76,16,5,0,5
76,17,5,0,16
76,18,5,0,21
76,19,5,0,10
76,20,5,4,20
76,21,5,4,20
76,22,5,4,13
76,23,4,0,8
76,24,4,0,6
76,25,4,0,9
76,26,1,4,9
76,27,1,4,2
76,28,1,4,16
76,29,4,0,18
76,30,4,0,13
76,31,4,0,0
76,32,4,0,4
76,33,4,0,4
76,34,5,4,8
76,35,5,4,23
76,36,5,0,12
76,37,5,0,8
76,38,5,0,2
76,39,5,0,22
76,40,5,0,0
76,41,5,0,14
76,42,5,0,6
76,43,5,0,9
76,44,5,0,14
76,45,5,0,18
76,46,5,0,20
76,47,5,0,15
76,48,5,0,17
77,0,5,0,14
77,1,5,0,3
77,2,5,0,14
77,3,5,0,20
77,4,5,0,6
77,5,5,0,21
77,6,5,0,4
77,7,5,0,12
77,8,5,0,5
77,9,5,0,9
77,10,5,0,0
77,11,5,0,4
77,12,5,0,5
77,13,5,0,2
77,14,5,0,1
77,15,5,0,24
77,16,5,0,3
77,17,5,0,6
77,18,5,0,2
77,19,5,4,5
77,20,5,4,8
77,21,5,4,8
77,22,4,0,7
77,23,4,0,13
77,24,1,4,16
77,25,1,4,19
77,26,1,0,16
77,27,1,4,4
77,28,1,4,1
77,29,4,0,6
77,30,4,0,23
77,31,4,0,7
77,32,4,0,5
77,33,4,0,13
77,34,4,0,24
77,35,5,4,7
77,36,5,0,21
77,37,5,0,24
77,38,5,0,0
77,39,5,0,22
77,40,5,0,2
77,41,5,0,17
77,42,5,0,19
77,43,5,0,7
77,44,5,0,17
77,45,5,0,4
77,46,5,0,13
77,47,5,0,21
77,48,5,0,19
78,0,5,0,4
78,1,5,0,2
78,2,5,0,19
78,3,5,0,14
78,4,5,0,21
78,5,5,0,1
78,6,5,0,13
78,7,5,0,18
78,8,5,0,14
78,9,5,0,17
78,10,5,0,8
78,11,5,0,7
78,12,5,0,2
78,13,5,0,8
78,14,5,0,13
78,15,5,0,16
78,16,5,0,9
78,17,5,0,4
78,18,5,4,15
78,19,4,0,18
78,20,4,0,0
78,21,4,0,22
78,22,4,0,23
78,23,1,4,11
78,24,1,4,4
78,25,1,0,1
78,26,1,0,7
78,27,1,0,10
78,28,1,4,18
78,29,4,0,24
78,30,4,0,16
78,31,4,0,4
78,32,4,0,12
78,33,4,0,20
78,34,4,0,6
78,35,5,4,24
78,36,5,0,2
78,37,5,0,6
78,38,5,0,24
78,39,5,0,2
78,40,5,0,9
78,41,5,0,24
78,42,5,0,16
78,43,5,0,18
78,44,5,0,12
78,45,5,0,1
78,46,5,0,22
78,47,5,0,21
78,48,5,0,21
79,0,5,0,0
79,1,5,0,0
79,2,5,0,23
79,3,5,0,17
79,4,5,0,0
79,5,5,0,19
79,6,5,0,23
79,7,5,0,24
79,8,5,0,1
79,9,5,0,14
79,10,5,0,12
79,11,5,0,11
79,12,5,0,0
79,13,5,0,20
79,14,5,0,4
79,15,5,0,14
79,16,5,0,7
79,17,5,4,0
79,18,4,0,8
79,19,4,0,9
79,20,4,0,19
79,21,4,0,7
79,22,1,4,11
79,23,1,0,15
79,24,1,0,9
79,25,1,0,14
79,26,1,0,23
79,27,1,4,0
79,28,4,0,16
79,29,4,0,1
79,30,4,0,3
79,31,4,0,4
79,32,4,0,0
79,33,4,0,20
79,34,5,4,6
79,35,5,0,19
79,36,5,0,3
79,37,5,0,24
79,38,5,0,17
79,39,5,0,13
79,40,5,0,12
79,41,5,0,11
79,42,5,0,22
79,43,5,0,3
79,44,5,0,19
79,45,5,0,14
79,46,5,0,3
79,47,5,0,18
79,48,5,0,17
80,0,5,0,7
80,1,5,0,9
80,2,5,0,18
80,3,5,0,16
80,4,5,0,0
80,5,5,0,22
80,6,5,0,20
80,7,5,0,16
80,8,5,0,16
80,9,5,0,21
80,10,5,0,10
80,11,5,0,16
80,12,5,0,13
80,13,5,0,21
80,14,5,0,3
80,15,5,0,23
80,16,5,0,16
80,17,5,4,18
80,18,4,0,3
80,19,4,0,10
80,20,4,0,10
80,21,1,4,6
80,22,1,0,17
80,23,1,0,2
80,24,1,0,21
80,25,1,0,0
80,26,1,0,22
80,27,1,4,2
80,28,1,4,16
80,29,4,0,3
80,30,4,0,22
80,31,4,0,2
80,32,4,0,15
80,33,4,0,23
80,34,5,4,21
80,35,5,0,4
80,36,5,0,19
80,37,5,0,21
80,38,5,0,13
80,39,5,0,23
80,40,5,0,14
80,41,5,0,4
80,42,5,0,8
80,43,5,0,6
80,44,5,0,20
80,45,5,0,16
80,46,5,0,13
80,47,5,0,20
80,48,5,0,2
