0,0,5,0,21
0,1,5,0,8
0,2,5,0,6
0,3,5,0,21
0,4,5,0,2
0,5,5,0,0
0,6,5,0,1
0,7,5,0,0
0,8,5,0,22
0,9,5,0,6
0,10,5,0,20
0,11,5,0,18
0,12,5,0,23
0,13,5,4,0
0,14,4,0,18
0,15,4,0,21
0,16,4,6,4
0,17,4,0,23
0,18,1,4,14
0,19,1,0,8
0,20,1,0,16
0,21,1,0,17
0,22,1,4,10
0,23,4,0,19
0,24,4,0,6
0,25,5,4,9
0,26,5,4,1
0,27,4,0,9
0,28,4,6,0
0,29,6,0,13
0,30,4,6,24
0,31,4,0,16
0,32,4,0,11
0,33,4,0,7
0,34,5,4,6
0,35,5,0,7
0,36,5,0,22
0,37,5,0,8
0,38,5,0,19
0,39,5,0,18
0,40,5,0,17
0,41,5,0,16
0,42,5,0,11
0,43,5,0,4
0,44,5,0,14
0,45,5,0,0
0,46,5,0,12
0,47,5,0,10
0,48,5,0,17
0,49,5,0,7
1,0,5,0,3
1,1,5,0,6
1,2,5,0,20
1,3,5,0,24
1,4,5,0,3
1,5,5,0,24
1,6,5,0,8
1,7,5,0,5
1,8,5,0,14
1,9,5,0,22
1,10,5,0,11
1,11,5,0,19
1,12,5,0,5
1,13,5,4,17
1,14,4,0,9
1,15,4,0,16
1,16,4,0,6
1,17,1,4,6
1,18,1,0,9
1,19,1,0,1
1,20,1,0,12
1,21,1,4,0
1,22,4,0,20
1,23,4,0,22
1,24,5,4,6
1,25,5,0,1
1,26,5,4,1
1,27,4,0,24
1,28,4,6,1
1,29,4,6,9
1,30,4,0,6
1,31,4,0,15
1,32,4,0,3
1,33,5,4,16
1,34,5,4,24
1,35,5,0,14
1,36,5,0,13
1,37,5,0,2
1,38,5,0,22
1,39,5,0,20
1,40,5,0,14
1,41,5,0,17
1,42,5,0,24
1,43,5,0,21
1,44,5,0,23
1,45,5,0,20
1,46,5,0,24
1,47,5,0,17
1,48,5,0,19
1,49,5,0,4
2,0,5,0,15
2,1,5,0,10
2,2,5,0,22
2,3,5,0,7
2,4,5,0,2
2,5,5,0,2
2,6,5,0,16
2,7,5,0,2
2,8,5,0,15
2,9,5,0,24
2,10,5,0,7
2,11,5,0,22
2,12,5,0,5
2,13,5,4,18
2,14,4,0,14
2,15,4,0,8
2,16,4,0,14
2,17,1,4,24
2,18,1,0,1
2,19,1,0,2
2,20,1,0,2
2,21,1,4,18
2,22,4,0,23
2,23,4,0,13
2,24,5,4,24
2,25,5,0,12
2,26,5,4,18
2,27,4,0,5
2,28,4,6,4
2,29,4,0,6
2,30,4,0,9
2,31,4,0,15
2,32,5,4,11
2,33,5,4,4
2,34,5,0,16
2,35,5,0,12
2,36,5,0,24
2,37,5,0,13
2,38,5,0,24
2,39,5,0,10
2,40,5,0,13
2,41,5,0,17
2,42,5,0,10
2,43,5,0,24
2,44,5,0,7
2,45,5,0,3
2,46,5,0,13
2,47,5,0,1
2,48,5,0,9
2,49,5,0,0
3,0,5,0,19
3,1,5,0,5
3,2,5,0,2
3,3,5,0,3
3,4,5,0,10
3,5,5,0,11
3,6,5,0,8
3,7,5,0,18
3,8,5,0,7
3,9,5,0,20
3,10,5,0,7
3,11,5,0,13
3,12,5,4,0
3,13,4,0,10
3,14,4,0,19
3,15,4,0,21
3,16,1,4,9
3,17,1,0,0
3,18,1,0,1
3,19,1,0,6
3,20,1,4,15
3,21,4,0,19
3,22,4,0,16
3,23,5,4,6
3,24,5,0,24
3,25,5,4,13
3,26,4,0,15
3,27,4,0,9
3,28,4,0,17
3,29,4,0,0
3,30,4,0,9
3,31,5,4,14
3,32,5,0,11
3,33,5,0,11
3,34,5,0,19
3,35,5,0,5
3,36,5,0,17
3,37,5,0,11
3,38,5,0,21
3,39,5,0,21
3,40,5,0,8
3,41,5,0,13
3,42,5,0,15
3,43,5,0,18
3,44,5,0,24
3,45,5,0,12
3,46,5,0,19
3,47,5,0,7
3,48,5,0,20
3,49,5,0,1
4,0,5,0,6
4,1,5,0,2
4,2,5,0,24
4,3,5,0,8
4,4,5,0,24
4,5,5,0,21
4,6,5,0,1
4,7,5,0,14
4,8,5,0,15
4,9,5,0,24
4,10,5,0,0
4,11,5,0,9
4,12,5,4,2
4,13,4,0,2
4,14,4,0,9
4,15,1,4,6
4,16,1,0,4
4,17,1,0,23
4,18,1,0,19
4,19,1,4,13
4,20,4,0,16
4,21,4,0,20
4,22,4,0,16
4,23,5,4,23
4,24,5,4,13
4,25,4,0,4
4,26,4,0,24
4,27,4,0,15
4,28,4,0,21
4,29,4,0,23
4,30,5,4,19
4,31,5,0,18
4,32,5,0,6
4,33,5,0,24
4,34,5,0,15
4,35,5,0,10
4,36,5,0,16
4,37,5,0,9
4,38,5,0,10
4,39,5,0,1
4,40,5,0,14
4,41,5,0,12
4,42,5,0,24
4,43,5,0,13
4,44,5,0,23
4,45,5,0,10
4,46,5,0,19
4,47,5,0,1
4,48,5,0,16
4,49,5,0,7
5,0,5,0,22
5,1,5,0,9
5,2,5,0,22
5,3,5,0,12
5,4,5,0,6
5,5,5,0,11
5,6,5,0,19
5,7,5,0,1
5,8,5,0,12
5,9,5,0,11
5,10,5,0,19
5,11,5,0,2
5,12,5,4,3
5,13,4,0,24
5,14,4,0,23
5,15,1,4,23
5,16,1,0,6
5,17,1,4,20
5,18,1,4,15
5,19,4,0,22
5,20,4,0,16
5,21,4,0,8
5,22,4,0,24
5,23,5,4,8
5,24,4,0,9
5,25,4,0,18
5,26,4,0,2
5,27,4,0,5
5,28,4,0,21
5,29,5,4,19
5,30,5,0,18
5,31,5,0,10
5,32,5,0,14
5,33,5,0,0
5,34,5,0,19
5,35,5,0,20
5,36,5,0,13
5,37,5,0,0
5,38,5,0,20
5,39,5,0,20
5,40,5,0,4
5,41,5,0,21
5,42,5,0,22
5,43,5,0,1
5,44,5,0,15
5,45,5,0,15
5,46,5,0,20
5,47,5,0,16
5,48,5,0,6
5,49,5,0,0
6,0,5,0,4
6,1,5,0,4
6,2,5,0,9
6,3,5,0,1
6,4,5,0,18
6,5,5,0,1
6,6,5,0,10
6,7,5,0,10
6,8,5,0,17
6,9,5,0,18
6,10,5,0,14
6,11,5,0,17
6,12,5,4,2
6,13,4,0,11
6,14,4,0,11
6,15,1,4,22
6,16,1,4,13
6,17,1,4,8
6,18,4,0,21
6,19,4,0,16
6,20,4,0,17
6,21,4,0,16
6,22,4,0,22
6,23,4,0,20
6,24,4,0,12
6,25,4,0,4
6,26,4,0,10
6,27,4,0,18
6,28,5,4,6
6,29,5,0,12
6,30,5,0,5
6,31,5,0,5
6,32,5,0,4
6,33,5,0,22
6,34,5,0,7
6,35,5,0,23
6,36,5,0,13
6,37,5,0,19
6,38,5,0,13
6,39,5,0,3
6,40,5,0,3
6,41,5,0,3
6,42,5,0,7
6,43,5,0,21
6,44,5,0,15
6,45,5,0,3
6,46,5,0,8
6,47,5,0,10
6,48,5,0,6
6,49,5,0,22
7,0,5,0,5
7,1,5,0,22
7,2,5,0,21
7,3,5,0,16
7,4,5,0,10
7,5,5,0,0
7,6,5,0,8
7,7,5,0,12
7,8,5,0,10
7,9,5,0,5
7,10,5,0,3
7,11,5,0,18
7,12,5,4,1
7,13,4,0,4
7,14,4,0,16
7,15,1,4,8
7,16,4,0,5
7,17,4,0,20
7,18,4,0,10
7,19,4,0,16
7,20,4,0,22
7,21,4,0,6
7,22,4,0,2
7,23,4,0,0
7,24,4,0,23
7,25,4,0,19
7,26,4,0,1
7,27,4,0,18
7,28,5,4,7
7,29,5,0,24
7,30,5,0,10
7,31,5,0,24
7,32,5,0,18
7,33,5,0,8
7,34,5,0,3
7,35,5,0,18
7,36,5,0,22
7,37,5,0,2
7,38,5,0,0
7,39,5,0,16
7,40,5,0,7
7,41,5,0,22
7,42,5,0,19
7,43,5,0,14
7,44,5,0,3
7,45,5,0,1
7,46,5,0,9
7,47,5,0,5
7,48,5,0,14
7,49,5,0,18
8,0,5,0,9
8,1,5,0,4
8,2,5,0,1
8,3,5,0,23
8,4,5,0,4
8,5,5,0,18
8,6,5,0,17
8,7,5,0,21
8,8,5,0,8
8,9,5,0,17
8,10,5,0,11
8,11,5,0,11
8,12,5,4,1
8,13,4,0,21
8,14,4,0,10
8,15,4,0,23
8,16,4,0,1
8,17,4,0,12
8,18,4,0,24
8,19,4,0,17
8,20,4,0,8
8,21,4,0,18
8,22,4,0,4
8,23,4,0,11
8,24,4,0,15
8,25,4,0,12
8,26,4,0,8
8,27,4,0,16
8,28,5,4,7
8,29,5,4,20
8,30,5,4,20
8,31,5,0,10
8,32,5,0,8
8,33,5,0,17
8,34,5,0,10
8,35,5,0,8
8,36,5,0,20
8,37,5,0,9
8,38,5,0,5
8,39,5,0,11
8,40,5,0,5
8,41,5,0,22
8,42,5,0,8
8,43,5,0,21
8,44,5,0,2
8,45,5,0,16
8,46,5,0,16
8,47,5,0,10
8,48,5,0,7
8,49,5,0,11
9,0,5,0,16
9,1,5,0,18
9,2,5,0,17
9,3,5,0,5
9,4,5,0,6
9,5,5,0,2
9,6,5,0,2
9,7,5,0,6
9,8,5,0,24
9,9,5,0,13
9,10,5,0,0
9,11,5,0,11
9,12,5,4,18
9,13,4,0,20
9,14,4,0,10
9,15,4,0,23
9,16,4,0,12
9,17,4,0,12
9,18,4,0,4
9,19,4,0,11
9,20,4,0,7
9,21,4,0,17
9,22,4,0,19
9,23,4,0,5
9,24,4,0,12
9,25,4,0,18
9,26,4,0,3
9,27,4,0,16
9,28,5,4,8
9,29,5,4,8
9,30,5,4,24
9,31,5,0,14
9,32,5,0,3
9,33,5,0,11
9,34,5,0,3
9,35,5,0,24
9,36,5,0,18
9,37,5,0,16
9,38,5,0,16
9,39,5,0,12
9,40,5,0,19
9,41,5,0,17
9,42,5,0,9
9,43,5,0,18
9,44,5,0,22
9,45,5,0,10
9,46,5,0,13
9,47,5,0,24
9,48,5,0,23
9,49,5,0,0
10,0,5,0,13
10,1,5,0,18
10,2,5,0,10
10,3,5,0,10
10,4,5,0,13
10,5,5,0,4
10,6,5,0,6
10,7,5,0,13
10,8,5,0,18
10,9,5,0,1
10,10,5,0,14
10,11,5,4,0
10,12,4,0,10
10,13,4,0,18
10,14,4,0,19
10,15,4,0,23
10,16,4,0,24
10,17,4,0,8
10,18,4,0,23
10,19,4,0,8
10,20,4,0,11
10,21,4,0,23
10,22,5,4,16
10,23,4,0,17
10,24,4,0,20
10,25,4,0,16
10,26,4,0,4
10,27,4,0,1
10,28,4,0,1
10,29,5,4,6
10,30,5,0,8
10,31,5,0,2
10,32,5,0,15
10,33,5,0,7
10,34,5,0,23
10,35,5,0,17
10,36,5,0,19
10,37,5,0,24
10,38,5,0,3
10,39,5,0,0
10,40,5,0,12
10,41,5,0,17
10,42,5,0,8
10,43,5,0,14
10,44,5,0,6
10,45,5,0,0
10,46,5,0,0
10,47,5,0,4
10,48,5,0,21
10,49,5,0,12
11,0,5,0,3
11,1,5,0,3
11,2,5,0,20
11,3,5,0,20
11,4,5,0,5
11,5,5,0,17
11,6,5,0,23
11,7,5,0,22
11,8,5,0,16
11,9,5,0,3
11,10,5,0,24
11,11,5,4,17
11,12,4,0,23
11,13,4,0,21
11,14,4,0,9
11,15,4,0,7
11,16,4,0,8
11,17,4,0,1
11,18,4,0,11
11,19,4,0,6
11,20,5,4,16
11,21,5,4,19
11,22,5,4,2
11,23,4,0,8
11,24,4,0,7
11,25,4,0,23
11,26,4,0,4
11,27,4,0,9
11,28,4,0,3
11,29,5,4,23
11,30,5,0,1
11,31,5,0,17
11,32,5,0,23
11,33,5,0,23
11,34,5,0,19
11,35,5,0,8
11,36,5,0,12
11,37,5,0,9
11,38,5,0,3
11,39,5,0,13
11,40,5,0,23
11,41,5,0,4
11,42,5,0,7
11,43,5,0,1
11,44,5,0,21
11,45,5,0,20
11,46,5,0,18
11,47,5,0,0
11,48,5,0,3
11,49,5,0,17
12,0,5,0,16
12,1,5,0,24
12,2,5,0,18
12,3,5,0,6
12,4,5,0,21
12,5,5,0,18
12,6,5,0,21
12,7,5,0,20
12,8,5,0,10
12,9,5,0,11
12,10,5,0,13
12,11,5,4,17
12,12,4,0,13
12,13,4,0,9
12,14,4,0,5
12,15,4,0,3
12,16,4,0,4
12,17,4,0,5
12,18,4,0,23
12,19,5,4,11
12,20,5,4,4
12,21,5,0,23
12,22,5,4,17
12,23,4,0,1
12,24,4,0,5
12,25,4,0,16
12,26,4,0,9
12,27,4,0,20
12,28,4,0,18
12,29,5,4,22
12,30,5,0,14
12,31,5,0,2
12,32,5,0,8
12,33,5,0,14
12,34,5,0,6
12,35,5,0,5
12,36,5,0,13
12,37,5,0,17
12,38,5,0,14
12,39,5,0,3
12,40,5,0,15
12,41,5,0,15
12,42,5,0,14
12,43,5,0,4
12,44,5,0,15
12,45,5,0,4
12,46,5,0,7
12,47,5,0,6
12,48,5,0,6
12,49,5,0,2
13,0,5,0,12
13,1,5,0,3
13,2,5,0,9
13,3,5,0,2
13,4,5,0,13
13,5,5,0,9
13,6,5,0,16
13,7,5,0,18
13,8,5,0,22
13,9,5,0,17
13,10,5,0,8
13,11,5,4,17
13,12,5,4,16
13,13,4,0,14
13,14,4,0,21
13,15,5,4,16
13,16,5,4,16
13,17,5,4,16
13,18,5,4,9
13,19,5,0,14
13,20,5,0,1
13,21,5,0,1
13,22,5,4,18
13,23,4,0,8
13,24,4,0,2
13,25,4,0,21
13,26,4,0,15
13,27,4,0,0
13,28,4,0,9
13,29,5,4,23
13,30,5,0,21
13,31,5,0,11
13,32,5,0,16
13,33,5,0,6
13,34,5,0,6
13,35,5,0,0
13,36,5,0,7
13,37,5,0,12
13,38,5,0,8
13,39,5,0,23
13,40,5,0,2
13,41,5,0,16
13,42,5,0,24
13,43,5,0,18
13,44,5,0,1
13,45,5,0,14
13,46,5,0,21
13,47,5,0,5
13,48,5,0,23
13,49,5,0,18
14,0,5,0,20
14,1,5,0,14
14,2,5,0,16
14,3,5,0,20
14,4,5,0,7
14,5,5,0,5
14,6,5,0,11
14,7,5,0,22
14,8,5,0,7
14,9,5,0,15
14,10,5,0,19
14,11,5,4,4
14,12,5,4,17
14,13,5,4,16
14,14,5,4,14
14,15,5,4,4
14,16,5,4,4
14,17,5,4,4
14,18,5,0,17
14,19,5,0,15
14,20,5,0,22
14,21,5,4,0
14,22,4,0,15
14,23,4,0,0
14,24,4,0,15
14,25,4,0,15
14,26,4,0,2
14,27,4,0,20
14,28,4,0,19
14,29,5,4,24
14,30,5,0,14
14,31,5,0,14
14,32,5,0,3
14,33,5,0,16
14,34,5,0,0
14,35,5,0,12
14,36,5,0,2
14,37,5,0,16
14,38,5,0,10
14,39,5,0,7
14,40,5,0,2
14,41,5,0,9
14,42,5,0,13
14,43,5,0,23
14,44,5,0,14
14,45,5,0,2
14,46,5,0,21
14,47,5,0,23
14,48,5,0,2
14,49,5,0,23
15,0,5,0,24
15,1,5,0,21
15,2,5,0,5
15,3,5,0,10
15,4,5,0,14
15,5,5,0,20
15,6,5,0,24
15,7,5,0,4
15,8,5,0,1
15,9,5,0,24
15,10,5,0,12
15,11,5,0,20
15,12,5,4,4
15,13,5,4,4
15,14,5,0,18
15,15,5,0,2
15,16,5,0,1
15,17,5,0,12
15,18,5,0,3
15,19,5,0,10
15,20,5,0,23
15,21,5,4,1
15,22,5,4,16
15,23,4,0,12
15,24,4,0,22
15,25,4,0,7
15,26,4,0,14
15,27,4,0,19
15,28,5,4,6
15,29,5,0,1
15,30,5,0,22
15,31,5,0,20
15,32,5,0,11
15,33,5,0,22
15,34,5,0,20
15,35,5,0,3
15,36,5,0,3
15,37,5,0,11
15,38,5,0,19
15,39,5,0,18
15,40,5,0,10
15,41,5,0,7
15,42,5,0,9
15,43,5,0,4
15,44,5,0,23
15,45,5,0,12
15,46,5,0,17
15,47,5,0,22
15,48,5,0,22
15,49,5,0,17
16,0,5,0,2
16,1,5,0,6
16,2,5,0,13
16,3,5,0,18
16,4,5,0,4
16,5,5,0,18
16,6,5,0,4
16,7,5,0,18
16,8,5,0,0
16,9,5,0,11
16,10,5,0,8
16,11,5,0,2
16,12,5,0,15
16,13,5,0,14
16,14,5,0,6
16,15,5,0,19
16,16,5,0,6
16,17,5,0,6
16,18,5,0,12
16,19,5,0,23
16,20,5,0,21
16,21,5,4,4
16,22,5,4,1
16,23,4,0,12
16,24,4,0,22
16,25,4,0,4
16,26,4,0,19
16,27,4,0,8
16,28,5,4,24
16,29,5,0,3
16,30,5,0,0
16,31,5,0,19
16,32,5,0,24
16,33,5,0,21
16,34,5,4,20
16,35,5,4,20
16,36,5,0,6
16,37,5,0,3
16,38,5,0,9
16,39,5,0,4
16,40,5,0,8
16,41,5,0,23
16,42,5,0,4
16,43,5,0,13
16,44,5,0,10
16,45,5,0,19
16,46,5,0,23
16,47,5,0,21
16,48,5,0,7
16,49,5,0,19
17,0,5,0,13
17,1,5,0,13
17,2,5,0,21
17,3,5,0,20
17,4,5,0,18
17,5,5,0,1
17,6,5,0,16
17,7,5,0,4
17,8,5,0,19
17,9,5,0,13
17,10,5,0,1
17,11,5,0,6
17,12,5,0,21
17,13,5,0,8
17,14,5,0,19
17,15,5,0,7
17,16,5,0,12
17,17,5,0,22
17,18,5,0,10
17,19,5,0,10
17,20,5,0,13
17,21,5,0,19
17,22,5,4,2
17,23,4,0,5
17,24,4,0,5
17,25,4,0,14
17,26,4,0,1
17,27,5,4,6
17,28,5,0,23
17,29,5,0,14
17,30,5,0,16
17,31,5,0,14
17,32,5,0,3
17,33,5,4,15
17,34,5,4,8
17,35,5,4,7
17,36,5,4,20
17,37,5,0,19
17,38,5,0,17
17,39,5,0,23
17,40,5,0,5
17,41,5,0,9
17,42,5,0,21
17,43,5,0,24
17,44,5,0,17
17,45,5,0,0
17,46,5,0,21
17,47,5,0,21
17,48,5,0,9
17,49,5,0,12
18,0,5,0,3
18,1,5,0,22
18,2,5,0,1
18,3,5,0,13
18,4,5,0,16
18,5,5,0,23
18,6,5,0,19
18,7,5,0,0
18,8,5,0,5
18,9,5,0,6
18,10,5,0,19
18,11,5,0,3
18,12,5,0,3
18,13,5,0,3
18,14,5,0,23
18,15,5,0,9
18,16,5,0,11
18,17,5,0,11
18,18,5,0,10
18,19,5,0,3
18,20,5,0,20
18,21,5,0,0
18,22,5,4,2
18,23,4,0,4
18,24,4,0,1
18,25,4,0,18
18,26,4,0,13
18,27,5,4,23
18,28,5,4,20
18,29,5,4,20
18,30,5,0,24
18,31,5,0,7
18,32,5,4,0
18,33,4,0,1
18,34,4,0,16
18,35,5,4,8
18,36,5,4,23
18,37,5,0,1
18,38,5,0,11
18,39,5,0,18
18,40,5,0,14
18,41,5,0,1
18,42,5,0,12
18,43,5,0,0
18,44,5,0,24
18,45,5,0,24
18,46,5,0,18
18,47,5,0,6
18,48,5,0,2
18,49,5,0,1
19,0,5,0,0
19,1,5,0,5
19,2,5,0,17
19,3,5,0,19
19,4,5,0,14
19,5,5,0,3
19,6,5,0,20
19,7,5,0,6
19,8,5,0,18
19,9,5,0,11
19,10,5,0,23
19,11,5,0,12
19,12,5,0,23
19,13,5,0,11
19,14,5,0,13
19,15,5,0,0
19,16,5,0,1
19,17,5,0,3
19,18,5,0,1
19,19,5,0,5
19,20,5,0,24
19,21,5,0,8
19,22,5,4,2
19,23,4,0,23
19,24,4,0,8
19,25,4,0,10
19,26,4,0,8
19,27,5,4,8
19,28,5,4,8
19,29,5,4,21
19,30,5,0,20
19,31,5,0,11
19,32,5,4,18
19,33,4,0,20
19,34,4,0,21
19,35,4,0,7
19,36,5,4,21
19,37,5,0,4
19,38,5,0,1
19,39,5,0,15
19,40,5,0,3
19,41,5,0,5
19,42,5,0,9
19,43,5,0,16
19,44,5,0,7
19,45,5,0,5
19,46,5,0,22
19,47,5,0,11
19,48,5,0,3
19,49,5,0,7
20,0,5,0,15
20,1,5,0,18
20,2,5,0,6
20,3,5,0,18
20,4,5,0,13
20,5,5,0,16
20,6,5,0,9
20,7,5,0,14
20,8,5,0,15
20,9,5,0,22
20,10,5,0,4
20,11,5,0,5
20,12,5,0,4
20,13,5,0,12
20,14,5,0,7
20,15,5,0,7
20,16,5,0,22
20,17,5,0,21
20,18,5,0,20
20,19,5,0,14
20,20,5,0,18
20,21,5,0,9
20,22,5,4,17
20,23,4,0,24
20,24,4,0,5
20,25,4,0,1
20,26,4,0,13
20,27,4,0,3
20,28,4,0,11
20,29,5,4,21
20,30,5,0,3
20,31,5,4,15
20,32,4,0,1
20,33,4,0,5
20,34,4,0,24
20,35,4,0,11
20,36,5,4,21
20,37,5,0,19
20,38,5,0,7
20,39,5,0,4
20,40,5,0,13
20,41,5,0,6
20,42,5,0,20
20,43,5,0,20
20,44,5,0,16
20,45,5,0,23
20,46,5,0,8
20,47,5,0,19
20,48,5,0,21
20,49,5,0,22
21,0,5,0,7
21,1,5,0,22
21,2,5,0,9
21,3,5,0,8
21,4,5,0,4
21,5,5,0,10
21,6,5,0,19
21,7,5,0,13
21,8,5,0,13
21,9,5,0,0
21,10,5,0,2
21,11,5,0,10
21,12,5,0,20
21,13,5,0,5
21,14,5,0,7
21,15,5,0,24
21,16,5,0,3
21,17,5,0,9
21,18,5,0,19
21,19,5,0,3
21,20,5,0,16
21,21,5,0,7
21,22,5,4,18
21,23,4,0,5
21,24,4,0,14
21,25,4,0,16
21,26,1,4,16
21,27,4,0,4
21,28,4,0,8
21,29,5,4,7
21,30,5,4,10
21,31,4,0,16
21,32,4,0,5
21,33,4,0,18
21,34,4,0,17
21,35,4,0,13
21,36,5,4,21
21,37,5,4,20
21,38,5,4,20
21,39,5,0,17
21,40,5,0,5
21,41,5,0,6
21,42,5,0,15
21,43,5,0,7
21,44,5,0,21
21,45,5,0,15
21,46,5,0,24
21,47,5,0,2
21,48,5,0,2
21,49,5,0,5
22,0,5,0,12
22,1,5,0,15
22,2,5,0,20
22,3,5,0,21
22,4,5,0,5
22,5,5,0,12
22,6,5,0,14
22,7,5,0,9
22,8,5,0,21
22,9,5,0,13
22,10,5,0,13
22,11,5,0,1
22,12,5,0,13
22,13,5,0,1
22,14,5,0,17
22,15,5,0,9
22,16,5,0,17
22,17,5,0,18
22,18,5,0,20
22,19,5,0,4
22,20,5,0,9
22,21,5,4,0
22,22,4,0,18
22,23,4,0,10
22,24,4,0,5
22,25,1,4,9
22,26,1,4,3
22,27,4,0,11
22,28,4,0,7
22,29,5,4,8
22,30,4,0,24
22,31,4,0,11
22,32,4,0,9
22,33,4,0,24
22,34,4,0,19
22,35,4,0,14
22,36,5,4,8
22,37,5,4,8
22,38,5,4,7
22,39,5,0,22
22,40,5,0,21
22,41,5,0,20
22,42,5,0,12
22,43,5,0,7
22,44,5,0,2
22,45,5,0,20
22,46,5,0,8
22,47,5,0,24
22,48,5,0,11
22,49,5,0,24
23,0,5,0,13
23,1,5,0,8
23,2,5,0,7
23,3,5,0,14
23,4,5,0,18
23,5,5,0,0
23,6,5,0,1
23,7,5,0,11
23,8,5,0,17
23,9,5,0,18
23,10,5,0,20
23,11,5,0,1
23,12,5,0,16
23,13,5,0,9
23,14,5,0,5
23,15,5,0,16
23,16,5,0,10
23,17,5,0,2
23,18,5,0,12
23,19,5,0,4
23,20,5,0,18
23,21,5,4,18
23,22,4,0,3
23,23,4,0,0
23,24,1,4,6
23,25,1,0,3
23,26,1,4,18
23,27,4,0,11
23,28,4,0,20
23,29,4,0,7
23,30,4,0,12
23,31,4,0,17
23,32,4,0,10
23,33,4,0,12
23,34,4,0,20
23,35,4,0,8
23,36,4,0,18
23,37,4,0,23
23,38,5,4,23
23,39,5,0,9
23,40,5,0,10
23,41,5,0,13
23,42,5,0,19
23,43,5,0,13
23,44,5,0,10
23,45,5,0,21
23,46,5,0,3
23,47,5,0,17
23,48,5,0,1
23,49,5,0,14
24,0,5,0,3
24,1,5,0,2
24,2,5,0,7
24,3,5,0,13
24,4,5,0,5
24,5,5,0,3
24,6,5,0,16
24,7,5,0,14
24,8,5,0,11
24,9,5,0,15
24,10,5,0,16
24,11,5,0,4
24,12,5,0,9
24,13,5,0,4
24,14,5,0,0
24,15,5,0,24
24,16,5,0,8
24,17,5,0,3
24,18,5,0,11
24,19,5,0,2
24,20,5,4,0
24,21,4,0,8
24,22,4,0,20
24,23,4,0,8
24,24,1,4,7
24,25,1,4,13
24,26,4,0,10
24,27,4,0,11
24,28,4,0,23
24,29,4,0,21
24,30,4,0,12
24,31,4,0,1
24,32,1,4,16
24,33,4,0,16
24,34,4,0,18
24,35,4,0,6
24,36,4,0,15
24,37,4,0,12
24,38,5,4,22
24,39,5,0,12
24,40,5,0,18
24,41,5,0,21
24,42,5,0,19
24,43,5,0,18
24,44,5,0,24
24,45,5,0,1
24,46,5,0,19
24,47,5,0,24
24,48,5,0,2
24,49,5,0,23
25,0,5,0,18
25,1,5,0,5
25,2,5,0,0
25,3,5,0,10
25,4,5,0,2
25,5,5,0,7
25,6,5,0,6
25,7,5,0,23
25,8,5,0,1
25,9,5,0,1
25,10,5,0,16
25,11,5,0,23
25,12,5,0,21
25,13,5,0,15
25,14,5,0,10
25,15,5,0,19
25,16,5,0,18
25,17,5,0,2
25,18,5,0,21
25,19,5,0,12
25,20,5,4,2
25,21,4,0,13
25,22,4,0,21
25,23,4,0,22
25,24,1,4,8
25,25,4,0,24
25,26,4,0,21
25,27,4,0,4
25,28,4,0,3
25,29,4,0,14
25,30,1,4,16
25,31,1,4,14
25,32,1,4,2
25,33,4,0,20
25,34,4,0,1
25,35,4,0,10
25,36,4,0,14
25,37,4,0,11
25,38,5,4,7
25,39,5,0,11
25,40,5,0,2
25,41,5,0,16
25,42,5,0,22
25,43,5,0,1
25,44,5,0,9
25,45,5,0,11
25,46,5,0,18
25,47,5,0,21
25,48,5,0,15
25,49,5,0,13
26,0,5,0,2
26,1,5,0,5
26,2,5,0,24
26,3,5,0,14
26,4,5,0,3
26,5,5,0,20
26,6,5,0,12
26,7,5,0,16
26,8,5,0,2
26,9,5,0,3
26,10,5,0,9
26,11,5,0,19
26,12,5,0,6
26,13,5,0,20
26,14,5,0,19
26,15,5,0,19
26,16,5,0,20
26,17,5,0,24
26,18,5,0,4
26,19,5,0,8
26,20,5,4,18
26,21,4,0,12
26,22,4,0,1
26,23,4,0,23
26,24,4,0,23
26,25,4,0,2
26,26,5,4,16
26,27,5,4,16
26,28,4,0,20
26,29,1,4,11
26,30,1,4,4
26,31,1,0,12
26,32,1,4,1
26,33,4,0,4
26,34,4,0,15
26,35,4,0,14
26,36,4,0,16
26,37,4,0,9
26,38,5,4,23
26,39,5,0,2
26,40,5,0,23
26,41,5,0,24
26,42,5,0,8
26,43,5,0,16
26,44,5,0,14
26,45,5,0,12
26,46,5,0,2
26,47,5,0,14
26,48,5,0,2
26,49,5,0,17
27,0,5,0,5
27,1,5,0,4
27,2,5,0,2
27,3,5,0,0
27,4,5,0,8
27,5,5,0,11
27,6,5,0,0
27,7,5,0,16
27,8,5,0,18
27,9,5,0,1
27,10,5,0,12
27,11,5,0,18
27,12,5,0,5
27,13,5,0,15
27,14,5,0,21
27,15,5,0,13
27,16,5,0,14
27,17,5,0,24
27,18,5,0,7
27,19,5,4,0
27,20,4,0,7
27,21,4,0,22
27,22,4,0,22
27,23,4,0,3
27,24,4,0,6
27,25,5,4,19
27,26,5,4,4
27,27,5,4,3
27,28,1,4,6
27,29,1,0,5
27,30,1,0,15
27,31,1,0,8
27,32,1,4,2
27,33,4,0,15
27,34,4,0,0
27,35,4,0,0
27,36,4,0,7
27,37,4,0,14
27,38,5,4,21
27,39,5,0,11
27,40,5,0,0
27,41,5,0,4
27,42,5,0,10
27,43,5,0,24
27,44,5,0,6
27,45,5,0,3
27,46,5,0,9
27,47,5,0,14
27,48,5,0,17
27,49,5,0,12
28,0,5,0,9
28,1,5,0,6
28,2,5,0,18
28,3,5,0,20
28,4,5,0,3
28,5,5,0,16
28,6,5,0,11
28,7,5,0,12
28,8,5,0,6
28,9,5,0,15
28,10,5,0,22
28,11,5,0,17
28,12,5,0,15
28,13,5,0,14
28,14,5,0,24
28,15,5,0,17
28,16,5,0,3
28,17,5,0,24
28,18,5,0,22
28,19,5,4,18
28,20,4,0,16
28,21,4,0,7
28,22,4,0,9
28,23,4,0,9
28,24,5,4,6
28,25,5,0,2
28,26,5,0,20
28,27,5,4,18
28,28,1,4,24
28,29,1,0,15
28,30,10,1,16
28,31,1,0,17
28,32,1,4,2
28,33,4,0,14
28,34,4,6,20
28,35,4,0,23
28,36,4,0,15
28,37,4,0,13
28,38,5,4,24
28,39,5,0,1
28,40,5,0,22
28,41,5,0,6
28,42,5,0,10
28,43,5,0,1
28,44,5,0,8
28,45,5,0,14
28,46,5,0,21
28,47,5,0,9
28,48,5,0,10
28,49,5,0,7
29,0,5,0,14
29,1,5,0,2
29,2,5,0,8
29,3,5,0,20
29,4,5,0,4
29,5,5,0,9
29,6,5,0,12
29,7,5,0,7
29,8,5,0,17
29,9,5,0,13
29,10,5,0,9
29,11,5,0,3
29,12,5,0,10
29,13,5,0,24
29,14,5,0,10
29,15,5,0,0
29,16,5,0,22
29,17,5,0,3
29,18,5,4,10
29,19,4,0,16
29,20,4,0,18
29,21,4,0,12
29,22,4,0,13
29,23,4,0,21
29,24,5,4,22
29,25,5,0,6
29,26,5,4,10
29,27,1,4,6
29,28,1,0,1
29,29,10,1,9
29,30,10,1,17
29,31,1,0,1
29,32,1,4,18
29,33,4,6,10
29,34,4,6,21
29,35,4,0,10
29,36,4,0,3
29,37,5,4,6
29,38,5,0,4
29,39,5,0,19
29,40,5,0,17
29,41,5,0,18
29,42,5,0,0
29,43,5,0,24
29,44,5,0,18
29,45,5,0,17
29,46,5,0,19
29,47,5,0,16
29,48,5,0,2
29,49,5,0,12
30,0,5,0,24
30,1,5,0,24
30,2,5,0,21
30,3,5,0,3
30,4,5,0,4
30,5,5,0,18
30,6,5,0,12
30,7,5,0,6
30,8,5,0,12
30,9,5,0,5
30,10,5,0,10
30,11,5,0,0
30,12,5,0,9
30,13,5,0,19
30,14,5,0,23
30,15,5,0,16
30,16,5,0,8
30,17,5,4,0
30,18,4,0,5
30,19,4,0,18
30,20,4,0,6
30,21,1,4,16
30,22,1,4,16
30,23,4,0,22
30,24,5,4,7
30,25,5,4,10
30,26,4,0,17
30,27,1,4,24
30,28,10,1,9
30,29,10,0,8
30,30,10,1,18
30,31,1,4,0
30,32,4,6,0
30,33,6,0,17
30,34,4,6,24
30,35,4,0,17
30,36,4,0,16
30,37,5,4,24
30,38,5,0,4
30,39,5,0,8
30,40,5,0,18
30,41,5,0,5
30,42,5,0,8
30,43,5,0,10
30,44,5,0,24
30,45,5,0,22
30,46,5,0,12
30,47,5,0,17
30,48,5,0,13
30,49,5,0,7
31,0,5,0,20
31,1,5,0,13
31,2,5,0,2
31,3,5,0,17
31,4,5,0,8
31,5,5,0,4
31,6,5,0,23
31,7,5,0,13
31,8,5,0,8
31,9,5,0,20
31,10,5,0,21
31,11,5,0,23
31,12,5,0,21
31,13,5,0,4
31,14,5,0,20
31,15,5,0,6
31,16,5,0,13
31,17,5,4,18
31,18,4,0,22
31,19,4,0,12
31,20,1,4,11
31,21,1,4,4
31,22,1,4,1
31,23,4,0,1
31,24,5,4,8
31,25,4,0,9
31,26,1,4,6
31,27,10,1,6
31,28,10,0,1
31,29,10,1,0
31,30,1,0,1
31,31,1,4,2
31,32,4,6,3
31,33,4,6,9
31,34,4,0,20
31,35,4,0,7
31,36,5,4,19
31,37,5,0,8
31,38,5,0,17
31,39,5,0,6
31,40,5,0,15
31,41,5,0,20
31,42,5,0,5
31,43,5,0,11
31,44,5,0,22
31,45,5,0,5
31,46,5,0,15
31,47,5,0,24
31,48,5,0,22
32,0,5,0,4
32,1,5,0,14
32,2,5,0,19
32,3,5,0,8
32,4,5,0,14
32,5,5,0,5
32,6,5,0,11
32,7,5,0,20
32,8,5,0,16
32,9,5,0,14
32,10,5,0,13
32,11,5,0,18
32,12,5,0,0
32,13,5,0,23
32,14,5,0,17
32,15,5,0,4
32,16,5,4,5
32,17,4,0,19
32,18,4,0,1
32,19,1,4,19
32,20,1,0,0
32,21,1,0,21
32,22,1,4,17
32,23,1,4,16
32,24,1,4,16
32,25,1,4,16
32,26,1,4,24
32,27,10,1,22
32,28,10,0,15
32,29,10,1,18
32,30,1,0,3
32,31,1,4,17
32,32,4,6,4
32,33,4,0,0
32,34,4,0,5
32,35,5,4,14
32,36,5,0,15
32,37,5,0,10
32,38,5,0,2
32,39,5,0,9
32,40,5,0,16
32,41,5,0,16
32,42,5,0,24
32,43,5,0,19
32,44,5,0,5
32,45,5,0,10
32,46,5,0,14
32,47,5,0,5
32,48,5,0,10
33,0,5,0,5
33,1,5,0,4
33,2,5,0,20
33,3,5,0,3
33,4,5,0,17
33,5,5,0,3
33,6,5,0,16
33,7,5,0,5
33,8,5,0,18
33,9,5,0,23
33,10,5,0,10
33,11,5,0,21
33,12,5,0,14
33,13,5,0,13
33,14,5,0,8
33,15,5,4,0
33,16,4,0,23
33,17,4,0,17
33,18,1,4,6
33,19,1,0,15
33,20,1,0,17
33,21,1,0,20
33,22,1,4,4
33,23,1,4,4
33,24,1,4,4
33,25,1,4,4
33,26,1,0,19
33,27,10,1,22
33,28,10,1,10
33,29,1,0,17
33,30,1,0,9
33,31,1,4,18
33,32,4,0,23
33,33,4,0,7
33,34,5,4,6
33,35,5,0,8
33,36,5,0,24
33,37,5,0,0
33,38,5,0,13
33,39,5,0,4
33,40,5,0,8
33,41,5,0,8
33,42,5,0,15
33,43,5,0,17
33,44,5,0,16
33,45,5,0,5
33,46,5,0,8
33,47,5,0,10
33,48,5,0,23
34,0,5,0,18
34,1,5,0,20
34,2,5,0,1
34,3,5,0,22
34,4,5,0,9
34,5,5,0,24
34,6,5,0,20
34,7,5,0,21
34,8,5,0,24
34,9,5,0,0
34,10,5,0,23
34,11,5,0,7
34,12,5,0,13
34,13,5,0,3
34,14,5,0,11
34,15,5,4,18
34,16,4,0,6
34,17,4,0,21
34,18,1,4,24
34,19,1,0,12
34,20,1,0,5
34,21,1,0,12
34,22,1,0,6
34,23,1,0,12
34,24,1,0,9
34,25,1,0,21
34,26,1,0,15
34,27,10,1,8
34,28,1,0,2
34,29,1,0,18
34,30,1,4,0
34,31,4,0,1
34,32,4,0,6
34,33,4,0,8
34,34,5,4,24
34,35,5,0,0
34,36,5,0,23
34,37,5,0,3
34,38,5,0,18
34,39,5,0,19
34,40,5,0,8
34,41,5,0,11
34,42,5,0,2
34,43,5,0,22
34,44,5,0,16
34,45,5,0,7
34,46,5,0,24
34,47,5,0,4
34,48,5,0,3
35,0,5,0,10
35,1,5,0,17
35,2,5,0,11
35,3,5,0,23
35,4,5,0,20
35,5,5,0,19
35,6,5,0,12
35,7,5,0,11
35,8,5,0,15
35,9,5,0,15
35,10,5,0,16
35,11,5,0,12
35,12,5,0,14
35,13,5,0,13
35,14,5,4,0
35,15,4,0,14
35,16,4,0,12
35,17,1,4,9
35,18,1,0,20
35,19,1,0,0
35,20,1,0,12
35,21,1,0,22
35,22,1,0,9
35,23,1,0,5
35,24,1,0,21
35,25,1,0,20
35,26,1,0,21
35,27,1,0,5
35,28,1,0,7
35,29,1,0,24
35,30,1,4,18
35,31,4,0,24
35,32,4,0,7
35,33,5,4,9
35,34,5,0,0
35,35,5,0,14
35,36,5,0,6
35,37,5,0,14
35,38,5,0,14
35,39,5,0,20
35,40,5,0,10
35,41,5,0,15
35,42,5,0,18
35,43,5,0,19
35,44,5,0,5
35,45,5,0,10
35,46,5,0,12
35,47,5,0,16
35,48,5,0,3
36,0,5,0,8
36,1,5,0,22
36,2,5,0,17
36,3,5,0,6
36,4,5,0,10
36,5,5,0,6
36,6,5,0,5
36,7,5,0,5
36,8,5,0,4
36,9,5,0,6
36,10,5,0,7
36,11,5,0,19
36,12,5,0,2
36,13,5,0,15
36,14,5,4,18
36,15,4,0,14
36,16,5,4,6
36,17,1,0,6
36,18,1,0,2
36,19,1,0,12
36,20,1,0,1
36,21,1,0,16
36,22,1,0,16
36,23,1,0,19
36,24,1,0,14
36,25,1,0,1
36,26,1,0,20
36,27,1,0,1
36,28,1,0,15
36,29,1,4,0
36,30,4,0,6
36,31,4,0,19
36,32,5,4,11
36,33,5,0,15
36,34,5,0,20
36,35,5,0,23
36,36,5,0,1
36,37,5,0,7
36,38,5,0,13
36,39,5,0,12
36,40,5,0,15
36,41,5,0,18
36,42,5,0,7
36,43,5,0,1
36,44,5,0,1
36,45,5,0,13
36,46,5,0,8
36,47,5,0,3
36,48,5,0,11
37,0,5,0,20
37,1,5,0,10
37,2,5,0,7
37,3,5,0,0
37,4,5,0,16
37,5,5,0,0
37,6,5,0,22
37,7,5,0,23
37,8,5,0,15
37,9,5,0,17
37,10,5,0,20
37,11,5,0,9
37,12,5,0,11
37,13,5,4,10
37,14,4,0,4
37,15,1,4,16
37,16,1,4,24
37,17,1,0,5
37,18,1,0,12
37,19,1,0,1
37,20,1,0,21
37,21,1,0,14
37,22,1,0,18
37,23,1,0,5
37,24,1,0,8
37,25,1,0,18
37,26,1,0,3
37,27,1,0,13
37,28,1,0,12
37,29,1,4,18
37,30,4,0,21
37,31,5,4,14
37,32,5,0,7
37,33,5,0,9
37,34,5,0,6
37,35,5,0,12
37,36,5,0,11
37,37,5,0,10
37,38,5,0,19
37,39,5,0,10
37,40,5,0,10
37,41,5,0,2
37,42,5,0,24
37,43,5,0,4
37,44,5,0,21
37,45,5,0,1
37,46,5,0,23
37,47,5,0,20
37,48,5,0,6
38,0,5,0,23
38,1,5,0,2
38,2,5,0,23
38,3,5,0,7
38,4,5,0,17
38,5,5,0,18
38,6,5,0,5
38,7,5,0,7
38,8,5,0,12
38,9,5,0,16
38,10,5,0,18
38,11,5,0,10
38,12,5,4,15
38,13,4,0,9
38,14,1,4,9
38,15,1,4,4
38,16,1,0,4
38,17,1,0,13
38,18,1,4,20
38,19,1,4,20
38,20,1,0,19
38,21,1,0,19
38,22,1,0,0
38,23,1,0,7
38,24,1,0,19
38,25,1,0,14
38,26,1,0,24
38,27,1,4,20
38,28,1,4,10
38,29,4,0,14
38,30,5,4,11
38,31,5,0,17
38,32,5,0,4
38,33,5,0,7
38,34,5,0,4
38,35,5,0,16
38,36,5,0,3
38,37,5,0,8
38,38,5,0,8
38,39,5,0,8
38,40,5,0,23
38,41,5,0,0
38,42,5,0,3
38,43,5,0,23
38,44,5,0,14
38,45,5,0,14
38,46,5,0,4
38,47,5,0,18
38,48,5,0,6
39,0,5,0,15
39,1,5,0,11
39,2,5,0,18
39,3,5,0,2
39,4,5,0,20
39,5,5,0,8
39,6,5,0,22
39,7,5,0,13
39,8,5,0,11
39,9,5,0,12
39,10,5,0,24
39,11,5,4,5
39,12,4,0,5
39,13,1,4,6
39,14,1,0,18
39,15,1,0,21
39,16,1,4,20
39,17,1,4,15
39,18,1,4,8
39,19,1,4,7
39,20,1,0,24
39,21,1,0,8
39,22,1,0,11
39,23,1,0,18
39,24,1,0,10
39,25,1,0,7
39,26,1,4,0
39,27,1,4,8
39,28,4,0,24
39,29,5,4,11
39,30,5,0,8
39,31,5,0,24
39,32,5,0,2
39,33,5,0,11
39,34,5,0,10
39,35,5,0,15
39,36,5,0,5
39,37,5,0,16
39,38,5,0,3
39,39,5,0,17
39,40,5,0,4
39,41,5,0,4
39,42,5,0,10
39,43,5,0,18
39,44,5,0,3
39,45,5,0,21
39,46,5,0,14
39,47,5,0,17
39,48,5,0,11
40,0,5,0,22
40,1,5,0,12
40,2,5,0,24
40,3,5,0,3
40,4,5,0,15
40,5,5,0,23
40,6,5,0,15
40,7,5,0,6
40,8,5,0,22
40,9,5,0,19
40,10,5,4,5
40,11,4,0,19
40,12,4,0,14
40,13,1,4,24
40,14,1,0,0
40,15,1,4,0
40,16,1,4,8
40,17,5,4,16
40,18,4,0,5
40,19,1,4,21
40,20,1,0,12
40,21,1,0,11
40,22,1,0,11
40,23,1,0,18
40,24,1,0,19
40,25,1,0,7
40,26,1,4,18
40,27,4,0,4
40,28,5,4,9
40,29,5,0,20
40,30,5,0,14
40,31,5,0,17
40,32,5,0,14
40,33,5,0,9
40,34,5,0,15
40,35,5,0,13
40,36,5,0,17
40,37,5,0,7
40,38,5,0,3
40,39,5,0,15
40,40,5,0,17
40,41,5,0,21
40,42,5,0,8
40,43,5,0,17
40,44,5,0,3
40,45,5,0,7
40,46,5,0,7
40,47,5,0,15
40,48,5,0,12
41,0,5,0,5
41,1,5,0,4
41,2,5,0,20
41,3,5,0,7
41,4,5,0,0
41,5,5,0,14
41,6,5,0,1
41,7,5,0,8
41,8,5,0,8
41,9,5,4,0
41,10,4,0,2
41,11,4,0,11
41,12,1,4,14
41,13,1,0,11
41,14,1,0,22
41,15,1,4,18
41,16,5,4,9
41,17,5,4,17
41,18,4,0,2
41,19,1,4,24
41,20,1,0,20
41,21,1,0,18
41,22,1,0,16
41,23,1,0,18
41,24,1,0,21
41,25,1,4,0
41,26,4,0,5
41,27,5,4,19
41,28,5,0,15
41,29,5,0,19
41,30,5,0,5
41,31,5,0,23
41,32,5,0,1
41,33,5,0,23
41,34,5,0,7
41,35,5,0,19
41,36,5,0,9
41,37,5,0,2
41,38,5,0,8
41,39,5,0,23
41,40,5,0,19
41,41,5,0,4
41,42,5,0,6
41,43,5,0,9
41,44,5,0,12
41,45,5,0,23
41,46,5,0,15
41,47,5,0,10
41,48,5,0,5
42,0,5,0,12
42,1,5,0,22
42,2,5,0,19
42,3,5,0,16
42,4,5,0,5
42,5,5,0,0
42,6,5,0,2
42,7,5,0,6
42,8,5,0,8
42,9,5,4,18
42,10,4,0,7
42,11,1,4,9
42,12,1,0,0
42,13,1,0,22
42,14,1,4,0
42,15,5,4,6
42,16,5,0,11
42,17,5,4,18
42,18,1,4,6
42,19,1,0,2
42,20,1,0,9
42,21,1,0,3
42,22,1,0,12
42,23,1,0,3
42,24,1,0,2
42,25,1,4,18
42,26,5,4,9
42,27,5,0,10
42,28,5,0,11
42,29,5,0,16
42,30,5,0,19
42,31,5,0,24
42,32,5,0,10
42,33,5,0,13
42,34,5,0,5
42,35,5,0,0
42,36,5,0,8
42,37,5,0,9
42,38,5,0,6
42,39,5,0,18
42,40,5,0,2
42,41,5,0,23
42,42,5,0,22
42,43,5,0,16
42,44,5,0,10
42,45,5,0,12
42,46,5,0,15
42,47,5,0,23
42,48,5,0,16
43,0,5,0,11
43,1,5,0,8
43,2,5,0,11
43,3,5,0,8
43,4,5,0,3
43,5,5,0,12
43,6,5,0,0
43,7,5,0,18
43,8,5,4,5
43,9,4,0,9
43,10,1,4,6
43,11,1,0,13
43,12,1,0,7
43,13,1,0,5
43,14,1,4,18
43,15,5,4,24
43,16,5,4,0
43,17,4,0,21
43,18,1,4,24
43,19,1,0,5
43,20,1,0,7
43,21,1,0,9
43,22,1,0,17
43,23,1,4,20
43,24,1,4,13
43,25,5,4,6
43,26,5,0,16
43,27,5,0,9
43,28,5,0,3
43,29,5,0,10
43,30,5,0,19
43,31,5,0,22
43,32,5,0,10
43,33,5,0,8
43,34,5,0,18
43,35,5,0,18
43,36,5,0,21
43,37,5,0,24
43,38,5,0,9
43,39,5,0,22
43,40,5,0,19
43,41,5,0,23
43,42,5,0,11
43,43,5,0,13
43,44,5,0,9
43,45,5,0,10
43,46,5,0,8
43,47,5,0,20
43,48,5,0,19
44,0,5,0,7
44,1,5,0,24
44,2,5,0,18
44,3,5,0,12
44,4,5,0,20
44,5,5,0,7
44,6,5,0,4
44,7,5,4,0
44,8,4,0,1
44,9,4,0,17
44,10,1,4,24
44,11,1,0,4
44,12,1,0,21
44,13,1,4,15
44,14,5,4,6
44,15,5,0,10
44,16,5,4,18
44,17,1,4,6
44,18,1,4,20
44,19,1,4,20
44,20,1,0,16
44,21,1,0,2
44,22,1,4,15
44,23,1,4,8
44,24,4,0,15
44,25,5,4,24
44,26,5,0,9
44,27,5,0,17
44,28,5,0,5
44,29,5,0,24
44,30,5,0,3
44,31,5,0,22
44,32,5,0,10
44,33,5,0,1
44,34,5,0,2
44,35,5,0,21
44,36,5,0,8
44,37,5,0,4
44,38,5,0,10
44,39,5,0,20
44,40,5,0,22
44,41,5,0,9
44,42,5,0,2
44,43,5,0,6
44,44,5,0,2
44,45,5,0,24
44,46,5,0,22
44,47,5,0,22
44,48,5,0,23
45,0,5,0,18
45,1,5,0,6
45,2,5,0,3
45,3,5,0,9
45,4,5,0,13
45,5,5,0,11
45,6,5,0,12
45,7,5,4,18
45,8,4,0,7
45,9,1,4,6
45,10,1,0,14
45,11,1,0,20
45,12,1,4,15
45,13,4,0,20
45,14,5,4,23
45,15,5,4,13
45,16,4,0,2
45,17,1,4,8
45,18,4,6,20
45,19,1,4,22
45,20,1,4,20
45,21,1,4,15
45,22,4,0,23
45,23,4,0,20
45,24,5,4,6
45,25,5,0,6
45,26,5,0,9
45,27,5,0,11
45,28,5,0,3
45,29,5,0,24
45,30,5,0,2
45,31,5,0,19
45,32,5,0,15
45,33,5,0,5
45,34,5,0,8
45,35,5,0,18
45,36,5,0,17
45,37,5,0,11
45,38,5,0,4
45,39,5,0,0
45,40,5,0,24
45,41,5,0,23
45,42,5,0,5
45,43,5,0,0
45,44,5,0,9
45,45,5,0,17
45,46,5,0,11
45,47,5,0,6
45,48,5,0,13
46,0,5,0,17
46,1,5,0,4
46,2,5,0,13
46,3,5,0,10
46,4,5,0,10
46,5,5,0,16
46,6,5,4,0
46,7,4,0,16
46,8,4,0,18
46,9,1,4,22
46,10,1,4,20
46,11,1,4,15
46,12,4,0,9
46,13,4,0,20
46,14,1,4,16
46,15,4,0,17
46,16,4,0,23
46,17,4,6,5
46,18,4,6,23
46,19,1,4,8
46,20,1,4,8
46,21,4,0,2
46,22,4,0,12
46,23,4,0,2
46,24,5,4,24
46,25,5,0,6
46,26,5,0,10
46,27,5,0,20
46,28,5,0,4
46,29,5,0,2
46,30,5,0,18
46,31,5,0,22
46,32,5,0,22
46,33,5,0,11
46,34,5,0,10
46,35,5,0,14
46,36,5,0,19
46,37,5,0,21
46,38,5,0,16
46,39,5,0,21
46,40,5,0,21
46,41,5,0,9
46,42,5,0,10
46,43,5,0,4
46,44,5,0,1
46,45,5,0,12
46,46,5,0,17
46,47,5,0,2
46,48,5,0,8
47,0,5,0,15
47,1,5,0,13
47,2,5,0,10
47,3,5,0,20
47,4,5,0,24
47,5,5,0,13
47,6,5,4,1
47,7,4,0,2
47,8,4,0,3
47,9,1,4,8
47,10,1,4,8
47,11,4,0,13
47,12,4,0,11
47,13,1,4,9
47,14,1,4,17
47,15,4,0,15
47,16,4,6,0
47,17,6,0,4
47,18,4,6,24
47,19,4,0,7
47,20,4,0,11
47,21,4,0,23
47,22,4,0,0
47,23,5,4,19
47,24,5,0,10
47,25,5,0,12
47,26,5,0,15
47,27,5,0,16
47,28,5,0,22
47,29,5,0,16
47,30,5,0,13
47,31,5,0,24
47,32,5,0,6
47,33,5,0,18
47,34,5,0,8
47,35,5,0,6
47,36,5,0,24
47,37,5,0,3
47,38,5,0,14
47,39,5,0,16
47,40,5,0,18
47,41,5,0,16
47,42,5,0,21
47,43,5,0,19
47,44,5,0,2
47,45,5,0,14
47,46,5,0,14
47,47,5,0,7
47,48,5,0,24
48,0,5,0,19
48,1,5,0,3
48,2,5,0,14
48,3,5,0,12
48,4,5,0,15
48,5,5,0,19
48,6,5,4,1
48,7,4,0,11
48,8,4,0,21
48,9,4,0,3
48,10,4,0,2
48,11,4,0,20
48,12,1,4,6
48,13,1,0,17
48,14,1,4,2
48,15,4,0,9
48,16,4,6,1
48,17,4,6,14
48,18,4,0,15
48,19,4,0,1
48,20,4,0,13
48,21,4,0,5
48,22,5,4,11
48,23,5,0,22
48,24,5,0,23
48,25,5,0,1
48,26,5,0,2
48,27,5,0,15
48,28,5,0,19
48,29,5,0,1
48,30,5,0,5
48,31,5,0,18
48,32,5,0,24
48,33,5,0,12
48,34,5,0,16
48,35,5,0,14
48,36,5,0,17
48,37,5,0,16
48,38,5,0,4
48,39,5,0,8
48,40,5,0,1
48,41,5,0,1
48,42,5,0,16
48,43,5,0,6
48,44,5,0,4
48,45,5,0,13
48,46,5,0,10
48,47,5,0,1
48,48,5,0,12
49,0,5,0,2
49,1,5,0,9
49,2,5,0,7
49,3,5,0,20
49,4,5,0,16
49,5,5,0,13
49,6,5,4,2
49,7,4,0,7
49,8,4,0,13
49,9,4,0,21
49,10,4,0,24
49,11,4,0,16
49,12,1,4,24
49,13,1,0,14
49,14,1,4,3
49,15,4,0,9
49,16,4,6,4
49,17,4,0,0
49,18,4,0,1
49,19,4,0,14
49,20,4,0,7
49,21,5,4,14
49,22,5,0,18
49,23,5,0,1
49,24,5,0,18
49,25,5,0,10
49,26,5,0,6
49,27,5,0,10
49,28,5,0,1
49,29,5,0,12
49,30,5,0,1
49,31,5,0,12
49,32,5,0,17
49,33,5,0,20
49,34,5,0,17
49,35,5,0,18
49,36,5,0,18
49,37,5,0,5
49,38,5,0,8
49,39,5,0,23
49,40,5,0,7
49,41,5,0,12
49,42,5,0,2
49,43,5,0,21
49,44,5,0,13
49,45,5,0,9
49,46,5,0,9
49,47,5,0,3
49,48,5,0,12
50,0,5,0,3
50,1,5,0,10
50,2,5,0,11
50,3,5,0,13
50,4,5,0,7
50,5,5,0,11
50,6,5,4,2
50,7,5,4,16
50,8,5,4,16
50,9,4,0,23
50,10,4,0,1
50,11,1,4,11
50,12,1,0,11
50,13,1,0,13
50,14,1,4,18
50,15,4,0,6
50,16,4,0,9
50,17,4,0,10
50,18,4,0,7
50,19,4,0,20
50,20,5,4,11
50,21,5,0,1
50,22,5,0,4
50,23,5,0,4
50,24,5,0,10
50,25,5,0,23
50,26,5,0,23
50,27,5,0,0
50,28,5,0,14
50,29,5,0,5
50,30,5,0,14
50,31,5,0,10
50,32,5,0,14
50,33,5,0,10
50,34,5,0,12
50,35,5,0,7
50,36,5,0,14
50,37,5,0,17
50,38,5,0,13
50,39,5,0,3
50,40,5,0,4
50,41,5,0,15
50,42,5,0,22
50,43,5,0,2
50,44,5,0,2
50,45,5,0,0
50,46,5,0,1
50,47,5,0,21
50,48,5,0,3
51,0,5,0,24
51,1,5,0,20
51,2,5,0,23
51,3,5,0,11
51,4,5,0,6
51,5,5,0,4
51,6,5,4,4
51,7,5,4,4
51,8,5,4,18
51,9,4,0,18
51,10,1,4,6
51,11,1,0,0
51,12,1,0,7
51,13,1,4,15
51,14,4,0,11
51,15,4,0,12
51,16,4,0,5
51,17,4,0,2
51,18,5,4,16
51,19,5,4,9
51,20,5,0,22
51,21,5,0,16
51,22,5,0,23
51,23,5,0,21
51,24,5,0,18
51,25,5,0,15
51,26,5,0,15
51,27,5,0,7
51,28,5,0,7
51,29,5,0,12
51,30,5,0,7
51,31,5,0,17
51,32,5,0,20
51,33,5,0,8
51,34,5,0,23
51,35,5,0,2
51,36,5,0,13
51,37,5,0,6
51,38,5,0,3
51,39,5,0,11
51,40,5,0,24
51,41,5,0,15
51,42,5,0,20
51,43,5,0,7
51,44,5,0,0
51,45,5,0,15
51,46,5,0,0
51,47,5,0,8
51,48,5,0,17
52,0,5,0,7
52,1,5,0,10
52,2,5,0,22
52,3,5,0,0
52,4,5,0,6
52,5,5,0,10
52,6,5,0,11
52,7,5,4,0
52,8,4,0,23
52,9,4,0,12
52,10,1,4,7
52,11,1,4,20
52,12,1,4,10
52,13,4,0,1
52,14,4,0,3
52,15,4,0,14
52,16,4,0,7
52,17,5,4,9
52,18,5,4,4
52,19,5,0,7
52,20,5,0,18
52,21,5,0,16
52,22,5,0,14
52,23,5,0,16
52,24,5,0,19
52,25,5,0,7
52,26,5,0,11
52,27,5,0,8
52,28,5,0,16
52,29,5,0,21
52,30,5,0,0
52,31,5,0,23
52,32,5,0,13
52,33,5,0,5
52,34,5,0,13
52,35,5,0,23
52,36,5,0,9
52,37,5,0,22
52,38,5,0,3
52,39,5,0,4
52,40,5,0,8
52,41,5,0,6
52,42,5,0,21
52,43,5,0,11
52,44,5,0,1
52,45,5,0,13
52,46,5,0,24
52,47,5,0,16
52,48,5,0,0
53,0,5,0,14
53,1,5,0,9
53,2,5,0,19
53,3,5,0,4
53,4,5,0,4
53,5,5,0,4
53,6,5,0,12
53,7,5,4,17
53,8,4,0,1
53,9,4,0,10
53,10,1,4,8
53,11,1,4,8
53,12,4,0,13
53,13,4,0,3
53,14,4,0,12
53,15,4,0,3
53,16,5,4,14
53,17,5,0,6
53,18,5,0,8
53,19,5,0,19
53,20,5,0,20
53,21,5,0,9
53,22,5,0,19
53,23,5,0,17
53,24,5,0,17
53,25,5,0,22
53,26,5,0,11
53,27,5,0,6
53,28,5,0,17
53,29,5,0,8
53,30,5,0,20
53,31,5,0,11
53,32,5,0,18
53,33,5,0,19
53,34,5,0,22
53,35,5,0,5
53,36,5,0,23
53,37,5,0,1
53,38,5,0,6
53,39,5,0,9
53,40,5,0,24
53,41,5,0,14
53,42,5,0,10
53,43,5,0,18
53,44,5,0,23
53,45,5,0,22
53,46,5,0,18
53,47,5,0,17
53,48,5,0,17
54,0,5,0,17
54,1,5,0,16
54,2,5,0,6
54,3,5,0,11
54,4,5,0,3
54,5,5,0,10
54,6,5,0,8
54,7,5,4,1
54,8,4,0,22
54,9,4,0,8
54,10,4,0,13
54,11,4,0,12
54,12,4,0,8
54,13,4,0,1
54,14,4,0,23
54,15,5,4,14
54,16,5,0,14
54,17,5,0,2
54,18,5,0,1
54,19,5,0,24
54,20,5,0,2
54,21,5,0,3
54,22,5,0,19
54,23,5,0,9
54,24,5,0,10
54,25,5,0,16
54,26,5,0,18
54,27,5,0,7
54,28,5,0,11
54,29,5,0,14
54,30,5,0,9
54,31,5,0,24
54,32,5,0,15
54,33,5,0,12
54,34,5,0,1
54,35,5,0,21
54,36,5,0,0
54,37,5,0,8
54,38,5,0,0
54,39,5,0,14
54,40,5,0,6
54,41,5,0,22
54,42,5,0,24
54,43,5,0,19
54,44,5,0,22
54,45,5,0,23
54,46,5,0,23
54,47,5,0,16
54,48,5,0,13
55,0,5,0,16
55,1,5,0,19
55,2,5,0,19
55,3,5,0,4
55,4,5,0,12
55,5,5,0,2
55,6,5,0,19
55,7,5,4,1
55,8,4,0,11
55,9,4,0,3
55,10,4,0,13
55,11,4,0,13
55,12,4,0,8
55,13,5,4,16
55,14,5,4,14
55,15,5,0,22
55,16,5,0,15
55,17,5,0,22
55,18,5,0,19
55,19,5,0,13
55,20,5,0,22
55,21,5,0,5
55,22,5,0,22
55,23,5,0,19
55,24,5,0,1
55,25,5,0,7
55,26,5,0,7
55,27,5,0,6
55,28,5,0,6
55,29,5,0,15
55,30,5,0,14
55,31,5,0,20
55,32,5,0,21
55,33,5,0,5
55,34,5,0,4
55,35,5,0,20
55,36,5,0,11
55,37,5,0,14
55,38,5,0,13
55,39,5,0,17
55,40,5,0,0
55,41,5,0,1
55,42,5,0,17
55,43,5,0,19
55,44,5,0,9
55,45,5,0,1
55,46,5,0,16
55,47,5,0,4
55,48,5,0,0
56,0,5,0,2
56,1,5,0,19
56,2,5,0,2
56,3,5,0,20
56,4,5,0,17
56,5,5,0,1
56,6,5,0,12
56,7,5,4,17
56,8,4,0,21
56,9,4,0,4
56,10,4,0,13
56,11,4,0,10
56,12,5,4,19
56,13,5,4,4
56,14,5,0,1
56,15,5,0,23
56,16,5,0,16
56,17,5,0,17
56,18,5,0,12
56,19,5,0,0
56,20,5,0,10
56,21,5,0,19
56,22,5,0,21
56,23,5,0,16
56,24,5,0,7
56,25,5,0,6
56,26,5,0,11
56,27,5,0,22
56,28,5,0,11
56,29,5,0,1
56,30,5,0,5
56,31,5,0,24
56,32,5,0,1
56,33,5,0,11
56,34,5,0,8
56,35,5,0,16
56,36,5,0,9
56,37,5,0,11
56,38,5,0,18
56,39,5,0,20
56,40,5,0,7
56,41,5,0,4
56,42,5,0,9
56,43,5,0,2
56,44,5,0,7
56,45,5,0,6
56,46,5,0,15
56,47,5,0,4
56,48,5,0,12
57,0,5,0,22
57,1,5,0,19
57,2,5,0,9
57,3,5,0,9
57,4,5,0,17
57,5,5,0,5
57,6,5,0,4
57,7,5,4,17
57,8,4,0,24
57,9,4,0,3
57,10,4,0,7
57,11,5,4,9
57,12,5,0,0
57,13,5,0,20
57,14,5,0,4
57,15,5,0,14
57,16,5,0,9
57,17,5,0,19
57,18,5,0,14
57,19,5,0,16
57,20,5,0,15
57,21,5,0,11
57,22,5,0,13
57,23,5,0,1
57,24,5,0,17
57,25,5,0,23
57,26,5,0,14
57,27,5,0,6
57,28,5,0,24
57,29,5,0,16
57,30,5,0,23
57,31,5,0,20
57,32,5,0,8
57,33,5,0,7
57,34,5,0,0
57,35,5,0,19
57,36,5,0,23
57,37,5,0,3
57,38,5,0,9
57,39,5,0,0
57,40,5,0,20
57,41,5,0,12
57,42,5,0,4
57,43,5,0,1
57,44,5,0,1
57,45,5,0,16
57,46,5,0,2
57,47,5,0,17
57,48,5,0,1
58,0,5,0,23
58,1,5,0,7
58,2,5,0,13
58,3,5,0,7
58,4,5,0,7
58,5,5,0,22
58,6,5,0,2
58,7,5,4,2
58,8,5,4,16
58,9,5,4,16
58,10,5,4,9
58,11,5,0,7
58,12,5,0,1
58,13,5,0,8
58,14,5,0,0
58,15,5,0,7
58,16,5,0,6
58,17,5,0,17
58,18,5,0,5
58,19,5,0,24
58,20,5,0,8
58,21,5,0,20
58,22,5,0,22
58,23,5,0,5
58,24,5,0,12
58,25,5,0,9
58,26,5,0,7
58,27,5,0,23
58,28,5,0,23
58,29,5,0,19
58,30,5,0,22
58,31,5,0,7
58,32,5,4,20
58,33,5,4,20
58,34,5,0,0
58,35,5,0,12
58,36,5,0,19
58,37,5,0,18
58,38,5,0,14
58,39,5,0,4
58,40,5,0,23
58,41,5,0,16
58,42,5,0,15
58,43,5,0,13
58,44,5,0,2
58,45,5,0,18
58,46,5,0,12
58,47,5,0,16
58,48,5,0,10
59,0,5,0,15
59,1,5,0,10
59,2,5,0,8
59,3,5,0,14
59,4,5,0,8
59,5,5,0,5
59,6,5,0,9
59,7,5,4,4
59,8,5,4,4
59,9,5,4,4
59,10,5,0,1
59,11,5,0,12
59,12,5,0,13
59,13,5,0,6
59,14,5,0,2
59,15,5,0,16
59,16,5,0,9
59,17,5,0,12
59,18,5,0,9
59,19,5,0,10
59,20,5,0,11
59,21,5,0,1
59,22,5,0,8
59,23,5,0,23
59,24,5,0,7
59,25,5,0,22
59,26,5,0,11
59,27,5,0,20
59,28,5,0,15
59,29,5,0,13
59,30,5,0,23
59,31,5,4,15
59,32,5,4,8
59,33,5,4,21
59,34,5,4,20
59,35,5,4,20
59,36,5,0,23
59,37,5,0,4
59,38,5,0,20
59,39,5,0,13
59,40,5,0,15
59,41,5,0,6
59,42,5,0,8
59,43,5,0,18
59,44,5,0,6
59,45,5,0,6
59,46,5,0,18
59,47,5,0,3
59,48,5,0,9
60,0,5,0,9
60,1,5,0,11
60,2,5,0,21
60,3,5,0,12
60,4,5,0,19
60,5,5,0,1
60,6,5,0,20
60,7,5,0,15
60,8,5,0,3
60,9,5,0,22
60,10,5,0,1
60,11,5,0,20
60,12,5,0,16
60,13,5,0,7
60,14,5,0,21
60,15,5,0,17
60,16,5,0,17
60,17,5,0,11
60,18,5,0,9
60,19,5,0,15
60,20,5,0,24
60,21,5,0,16
60,22,5,0,1
60,23,5,0,11
60,24,5,0,10
60,25,5,0,3
60,26,5,0,4
60,27,5,0,12
60,28,5,0,1
60,29,5,0,19
60,30,5,4,13
60,31,4,0,18
60,32,4,0,8
60,33,5,4,8
60,34,5,4,8
60,35,5,4,7
60,36,5,4,20
60,37,5,0,7
60,38,5,0,2
60,39,5,0,2
60,40,5,0,8
60,41,5,0,0
60,42,5,0,10
60,43,5,0,16
60,44,5,0,7
60,45,5,0,20
60,46,5,0,15
60,47,5,0,8
60,48,5,0,21
61,0,5,0,4
61,1,5,0,23
61,2,5,0,10
61,3,5,0,1
61,4,5,0,4
61,5,5,0,0
61,6,5,0,11
61,7,5,0,16
61,8,5,0,9
61,9,5,0,11
61,10,5,0,5
61,11,5,0,12
61,12,5,0,11
61,13,5,0,16
61,14,5,0,18
61,15,5,0,5
61,16,5,0,18
61,17,5,0,3
61,18,5,0,8
61,19,5,0,21
61,20,5,0,18
61,21,5,0,17
61,22,5,0,23
61,23,5,0,2
61,24,5,0,13
61,25,5,0,20
61,26,5,0,10
61,27,5,0,20
61,28,5,0,11
61,29,5,4,5
61,30,4,0,9
61,31,4,0,1
61,32,4,0,9
61,33,4,0,2
61,34,4,0,6
61,35,5,4,8
61,36,5,4,7
61,37,5,0,10
61,38,5,0,4
61,39,5,0,3
61,40,5,0,2
61,41,5,0,23
61,42,5,0,0
61,43,5,0,21
61,44,5,0,12
61,45,5,0,18
61,46,5,0,2
61,47,5,0,19
61,48,5,0,0
62,0,5,0,16
62,1,5,0,6
62,2,5,0,9
62,3,5,0,7
62,4,5,0,22
62,5,5,0,11
62,6,5,0,15
62,7,5,0,0
62,8,5,0,13
62,9,5,0,20
62,10,5,0,1
62,11,5,0,3
62,12,5,0,21
62,13,5,0,13
62,14,5,0,8
62,15,5,0,19
62,16,5,0,11
62,17,5,0,15
62,18,5,0,1
62,19,5,0,3
62,20,5,0,16
62,21,5,0,18
62,22,5,0,7
62,23,5,0,4
62,24,5,0,13
62,25,5,0,13
62,26,5,0,1
62,27,5,0,12
62,28,5,4,15
62,29,4,0,11
62,30,4,0,22
62,31,4,0,23
62,32,4,0,18
62,33,4,0,12
62,34,4,0,21
62,35,4,0,1
62,36,5,4,21
62,37,5,0,22
62,38,5,0,24
62,39,5,0,3
62,40,5,0,2
62,41,5,0,10
62,42,5,0,7
62,43,5,0,6
62,44,5,0,7
62,45,5,0,19
62,46,5,0,0
62,47,5,0,2
62,48,5,0,2
63,0,5,0,24
63,1,5,0,1
63,2,5,0,24
63,3,5,0,6
63,4,5,0,17
63,5,5,0,9
63,6,5,0,10
63,7,5,0,3
63,8,5,0,17
63,9,5,0,18
63,10,5,0,22
63,11,5,0,7
63,12,5,0,4
63,13,5,0,9
63,14,5,0,3
63,15,5,0,3
63,16,5,0,14
63,17,5,0,21
63,18,5,0,10
63,19,5,0,18
63,20,5,0,24
63,21,5,0,7
63,22,5,0,15
63,23,5,0,3
63,24,5,0,21
63,25,5,0,4
63,26,5,0,10
63,27,5,4,0
63,28,4,0,3
63,29,4,0,4
63,30,4,0,9
63,31,4,0,15
63,32,4,0,20
63,33,4,0,0
63,34,4,0,10
63,35,4,0,15
63,36,5,4,21
63,37,5,0,5
63,38,5,0,18
63,39,5,0,19
63,40,5,0,22
63,41,5,0,24
63,42,5,0,19
63,43,5,0,1
63,44,5,0,11
63,45,5,0,21
63,46,5,0,23
63,47,5,0,18
63,48,5,0,22
64,0,5,0,10
64,1,5,0,18
64,2,5,0,23
64,3,5,0,4
64,4,5,0,7
64,5,5,0,3
64,6,5,0,1
64,7,5,0,22
64,8,5,0,19
64,9,5,0,8
64,10,5,0,18
64,11,5,0,17
64,12,5,0,16
64,13,5,0,9
64,14,5,0,1
64,15,5,0,7
64,16,5,0,15
64,17,5,0,2
64,18,5,0,19
64,19,5,0,16
64,20,5,0,10
64,21,5,0,12
64,22,5,0,11
64,23,5,0,11
64,24,5,0,10
64,25,5,0,21
64,26,5,0,21
64,27,5,4,18
64,28,4,0,4
64,29,4,0,8
64,30,4,0,14
64,31,4,0,8
64,32,4,0,22
64,33,4,0,22
64,34,4,0,2
64,35,4,0,15
64,36,5,4,7
64,37,5,0,11
64,38,5,0,17
64,39,5,0,12
64,40,5,0,2
64,41,5,0,12
64,42,5,0,22
64,43,5,0,3
64,44,5,0,14
64,45,5,0,1
64,46,5,0,16
64,47,5,0,14
64,48,5,0,18
65,0,5,0,4
65,1,5,0,18
65,2,5,0,24
65,3,5,0,15
65,4,5,0,18
65,5,5,0,3
65,6,5,0,12
65,7,5,0,12
65,8,5,0,24
65,9,5,0,0
65,10,5,0,5
65,11,5,0,11
65,12,5,0,2
65,13,5,0,23
65,14,5,0,19
65,15,5,0,16
65,16,5,0,20
65,17,5,0,14
65,18,5,0,22
65,19,5,0,24
65,20,5,0,7
65,21,5,0,6
65,22,5,0,10
65,23,5,0,3
65,24,5,0,8
65,25,5,0,23
65,26,5,4,0
65,27,4,0,6
65,28,4,0,7
65,29,4,0,11
65,30,4,0,2
65,31,4,0,17
65,32,4,0,0
65,33,4,0,15
65,34,4,0,17
65,35,4,0,24
65,36,5,4,23
65,37,5,0,17
65,38,5,0,8
65,39,5,0,1
65,40,5,0,2
65,41,5,0,15
65,42,5,0,23
65,43,5,0,13
65,44,5,0,2
65,45,5,0,16
65,46,5,0,13
65,47,5,0,18
65,48,5,0,18
66,0,5,0,11
66,1,5,0,5
66,2,5,0,16
66,3,5,0,19
66,4,5,0,2
66,5,5,0,12
66,6,5,0,5
66,7,5,0,10
66,8,5,0,23
66,9,5,0,18
66,10,5,0,2
66,11,5,0,20
66,12,5,0,17
66,13,5,0,3
66,14,5,0,5
66,15,5,0,2
66,16,5,0,23
66,17,5,0,18
66,18,5,0,7
66,19,5,0,15
66,20,5,0,10
66,21,5,0,18
66,22,5,0,15
66,23,5,0,10
66,24,5,0,20
66,25,5,4,20
66,26,5,4,18
66,27,4,0,20
66,28,4,0,1
66,29,4,0,4
66,30,4,0,20
66,31,4,0,9
66,32,4,0,24
66,33,4,0,17
66,34,4,0,3
66,35,4,0,10
66,36,5,4,22
66,37,5,4,20
66,38,5,0,3
66,39,5,0,1
66,40,5,0,0
66,41,5,0,21
66,42,5,0,1
66,43,5,0,13
66,44,5,0,15
66,45,5,0,19
66,46,5,0,0
66,47,5,0,4
66,48,5,0,4
67,0,5,0,22
67,1,5,0,19
67,2,5,0,20
67,3,5,0,21
67,4,5,0,1
67,5,5,0,7
67,6,5,0,5
67,7,5,0,8
67,8,5,0,7
67,9,5,0,23
67,10,5,0,2
67,11,5,0,1
67,12,5,0,10
67,13,5,0,16
67,14,5,0,12
67,15,5,0,17
67,16,5,0,5
67,17,5,0,17
67,18,5,0,1
67,19,5,0,18
67,20,5,0,14
67,21,5,0,4
67,22,5,0,16
67,23,5,4,20
67,24,5,4,5
67,25,5,4,8
67,26,4,0,13
67,27,4,0,3
67,28,4,0,15
67,29,4,0,14
67,30,4,0,12
67,31,1,4,16
67,32,4,0,17
67,33,4,0,22
67,34,4,0,20
67,35,4,0,6
67,36,5,4,8
67,37,5,4,22
67,38,5,4,20
67,39,5,0,23
67,40,5,0,0
67,41,5,0,9
67,42,5,0,24
67,43,5,0,6
67,44,5,0,10
67,45,5,0,21
67,46,5,0,7
67,47,5,0,18
67,48,5,0,24
68,0,5,0,5
68,1,5,0,10
68,2,5,0,3
68,3,5,0,4
68,4,5,0,24
68,5,5,0,22
68,6,5,0,1
68,7,5,0,1
68,8,5,0,6
68,9,5,0,13
68,10,5,0,21
68,11,5,0,16
68,12,5,0,7
68,13,5,0,14
68,14,5,0,15
68,15,5,0,11
68,16,5,0,11
68,17,5,0,2
68,18,5,0,0
68,19,5,0,22
68,20,5,0,3
68,21,5,0,16
68,22,5,4,13
68,23,5,4,8
68,24,4,0,22
68,25,4,0,24
68,26,4,0,15
68,27,4,0,12
68,28,4,0,5
68,29,1,4,16
68,30,1,4,9
68,31,1,4,2
68,32,1,4,16
68,33,1,4,16
68,34,4,0,11
68,35,4,0,19
68,36,4,0,24
68,37,5,4,8
68,38,5,4,7
68,39,5,0,11
68,40,5,0,22
68,41,5,0,24
68,42,5,0,11
68,43,5,0,11
68,44,5,0,15
68,45,5,0,15
68,46,5,0,7
68,47,5,0,15
68,48,5,0,14
69,0,5,0,3
69,1,5,0,20
69,2,5,0,24
69,3,5,0,15
69,4,5,0,1
69,5,5,0,20
69,6,5,0,0
69,7,5,0,8
69,8,5,0,16
69,9,5,0,23
69,10,5,0,23
69,11,5,0,11
69,12,5,0,22
69,13,5,0,14
69,14,5,0,11
69,15,5,0,23
69,16,5,0,8
69,17,5,0,0
69,18,5,0,21
69,19,5,0,20
69,20,5,0,23
69,21,5,4,5
69,22,4,0,19
69,23,4,0,8
69,24,4,0,16
69,25,4,0,4
69,26,4,0,22
69,27,4,0,2
69,28,1,4,9
69,29,1,4,4
69,30,1,0,19
69,31,1,4,4
69,32,1,4,4
69,33,1,4,3
69,34,4,0,2
69,35,4,0,7
69,36,4,0,21
69,37,4,0,10
69,38,5,4,21
69,39,5,0,22
69,40,5,0,1
69,41,5,0,24
69,42,5,0,24
69,43,5,0,15
69,44,5,0,19
69,45,5,0,15
69,46,5,0,23
69,47,5,0,11
69,48,5,0,5
70,0,5,0,17
70,1,5,0,10
70,2,5,0,12
70,3,5,0,5
70,4,5,0,12
70,5,5,0,5
70,6,5,0,13
70,7,5,0,1
70,8,5,0,1
70,9,5,0,8
70,10,5,0,9
70,11,5,0,1
70,12,5,0,8
70,13,5,0,8
70,14,5,0,10
70,15,5,0,9
70,16,5,0,15
70,17,5,0,11
70,18,5,0,12
70,19,5,0,2
70,20,5,4,10
70,21,4,0,23
70,22,4,0,9
70,23,4,0,5
70,24,4,0,18
70,25,4,0,20
70,26,1,4,16
70,27,1,4,11
70,28,1,0,24
70,29,1,0,1
70,30,1,0,0
70,31,1,0,10
70,32,1,0,15
70,33,1,4,3
70,34,4,0,0
70,35,4,0,0
70,36,4,0,17
70,37,4,0,11
70,38,5,4,24
70,39,5,0,21
70,40,5,0,17
70,41,5,0,2
70,42,5,0,2
70,43,5,0,7
70,44,5,0,13
70,45,5,0,23
70,46,5,0,16
70,47,5,0,4
70,48,5,0,9
71,0,5,0,16
71,1,5,0,23
71,2,5,0,0
71,3,5,0,22
71,4,5,0,19
71,5,5,0,3
71,6,5,0,7
71,7,5,0,1
71,8,5,0,22
71,9,5,0,11
71,10,5,0,14
71,11,5,0,18
71,12,5,0,3
71,13,5,0,4
71,14,5,0,17
71,15,5,0,15
71,16,5,0,18
71,17,5,0,12
71,18,5,0,16
71,19,5,4,10
71,20,4,0,3
71,21,4,0,8
71,22,4,0,4
71,23,4,0,2
71,24,4,0,9
71,25,1,4,19
71,26,1,4,4
71,27,1,0,16
71,28,1,0,13
71,29,1,0,8
71,30,1,0,14
71,31,1,0,6
71,32,1,0,9
71,33,1,4,1
71,34,4,0,8
71,35,4,0,16
71,36,4,0,3
71,37,5,4,6
71,38,5,0,22
71,39,5,0,8
71,40,5,0,20
71,41,5,0,10
71,42,5,0,19
71,43,5,0,21
71,44,5,0,18
71,45,5,0,13
71,46,5,0,4
71,47,5,0,9
71,48,5,0,13
72,0,5,0,7
72,1,5,0,23
72,2,5,0,20
72,3,5,0,18
72,4,5,0,11
72,5,5,0,22
72,6,5,0,19
72,7,5,0,17
72,8,5,0,24
72,9,5,0,1
72,10,5,0,14
72,11,5,0,21
72,12,5,0,14
72,13,5,0,23
72,14,5,0,21
72,15,5,0,20
72,16,5,0,4
72,17,5,0,5
72,18,5,4,0
72,19,4,0,10
72,20,4,0,13
72,21,4,0,1
72,22,4,0,0
72,23,4,0,15
72,24,1,4,11
72,25,1,0,11
72,26,1,0,1
72,27,1,0,7
72,28,1,0,21
72,29,1,0,10
72,30,1,0,16
72,31,1,0,11
72,32,1,0,21
72,33,1,4,18
72,34,4,0,5
72,35,4,0,8
72,36,4,0,20
72,37,5,4,24
72,38,5,0,20
72,39,5,0,5
72,40,5,0,22
72,41,5,0,18
72,42,5,0,9
72,43,5,0,8
72,44,5,0,9
72,45,5,0,18
72,46,5,0,24
72,47,5,0,14
72,48,5,0,4
73,0,5,0,14
73,1,5,0,2
73,2,5,0,3
73,3,5,0,21
73,4,5,0,11
73,5,5,0,0
73,6,5,0,19
73,7,5,0,6
73,8,5,0,0
73,9,5,0,17
73,10,5,0,16
73,11,5,0,23
73,12,5,0,16
73,13,5,0,1
73,14,5,0,19
73,15,5,0,20
73,16,5,0,7
73,17,5,0,11
73,18,5,4,18
73,19,4,0,7
73,20,4,0,13
73,21,4,0,8
73,22,4,0,15
73,23,1,4,11
73,24,1,0,1
73,25,1,0,24
73,26,1,0,10
73,27,1,0,20
73,28,1,0,9
73,29,1,0,17
73,30,1,0,6
73,31,1,0,14
73,32,1,4,0
73,33,4,0,3
73,34,4,0,3
73,35,4,0,20
73,36,5,4,6
73,37,5,0,21
73,38,5,0,8
73,39,5,0,21
73,40,5,0,18
73,41,5,0,24
73,42,5,0,22
73,43,5,0,12
73,44,5,0,11
73,45,5,0,0
73,46,5,0,10
73,47,5,0,23
73,48,5,0,2
74,0,5,0,12
74,1,5,0,1
74,2,5,0,14
74,3,5,0,13
74,4,5,0,14
74,5,5,0,5
74,6,5,0,14
74,7,5,0,1
74,8,5,0,21
74,9,5,0,13
74,10,5,0,13
74,11,5,0,9
74,12,5,0,3
74,13,5,0,15
74,14,5,0,18
74,15,5,0,13
74,16,5,0,23
74,17,5,4,0
74,18,4,0,23
74,19,4,0,1
74,20,4,0,21
74,21,4,0,10
74,22,1,4,19
74,23,1,0,9
74,24,1,0,6
74,25,1,0,23
74,26,1,0,15
74,27,1,0,1
74,28,1,0,2
74,29,1,0,20
74,30,1,0,23
74,31,1,0,3
74,32,1,4,17
74,33,4,0,14
74,34,4,0,21
74,35,4,0,3
74,36,5,4,21
74,37,5,0,6
74,38,5,0,14
74,39,5,0,8
74,40,5,0,9
74,41,5,0,10
74,42,5,0,5
74,43,5,0,20
74,44,5,0,7
74,45,5,0,4
74,46,5,0,23
74,47,5,0,11
74,48,5,0,7
75,0,5,0,14
75,1,5,0,24
75,2,5,0,17
75,3,5,0,6
75,4,5,0,2
75,5,5,0,6
75,6,5,0,18
75,7,5,0,22
75,8,5,0,15
75,9,5,0,17
75,10,5,0,16
75,11,5,0,20
75,12,5,0,10
75,13,5,0,5
75,14,5,0,10
75,15,5,0,13
75,16,5,0,12
75,17,5,4,18
75,18,4,0,6
75,19,4,0,10
75,20,4,0,1
75,21,1,4,14
75,22,1,0,24
75,23,1,0,16
75,24,1,0,23
75,25,1,0,12
75,26,1,0,1
75,27,1,4,20
75,28,1,4,20
75,29,1,4,20
75,30,1,0,22
75,31,1,0,8
75,32,1,4,18
75,33,4,0,6
75,34,4,0,19
75,35,4,0,0
75,36,5,4,7
75,37,5,0,8
75,38,5,0,4
75,39,5,0,11
75,40,5,0,23
75,41,5,0,20
75,42,5,0,12
75,43,5,0,14
75,44,5,0,21
75,45,5,0,12
75,46,5,0,6
75,47,5,0,21
75,48,5,0,22
76,0,5,0,8
76,1,5,0,12
76,2,5,0,21
76,3,5,0,10
76,4,5,0,16
76,5,5,0,14
76,6,5,0,16
76,7,5,0,22
76,8,5,0,18
76,9,5,0,1
76,10,5,0,24
76,11,5,0,5
76,12,5,0,14
76,13,5,0,12
76,14,5,0,0
76,15,5,0,19
76,16,5,4,13
76,17,4,0,16
76,18,4,0,19
76,19,4,0,16
76,20,1,4,6
76,21,1,0,10
76,22,1,0,0
76,23,1,0,12
76,24,1,0,20
76,25,1,0,23
76,26,1,4,5
76,27,1,4,8
76,28,1,4,8
76,29,1,4,24
76,30,1,0,5
76,31,1,4,10
76,32,4,0,7
76,33,4,0,11
76,34,4,0,18
76,35,4,0,20
76,36,5,4,24
76,37,5,0,17
76,38,5,0,24
76,39,5,0,14
76,40,5,0,16
76,41,5,0,23
76,42,5,0,18
76,43,5,0,14
76,44,5,0,22
76,45,5,0,3
76,46,5,0,8
76,47,5,0,14
76,48,5,0,6
77,0,5,0,12
77,1,5,0,6
77,2,5,0,7
77,3,5,0,1
77,4,5,0,4
77,5,5,0,22
77,6,5,0,11
77,7,5,0,24
77,8,5,0,5
77,9,5,0,10
77,10,5,0,3
77,11,5,0,4
77,12,5,0,10
77,13,5,0,6
77,14,5,0,12
77,15,5,4,13
77,16,4,0,21
77,17,4,6,20
77,18,4,0,6
77,19,4,0,22
77,20,1,4,24
77,21,1,0,3
77,22,1,0,15
77,23,1,0,21
77,24,1,0,4
77,25,1,4,15
77,26,4,0,20
77,27,4,0,22
77,28,1,4,6
77,29,1,0,18
77,30,1,4,0
77,31,4,0,8
77,32,4,0,19
77,33,4,0,8
77,34,4,0,13
77,35,5,4,6
77,36,5,0,14
77,37,5,0,20
77,38,5,0,8
77,39,5,0,24
77,40,5,0,20
77,41,5,0,13
77,42,5,0,10
77,43,5,0,11
77,44,5,0,14
77,45,5,0,15
77,46,5,0,19
77,47,5,0,21
77,48,5,0,21
78,0,5,0,5
78,1,5,0,20
78,2,5,0,18
78,3,5,0,2
78,4,5,0,12
78,5,5,0,9
78,6,5,0,18
78,7,5,0,15
78,8,5,0,22
78,9,5,0,5
78,10,5,0,7
78,11,5,0,17
78,12,5,0,1
78,13,5,0,17
78,14,5,4,5
78,15,4,0,9
78,16,4,6,5
78,17,4,6,23
78,18,4,0,23
78,19,1,4,11
78,20,1,0,21
78,21,1,0,10
78,22,1,0,24
78,23,1,0,11
78,24,1,4,13
78,25,4,0,2
78,26,4,0,22
78,27,4,0,11
78,28,1,4,22
78,29,1,0,4
78,30,1,4,18
78,31,4,0,7
78,32,4,0,14
78,33,4,0,8
78,34,4,0,10
78,35,5,4,24
78,36,5,0,18
78,37,5,0,9
78,38,5,0,4
78,39,5,0,15
78,40,5,0,21
78,41,5,0,9
78,42,5,0,12
78,43,5,0,5
78,44,5,0,11
78,45,5,0,14
78,46,5,0,5
78,47,5,0,1
78,48,5,0,13
79,0,5,0,24
79,1,5,0,2
79,2,5,0,21
79,3,5,0,5
79,4,5,0,17
79,5,5,0,7
79,6,5,0,20
79,7,5,0,7
79,8,5,0,12
79,9,5,0,6
79,10,5,0,21
79,11,5,0,5
79,12,5,0,10
79,13,5,4,0
79,14,4,0,20
79,15,4,6,0
79,16,6,0,17
79,17,4,6,24
79,18,1,4,6
79,19,1,0,24
79,20,1,0,22
79,21,1,0,10
79,22,1,0,6
79,23,1,4,10
79,24,4,0,12
79,25,4,0,1
79,26,4,0,15
79,27,4,0,22
79,28,1,4,23
79,29,4,6,20
79,30,4,0,13
79,31,4,0,6
79,32,4,0,5
79,33,4,0,16
79,34,5,4,6
79,35,5,0,13
79,36,5,0,16
79,37,5,0,13
79,38,5,0,23
79,39,5,0,11
79,40,5,0,13
79,41,5,0,8
79,42,5,0,13
79,43,5,0,16
79,44,5,0,1
79,45,5,0,14
79,46,5,0,3
79,47,5,0,4
79,48,5,0,22
80,0,5,0,8
80,1,5,0,2
80,2,5,0,21
80,3,5,0,13
80,4,5,0,24
80,5,5,0,11
80,6,5,0,10
80,7,5,0,2
80,8,5,0,8
80,9,5,0,13
80,10,5,0,13
80,11,5,0,19
80,12,5,0,12
80,13,5,4,18
80,14,4,0,24
80,15,4,6,2
80,16,4,6,9
80,17,4,0,21
80,18,1,4,24
80,19,1,0,5
80,20,1,0,13
80,21,1,0,3
80,22,1,4,10
80,23,4,0,0
80,24,4,0,18
80,25,5,4,16
80,26,4,0,3
80,27,4,0,14
80,28,4,6,5
80,29,4,6,7
80,30,4,0,6
80,31,4,0,8
80,32,4,0,14
80,33,4,0,15
80,34,5,4,24
80,35,5,0,6
80,36,5,0,8
80,37,5,0,7
80,38,5,0,3
80,39,5,0,24
80,40,5,0,7
80,41,5,0,4
80,42,5,0,1
80,43,5,0,5
80,44,5,0,6
80,45,5,0,14
80,46,5,0,14
80,47,5,0,10
80,48,5,0,4
