0,0,5,0,6
0,1,5,0,19
0,2,5,0,22
0,3,5,0,16
0,4,5,0,12
0,5,5,0,10
0,6,5,0,18
0,7,5,0,6
0,8,5,4,0
0,9,4,0,3
0,10,4,0,16
0,11,4,6,3
0,12,4,6,14
0,13,4,0,23
0,14,5,4,24
0,15,5,0,5
0,16,5,0,11
0,17,5,0,15
0,18,5,0,16
0,19,5,0,19
0,20,5,0,6
0,21,5,0,18
0,22,5,4,18
0,23,4,0,5
0,24,4,0,10
0,25,5,4,23
0,26,5,4,20
0,27,5,0,3
0,28,5,0,10
0,29,5,0,13
0,30,5,0,4
0,31,5,0,23
0,32,5,0,8
0,33,5,0,16
0,34,5,0,12
0,35,5,0,24
0,36,5,0,8
0,37,5,0,24
0,38,5,0,11
0,39,1,4,22
0,40,1,0,6
0,41,1,4,1
0,42,5,4,23
0,43,5,0,20
0,44,5,0,23
0,45,5,0,3
0,46,5,0,8
0,47,5,0,13
0,48,5,0,14
0,49,5,0,2
1,0,5,0,9
1,1,5,0,12
1,2,5,0,16
1,3,5,0,16
1,4,5,0,9
1,5,5,0,7
1,6,5,0,15
1,7,5,0,20
1,8,5,4,18
1,9,4,0,2
1,10,4,0,17
1,11,4,6,4
1,12,4,0,18
1,13,5,4,14
1,14,5,0,13
1,15,5,0,24
1,16,5,0,13
1,17,5,0,22
1,18,5,0,23
1,19,5,0,16
1,20,5,0,21
1,21,5,4,0
1,22,4,0,5
1,23,4,0,5
1,24,4,0,21
1,25,5,4,8
1,26,5,4,22
1,27,5,0,15
1,28,5,4,20
1,29,5,4,20
1,30,5,0,12
1,31,5,0,19
1,32,5,0,7
1,33,5,0,5
1,34,5,0,19
1,35,5,0,8
1,36,5,0,3
1,37,5,0,14
1,38,5,4,0
1,39,1,4,24
1,40,1,0,21
1,41,1,4,3
1,42,5,4,7
1,43,5,0,21
1,44,5,0,9
1,45,5,0,18
1,46,5,0,19
1,47,5,0,22
1,48,5,0,12
1,49,5,0,5
2,0,5,0,23
2,1,5,0,16
2,2,5,0,17
2,3,5,0,11
2,4,5,0,2
2,5,5,0,23
2,6,5,0,23
2,7,5,4,0
2,8,4,0,19
2,9,4,0,11
2,10,4,0,23
2,11,1,4,16
2,12,5,4,6
2,13,5,0,5
2,14,5,0,0
2,15,5,0,17
2,16,5,0,24
2,17,5,0,8
2,18,5,0,0
2,19,5,0,10
2,20,5,0,20
2,21,5,4,1
2,22,4,0,2
2,23,4,0,4
2,24,4,0,13
2,25,4,0,1
2,26,5,4,22
2,27,5,4,5
2,28,5,4,8
2,29,5,4,23
2,30,5,0,17
2,31,5,0,4
2,32,5,0,3
2,33,5,0,7
2,34,5,0,16
2,35,5,0,10
2,36,5,0,23
2,37,5,0,6
2,38,1,4,6
2,39,1,0,17
2,40,1,0,12
2,41,1,4,17
2,42,5,4,21
2,43,5,0,14
2,44,5,0,21
2,45,5,0,10
2,46,5,0,0
2,47,5,0,13
2,48,5,0,18
2,49,5,0,16
3,0,5,0,6
3,1,5,0,10
3,2,5,0,17
3,3,5,0,12
3,4,5,0,20
3,5,5,0,13
3,6,5,0,3
3,7,5,4,3
3,8,4,0,16
3,9,4,0,24
3,10,1,4,14
3,11,1,4,17
3,12,5,4,23
3,13,5,0,8
3,14,5,4,20
3,15,5,4,20
3,16,5,0,13
3,17,5,0,2
3,18,5,0,12
3,19,5,0,6
3,20,5,0,14
3,21,5,4,3
3,22,5,4,16
3,23,4,0,5
3,24,4,0,8
3,25,4,0,0
3,26,5,4,8
3,27,4,0,17
3,28,4,0,12
3,29,5,4,24
3,30,5,0,11
3,31,5,0,13
3,32,5,0,1
3,33,5,0,0
3,34,5,0,21
3,35,5,0,20
3,36,5,0,7
3,37,5,4,0
3,38,1,4,7
3,39,1,0,8
3,40,1,0,17
3,41,1,4,1
3,42,5,4,23
3,43,5,0,0
3,44,5,0,0
3,45,5,0,17
3,46,5,0,5
3,47,5,0,8
3,48,5,0,9
3,49,5,0,5
4,0,5,0,15
4,1,5,0,3
4,2,5,0,18
4,3,5,0,21
4,4,5,0,12
4,5,5,0,13
4,6,5,0,0
4,7,5,4,3
4,8,4,0,15
4,9,1,4,6
4,10,1,0,7
4,11,1,4,18
4,12,5,4,23
4,13,5,4,15
4,14,5,4,8
4,15,5,4,7
4,16,5,0,19
4,17,5,0,4
4,18,5,0,11
4,19,5,0,1
4,20,5,0,11
4,21,5,4,4
4,22,5,4,1
4,23,4,0,24
4,24,4,0,19
4,25,4,0,17
4,26,4,0,9
4,27,4,0,0
4,28,5,4,6
4,29,5,0,3
4,30,5,0,19
4,31,5,0,16
4,32,5,0,7
4,33,5,0,12
4,34,5,0,12
4,35,5,0,5
4,36,5,0,5
4,37,5,4,3
4,38,1,4,22
4,39,1,4,20
4,40,1,0,18
4,41,1,4,1
4,42,5,4,22
4,43,5,0,4
4,44,5,0,19
4,45,5,0,15
4,46,5,0,6
4,47,5,0,14
4,48,5,0,0
4,49,5,0,0
5,0,5,0,22
5,1,5,0,4
5,2,5,0,13
5,3,5,0,15
5,4,5,0,10
5,5,5,0,5
5,6,5,0,13
5,7,5,4,2
5,8,4,0,3
5,9,1,4,7
5,10,1,4,15
5,11,4,0,3
5,12,5,4,8
5,13,4,0,20
5,14,4,0,14
5,15,5,4,23
5,16,5,0,13
5,17,5,0,16
5,18,5,0,12
5,19,5,0,12
5,20,5,0,1
5,21,5,0,12
5,22,5,4,1
5,23,4,0,17
5,24,4,0,10
5,25,5,4,16
5,26,4,0,24
5,27,4,0,15
5,28,5,4,24
5,29,5,0,3
5,30,5,0,16
5,31,5,0,6
5,32,5,0,10
5,33,5,0,9
5,34,5,0,16
5,35,5,0,9
5,36,5,0,7
5,37,5,4,2
5,38,1,4,8
5,39,1,4,7
5,40,1,0,21
5,41,1,4,3
5,42,5,4,21
5,43,5,0,1
5,44,5,0,20
5,45,5,0,21
5,46,5,0,23
5,47,5,0,2
5,48,5,0,11
5,49,5,0,0
6,0,5,0,2
6,1,5,0,11
6,2,5,0,17
6,3,5,0,21
6,4,5,0,21
6,5,5,0,8
6,6,5,0,1
6,7,5,4,1
6,8,5,4,16
6,9,1,4,8
6,10,4,0,6
6,11,4,0,20
6,12,4,0,15
6,13,4,0,13
6,14,4,0,1
6,15,5,4,22
6,16,5,0,6
6,17,5,0,12
6,18,5,0,22
6,19,5,0,22
6,20,5,0,16
6,21,5,0,9
6,22,5,4,2
6,23,5,4,16
6,24,5,4,19
6,25,5,4,3
6,26,4,0,17
6,27,5,4,6
6,28,5,0,23
6,29,5,0,15
6,30,5,0,19
6,31,5,0,16
6,32,5,0,16
6,33,5,0,3
6,34,5,0,12
6,35,5,0,10
6,36,5,0,15
6,37,5,4,2
6,38,4,0,10
6,39,1,4,24
6,40,1,0,23
6,41,1,4,18
6,42,5,4,21
6,43,5,0,21
6,44,5,0,11
6,45,5,0,23
6,46,5,0,7
6,47,5,0,2
6,48,5,0,2
6,49,5,0,7
7,0,5,0,4
7,1,5,0,13
7,2,5,0,22
7,3,5,0,8
7,4,5,0,20
7,5,5,0,11
7,6,5,0,14
7,7,5,4,4
7,8,5,4,2
7,9,4,0,23
7,10,4,0,1
7,11,4,0,22
7,12,4,0,14
7,13,1,4,16
7,14,4,0,11
7,15,5,4,21
7,16,5,0,13
7,17,5,0,12
7,18,5,0,6
7,19,5,0,7
7,20,5,0,8
7,21,5,0,4
7,22,5,4,4
7,23,5,4,4
7,24,5,0,12
7,25,5,4,1
7,26,4,0,5
7,27,5,4,21
7,28,5,0,1
7,29,5,0,14
7,30,5,0,8
7,31,5,0,18
7,32,5,0,6
7,33,5,0,10
7,34,5,0,6
7,35,5,0,0
7,36,5,0,2
7,37,5,4,1
7,38,1,4,6
7,39,1,0,10
7,40,1,4,0
7,41,1,4,16
7,42,5,4,23
7,43,5,4,20
7,44,5,0,4
7,45,5,0,9
7,46,5,0,1
7,47,5,0,7
7,48,5,0,19
7,49,5,0,1
8,0,5,0,23
8,1,5,0,15
8,2,5,0,21
8,3,5,0,13
8,4,5,0,18
8,5,5,0,24
8,6,5,0,0
8,7,5,0,3
8,8,5,4,17
8,9,5,4,16
8,10,5,4,16
8,11,4,0,5
8,12,1,4,9
8,13,1,4,17
8,14,4,0,17
8,15,5,4,24
8,16,5,0,0
8,17,5,0,5
8,18,5,0,17
8,19,5,0,20
8,20,5,0,8
8,21,5,0,21
8,22,5,0,14
8,23,5,0,3
8,24,5,0,9
8,25,5,4,18
8,26,4,0,2
8,27,5,4,22
8,28,5,0,13
8,29,5,0,11
8,30,5,0,22
8,31,5,0,12
8,32,5,0,23
8,33,5,0,21
8,34,5,0,2
8,35,5,0,17
8,36,5,0,23
8,37,5,4,1
8,38,1,4,21
8,39,1,0,6
8,40,1,4,4
8,41,1,4,2
8,42,1,4,16
8,43,5,4,7
8,44,5,0,4
8,45,5,0,8
8,46,5,0,22
8,47,5,0,4
8,48,5,0,12
8,49,5,0,7
9,0,5,0,1
9,1,5,0,20
9,2,5,0,0
9,3,5,0,17
9,4,5,0,14
9,5,5,0,16
9,6,5,0,0
9,7,5,0,6
9,8,5,4,4
9,9,5,4,4
9,10,5,4,17
9,11,1,4,6
9,12,1,0,19
9,13,1,4,17
9,14,5,4,6
9,15,5,0,8
9,16,5,0,22
9,17,5,0,3
9,18,5,0,11
9,19,5,0,23
9,20,5,0,23
9,21,5,0,1
9,22,5,0,12
9,23,5,0,15
9,24,5,4,0
9,25,4,0,2
9,26,4,0,19
9,27,5,4,24
9,28,5,0,3
9,29,5,0,12
9,30,5,0,12
9,31,5,0,21
9,32,5,0,7
9,33,5,0,5
9,34,5,0,0
9,35,5,0,19
9,36,5,0,8
9,37,5,4,1
9,38,1,4,21
9,39,1,0,14
9,40,1,0,17
9,41,1,4,4
9,42,1,4,2
9,43,5,4,22
9,44,5,0,0
9,45,5,0,7
9,46,5,0,2
9,47,5,0,6
9,48,5,0,11
9,49,5,0,11
10,0,5,0,12
10,1,5,0,21
10,2,5,0,4
10,3,5,0,10
10,4,5,0,8
10,5,5,0,18
10,6,5,0,11
10,7,5,0,15
10,8,5,0,16
10,9,5,0,14
10,10,5,4,17
10,11,1,4,21
10,12,1,0,7
10,13,1,4,3
10,14,5,4,24
10,15,5,0,6
10,16,5,0,0
10,17,5,0,19
10,18,5,0,17
10,19,5,0,20
10,20,5,0,1
10,21,5,0,1
10,22,5,0,21
10,23,5,0,7
10,24,5,4,18
10,25,4,0,4
10,26,5,4,6
10,27,5,0,10
10,28,5,0,18
10,29,5,0,20
10,30,5,0,1
10,31,5,0,17
10,32,5,0,14
10,33,5,0,14
10,34,5,0,20
10,35,5,0,19
10,36,5,0,18
10,37,5,4,18
10,38,1,4,7
10,39,1,0,18
10,40,1,0,23
10,41,1,0,22
10,42,1,4,17
10,43,5,4,7
10,44,5,0,18
10,45,5,0,2
10,46,5,0,2
10,47,5,0,23
10,48,5,0,23
10,49,5,0,20
11,0,5,0,14
11,1,5,0,24
11,2,5,0,14
11,3,5,0,8
11,4,5,0,21
11,5,5,0,12
11,6,5,0,16
11,7,5,0,22
11,8,5,0,11
11,9,5,0,16
11,10,5,4,18
11,11,1,4,24
11,12,1,0,20
11,13,1,4,18
11,14,5,0,10
11,15,5,0,14
11,16,5,0,8
11,17,5,0,12
11,18,5,0,11
11,19,5,0,21
11,20,5,0,12
11,21,5,0,22
11,22,5,0,15
11,23,5,4,0
11,24,4,0,8
11,25,4,0,11
11,26,5,4,21
11,27,5,0,1
11,28,5,0,23
11,29,5,0,6
11,30,5,0,0
11,31,5,0,15
11,32,5,0,0
11,33,5,0,19
11,34,5,0,19
11,35,5,0,12
11,36,5,4,0
11,37,5,4,16
11,38,1,4,23
11,39,1,4,20
11,40,1,4,20
11,41,1,0,0
11,42,1,4,3
11,43,5,4,22
11,44,5,0,18
11,45,5,0,22
11,46,5,0,20
11,47,5,0,4
11,48,5,0,0
11,49,5,0,9
12,0,5,0,21
12,1,5,0,3
12,2,5,0,0
12,3,5,0,24
12,4,5,0,4
12,5,5,0,13
12,6,5,0,3
12,7,5,0,4
12,8,5,0,2
12,9,5,4,0
12,10,1,4,6
12,11,1,0,17
12,12,1,4,0
12,13,5,4,21
12,14,5,0,3
12,15,5,0,18
12,16,5,0,3
12,17,5,0,0
12,18,5,0,19
12,19,5,0,6
12,20,5,0,15
12,21,5,0,20
12,22,5,0,12
12,23,5,4,3
12,24,4,0,2
12,25,4,0,23
12,26,5,4,22
12,27,5,0,13
12,28,5,0,8
12,29,5,0,10
12,30,5,0,13
12,31,5,0,21
12,32,5,0,13
12,33,5,0,10
12,34,5,0,3
12,35,5,0,20
12,36,5,4,4
12,37,5,4,1
12,38,1,4,8
12,39,1,4,8
12,40,1,4,23
12,41,1,0,1
12,42,1,4,17
12,43,5,4,24
12,44,5,0,10
12,45,5,0,4
12,46,5,0,12
12,47,5,0,10
12,48,5,0,24
12,49,5,0,17
13,0,5,0,2
13,1,5,0,15
13,2,5,0,15
13,3,5,0,6
13,4,5,0,8
13,5,5,0,19
13,6,5,0,8
13,7,5,0,11
13,8,5,0,13
13,9,5,4,18
13,10,1,4,24
13,11,1,0,17
13,12,1,4,18
13,13,5,4,24
13,14,5,0,12
13,15,5,0,9
13,16,5,0,12
13,17,5,0,3
13,18,5,0,24
13,19,5,0,18
13,20,5,0,0
13,21,5,0,2
13,22,5,0,4
13,23,5,4,3
13,24,4,0,8
13,25,4,0,23
13,26,5,4,7
13,27,5,4,20
13,28,5,4,20
13,29,5,4,20
13,30,5,4,20
13,31,5,0,21
13,32,5,0,17
13,33,5,0,22
13,34,5,0,0
13,35,5,0,8
13,36,5,0,2
13,37,5,4,1
13,38,5,4,16
13,39,4,0,10
13,40,1,4,24
13,41,1,0,14
13,42,1,4,18
13,43,5,0,12
13,44,5,0,1
13,45,5,0,6
13,46,5,0,16
13,47,5,0,8
13,48,5,0,17
13,49,5,0,13
14,0,5,0,12
14,1,5,0,9
14,2,5,0,15
14,3,5,0,2
14,4,5,0,0
14,5,5,0,11
14,6,5,0,12
14,7,5,0,15
14,8,5,4,0
14,9,1,4,9
14,10,1,0,2
14,11,1,4,0
14,12,5,4,6
14,13,5,0,5
14,14,5,0,2
14,15,5,4,20
14,16,5,4,20
14,17,5,0,5
14,18,5,0,3
14,19,5,0,6
14,20,5,0,17
14,21,5,0,0
14,22,5,0,21
14,23,5,4,2
14,24,4,0,4
14,25,4,0,4
14,26,5,4,8
14,27,5,4,8
14,28,1,4,16
14,29,5,4,8
14,30,5,4,22
14,31,5,0,19
14,32,5,0,4
14,33,5,0,9
14,34,5,0,1
14,35,5,0,3
14,36,5,0,3
14,37,5,4,4
14,38,5,4,2
14,39,1,4,6
14,40,1,0,10
14,41,1,4,0
14,42,5,4,23
14,43,5,0,14
14,44,5,0,18
14,45,5,0,6
14,46,5,0,7
14,47,5,0,9
14,48,5,0,8
14,49,5,0,5
15,0,5,0,19
15,1,5,0,0
15,2,5,0,23
15,3,5,0,5
15,4,5,0,3
15,5,5,0,1
15,6,5,0,24
15,7,5,0,21
15,8,1,4,6
15,9,1,0,4
15,10,1,0,5
15,11,1,4,18
15,12,5,4,21
15,13,5,4,20
15,14,5,4,10
15,15,5,4,8
15,16,5,4,22
15,17,5,0,14
15,18,5,0,15
15,19,5,0,13
15,20,5,0,21
15,21,5,0,14
15,22,5,0,18
15,23,5,4,2
15,24,4,0,10
15,25,4,0,21
15,26,4,0,10
15,27,1,4,11
15,28,1,4,1
15,29,1,4,16
15,30,5,4,22
15,31,5,0,6
15,32,5,0,11
15,33,5,0,3
15,34,5,0,15
15,35,5,0,16
15,36,5,0,22
15,37,5,0,3
15,38,5,4,3
15,39,1,4,24
15,40,1,0,23
15,41,1,4,18
15,42,5,4,22
15,43,5,0,6
15,44,5,0,20
15,45,5,0,17
15,46,5,0,22
15,47,5,0,22
15,48,5,0,2
15,49,5,0,13
16,0,5,0,6
16,1,5,0,21
16,2,5,0,17
16,3,5,0,23
16,4,5,0,23
16,5,5,0,17
16,6,5,0,4
16,7,5,4,0
16,8,1,4,22
16,9,1,0,6
16,10,1,4,0
16,11,1,4,16
16,12,5,4,8
16,13,5,4,8
16,14,4,0,24
16,15,4,0,10
16,16,5,4,24
16,17,5,0,2
16,18,5,0,22
16,19,5,0,7
16,20,5,0,23
16,21,5,0,21
16,22,5,0,19
16,23,5,4,1
16,24,4,0,11
16,25,4,0,14
16,26,1,4,6
16,27,1,0,12
16,28,1,4,4
16,29,1,4,1
16,30,5,4,21
16,31,5,0,20
16,32,5,0,7
16,33,5,0,14
16,34,5,0,6
16,35,5,0,13
16,36,5,0,23
16,37,5,0,4
16,38,1,4,6
16,39,1,0,4
16,40,1,4,0
16,41,4,0,14
16,42,5,4,7
16,43,5,0,20
16,44,5,0,7
16,45,5,0,6
16,46,5,0,13
16,47,5,0,3
16,48,5,0,22
16,49,5,0,11
17,0,5,0,23
17,1,5,0,19
17,2,5,0,10
17,3,5,0,23
17,4,5,0,20
17,5,5,0,6
17,6,5,0,7
17,7,5,4,2
17,8,1,4,21
17,9,1,0,2
17,10,1,4,4
17,11,1,4,17
17,12,1,4,16
17,13,4,0,5
17,14,4,0,13
17,15,5,4,6
17,16,5,0,20
17,17,5,0,4
17,18,5,0,21
17,19,5,0,19
17,20,5,0,0
17,21,5,0,18
17,22,5,0,10
17,23,5,4,17
17,24,4,0,1
17,25,4,0,4
17,26,1,4,24
17,27,1,0,7
17,28,1,0,1
17,29,1,4,17
17,30,5,4,7
17,31,5,0,11
17,32,5,0,1
17,33,5,0,8
17,34,5,0,0
17,35,5,0,19
17,36,5,0,8
17,37,5,0,23
17,38,1,4,21
17,39,1,0,16
17,40,1,4,17
17,41,1,4,16
17,42,5,4,23
17,43,5,4,20
17,44,5,0,14
17,45,5,0,14
17,46,5,0,24
17,47,5,0,17
17,48,5,0,13
17,49,5,0,2
18,0,5,0,18
18,1,5,0,3
18,2,5,0,22
18,3,5,0,10
18,4,5,0,11
18,5,5,0,8
18,6,5,0,12
18,7,5,4,3
18,8,1,4,21
18,9,1,0,16
18,10,1,0,16
18,11,1,4,4
18,12,1,4,1
18,13,1,4,16
18,14,4,0,13
18,15,5,4,23
18,16,5,0,16
18,17,5,0,2
18,18,5,0,21
18,19,5,0,6
18,20,5,0,23
18,21,5,0,8
18,22,5,0,7
18,23,5,4,3
18,24,5,4,16
18,25,1,4,6
18,26,1,0,18
18,27,1,0,17
18,28,1,0,9
18,29,1,4,18
18,30,5,4,21
18,31,5,0,2
18,32,5,0,2
18,33,5,0,22
18,34,5,0,11
18,35,5,0,10
18,36,5,0,3
18,37,5,4,0
18,38,1,4,22
18,39,1,0,17
18,40,1,4,4
18,41,1,4,2
18,42,5,4,8
18,43,5,4,23
18,44,5,0,8
18,45,5,0,1
18,46,5,0,20
18,47,5,0,18
18,48,5,0,17
18,49,5,0,22
19,0,5,0,16
19,1,5,0,15
19,2,5,0,13
19,3,5,0,1
19,4,5,0,6
19,5,5,0,8
19,6,5,0,15
19,7,5,4,2
19,8,1,4,22
19,9,1,0,20
19,10,1,0,13
19,11,1,0,0
19,12,1,4,4
19,13,1,4,1
19,14,4,0,5
19,15,5,4,22
19,16,5,0,16
19,17,5,0,0
19,18,5,0,16
19,19,5,0,16
19,20,5,0,15
19,21,5,0,3
19,22,5,0,9
19,23,5,4,4
19,24,5,4,1
19,25,1,4,22
19,26,1,4,20
19,27,1,0,18
19,28,1,4,0
19,29,4,0,22
19,30,5,4,24
19,31,5,0,22
19,32,5,0,19
19,33,5,0,19
19,34,5,0,13
19,35,5,0,5
19,36,5,0,6
19,37,5,4,17
19,38,1,4,7
19,39,1,0,23
19,40,1,0,12
19,41,1,4,2
19,42,4,0,6
19,43,5,4,7
19,44,5,0,1
19,45,5,0,0
19,46,5,0,5
19,47,5,0,2
19,48,5,0,20
19,49,5,0,20
20,0,5,0,22
20,1,5,0,6
20,2,5,0,9
20,3,5,0,14
20,4,5,0,22
20,5,5,0,17
20,6,5,0,16
20,7,5,4,2
20,8,1,4,21
20,9,1,4,20
20,10,1,0,5
20,11,1,0,15
20,12,1,0,9
20,13,1,4,3
20,14,4,0,9
20,15,5,4,7
20,16,5,4,20
20,17,5,0,6
20,18,5,0,5
20,19,5,0,20
20,20,5,0,7
20,21,5,0,7
20,22,5,0,2
20,23,5,0,14
20,24,5,4,3
20,25,1,4,8
20,26,1,4,21
20,27,1,0,7
20,28,1,4,3
20,29,5,4,6
20,30,5,0,2
20,31,5,0,5
20,32,5,0,14
20,33,5,0,18
20,34,5,0,13
20,35,5,0,23
20,36,5,0,23
20,37,5,4,1
20,38,1,4,21
20,39,1,4,20
20,40,1,0,5
20,41,1,4,2
20,42,4,0,6
20,43,5,4,21
20,44,5,4,20
20,45,5,4,20
20,46,5,0,16
20,47,5,0,6
20,48,5,0,2
20,49,5,0,13
21,0,5,0,16
21,1,5,0,19
21,2,5,0,20
21,3,5,0,24
21,4,5,0,5
21,5,5,0,10
21,6,5,0,17
21,7,5,4,3
21,8,1,4,8
21,9,1,4,21
21,10,1,4,20
21,11,1,0,8
21,12,1,0,6
21,13,1,4,1
21,14,4,0,18
21,15,5,4,8
21,16,5,4,7
21,17,5,0,22
21,18,5,0,12
21,19,5,0,16
21,20,5,0,20
21,21,5,0,12
21,22,5,0,9
21,23,5,0,3
21,24,5,4,1
21,25,5,4,16
21,26,1,4,21
21,27,1,0,21
21,28,1,4,2
21,29,5,4,23
21,30,5,0,19
21,31,5,0,15
21,32,5,0,2
21,33,5,0,7
21,34,5,0,22
21,35,5,0,18
21,36,5,0,22
21,37,5,4,18
21,38,1,4,8
21,39,1,4,7
21,40,1,0,9
21,41,1,4,18
21,42,4,0,22
21,43,5,4,8
21,44,5,4,8
21,45,5,4,24
21,46,5,0,19
21,47,5,0,11
21,48,5,0,7
21,49,5,0,6
22,0,5,0,12
22,1,5,0,14
22,2,5,0,10
22,3,5,0,4
22,4,5,0,7
22,5,5,0,4
22,6,5,0,11
22,7,5,4,1
22,8,4,0,17
22,9,1,4,8
22,10,1,4,7
22,11,1,4,20
22,12,1,0,16
22,13,1,4,1
22,14,1,4,16
22,15,1,4,16
22,16,5,4,7
22,17,5,0,5
22,18,5,0,0
22,19,5,0,0
22,20,5,0,23
22,21,5,0,5
22,22,5,0,7
22,23,5,0,14
22,24,5,4,4
22,25,5,4,1
22,26,1,4,7
22,27,1,0,15
22,28,1,4,3
22,29,5,4,23
22,30,5,0,19
22,31,5,0,16
22,32,5,0,22
22,33,5,0,16
22,34,5,0,9
22,35,5,0,9
22,36,5,4,0
22,37,5,4,16
22,38,4,0,3
22,39,1,4,21
22,40,1,4,15
22,41,4,0,21
22,42,4,0,7
22,43,4,0,12
22,44,5,4,6
22,45,5,0,23
22,46,5,0,18
22,47,5,0,10
22,48,5,0,5
22,49,5,0,10
23,0,5,0,11
23,1,5,0,0
23,2,5,0,17
23,3,5,0,15
23,4,5,0,16
23,5,5,0,19
23,6,5,0,14
23,7,5,4,2
23,8,4,0,16
23,9,4,0,7
23,10,1,4,8
23,11,1,4,23
23,12,1,0,17
23,13,1,4,4
23,14,1,4,4
23,15,1,4,17
23,16,5,4,22
23,17,5,0,3
23,18,5,0,22
23,19,5,0,18
23,20,5,0,15
23,21,5,0,4
23,22,5,0,4
23,23,5,0,22
23,24,5,0,9
23,25,5,4,18
23,26,1,4,22
23,27,1,0,22
23,28,1,4,1
23,29,5,4,23
23,30,5,0,12
23,31,5,0,15
23,32,5,0,20
23,33,5,0,18
23,34,5,0,0
23,35,5,0,5
23,36,5,4,4
23,37,5,4,17
23,38,5,4,16
23,39,1,4,8
23,40,4,0,23
23,41,4,0,0
23,42,4,0,10
23,43,4,0,10
23,44,5,4,21
23,45,5,4,20
23,46,5,0,22
23,47,5,0,23
23,48,5,0,8
23,49,5,0,24
24,0,5,0,14
24,1,5,0,20
24,2,5,0,18
24,3,5,0,17
24,4,5,0,16
24,5,5,0,12
24,6,5,0,10
24,7,5,4,3
24,8,5,4,16
24,9,5,4,16
24,10,4,0,23
24,11,1,4,23
24,12,1,0,13
24,13,1,0,3
24,14,1,0,0
24,15,1,4,18
24,16,5,4,24
24,17,5,0,15
24,18,5,0,6
24,19,5,0,4
24,20,5,0,15
24,21,5,0,3
24,22,5,0,3
24,23,5,0,5
24,24,5,4,0
24,25,4,0,14
24,26,1,4,24
24,27,1,0,15
24,28,1,4,18
24,29,5,4,22
24,30,5,0,19
24,31,5,0,22
24,32,5,0,14
24,33,5,0,22
24,34,5,0,3
24,35,5,0,8
24,36,5,0,17
24,37,5,4,4
24,38,5,4,1
24,39,4,0,17
24,40,4,0,22
24,41,4,6,20
24,42,4,0,17
24,43,4,0,9
24,44,5,4,8
24,45,5,4,24
24,46,5,0,17
24,47,5,0,5
24,48,5,0,21
24,49,5,0,15
25,0,5,0,15
25,1,5,0,22
25,2,5,0,21
25,3,5,0,23
25,4,5,0,2
25,5,5,0,10
25,6,5,0,17
25,7,5,4,4
25,8,5,4,4
25,9,5,4,1
25,10,5,4,16
25,11,1,4,21
25,12,1,0,19
25,13,1,0,10
25,14,1,4,0
25,15,5,4,6
25,16,5,0,3
25,17,5,0,18
25,18,5,0,11
25,19,5,0,8
25,20,5,0,12
25,21,5,0,8
25,22,5,0,10
25,23,5,0,15
25,24,5,4,2
25,25,1,4,6
25,26,1,0,5
25,27,1,4,0
25,28,4,0,6
25,29,5,4,22
25,30,5,0,12
25,31,5,0,17
25,32,5,0,1
25,33,5,0,5
25,34,5,0,3
25,35,5,0,21
25,36,5,0,0
25,37,5,0,21
25,38,5,4,2
25,39,4,0,17
25,40,4,6,15
25,41,4,6,22
25,42,4,0,19
25,43,4,0,4
25,44,5,4,6
25,45,5,0,20
25,46,5,0,15
25,47,5,0,5
25,48,5,0,11
25,49,5,0,22
26,0,5,0,11
26,1,5,0,17
26,2,5,0,10
26,3,5,0,11
26,4,5,0,22
26,5,5,0,20
26,6,5,0,17
26,7,5,0,21
26,8,5,0,17
26,9,5,4,4
26,10,5,4,2
26,11,1,4,23
26,12,1,0,13
26,13,1,0,20
26,14,1,4,18
26,15,5,4,24
26,16,5,0,12
26,17,5,0,0
26,18,5,0,6
26,19,5,0,9
26,20,5,0,19
26,21,5,0,12
26,22,5,0,23
26,23,5,0,17
26,24,5,4,17
26,25,1,4,22
26,26,1,0,15
26,27,1,4,1
26,28,4,0,17
26,29,5,4,24
26,30,5,0,24
26,31,5,0,14
26,32,5,0,18
26,33,5,0,1
26,34,5,0,9
26,35,5,0,12
26,36,5,0,13
26,37,5,0,12
26,38,5,4,18
26,39,4,6,0
26,40,6,0,19
26,41,4,6,24
26,42,4,0,6
26,43,5,4,16
26,44,5,4,24
26,45,5,0,3
26,46,5,0,20
26,47,5,0,9
26,48,5,0,22
26,49,5,0,19
27,0,5,0,20
27,1,5,0,22
27,2,5,0,15
27,3,5,0,5
27,4,5,0,18
27,5,5,0,8
27,6,5,0,6
27,7,5,0,23
27,8,5,0,24
27,9,5,0,20
27,10,5,4,3
27,11,1,4,22
27,12,1,0,5
27,13,1,4,0
27,14,5,4,11
27,15,5,0,23
27,16,5,0,10
27,17,5,0,2
27,18,5,0,21
27,19,5,0,18
27,20,5,0,1
27,21,5,0,8
27,22,5,0,23
27,23,5,0,16
27,24,5,4,18
27,25,1,4,21
27,26,1,0,22
27,27,1,4,18
27,28,5,4,6
27,29,5,0,3
27,30,5,0,11
27,31,5,0,1
27,32,5,0,16
27,33,5,0,1
27,34,5,0,13
27,35,5,0,19
27,36,5,0,17
27,37,5,4,0
27,38,4,0,3
27,39,4,6,17
27,40,4,6,19
27,41,4,0,7
27,42,5,4,11
27,43,5,4,4
27,44,5,0,8
27,45,5,0,11
27,46,5,0,8
27,47,5,0,2
27,48,5,0,7
27,49,5,0,12
28,0,5,0,5
28,1,5,0,16
28,2,5,0,16
28,3,5,0,1
28,4,5,0,16
28,5,5,0,14
28,6,5,0,12
28,7,5,0,5
28,8,5,0,6
28,9,5,0,11
28,10,5,4,17
28,11,1,4,24
28,12,1,0,3
28,13,1,4,18
28,14,5,0,6
28,15,5,0,6
28,16,5,0,18
28,17,5,0,22
28,18,5,0,13
28,19,5,0,15
28,20,5,0,15
28,21,5,0,10
28,22,5,0,23
28,23,5,4,0
28,24,4,0,5
28,25,1,4,24
28,26,1,4,0
28,27,4,0,0
28,28,5,4,24
28,29,5,0,21
28,30,5,0,12
28,31,5,0,12
28,32,5,0,18
28,33,5,0,5
28,34,5,0,20
28,35,5,0,20
28,36,5,0,3
28,37,5,4,18
28,38,4,0,4
28,39,4,6,4
28,40,4,0,3
28,41,5,4,9
28,42,5,0,10
28,43,5,0,18
28,44,5,0,0
28,45,5,0,11
28,46,5,0,20
28,47,5,0,4
28,48,5,0,5
28,49,5,0,8
29,0,5,0,15
29,1,5,0,13
29,2,5,0,7
29,3,5,0,10
29,4,5,0,22
29,5,5,0,17
29,6,5,0,8
29,7,5,0,23
29,8,5,0,21
29,9,5,0,7
29,10,1,4,6
29,11,1,0,2
29,12,1,4,0
29,13,5,4,23
29,14,5,0,0
29,15,5,0,24
29,16,5,0,16
29,17,5,0,13
29,18,5,0,20
29,19,5,0,15
29,20,5,0,4
29,21,5,0,10
29,22,5,0,8
29,23,5,4,3
29,24,1,4,6
29,25,1,0,4
29,26,1,4,18
29,27,5,4,6
29,28,5,0,19
29,29,5,0,8
29,30,5,0,3
29,31,5,0,4
29,32,5,0,13
29,33,5,0,1
29,34,5,0,10
29,35,5,0,23
29,36,5,4,0
29,37,4,0,4
29,38,4,0,23
29,39,4,0,14
29,40,5,4,6
29,41,5,0,2
29,42,5,0,23
29,43,5,0,6
29,44,5,0,20
29,45,5,0,9
29,46,5,0,23
29,47,5,0,3
29,48,5,0,14
29,49,5,0,12
30,0,5,0,3
30,1,5,0,1
30,2,5,0,11
30,3,5,0,6
30,4,5,0,20
30,5,5,0,23
30,6,5,0,15
30,7,5,0,1
30,8,5,0,9
30,9,5,4,0
30,10,1,4,22
30,11,1,0,19
30,12,1,4,3
30,13,5,4,21
30,14,5,0,14
30,15,5,0,3
30,16,5,0,0
30,17,5,0,3
30,18,5,0,4
30,19,5,0,7
30,20,5,0,9
30,21,5,0,3
30,22,5,0,23
30,23,5,4,1
30,24,1,4,22
30,25,1,4,15
30,26,4,0,10
30,27,5,4,24
30,28,5,0,22
30,29,5,0,3
30,30,5,4,20
30,31,5,4,20
30,32,5,0,17
30,33,5,0,2
30,34,5,0,20
30,35,5,0,9
30,36,5,4,1
30,37,5,4,16
30,38,4,0,11
30,39,4,0,16
30,40,5,4,24
30,41,5,0,12
30,42,5,0,24
30,43,5,0,11
30,44,5,0,1
30,45,5,0,4
30,46,5,0,3
30,47,5,0,20
30,48,5,0,3
30,49,5,0,17
31,0,5,0,22
31,1,5,0,13
31,2,5,0,17
31,3,5,0,5
31,4,5,0,13
31,5,5,0,3
31,6,5,0,4
31,7,5,0,18
31,8,5,0,16
31,9,5,4,18
31,10,1,4,24
31,11,1,0,24
31,12,1,4,18
31,13,5,4,21
31,14,5,4,20
31,15,5,4,20
31,16,5,4,20
31,17,5,0,0
31,18,5,0,20
31,19,5,0,3
31,20,5,0,17
31,21,5,0,12
31,22,5,0,17
31,23,5,4,2
31,24,1,4,8
31,25,4,0,11
31,26,5,4,6
31,27,5,0,12
31,28,5,4,20
31,29,5,4,10
31,30,5,4,8
31,31,5,4,7
31,32,5,0,9
31,33,5,0,12
31,34,5,0,8
31,35,5,0,7
31,36,5,4,4
31,37,5,4,2
31,38,5,4,16
31,39,5,4,14
31,40,5,0,24
31,41,5,0,1
31,42,5,0,10
31,43,5,0,5
31,44,5,0,10
31,45,5,0,24
31,46,5,0,2
31,47,5,0,19
31,48,5,0,8
32,0,5,0,12
32,1,5,0,7
32,2,5,0,3
32,3,5,0,17
32,4,5,0,7
32,5,5,0,7
32,6,5,0,16
32,7,5,0,19
32,8,5,4,0
32,9,1,4,6
32,10,1,0,4
32,11,1,4,0
32,12,1,4,16
32,13,5,4,8
32,14,5,4,8
32,15,5,4,8
32,16,5,4,7
32,17,5,0,20
32,18,5,0,24
32,19,5,0,12
32,20,5,0,6
32,21,5,0,20
32,22,5,0,11
32,23,5,4,1
32,24,4,0,12
32,25,4,0,7
32,26,5,4,21
32,27,5,4,10
32,28,5,4,8
32,29,4,0,6
32,30,4,0,17
32,31,5,4,23
32,32,5,0,21
32,33,5,0,7
32,34,5,0,1
32,35,5,0,24
32,36,5,0,16
32,37,5,4,4
32,38,5,4,4
32,39,5,0,22
32,40,5,0,6
32,41,5,0,19
32,42,5,0,3
32,43,5,0,5
32,44,5,0,12
32,45,5,0,11
32,46,5,0,19
32,47,5,0,7
32,48,5,0,17
33,0,5,0,3
33,1,5,0,24
33,2,5,0,0
33,3,5,0,22
33,4,5,0,10
33,5,5,0,12
33,6,5,0,3
33,7,5,0,22
33,8,5,4,2
33,9,1,4,23
33,10,1,0,1
33,11,1,4,4
33,12,1,4,2
33,13,1,4,16
33,14,1,4,16
33,15,1,4,16
33,16,5,4,21
33,17,5,4,20
33,18,5,0,4
33,19,5,0,2
33,20,5,0,21
33,21,5,0,16
33,22,5,0,7
33,23,5,4,1
33,24,4,0,24
33,25,4,0,1
33,26,5,4,8
33,27,4,0,2
33,28,4,0,23
33,29,4,0,15
33,30,4,0,1
33,31,5,4,22
33,32,5,0,8
33,33,5,0,0
33,34,5,0,5
33,35,5,0,16
33,36,5,0,8
33,37,5,0,2
33,38,5,0,22
33,39,5,0,9
33,40,5,0,15
33,41,5,0,2
33,42,5,0,5
33,43,5,0,12
33,44,5,0,1
33,45,5,0,9
33,46,5,0,4
33,47,5,0,3
33,48,5,0,5
34,0,5,0,24
34,1,5,0,1
34,2,5,0,19
34,3,5,0,15
34,4,5,0,13
34,5,5,0,7
34,6,5,0,9
34,7,5,0,13
34,8,5,4,1
34,9,1,4,7
34,10,1,0,7
34,11,1,0,21
34,12,1,4,4
34,13,1,4,4
34,14,1,4,4
34,15,1,4,1
34,16,5,4,8
34,17,5,4,24
34,18,5,0,18
34,19,5,0,21
34,20,5,0,9
34,21,5,0,20
34,22,5,0,20
34,23,5,4,1
34,24,5,4,16
34,25,4,0,3
34,26,4,0,16
34,27,4,0,15
34,28,4,6,20
34,29,4,0,13
34,30,4,0,19
34,31,5,4,24
34,32,5,0,13
34,33,5,0,21
34,34,5,0,7
34,35,5,0,7
34,36,5,0,12
34,37,5,0,11
34,38,5,0,6
34,39,5,0,24
34,40,5,0,12
34,41,5,0,22
34,42,5,0,20
34,43,5,0,21
34,44,5,0,22
34,45,5,0,13
34,46,5,0,12
34,47,5,0,2
34,48,5,0,24
35,0,5,0,8
35,1,5,0,18
35,2,5,0,24
35,3,5,0,2
35,4,5,0,20
35,5,5,0,10
35,6,5,0,24
35,7,5,0,23
35,8,5,4,2
35,9,1,4,7
35,10,1,4,20
35,11,1,0,12
35,12,1,0,19
35,13,1,0,0
35,14,1,0,5
35,15,1,4,18
35,16,5,4,6
35,17,5,0,0
35,18,5,0,21
35,19,5,0,0
35,20,5,0,11
35,21,5,0,17
35,22,5,0,22
35,23,5,4,4
35,24,5,4,1
35,25,4,0,21
35,26,4,0,9
35,27,4,6,15
35,28,4,6,23
35,29,4,0,24
35,30,5,4,6
35,31,5,0,22
35,32,5,0,10
35,33,5,0,11
35,34,5,0,10
35,35,5,0,9
35,36,5,0,5
35,37,5,0,18
35,38,5,0,23
35,39,5,0,14
35,40,5,0,21
35,41,5,0,5
35,42,5,0,23
35,43,5,0,17
35,44,5,0,22
35,45,5,0,14
35,46,5,0,10
35,47,5,0,22
35,48,5,0,4
36,0,5,0,15
36,1,5,0,14
36,2,5,0,12
36,3,5,0,6
36,4,5,0,20
36,5,5,0,24
36,6,5,0,24
36,7,5,0,20
36,8,5,4,17
36,9,1,4,8
36,10,1,4,21
36,11,1,4,20
36,12,1,4,20
36,13,1,0,18
36,14,1,4,15
36,15,4,0,24
36,16,5,4,24
36,17,5,0,24
36,18,5,0,20
36,19,5,0,20
36,20,5,0,21
36,21,5,0,7
36,22,5,0,24
36,23,5,0,12
36,24,5,4,2
36,25,4,0,5
36,26,4,6,0
36,27,6,0,18
36,28,4,6,24
36,29,4,0,18
36,30,5,4,21
36,31,5,0,12
36,32,5,0,21
36,33,5,0,19
36,34,5,0,1
36,35,5,0,17
36,36,5,0,14
36,37,5,0,14
36,38,5,0,17
36,39,5,0,16
36,40,5,0,13
36,41,5,0,10
36,42,5,0,1
36,43,5,0,20
36,44,5,0,5
36,45,5,0,5
36,46,5,0,24
36,47,5,0,3
36,48,5,0,17
37,0,5,0,10
37,1,5,0,1
37,2,5,0,4
37,3,5,0,10
37,4,5,0,15
37,5,5,0,19
37,6,5,0,14
37,7,5,0,8
37,8,5,4,3
37,9,4,0,0
37,10,1,4,8
37,11,1,4,8
37,12,1,4,7
37,13,1,4,15
37,14,4,0,18
37,15,5,4,6
37,16,5,0,6
37,17,5,0,4
37,18,5,0,11
37,19,5,0,0
37,20,5,0,17
37,21,5,0,9
37,22,5,0,21
37,23,5,0,14
37,24,5,4,18
37,25,4,0,14
37,26,4,6,2
37,27,4,6,19
37,28,4,0,19
37,29,4,0,8
37,30,5,4,24
37,31,5,0,10
37,32,5,0,9
37,33,5,0,21
37,34,5,0,11
37,35,5,0,15
37,36,5,0,22
37,37,5,0,3
37,38,5,0,21
37,39,5,0,15
37,40,5,0,7
37,41,5,0,7
37,42,5,0,22
37,43,5,0,5
37,44,5,0,14
37,45,5,0,13
37,46,5,0,5
37,47,5,0,16
37,48,5,0,15
38,0,5,0,1
38,1,5,0,4
38,2,5,0,23
38,3,5,0,21
38,4,5,0,15
38,5,5,0,9
38,6,5,0,10
38,7,5,0,11
38,8,5,4,2
38,9,5,4,16
38,10,5,4,16
38,11,5,4,16
38,12,1,4,8
38,13,4,0,3
38,14,4,0,0
38,15,5,4,22
38,16,5,0,7
38,17,5,0,22
38,18,5,4,20
38,19,5,0,5
38,20,5,0,24
38,21,5,0,1
38,22,5,0,16
38,23,5,4,0
38,24,4,0,4
38,25,4,0,23
38,26,4,6,4
38,27,4,0,6
38,28,4,0,1
38,29,5,4,6
38,30,5,0,21
38,31,5,0,7
38,32,5,0,1
38,33,5,0,1
38,34,5,0,16
38,35,5,0,24
38,36,5,0,4
38,37,5,0,24
38,38,5,0,5
38,39,5,0,17
38,40,5,0,18
38,41,5,0,17
38,42,5,0,9
38,43,5,0,12
38,44,5,0,21
38,45,5,0,0
38,46,5,0,23
38,47,5,0,1
38,48,5,0,3
39,0,5,0,18
39,1,5,0,7
39,2,5,0,21
39,3,5,0,20
39,4,5,0,18
39,5,5,0,4
39,6,5,0,12
39,7,5,0,10
39,8,5,4,4
39,9,5,4,4
39,10,5,4,4
39,11,5,4,1
39,12,5,4,16
39,13,4,0,1
39,14,4,0,12
39,15,5,4,24
39,16,5,0,18
39,17,5,4,15
39,18,5,4,23
39,19,5,0,3
39,20,5,0,18
39,21,5,0,16
39,22,5,0,2
39,23,5,4,17
39,24,4,0,10
39,25,4,0,24
39,26,4,0,4
39,27,4,0,22
39,28,5,4,16
39,29,5,4,24
39,30,5,0,15
39,31,5,0,24
39,32,5,0,2
39,33,5,0,12
39,34,5,0,23
39,35,5,0,5
39,36,5,0,16
39,37,5,0,5
39,38,5,0,15
39,39,5,0,16
39,40,5,0,19
39,41,5,0,12
39,42,5,0,3
39,43,5,0,8
39,44,5,0,2
39,45,5,0,7
39,46,5,0,22
39,47,5,0,15
39,48,5,0,13
40,0,5,0,6
40,1,5,0,15
40,2,5,0,17
40,3,5,0,7
40,4,5,0,12
40,5,5,0,22
40,6,5,0,22
40,7,5,0,15
40,8,5,0,18
40,9,5,0,5
40,10,5,0,6
40,11,5,4,4
40,12,5,4,3
40,13,4,0,14
40,14,5,4,6
40,15,5,0,12
40,16,5,4,13
40,17,4,0,19
40,18,5,4,24
40,19,5,0,9
40,20,5,0,8
40,21,5,0,0
40,22,5,0,13
40,23,5,4,18
40,24,4,0,20
40,25,4,0,15
40,26,4,0,2
40,27,5,4,11
40,28,5,4,4
40,29,5,0,10
40,30,5,0,24
40,31,5,0,2
40,32,5,0,24
40,33,5,0,19
40,34,5,0,13
40,35,5,0,10
40,36,5,0,8
40,37,5,0,4
40,38,5,0,10
40,39,5,0,16
40,40,5,0,11
40,41,5,0,12
40,42,5,0,5
40,43,5,0,0
40,44,5,0,15
40,45,5,0,2
40,46,5,0,23
40,47,5,0,4
40,48,5,0,7
41,0,5,0,6
41,1,5,0,14
41,2,5,0,14
41,3,5,0,2
41,4,5,0,17
41,5,5,0,7
41,6,5,0,18
41,7,5,0,14
41,8,5,0,6
41,9,5,0,4
41,10,5,0,23
41,11,5,0,3
41,12,5,4,17
41,13,4,0,17
41,14,5,4,23
41,15,5,4,10
41,16,4,0,23
41,17,5,4,6
41,18,5,0,14
41,19,5,0,15
41,20,5,0,9
41,21,5,0,22
41,22,5,4,0
41,23,5,4,16
41,24,5,4,16
41,25,4,0,1
41,26,5,4,6
41,27,5,0,20
41,28,5,0,18
41,29,5,0,7
41,30,5,0,15
41,31,5,0,22
41,32,5,0,14
41,33,5,0,10
41,34,5,0,20
41,35,5,0,12
41,36,5,0,9
41,37,5,0,7
41,38,5,0,23
41,39,5,0,0
41,40,5,0,15
41,41,5,0,20
41,42,5,0,8
41,43,5,0,17
41,44,5,0,20
41,45,5,0,9
41,46,5,0,4
41,47,5,0,4
41,48,5,0,2
42,0,5,0,18
42,1,5,0,2
42,2,5,0,22
42,3,5,0,0
42,4,5,0,22
42,5,5,0,19
42,6,5,0,18
42,7,5,0,10
42,8,5,0,7
42,9,5,0,16
42,10,5,0,19
42,11,5,0,0
42,12,5,4,18
42,13,4,0,4
42,14,5,4,8
42,15,4,0,11
42,16,4,0,22
42,17,5,4,24
42,18,5,0,5
42,19,5,0,6
42,20,5,0,12
42,21,5,0,4
42,22,5,4,4
42,23,5,4,4
42,24,5,4,17
42,25,5,4,16
42,26,5,4,24
42,27,5,0,16
42,28,5,0,7
42,29,5,0,6
42,30,5,0,2
42,31,5,0,11
42,32,5,0,4
42,33,5,0,11
42,34,5,0,10
42,35,5,0,8
42,36,5,0,15
42,37,5,0,5
42,38,5,0,24
42,39,5,0,16
42,40,5,0,11
42,41,5,0,15
42,42,5,0,7
42,43,5,0,1
42,44,5,0,6
42,45,5,0,2
42,46,5,0,12
42,47,5,0,23
42,48,5,0,17
43,0,5,0,12
43,1,5,0,16
43,2,5,0,22
43,3,5,0,1
43,4,5,0,7
43,5,5,0,23
43,6,5,0,17
43,7,5,0,24
43,8,5,0,20
43,9,5,0,13
43,10,5,0,12
43,11,5,4,0
43,12,4,0,4
43,13,4,0,21
43,14,4,0,10
43,15,4,0,7
43,16,5,4,19
43,17,5,0,24
43,18,5,0,16
43,19,5,0,15
43,20,5,0,19
43,21,5,0,11
43,22,5,0,20
43,23,5,0,8
43,24,5,4,4
43,25,5,4,4
43,26,5,0,4
43,27,5,0,7
43,28,5,0,14
43,29,5,0,8
43,30,5,0,9
43,31,5,0,3
43,32,5,0,20
43,33,5,0,23
43,34,5,0,2
43,35,5,0,17
43,36,5,0,24
43,37,5,0,5
43,38,5,0,14
43,39,5,0,11
43,40,5,0,10
43,41,5,0,7
43,42,5,0,21
43,43,5,0,22
43,44,5,0,12
43,45,5,0,24
43,46,5,0,14
43,47,5,0,7
43,48,5,0,19
44,0,5,0,4
44,1,5,0,10
44,2,5,0,1
44,3,5,0,21
44,4,5,0,1
44,5,5,0,5
44,6,5,0,12
44,7,5,0,1
44,8,5,0,8
44,9,5,0,14
44,10,5,0,17
44,11,5,4,18
44,12,4,0,5
44,13,4,0,19
44,14,4,0,20
44,15,5,4,6
44,16,5,0,17
44,17,5,0,17
44,18,5,0,13
44,19,5,0,7
44,20,5,0,1
44,21,5,0,0
44,22,5,0,7
44,23,5,0,22
44,24,5,0,7
44,25,5,0,10
44,26,5,0,14
44,27,5,0,2
44,28,5,0,12
44,29,5,0,11
44,30,5,0,15
44,31,5,0,13
44,32,5,0,22
44,33,5,0,18
44,34,5,0,21
44,35,5,0,21
44,36,5,0,11
44,37,5,0,12
44,38,5,0,3
44,39,5,0,7
44,40,5,0,11
44,41,5,0,9
44,42,5,0,14
44,43,5,0,24
44,44,5,0,13
44,45,5,0,1
44,46,5,0,23
44,47,5,0,5
44,48,5,0,19
45,0,5,0,15
45,1,5,0,6
45,2,5,0,24
45,3,5,0,21
45,4,5,0,1
45,5,5,0,5
45,6,5,0,22
45,7,5,0,21
45,8,5,0,6
45,9,5,0,7
45,10,5,4,5
45,11,4,0,2
45,12,4,0,18
45,13,4,6,20
45,14,4,0,5
45,15,5,4,7
45,16,5,4,20
45,17,5,0,15
45,18,5,0,7
45,19,5,0,22
45,20,5,0,2
45,21,5,0,5
45,22,5,0,21
45,23,5,0,22
45,24,5,0,11
45,25,5,0,12
45,26,5,0,10
45,27,5,0,7
45,28,5,0,19
45,29,5,0,23
45,30,5,0,4
45,31,5,0,2
45,32,5,0,6
45,33,5,0,9
45,34,5,0,8
45,35,5,0,14
45,36,5,0,11
45,37,5,0,19
45,38,5,0,21
45,39,5,0,15
45,40,5,0,14
45,41,5,0,16
45,42,5,0,1
45,43,5,0,22
45,44,5,0,11
45,45,5,0,23
45,46,5,0,3
45,47,5,0,3
45,48,5,0,18
46,0,5,0,22
46,1,5,0,6
46,2,5,0,5
46,3,5,0,5
46,4,5,0,10
46,5,5,0,22
46,6,5,0,0
46,7,5,0,17
46,8,5,0,5
46,9,5,4,0
46,10,4,0,9
46,11,4,0,6
46,12,4,6,5
46,13,4,6,22
46,14,4,0,8
46,15,5,4,8
46,16,5,4,7
46,17,5,0,8
46,18,5,0,18
46,19,5,0,0
46,20,5,0,10
46,21,5,0,24
46,22,5,0,23
46,23,5,0,8
46,24,5,0,7
46,25,5,0,2
46,26,5,0,16
46,27,5,0,8
46,28,5,0,10
46,29,5,0,6
46,30,5,0,9
46,31,5,0,20
46,32,5,0,14
46,33,5,0,1
46,34,5,0,9
46,35,5,0,12
46,36,5,0,17
46,37,5,0,14
46,38,5,0,15
46,39,5,0,15
46,40,5,0,9
46,41,5,0,8
46,42,5,0,22
46,43,5,0,20
46,44,5,0,14
46,45,5,0,2
46,46,5,0,11
46,47,5,0,0
46,48,5,0,0
47,0,5,0,6
47,1,5,0,21
47,2,5,0,19
47,3,5,0,10
47,4,5,0,15
47,5,5,0,13
47,6,5,0,22
47,7,5,0,18
47,8,5,0,19
47,9,5,4,18
47,10,4,0,10
47,11,4,6,0
47,12,6,0,0
47,13,4,6,24
47,14,4,0,3
47,15,4,0,12
47,16,5,4,7
47,17,5,0,11
47,18,5,0,23
47,19,5,0,4
47,20,5,0,19
47,21,5,0,4
47,22,5,0,1
47,23,5,0,8
47,24,5,0,16
47,25,5,0,7
47,26,5,0,6
47,27,5,0,8
47,28,5,0,8
47,29,5,0,11
47,30,5,0,10
47,31,5,0,20
47,32,5,0,13
47,33,5,0,16
47,34,5,0,18
47,35,5,0,6
47,36,5,0,3
47,37,5,0,5
47,38,5,0,11
47,39,5,0,3
47,40,5,0,8
47,41,5,4,20
47,42,5,0,6
47,43,5,0,5
47,44,5,0,15
47,45,5,0,12
47,46,5,0,20
47,47,5,0,10
47,48,5,0,12
48,0,5,0,17
48,1,5,0,20
48,2,5,0,12
48,3,5,0,15
48,4,5,0,7
48,5,5,0,23
48,6,5,0,5
48,7,5,0,9
48,8,5,4,0
48,9,4,0,8
48,10,4,0,2
48,11,4,6,3
48,12,4,6,14
48,13,4,0,7
48,14,4,0,23
48,15,4,0,22
48,16,5,4,24
48,17,5,0,22
48,18,5,0,22
48,19,5,0,20
48,20,5,0,12
48,21,5,0,19
48,22,5,0,23
48,23,5,0,18
48,24,5,0,2
48,25,5,0,14
48,26,5,0,0
48,27,5,0,0
48,28,5,0,6
48,29,5,0,2
48,30,5,0,8
48,31,5,0,8
48,32,5,0,5
48,33,5,0,5
48,34,5,0,18
48,35,5,0,24
48,36,5,0,5
48,37,5,0,5
48,38,5,0,4
48,39,5,0,16
48,40,5,4,13
48,41,5,4,23
48,42,5,4,20
48,43,5,0,8
48,44,5,0,3
48,45,5,0,4
48,46,5,0,11
48,47,5,0,15
48,48,5,0,19
49,0,5,0,9
49,1,5,0,0
49,2,5,0,12
49,3,5,0,2
49,4,5,0,22
49,5,5,0,23
49,6,5,0,0
49,7,5,0,12
49,8,5,4,18
49,9,4,0,20
49,10,4,0,20
49,11,4,6,4
49,12,4,0,8
49,13,4,0,18
49,14,5,4,16
49,15,5,4,14
49,16,5,0,23
49,17,5,0,19
49,18,5,0,17
49,19,5,0,16
49,20,5,0,13
49,21,5,0,9
49,22,5,0,20
49,23,5,0,20
49,24,5,0,9
49,25,5,0,19
49,26,5,0,21
49,27,5,0,12
49,28,5,0,24
49,29,5,0,12
49,30,5,0,1
49,31,5,0,22
49,32,5,0,24
49,33,5,0,10
49,34,5,0,18
49,35,5,0,12
49,36,5,0,24
49,37,5,0,21
49,38,5,0,21
49,39,5,4,15
49,40,4,0,12
49,41,5,4,8
49,42,5,4,23
49,43,5,0,3
49,44,5,0,4
49,45,5,0,9
49,46,5,0,24
49,47,5,0,18
49,48,5,0,13
50,0,5,0,7
50,1,5,0,20
50,2,5,0,18
50,3,5,0,20
50,4,5,0,5
50,5,5,0,5
50,6,5,0,8
50,7,5,4,10
50,8,4,0,11
50,9,4,0,8
50,10,4,0,1
50,11,4,0,9
50,12,4,0,6
50,13,5,4,9
50,14,5,4,4
50,15,5,0,4
50,16,5,0,5
50,17,5,0,23
50,18,5,0,11
50,19,5,0,8
50,20,5,0,0
50,21,5,0,13
50,22,5,0,7
50,23,5,0,17
50,24,5,0,23
50,25,5,0,10
50,26,5,0,1
50,27,5,0,2
50,28,5,0,15
50,29,5,0,6
50,30,5,0,12
50,31,5,0,2
50,32,5,0,16
50,33,5,0,23
50,34,5,0,20
50,35,5,0,18
50,36,5,0,12
50,37,5,0,11
50,38,5,4,10
50,39,4,0,10
50,40,4,0,0
50,41,4,0,12
50,42,5,4,21
50,43,5,0,21
50,44,5,0,11
50,45,5,0,3
50,46,5,0,9
50,47,5,0,2
50,48,5,0,14
51,0,5,0,2
51,1,5,0,0
51,2,5,0,18
51,3,5,0,9
51,4,5,0,14
51,5,5,0,16
51,6,5,4,0
51,7,5,4,16
51,8,4,0,1
51,9,4,0,9
51,10,4,0,12
51,11,4,0,19
51,12,5,4,6
51,13,5,0,23
51,14,5,0,14
51,15,5,0,12
51,16,5,0,3
51,17,5,0,19
51,18,5,0,7
51,19,5,0,2
51,20,5,0,10
51,21,5,0,8
51,22,5,0,15
51,23,5,0,19
51,24,5,0,5
51,25,5,0,18
51,26,5,0,12
51,27,5,0,24
51,28,5,0,10
51,29,5,0,20
51,30,5,0,16
51,31,5,0,18
51,32,5,0,5
51,33,5,0,0
51,34,5,0,15
51,35,5,0,8
51,36,5,0,1
51,37,5,4,0
51,38,4,0,16
51,39,4,0,15
51,40,4,0,2
51,41,4,0,12
51,42,5,4,21
51,43,5,0,2
51,44,5,0,16
51,45,5,0,13
51,46,5,0,22
51,47,5,0,23
51,48,5,0,4
52,0,5,0,19
52,1,5,0,18
52,2,5,0,18
52,3,5,0,15
52,4,5,0,4
52,5,5,0,9
52,6,5,4,4
52,7,5,4,2
52,8,4,0,3
52,9,4,0,18
52,10,4,0,16
52,11,4,0,10
52,12,5,4,24
52,13,5,0,6
52,14,5,0,22
52,15,5,0,21
52,16,5,0,9
52,17,5,0,12
52,18,5,0,0
52,19,5,0,24
52,20,5,0,19
52,21,5,0,4
52,22,5,0,16
52,23,5,0,21
52,24,5,0,8
52,25,5,0,7
52,26,5,0,22
52,27,5,0,5
52,28,5,0,17
52,29,5,0,17
52,30,5,0,0
52,31,5,0,0
52,32,5,0,22
52,33,5,0,17
52,34,5,0,19
52,35,5,0,5
52,36,5,0,0
52,37,5,4,18
52,38,4,0,19
52,39,4,6,20
52,40,4,0,12
52,41,4,0,13
52,42,5,4,22
52,43,5,0,1
52,44,5,0,24
52,45,5,0,24
52,46,5,0,13
52,47,5,0,17
52,48,5,0,4
53,0,5,0,23
53,1,5,0,14
53,2,5,0,22
53,3,5,0,19
53,4,5,0,20
53,5,5,0,11
53,6,5,0,6
53,7,5,4,17
53,8,4,0,3
53,9,4,0,5
53,10,4,0,15
53,11,5,4,19
53,12,5,0,8
53,13,5,0,19
53,14,5,0,15
53,15,5,0,1
53,16,5,0,23
53,17,5,0,0
53,18,5,0,21
53,19,5,0,10
53,20,5,0,11
53,21,5,0,21
53,22,5,0,22
53,23,5,0,16
53,24,5,0,12
53,25,5,0,17
53,26,5,0,3
53,27,5,0,23
53,28,5,0,6
53,29,5,0,18
53,30,5,0,0
53,31,5,0,7
53,32,5,0,23
53,33,5,0,1
53,34,5,0,12
53,35,5,0,7
53,36,5,4,0
53,37,4,0,19
53,38,4,6,13
53,39,4,6,7
53,40,4,0,16
53,41,4,0,4
53,42,5,4,23
53,43,5,0,13
53,44,5,0,10
53,45,5,0,16
53,46,5,0,15
53,47,5,0,16
53,48,5,0,14
54,0,5,0,6
54,1,5,0,0
54,2,5,0,6
54,3,5,0,8
54,4,5,0,3
54,5,5,0,22
54,6,5,0,9
54,7,5,4,18
54,8,4,0,17
54,9,4,0,9
54,10,5,4,11
54,11,5,0,19
54,12,5,0,11
54,13,5,0,1
54,14,5,0,17
54,15,5,0,18
54,16,5,0,11
54,17,5,0,14
54,18,5,0,0
54,19,5,0,12
54,20,5,0,17
54,21,5,0,22
54,22,5,0,13
54,23,5,0,4
54,24,5,0,17
54,25,5,0,19
54,26,5,0,9
54,27,5,0,11
54,28,5,0,6
54,29,5,0,17
54,30,5,0,24
54,31,5,0,12
54,32,5,0,14
54,33,5,0,10
54,34,5,0,17
54,35,5,0,18
54,36,5,4,3
54,37,4,6,0
54,38,6,0,4
54,39,4,6,24
54,40,4,0,6
54,41,1,4,16
54,42,5,4,7
54,43,5,0,7
54,44,5,0,14
54,45,5,0,11
54,46,5,0,12
54,47,5,0,21
54,48,5,0,5
55,0,5,0,13
55,1,5,0,9
55,2,5,0,0
55,3,5,0,8
55,4,5,0,24
55,5,5,0,11
55,6,5,4,0
55,7,4,0,11
55,8,4,0,6
55,9,5,4,6
55,10,5,0,17
55,11,5,0,4
55,12,5,0,16
55,13,5,0,0
55,14,5,0,22
55,15,5,0,15
55,16,5,0,18
55,17,5,0,11
55,18,5,0,10
55,19,5,0,12
55,20,5,0,10
55,21,5,0,19
55,22,5,0,11
55,23,5,0,5
55,24,5,0,16
55,25,5,0,19
55,26,5,0,7
55,27,5,0,22
55,28,5,0,16
55,29,5,0,19
55,30,5,0,10
55,31,5,0,13
55,32,5,0,15
55,33,5,0,2
55,34,5,0,18
55,35,5,0,14
55,36,5,4,17
55,37,4,6,2
55,38,4,6,19
55,39,4,0,2
55,40,1,4,9
55,41,1,4,1
55,42,5,4,22
55,43,5,0,16
55,44,5,0,20
55,45,5,0,13
55,46,5,0,21
55,47,5,0,11
55,48,5,0,23
56,0,5,0,0
56,1,5,0,23
56,2,5,0,10
56,3,5,0,1
56,4,5,0,5
56,5,5,0,1
56,6,5,4,3
56,7,4,0,20
56,8,4,0,18
56,9,5,4,24
56,10,5,0,8
56,11,5,0,0
56,12,5,0,22
56,13,5,0,13
56,14,5,0,20
56,15,5,0,21
56,16,5,0,13
56,17,5,0,5
56,18,5,0,14
56,19,5,0,1
56,20,5,0,4
56,21,5,0,7
56,22,5,0,13
56,23,5,0,10
56,24,5,0,23
56,25,5,0,22
56,26,5,0,23
56,27,5,0,11
56,28,5,0,12
56,29,5,0,18
56,30,5,0,8
56,31,5,0,15
56,32,5,0,6
56,33,5,0,9
56,34,5,0,24
56,35,5,0,10
56,36,5,4,3
56,37,4,6,4
56,38,4,0,0
56,39,1,4,6
56,40,1,0,3
56,41,1,4,2
56,42,5,4,7
56,43,5,0,4
56,44,5,0,14
56,45,5,0,16
56,46,5,0,9
56,47,5,0,9
56,48,5,0,19
57,0,5,0,2
57,1,5,0,16
57,2,5,0,16
57,3,5,0,14
57,4,5,0,19
57,5,5,0,1
57,6,5,4,2
57,7,5,4,16
57,8,5,4,11
57,9,5,0,5
57,10,5,0,18
57,11,5,0,3
57,12,5,0,17
57,13,5,0,9
57,14,5,0,12
57,15,5,0,1
57,16,5,0,24
57,17,5,0,5
57,18,5,0,7
57,19,5,0,14
57,20,5,0,20
57,21,5,0,24
57,22,5,0,13
57,23,5,0,18
57,24,5,0,6
57,25,5,0,18
57,26,5,0,16
57,27,5,0,24
57,28,5,0,12
57,29,5,0,6
57,30,5,0,24
57,31,5,0,24
57,32,5,0,17
57,33,5,0,12
57,34,5,0,22
57,35,5,0,3
57,36,5,4,17
57,37,5,4,16
57,38,4,0,13
57,39,1,4,21
57,40,1,0,0
57,41,1,4,2
57,42,5,4,7
57,43,5,0,10
57,44,5,0,7
57,45,5,0,6
57,46,5,0,11
57,47,5,0,6
57,48,5,0,21
58,0,5,0,9
58,1,5,0,10
58,2,5,0,6
58,3,5,0,0
58,4,5,0,13
58,5,5,0,6
58,6,5,4,4
58,7,5,4,4
58,8,5,0,2
58,9,5,0,7
58,10,5,0,14
58,11,5,0,10
58,12,5,0,15
58,13,5,0,6
58,14,5,0,21
58,15,5,0,19
58,16,5,0,19
58,17,5,0,19
58,18,5,0,19
58,19,5,0,2
58,20,5,0,21
58,21,5,0,15
58,22,5,0,24
58,23,5,0,12
58,24,5,0,13
58,25,5,0,20
58,26,5,0,0
58,27,5,0,21
58,28,5,0,15
58,29,5,0,7
58,30,5,0,3
58,31,5,0,17
58,32,5,0,10
58,33,5,0,4
58,34,5,0,2
58,35,5,0,17
58,36,5,4,4
58,37,5,4,17
58,38,4,0,16
58,39,1,4,7
58,40,1,0,24
58,41,1,4,1
58,42,5,4,23
58,43,5,0,21
58,44,5,0,11
58,45,5,0,18
58,46,5,0,13
58,47,5,0,5
58,48,5,0,15
59,0,5,0,20
59,1,5,0,1
59,2,5,0,20
59,3,5,0,12
59,4,5,0,5
59,5,5,0,9
59,6,5,0,6
59,7,5,0,8
59,8,5,0,7
59,9,5,0,23
59,10,5,0,20
59,11,5,0,20
59,12,5,0,17
59,13,5,0,17
59,14,5,0,16
59,15,5,0,12
59,16,5,0,0
59,17,5,0,14
59,18,5,0,4
59,19,5,0,12
59,20,5,0,5
59,21,5,0,10
59,22,5,0,16
59,23,5,0,18
59,24,5,0,12
59,25,5,0,10
59,26,5,0,19
59,27,5,0,17
59,28,5,0,1
59,29,5,4,20
59,30,5,4,20
59,31,5,0,1
59,32,5,0,20
59,33,5,0,13
59,34,5,0,10
59,35,5,0,10
59,36,5,0,19
59,37,5,4,17
59,38,5,4,16
59,39,1,4,23
59,40,1,0,6
59,41,1,4,3
59,42,5,4,21
59,43,5,0,5
59,44,5,0,20
59,45,5,0,9
59,46,5,0,7
59,47,5,0,1
59,48,5,0,20
60,0,5,0,22
60,1,5,0,5
60,2,5,0,8
60,3,5,0,3
60,4,5,0,24
60,5,5,0,11
60,6,5,0,5
60,7,5,0,8
60,8,5,0,3
60,9,5,0,23
60,10,5,0,8
60,11,5,0,8
60,12,5,0,10
60,13,5,0,17
60,14,5,0,19
60,15,5,0,14
60,16,5,0,20
60,17,5,0,3
60,18,5,0,5
60,19,5,0,23
60,20,5,0,23
60,21,5,0,20
60,22,5,0,14
60,23,5,0,7
60,24,5,0,0
60,25,5,0,9
60,26,5,0,21
60,27,5,4,20
60,28,5,4,15
60,29,5,4,8
60,30,5,4,22
60,31,5,0,9
60,32,5,0,7
60,33,5,0,11
60,34,5,0,19
60,35,5,0,18
60,36,5,0,5
60,37,5,4,4
60,38,5,4,1
60,39,1,4,21
60,40,1,0,0
60,41,1,4,3
60,42,5,4,24
60,43,5,0,5
60,44,5,0,16
60,45,5,0,4
60,46,5,0,5
60,47,5,0,8
60,48,5,0,8
61,0,5,0,8
61,1,5,0,7
61,2,5,0,13
61,3,5,0,19
61,4,5,0,12
61,5,5,0,1
61,6,5,0,23
61,7,5,0,22
61,8,5,0,19
61,9,5,0,11
61,10,5,0,19
61,11,5,0,21
61,12,5,0,24
61,13,5,0,21
61,14,5,0,1
61,15,5,0,6
61,16,5,0,24
61,17,5,0,8
61,18,5,0,6
61,19,5,0,7
61,20,5,0,0
61,21,5,0,10
61,22,5,0,17
61,23,5,0,15
61,24,5,0,17
61,25,5,0,10
61,26,5,4,5
61,27,5,4,8
61,28,4,0,20
61,29,4,0,18
61,30,5,4,21
61,31,5,0,4
61,32,5,0,21
61,33,5,0,20
61,34,5,0,16
61,35,5,0,24
61,36,5,0,6
61,37,5,0,20
61,38,5,4,2
61,39,1,4,24
61,40,1,0,13
61,41,1,4,18
61,42,5,4,20
61,43,5,0,3
61,44,5,0,22
61,45,5,0,8
61,46,5,0,15
61,47,5,0,13
61,48,5,0,19
62,0,5,0,18
62,1,5,0,0
62,2,5,0,15
62,3,5,0,11
62,4,5,0,5
62,5,5,0,16
62,6,5,0,2
62,7,5,0,12
62,8,5,0,12
62,9,5,0,14
62,10,5,0,19
62,11,5,0,12
62,12,5,0,2
62,13,5,0,24
62,14,5,0,19
62,15,5,0,20
62,16,5,0,2
62,17,5,0,20
62,18,5,0,8
62,19,5,0,7
62,20,5,0,13
62,21,5,0,8
62,22,5,0,24
62,23,5,0,19
62,24,5,0,15
62,25,5,4,15
62,26,4,0,22
62,27,4,0,10
62,28,4,0,9
62,29,4,0,10
62,30,5,4,7
62,31,5,0,17
62,32,5,0,20
62,33,5,0,3
62,34,5,0,5
62,35,5,0,17
62,36,5,0,17
62,37,5,0,1
62,38,1,4,6
62,39,1,0,8
62,40,1,4,0
62,41,5,4,8
62,42,5,4,22
62,43,5,4,20
62,44,5,0,20
62,45,5,0,7
62,46,5,0,9
62,47,5,0,6
62,48,5,0,15
63,0,5,0,2
63,1,5,0,8
63,2,5,0,8
63,3,5,0,22
63,4,5,0,2
63,5,5,0,13
63,6,5,0,2
63,7,5,0,18
63,8,5,0,6
63,9,5,0,0
63,10,5,0,9
63,11,5,0,19
63,12,5,0,23
63,13,5,0,3
63,14,5,0,18
63,15,5,0,22
63,16,5,0,3
63,17,5,0,21
63,18,5,0,19
63,19,5,0,6
63,20,5,0,18
63,21,5,0,0
63,22,5,0,18
63,23,5,0,20
63,24,5,4,0
63,25,4,0,5
63,26,4,0,1
63,27,4,0,0
63,28,4,0,2
63,29,4,0,14
63,30,5,4,7
63,31,5,0,1
63,32,5,0,17
63,33,5,0,17
63,34,5,0,3
63,35,5,0,5
63,36,5,0,14
63,37,5,4,0
63,38,1,4,24
63,39,1,0,17
63,40,1,4,3
63,41,1,4,16
63,42,1,4,16
63,43,5,4,23
63,44,5,0,23
63,45,5,0,17
63,46,5,0,18
63,47,5,0,18
63,48,5,0,17
64,0,5,0,17
64,1,5,0,7
64,2,5,0,13
64,3,5,0,19
64,4,5,0,0
64,5,5,0,16
64,6,5,0,14
64,7,5,0,11
64,8,5,0,9
64,9,5,0,16
64,10,5,0,5
64,11,5,0,11
64,12,5,0,4
64,13,5,0,18
64,14,5,0,24
64,15,5,0,19
64,16,5,0,17
64,17,5,0,12
64,18,5,0,22
64,19,5,0,12
64,20,5,0,11
64,21,5,0,15
64,22,5,0,9
64,23,5,0,1
64,24,5,4,18
64,25,4,0,19
64,26,4,0,23
64,27,4,0,22
64,28,4,0,17
64,29,4,0,24
64,30,5,4,24
64,31,5,0,23
64,32,5,0,5
64,33,5,0,15
64,34,5,0,17
64,35,5,0,15
64,36,5,0,15
64,37,1,4,6
64,38,1,0,4
64,39,1,0,8
64,40,1,4,4
64,41,1,4,4
64,42,1,4,17
64,43,5,4,7
64,44,5,0,6
64,45,5,0,6
64,46,5,0,22
64,47,5,0,23
64,48,5,0,15
65,0,5,0,8
65,1,5,0,8
65,2,5,0,7
65,3,5,0,8
65,4,5,0,5
65,5,5,0,6
65,6,5,0,16
65,7,5,0,17
65,8,5,0,10
65,9,5,0,18
65,10,5,0,3
65,11,5,0,18
65,12,5,0,23
65,13,5,0,18
65,14,5,0,8
65,15,5,0,15
65,16,5,0,12
65,17,5,0,18
65,18,5,0,3
65,19,5,0,3
65,20,5,0,11
65,21,5,0,13
65,22,5,0,15
65,23,5,4,0
65,24,4,0,17
65,25,4,0,11
65,26,4,6,20
65,27,4,0,5
65,28,4,0,13
65,29,5,4,6
65,30,5,0,10
65,31,5,0,15
65,32,5,0,4
65,33,5,0,11
65,34,5,0,19
65,35,5,0,6
65,36,5,0,8
65,37,1,4,7
65,38,1,0,20
65,39,1,0,13
65,40,1,0,15
65,41,1,0,8
65,42,1,4,1
65,43,5,4,23
65,44,5,0,23
65,45,5,0,10
65,46,5,0,20
65,47,5,0,17
65,48,5,0,0
66,0,5,0,17
66,1,5,0,4
66,2,5,0,8
66,3,5,0,22
66,4,5,0,2
66,5,5,0,12
66,6,5,0,19
66,7,5,0,17
66,8,5,0,17
66,9,5,0,13
66,10,5,0,13
66,11,5,0,9
66,12,5,0,10
66,13,5,0,8
66,14,5,0,11
66,15,5,0,21
66,16,5,0,4
66,17,5,0,6
66,18,5,0,22
66,19,5,0,7
66,20,5,0,15
66,21,5,0,14
66,22,5,0,24
66,23,5,4,18
66,24,4,0,22
66,25,4,6,5
66,26,4,6,23
66,27,4,0,19
66,28,4,0,13
66,29,5,4,24
66,30,5,0,17
66,31,5,0,23
66,32,5,0,20
66,33,5,0,15
66,34,5,0,1
66,35,5,0,9
66,36,5,4,0
66,37,1,4,7
66,38,1,4,20
66,39,1,4,20
66,40,1,0,6
66,41,1,0,1
66,42,1,4,1
66,43,5,4,23
66,44,5,0,16
66,45,5,0,22
66,46,5,0,12
66,47,5,0,12
66,48,5,0,2
67,0,5,0,0
67,1,5,0,20
67,2,5,0,17
67,3,5,0,10
67,4,5,0,11
67,5,5,0,10
67,6,5,0,13
67,7,5,0,7
67,8,5,0,5
67,9,5,0,12
67,10,5,0,2
67,11,5,0,8
67,12,5,0,9
67,13,5,0,0
67,14,5,0,16
67,15,5,0,10
67,16,5,0,9
67,17,5,0,12
67,18,5,0,7
67,19,5,0,23
67,20,5,0,13
67,21,5,0,6
67,22,5,4,0
67,23,4,0,13
67,24,4,6,0
67,25,6,0,15
67,26,4,6,24
67,27,1,4,16
67,28,5,4,11
67,29,5,0,7
67,30,5,0,22
67,31,5,0,1
67,32,5,0,17
67,33,5,0,20
67,34,5,0,22
67,35,5,0,19
67,36,5,4,1
67,37,1,4,8
67,38,1,4,8
67,39,1,4,7
67,40,1,4,20
67,41,1,0,16
67,42,1,4,3
67,43,5,4,23
67,44,5,0,17
67,45,5,0,19
67,46,5,0,7
67,47,5,0,11
67,48,5,0,15
68,0,5,0,14
68,1,5,0,18
68,2,5,0,13
68,3,5,0,4
68,4,5,0,10
68,5,5,0,1
68,6,5,0,23
68,7,5,0,17
68,8,5,0,8
68,9,5,0,4
68,10,5,0,20
68,11,5,0,24
68,12,5,0,4
68,13,5,0,22
68,14,5,0,21
68,15,5,0,2
68,16,5,0,20
68,17,5,0,10
68,18,5,0,21
68,19,5,0,1
68,20,5,0,1
68,21,5,0,1
68,22,5,4,2
68,23,4,0,1
68,24,4,6,17
68,25,4,6,14
68,26,1,4,4
68,27,1,4,18
68,28,5,0,4
68,29,5,0,4
68,30,5,0,12
68,31,5,0,13
68,32,5,0,7
68,33,5,0,24
68,34,5,0,1
68,35,5,0,19
68,36,5,4,3
68,37,4,0,3
68,38,4,0,1
68,39,1,4,8
68,40,1,4,21
68,41,1,0,7
68,42,1,4,1
68,43,5,4,23
68,44,5,0,10
68,45,5,0,11
68,46,5,0,7
68,47,5,0,15
68,48,5,0,17
69,0,5,0,0
69,1,5,0,19
69,2,5,0,4
69,3,5,0,16
69,4,5,0,7
69,5,5,0,23
69,6,5,0,15
69,7,5,0,23
69,8,5,0,17
69,9,5,0,5
69,10,5,0,18
69,11,5,0,16
69,12,5,0,17
69,13,5,0,19
69,14,5,0,23
69,15,5,0,14
69,16,5,0,19
69,17,5,0,15
69,18,5,0,17
69,19,5,0,4
69,20,5,0,6
69,21,5,0,18
69,22,5,4,17
69,23,5,4,16
69,24,4,6,4
69,25,1,0,17
69,26,1,4,0
69,27,5,4,24
69,28,5,0,19
69,29,5,0,11
69,30,5,0,19
69,31,5,0,9
69,32,5,0,15
69,33,5,0,2
69,34,5,0,11
69,35,5,0,11
69,36,5,4,3
69,37,5,4,16
69,38,5,4,16
69,39,5,4,16
69,40,1,4,7
69,41,1,0,15
69,42,1,4,3
69,43,5,4,7
69,44,5,0,0
69,45,5,0,24
69,46,5,0,12
69,47,5,0,4
69,48,5,0,5
70,0,5,0,10
70,1,5,0,0
70,2,5,0,21
70,3,5,0,7
70,4,5,0,13
70,5,5,0,11
70,6,5,0,1
70,7,5,0,18
70,8,5,0,19
70,9,5,0,5
70,10,5,0,7
70,11,5,0,3
70,12,5,0,12
70,13,5,0,13
70,14,5,0,17
70,15,5,0,11
70,16,5,0,14
70,17,5,0,0
70,18,5,0,11
70,19,5,0,23
70,20,5,0,22
70,21,5,0,18
70,22,5,4,4
70,23,5,4,18
70,24,1,4,24
70,25,1,0,18
70,26,1,4,18
70,27,5,0,20
70,28,5,0,7
70,29,5,0,24
70,30,5,0,20
70,31,5,0,23
70,32,5,0,3
70,33,5,0,2
70,34,5,0,12
70,35,5,0,3
70,36,5,4,4
70,37,5,4,4
70,38,5,4,4
70,39,5,4,1
70,40,1,4,22
70,41,1,0,6
70,42,1,4,3
70,43,5,4,7
70,44,5,0,19
70,45,5,0,17
70,46,5,0,9
70,47,5,0,4
70,48,5,0,9
71,0,5,0,7
71,1,5,0,22
71,2,5,0,4
71,3,5,0,3
71,4,5,0,20
71,5,5,0,14
71,6,5,0,7
71,7,5,0,20
71,8,5,0,24
71,9,5,0,23
71,10,5,0,5
71,11,5,0,7
71,12,5,0,9
71,13,5,0,23
71,14,5,0,11
71,15,5,0,0
71,16,5,4,20
71,17,5,0,16
71,18,5,0,4
71,19,5,0,14
71,20,5,0,10
71,21,5,0,17
71,22,5,4,0
71,23,1,4,6
71,24,1,0,8
71,25,1,4,15
71,26,5,4,24
71,27,5,0,6
71,28,5,0,15
71,29,5,0,11
71,30,5,0,24
71,31,5,0,13
71,32,5,0,6
71,33,5,0,21
71,34,5,0,21
71,35,5,0,8
71,36,5,0,6
71,37,5,0,21
71,38,5,0,0
71,39,5,4,17
71,40,1,4,22
71,41,1,0,8
71,42,1,4,2
71,43,5,4,7
71,44,5,0,22
71,45,5,0,1
71,46,5,0,11
71,47,5,0,21
71,48,5,0,24
72,0,5,0,14
72,1,5,0,23
72,2,5,0,23
72,3,5,0,7
72,4,5,0,6
72,5,5,0,11
72,6,5,0,18
72,7,5,0,13
72,8,5,0,9
72,9,5,0,1
72,10,5,0,13
72,11,5,0,1
72,12,5,0,1
72,13,5,0,21
72,14,5,0,7
72,15,5,4,15
72,16,5,4,22
72,17,5,0,0
72,18,5,0,24
72,19,5,0,20
72,20,5,0,14
72,21,5,0,6
72,22,5,4,18
72,23,1,4,7
72,24,1,4,13
72,25,5,4,6
72,26,5,0,16
72,27,5,0,7
72,28,5,0,2
72,29,5,0,20
72,30,5,0,15
72,31,5,0,12
72,32,5,0,10
72,33,5,0,2
72,34,5,0,6
72,35,5,0,16
72,36,5,0,19
72,37,5,0,8
72,38,5,0,0
72,39,5,4,2
72,40,1,4,21
72,41,1,0,19
72,42,1,4,17
72,43,5,4,22
72,44,5,0,2
72,45,5,0,4
72,46,5,0,2
72,47,5,0,20
72,48,5,0,3
73,0,5,0,16
73,1,5,0,9
73,2,5,0,10
73,3,5,0,22
73,4,5,0,7
73,5,5,0,18
73,6,5,0,12
73,7,5,0,11
73,8,5,0,16
73,9,5,0,12
73,10,5,0,3
73,11,5,0,24
73,12,5,0,18
73,13,5,0,17
73,14,5,4,10
73,15,4,0,6
73,16,5,4,22
73,17,5,0,13
73,18,5,0,10
73,19,5,0,8
73,20,5,0,2
73,21,5,4,0
73,22,4,0,15
73,23,1,4,8
73,24,4,0,1
73,25,5,4,23
73,26,5,0,15
73,27,5,0,13
73,28,5,0,11
73,29,5,0,17
73,30,5,0,10
73,31,5,0,22
73,32,5,0,22
73,33,5,0,24
73,34,5,0,15
73,35,5,0,6
73,36,5,0,5
73,37,5,0,19
73,38,5,0,20
73,39,5,4,4
73,40,1,4,22
73,41,1,0,2
73,42,1,4,1
73,43,5,4,21
73,44,5,0,8
73,45,5,0,9
73,46,5,0,21
73,47,5,0,11
73,48,5,0,9
74,0,5,0,17
74,1,5,0,18
74,2,5,0,9
74,3,5,0,22
74,4,5,0,5
74,5,5,0,10
74,6,5,0,22
74,7,5,0,3
74,8,5,0,12
74,9,5,0,4
74,10,5,0,10
74,11,5,0,4
74,12,5,0,12
74,13,5,4,5
74,14,4,0,5
74,15,4,0,18
74,16,5,4,24
74,17,5,0,19
74,18,5,0,20
74,19,5,0,3
74,20,5,0,24
74,21,5,4,1
74,22,4,0,12
74,23,4,0,10
74,24,4,0,3
74,25,5,4,7
74,26,5,0,16
74,27,5,0,1
74,28,5,0,0
74,29,5,0,12
74,30,5,0,5
74,31,5,0,10
74,32,5,0,18
74,33,5,0,17
74,34,5,0,3
74,35,5,0,21
74,36,5,0,19
74,37,5,0,16
74,38,5,0,9
74,39,5,0,4
74,40,1,4,22
74,41,1,0,20
74,42,1,4,1
74,43,5,4,7
74,44,5,0,2
74,45,5,0,15
74,46,5,0,4
74,47,5,0,18
74,48,5,0,0
75,0,5,0,20
75,1,5,0,10
75,2,5,0,6
75,3,5,0,10
75,4,5,0,21
75,5,5,0,15
75,6,5,0,13
75,7,5,0,20
75,8,5,0,18
75,9,5,0,6
75,10,5,0,4
75,11,5,0,2
75,12,5,4,10
75,13,4,0,10
75,14,4,0,19
75,15,5,4,6
75,16,5,0,12
75,17,5,0,18
75,18,5,0,10
75,19,5,0,21
75,20,5,0,1
75,21,5,4,1
75,22,4,0,11
75,23,4,0,19
75,24,4,0,9
75,25,5,4,7
75,26,5,0,14
75,27,5,0,24
75,28,5,0,9
75,29,5,0,2
75,30,5,0,16
75,31,5,0,21
75,32,5,0,12
75,33,5,0,5
75,34,5,0,4
75,35,5,0,6
75,36,5,0,18
75,37,5,0,24
75,38,5,0,13
75,39,5,0,17
75,40,1,4,21
75,41,1,0,7
75,42,1,4,1
75,43,5,4,22
75,44,5,0,16
75,45,5,0,3
75,46,5,0,1
75,47,5,0,0
75,48,5,0,19
76,0,5,0,23
76,1,5,0,13
76,2,5,0,17
76,3,5,0,10
76,4,5,0,9
76,5,5,0,23
76,6,5,0,21
76,7,5,0,10
76,8,5,0,6
76,9,5,0,21
76,10,5,0,17
76,11,5,4,10
76,12,4,0,15
76,13,4,0,16
76,14,4,0,20
76,15,5,4,24
76,16,5,0,0
76,17,5,0,0
76,18,5,0,0
76,19,5,0,2
76,20,5,0,22
76,21,5,4,1
76,22,5,4,16
76,23,4,0,22
76,24,4,0,24
76,25,5,4,7
76,26,5,0,21
76,27,5,0,14
76,28,5,0,9
76,29,5,0,16
76,30,5,0,18
76,31,5,0,12
76,32,5,0,7
76,33,5,0,8
76,34,5,0,14
76,35,5,0,15
76,36,5,0,10
76,37,5,0,18
76,38,5,0,20
76,39,5,0,20
76,40,1,4,23
76,41,1,0,6
76,42,1,4,3
76,43,5,4,24
76,44,5,0,3
76,45,5,0,7
76,46,5,0,15
76,47,5,0,6
76,48,5,0,16
77,0,5,0,17
77,1,5,0,8
77,2,5,0,14
77,3,5,0,24
77,4,5,0,8
77,5,5,0,21
77,6,5,0,17
77,7,5,0,6
77,8,5,0,7
77,9,5,0,18
77,10,5,4,10
77,11,4,0,16
77,12,4,0,12
77,13,4,0,20
77,14,5,4,6
77,15,5,0,10
77,16,5,0,24
77,17,5,0,21
77,18,5,0,3
77,19,5,0,2
77,20,5,0,0
77,21,5,4,4
77,22,5,4,1
77,23,4,0,21
77,24,4,0,21
77,25,5,4,23
77,26,5,0,16
77,27,5,0,22
77,28,5,0,13
77,29,5,0,14
77,30,5,0,9
77,31,5,0,5
77,32,5,0,9
77,33,5,0,24
77,34,5,0,21
77,35,5,0,12
77,36,5,0,21
77,37,5,0,6
77,38,5,0,13
77,39,5,4,0
77,40,1,4,24
77,41,1,0,18
77,42,1,4,18
77,43,5,0,24
77,44,5,0,15
77,45,5,0,4
77,46,5,0,2
77,47,5,0,12
77,48,5,0,23
78,0,5,0,17
78,1,5,0,24
78,2,5,0,6
78,3,5,0,22
78,4,5,0,3
78,5,5,0,5
78,6,5,0,2
78,7,5,0,12
78,8,5,0,10
78,9,5,4,0
78,10,4,0,8
78,11,4,0,6
78,12,4,6,20
78,13,4,0,10
78,14,5,4,23
78,15,5,0,9
78,16,5,0,16
78,17,5,0,17
78,18,5,0,19
78,19,5,0,16
78,20,5,0,8
78,21,5,0,3
78,22,5,4,2
78,23,4,0,17
78,24,4,0,14
78,25,5,4,24
78,26,5,0,11
78,27,5,0,8
78,28,5,0,19
78,29,5,0,14
78,30,5,0,19
78,31,5,0,9
78,32,5,0,21
78,33,5,0,1
78,34,5,0,0
78,35,5,0,23
78,36,5,0,8
78,37,5,0,4
78,38,5,0,18
78,39,1,4,6
78,40,1,0,4
78,41,1,4,0
78,42,5,4,24
78,43,5,0,0
78,44,5,0,24
78,45,5,0,23
78,46,5,0,23
78,47,5,0,19
78,48,5,0,9
79,0,5,0,3
79,1,5,0,0
79,2,5,0,15
79,3,5,0,1
79,4,5,0,13
79,5,5,0,12
79,6,5,0,13
79,7,5,0,2
79,8,5,0,7
79,9,5,4,18
79,10,4,0,2
79,11,4,6,13
79,12,4,6,7
79,13,4,0,21
79,14,5,4,24
79,15,5,0,18
79,16,5,0,8
79,17,5,0,16
79,18,5,0,6
79,19,5,0,17
79,20,5,0,23
79,21,5,0,1
79,22,5,4,18
79,23,4,0,1
79,24,5,4,6
79,25,5,0,20
79,26,5,0,2
79,27,5,0,14
79,28,5,0,18
79,29,5,0,19
79,30,5,0,8
79,31,5,0,11
79,32,5,0,19
79,33,5,0,19
79,34,5,0,1
79,35,5,0,9
79,36,5,0,6
79,37,5,0,20
79,38,5,4,0
79,39,1,4,24
79,40,1,0,2
79,41,1,4,18
79,42,5,0,14
79,43,5,0,7
79,44,5,0,7
79,45,5,0,19
79,46,5,0,10
79,47,5,0,11
79,48,5,0,0
80,0,5,0,2
80,1,5,0,13
80,2,5,0,21
80,3,5,0,3
80,4,5,0,9
80,5,5,0,12
80,6,5,0,2
80,7,5,0,8
80,8,5,4,15
80,9,4,0,1
80,10,4,6,0
80,11,6,0,2
80,12,4,6,24
80,13,5,4,6
80,14,5,0,9
80,15,5,0,16
80,16,5,0,15
80,17,5,0,22
80,18,5,0,1
80,19,5,0,7
80,20,5,0,24
80,21,5,4,0
80,22,4,0,18
80,23,4,0,22
80,24,5,4,23
80,25,5,0,22
80,26,5,0,9
80,27,5,0,10
80,28,5,0,1
80,29,5,0,9
80,30,5,0,3
80,31,5,0,13
80,32,5,0,15
80,33,5,0,7
80,34,5,0,16
80,35,5,0,8
80,36,5,0,18
80,37,5,0,20
80,38,1,4,6
80,39,1,0,1
80,40,1,4,0
80,41,5,4,21
80,42,5,0,13
80,43,5,0,18
80,44,5,0,21
80,45,5,0,20
80,46,5,0,8
80,47,5,0,3
80,48,5,0,4
