0,0,3,0,13
0,1,3,0,11
0,2,3,0,9
0,3,3,0,16
0,4,3,0,22
0,5,3,0,0
0,6,3,0,5
0,7,3,0,8
0,8,3,0,3
0,9,3,0,16
0,10,3,0,0
0,11,2,3,6
0,12,2,0,20
0,13,2,0,8
0,14,2,0,13
0,15,2,0,0
0,16,2,0,18
0,17,2,0,19
0,18,2,0,14
0,19,2,0,23
0,20,2,0,24
0,21,2,0,1
0,22,2,3,17
0,23,3,0,4
0,24,3,0,0
0,25,3,0,6
0,26,3,0,16
0,27,2,3,6
0,28,2,0,16
0,29,2,0,6
0,30,2,0,4
0,31,2,0,20
0,32,2,0,14
0,33,2,0,18
0,34,2,0,9
0,35,2,0,8
0,36,2,0,17
0,37,2,0,15
0,38,2,0,22
0,39,2,0,16
0,40,2,0,21
0,41,2,0,17
0,42,2,3,2
0,43,3,0,5
0,44,3,0,17
0,45,3,0,7
0,46,3,0,1
0,47,3,0,23
0,48,3,0,21
0,49,3,0,2
1,0,3,0,10
1,1,3,0,16
1,2,3,0,10
1,3,3,0,3
1,4,3,0,4
1,5,3,0,20
1,6,3,0,19
1,7,3,0,1
1,8,3,0,11
1,9,3,0,3
1,10,3,0,10
1,11,2,3,24
1,12,2,0,11
1,13,2,0,18
1,14,2,0,20
1,15,2,0,5
1,16,2,0,13
1,17,2,0,1
1,18,2,0,7
1,19,2,0,22
1,20,2,0,22
1,21,2,0,4
1,22,2,3,18
1,23,3,0,3
1,24,3,0,24
1,25,3,0,8
1,26,3,0,12
1,27,2,3,23
1,28,2,0,15
1,29,2,0,24
1,30,2,0,24
1,31,2,0,18
1,32,2,0,9
1,33,2,0,10
1,34,2,0,17
1,35,2,0,4
1,36,2,0,11
1,37,2,0,3
1,38,2,0,13
1,39,2,0,17
1,40,2,0,0
1,41,2,0,3
1,42,2,3,3
1,43,3,0,9
1,44,3,0,23
1,45,3,0,19
1,46,3,0,7
1,47,3,0,0
1,48,3,0,2
1,49,3,0,14
2,0,3,0,20
2,1,3,0,12
2,2,3,0,20
2,3,3,0,8
2,4,3,0,8
2,5,3,0,15
2,6,3,0,12
2,7,3,0,15
2,8,3,0,24
2,9,3,0,19
2,10,2,3,14
2,11,2,0,21
2,12,2,0,3
2,13,2,0,4
2,14,2,0,5
2,15,2,0,17
2,16,2,0,12
2,17,2,0,23
2,18,2,0,19
2,19,2,0,7
2,20,2,0,23
2,21,2,0,12
2,22,3,0,14
2,23,3,0,6
2,24,3,0,8
2,25,3,0,9
2,26,3,0,12
2,27,2,3,24
2,28,2,0,8
2,29,2,0,19
2,30,2,0,22
2,31,2,0,16
2,32,2,0,14
2,33,2,0,11
2,34,2,0,10
2,35,2,0,18
2,36,2,0,3
2,37,2,0,24
2,38,2,0,24
2,39,2,0,6
2,40,2,0,22
2,41,2,0,6
2,42,2,3,18
2,43,3,0,11
2,44,3,0,17
2,45,3,0,16
2,46,3,0,20
2,47,3,0,6
2,48,3,0,11
2,49,3,0,3
3,0,3,0,13
3,1,3,0,19
3,2,3,0,15
3,3,3,0,1
3,4,3,0,8
3,5,3,0,6
3,6,3,0,6
3,7,3,0,23
3,8,3,0,6
3,9,2,3,14
3,10,2,0,16
3,11,2,0,24
3,12,2,0,16
3,13,2,0,14
3,14,2,0,9
3,15,2,0,2
3,16,2,0,8
3,17,2,0,11
3,18,2,0,9
3,19,2,0,19
3,20,2,0,18
3,21,2,3,18
3,22,3,0,1
3,23,3,0,0
3,24,3,0,8
3,25,3,0,9
3,26,2,3,6
3,27,2,0,14
3,28,2,0,20
3,29,2,0,20
3,30,2,0,16
3,31,2,0,5
3,32,2,0,4
3,33,2,3,20
3,34,2,0,11
3,35,2,0,5
3,36,2,0,12
3,37,2,0,12
3,38,2,0,11
3,39,2,0,4
3,40,2,0,1
3,41,2,3,0
3,42,3,0,23
3,43,3,0,5
3,44,3,0,14
3,45,3,0,4
3,46,3,0,16
3,47,3,0,6
3,48,3,0,3
3,49,3,0,6
4,0,3,0,20
4,1,3,0,0
4,2,3,0,8
4,3,3,0,13
4,4,3,0,5
4,5,3,0,10
4,6,3,0,6
4,7,3,0,8
4,8,2,3,14
4,9,2,0,20
4,10,2,0,15
4,11,2,0,20
4,12,2,0,3
4,13,2,0,15
4,14,2,0,6
4,15,2,0,3
4,16,2,0,18
4,17,2,0,4
4,18,2,0,23
4,19,2,0,9
4,20,2,3,0
4,21,3,0,13
4,22,3,0,16
4,23,3,0,24
4,24,3,0,8
4,25,3,0,17
4,26,2,3,24
4,27,2,0,14
4,28,2,0,9
4,29,2,0,11
4,30,2,0,14
4,31,2,0,10
4,32,2,3,5
4,33,2,3,22
4,34,2,0,16
4,35,2,0,16
4,36,2,0,1
4,37,2,0,17
4,38,2,0,7
4,39,2,0,20
4,40,2,0,18
4,41,2,3,1
4,42,3,0,15
4,43,3,0,15
4,44,3,0,20
4,45,3,0,9
4,46,3,0,7
4,47,3,0,1
4,48,3,0,9
4,49,3,0,1
5,0,3,0,17
5,1,3,0,12
5,2,3,0,19
5,3,3,0,2
5,4,3,0,4
5,5,3,0,6
5,6,3,0,15
5,7,2,3,6
5,8,2,0,11
5,9,2,0,9
5,10,2,0,5
5,11,2,0,15
5,12,2,0,11
5,13,2,0,6
5,14,2,0,21
5,15,2,0,10
5,16,2,0,19
5,17,2,0,18
5,18,2,0,1
5,19,2,0,5
5,20,2,3,18
5,21,3,0,15
5,22,3,0,21
5,23,3,0,4
5,24,3,0,7
5,25,2,3,6
5,26,2,0,17
5,27,2,0,9
5,28,2,0,3
5,29,2,0,0
5,30,2,0,18
5,31,2,3,10
5,32,3,0,13
5,33,2,3,23
5,34,2,3,20
5,35,2,0,11
5,36,2,0,24
5,37,2,0,13
5,38,2,0,1
5,39,2,0,15
5,40,2,0,1
5,41,2,3,17
5,42,3,0,8
5,43,3,0,14
5,44,3,0,10
5,45,3,0,21
5,46,3,0,11
5,47,3,0,17
5,48,3,0,5
5,49,3,0,19
6,0,3,0,20
6,1,3,0,16
6,2,3,0,19
6,3,3,0,14
6,4,3,0,6
6,5,3,0,17
6,6,3,0,19
6,7,2,3,24
6,8,2,0,13
6,9,2,0,11
6,10,2,0,22
6,11,2,0,24
6,12,2,0,9
6,13,2,0,2
6,14,2,0,8
6,15,2,0,4
6,16,2,0,13
6,17,2,0,7
6,18,2,0,5
6,19,2,3,10
6,20,3,0,4
6,21,3,0,13
6,22,3,0,17
6,23,3,0,2
6,24,3,0,20
6,25,2,3,22
6,26,2,3,20
6,27,2,3,20
6,28,2,0,20
6,29,2,0,17
6,30,2,3,15
6,31,3,0,1
6,32,3,0,23
6,33,2,3,8
6,34,2,3,22
6,35,2,0,10
6,36,2,0,7
6,37,2,0,9
6,38,2,0,15
6,39,2,0,19
6,40,2,0,6
6,41,2,3,18
6,42,3,0,6
6,43,3,0,22
6,44,3,0,8
6,45,3,0,22
6,46,3,0,0
6,47,3,0,2
6,48,3,0,22
6,49,3,0,17
7,0,3,0,16
7,1,3,0,1
7,2,3,0,16
7,3,3,0,14
7,4,3,0,1
7,5,3,0,12
7,6,2,3,6
7,7,2,0,9
7,8,2,0,0
7,9,2,0,19
7,10,2,0,6
7,11,2,0,24
7,12,2,0,9
7,13,2,0,6
7,14,2,0,12
7,15,2,0,14
7,16,2,0,16
7,17,2,0,15
7,18,2,3,0
7,19,3,0,16
7,20,3,0,13
7,21,3,0,18
7,22,3,0,3
7,23,3,0,18
7,24,3,0,5
7,25,2,3,8
7,26,2,3,8
7,27,2,3,21
7,28,2,0,21
7,29,2,3,15
7,30,3,0,6
7,31,3,0,10
7,32,3,0,19
7,33,3,0,4
7,34,2,3,7
7,35,2,0,19
7,36,2,0,8
7,37,2,0,11
7,38,2,0,18
7,39,2,0,3
7,40,2,3,0
7,41,2,3,16
7,42,2,3,16
7,43,3,0,23
7,44,3,0,23
7,45,3,0,3
7,46,3,0,19
7,47,3,0,14
7,48,3,0,13
7,49,3,0,6
8,0,3,0,18
8,1,3,0,14
8,2,3,0,13
8,3,3,0,7
8,4,3,0,9
8,5,3,0,20
8,6,2,3,24
8,7,2,0,13
8,8,2,0,2
8,9,2,0,7
8,10,2,0,8
8,11,2,0,6
8,12,2,0,0
8,13,2,0,20
8,14,2,0,5
8,15,2,0,18
8,16,2,0,6
8,17,2,0,4
8,18,2,3,1
8,19,3,0,11
8,20,3,0,1
8,21,3,0,14
8,22,3,0,3
8,23,3,0,17
8,24,3,0,23
8,25,3,0,0
8,26,3,0,21
8,27,2,3,24
8,28,2,3,0
8,29,3,0,5
8,30,3,0,13
8,31,3,0,5
8,32,3,0,1
8,33,3,0,24
8,34,2,3,21
8,35,2,0,12
8,36,2,0,1
8,37,2,0,24
8,38,2,0,3
8,39,2,0,2
8,40,2,3,4
8,41,2,3,4
8,42,2,3,17
8,43,3,0,4
8,44,3,0,21
8,45,3,0,6
8,46,3,0,6
8,47,3,0,19
8,48,3,0,12
8,49,3,0,13
9,0,3,0,7
9,1,3,0,10
9,2,3,0,0
9,3,3,0,7
9,4,3,0,24
9,5,3,0,14
9,6,2,0,13
9,7,2,0,15
9,8,2,0,6
9,9,2,0,19
9,10,2,0,8
9,11,2,0,11
9,12,2,0,3
9,13,2,0,19
9,14,2,0,1
9,15,2,0,24
9,16,2,0,20
9,17,2,0,16
9,18,2,3,18
9,19,3,0,13
9,20,3,0,9
9,21,3,0,7
9,22,3,0,20
9,23,3,0,18
9,24,3,0,19
9,25,3,0,16
9,26,2,3,6
9,27,2,0,16
9,28,2,3,18
9,29,3,0,14
9,30,3,0,3
9,31,3,0,2
9,32,3,0,5
9,33,3,0,9
9,34,2,0,9
9,35,2,0,3
9,36,2,0,14
9,37,2,0,14
9,38,2,0,3
9,39,2,0,1
9,40,2,0,12
9,41,2,0,23
9,42,2,3,17
9,43,3,0,0
9,44,3,0,15
9,45,3,0,3
9,46,3,0,23
9,47,3,0,4
9,48,3,0,0
9,49,3,0,11
10,0,3,0,13
10,1,3,0,18
10,2,3,0,24
10,3,3,0,22
10,4,3,0,12
10,5,2,3,24
10,6,2,0,3
10,7,2,0,3
10,8,2,0,16
10,9,2,0,4
10,10,2,0,8
10,11,2,0,13
10,12,2,0,13
10,13,2,0,5
10,14,2,0,12
10,15,2,0,12
10,16,2,0,19
10,17,2,3,0
10,18,3,0,24
10,19,3,0,17
10,20,3,0,13
10,21,3,0,0
10,22,3,0,0
10,23,3,0,17
10,24,3,0,3
10,25,3,0,7
10,26,2,3,24
10,27,2,3,0
10,28,3,0,21
10,29,3,0,2
10,30,3,0,1
10,31,3,0,21
10,32,3,0,2
10,33,2,3,6
10,34,2,0,14
10,35,2,0,13
10,36,2,0,18
10,37,2,0,15
10,38,2,0,15
10,39,2,0,7
10,40,2,0,23
10,41,2,0,10
10,42,2,3,1
10,43,3,0,24
10,44,3,0,13
10,45,3,0,15
10,46,3,0,2
10,47,3,0,13
10,48,3,0,7
10,49,3,0,19
11,0,3,0,1
11,1,3,0,7
11,2,3,0,16
11,3,3,0,10
11,4,2,3,6
11,5,2,0,13
11,6,2,0,24
11,7,2,0,5
11,8,2,0,7
11,9,2,0,13
11,10,2,0,3
11,11,2,0,20
11,12,2,0,19
11,13,2,0,17
11,14,2,0,6
11,15,2,0,1
11,16,2,0,8
11,17,2,3,17
11,18,3,0,12
11,19,3,0,4
11,20,3,0,24
11,21,3,0,14
11,22,3,0,22
11,23,3,0,13
11,24,3,0,22
11,25,2,3,6
11,26,2,3,20
11,27,2,3,18
11,28,3,0,15
11,29,3,0,18
11,30,2,3,16
11,31,2,3,16
11,32,3,0,16
11,33,2,3,7
11,34,2,0,24
11,35,2,0,24
11,36,2,0,4
11,37,2,0,4
11,38,2,0,20
11,39,2,0,9
11,40,2,0,13
11,41,2,0,21
11,42,2,3,18
11,43,3,0,21
11,44,3,0,9
11,45,3,0,2
11,46,3,0,2
11,47,3,0,6
11,48,3,0,20
11,49,3,0,12
12,0,3,0,0
12,1,3,0,8
12,2,3,0,14
12,3,3,0,4
12,4,2,3,22
12,5,2,3,20
12,6,2,0,20
12,7,2,0,7
12,8,2,0,19
12,9,2,0,22
12,10,2,0,23
12,11,2,0,6
12,12,2,0,10
12,13,2,0,3
12,14,2,0,20
12,15,2,0,13
12,16,2,0,22
12,17,2,3,3
12,18,2,3,16
12,19,2,3,16
12,20,2,3,16
12,21,2,3,16
12,22,3,0,4
12,23,3,0,14
12,24,3,0,14
12,25,2,3,8
12,26,2,3,8
12,27,3,0,8
12,28,3,0,24
12,29,2,3,6
12,30,2,3,4
12,31,2,3,17
12,32,3,0,16
12,33,2,3,24
12,34,2,0,15
12,35,2,0,9
12,36,2,0,13
12,37,2,0,4
12,38,2,0,13
12,39,2,0,2
12,40,2,0,4
12,41,2,3,0
12,42,2,3,16
12,43,3,0,18
12,44,3,0,24
12,45,3,0,20
12,46,3,0,16
12,47,3,0,20
12,48,3,0,14
12,49,3,0,23
13,0,3,0,24
13,1,3,0,9
13,2,3,0,19
13,3,3,0,3
13,4,2,3,8
13,5,2,3,22
13,6,2,0,18
13,7,2,0,24
13,8,2,0,24
13,9,2,0,5
13,10,2,0,5
13,11,2,0,9
13,12,2,0,6
13,13,2,0,9
13,14,2,0,11
13,15,2,0,1
13,16,2,0,24
13,17,2,3,4
13,18,2,3,4
13,19,2,3,4
13,20,2,3,4
13,21,2,3,1
13,22,3,0,20
13,23,3,0,11
13,24,3,0,24
13,25,3,0,11
13,26,3,0,19
13,27,3,0,14
13,28,3,0,18
13,29,2,3,24
13,30,2,0,18
13,31,2,3,3
13,32,2,3,9
13,33,2,0,22
13,34,2,0,17
13,35,2,0,13
13,36,2,0,8
13,37,2,0,19
13,38,2,0,15
13,39,2,0,4
13,40,2,0,10
13,41,2,3,4
13,42,2,3,1
13,43,3,0,13
13,44,3,0,18
13,45,3,0,20
13,46,3,0,9
13,47,3,0,2
13,48,3,0,7
13,49,3,0,9
14,0,3,0,1
14,1,3,0,17
14,2,3,0,24
14,3,3,0,3
14,4,3,0,7
14,5,2,3,24
14,6,2,0,21
14,7,2,0,10
14,8,2,0,23
14,9,2,0,7
14,10,2,0,11
14,11,2,0,16
14,12,2,0,1
14,13,2,0,17
14,14,2,0,9
14,15,2,0,18
14,16,2,0,13
14,17,2,0,17
14,18,2,0,5
14,19,2,0,11
14,20,2,0,12
14,21,2,3,17
14,22,3,0,20
14,23,3,0,23
14,24,3,0,22
14,25,3,0,12
14,26,3,0,8
14,27,3,0,14
14,28,2,3,6
14,29,2,3,20
14,30,2,0,20
14,31,2,3,4
14,32,2,0,4
14,33,2,0,19
14,34,2,0,23
14,35,2,0,11
14,36,2,0,8
14,37,2,0,18
14,38,2,0,17
14,39,2,0,5
14,40,2,0,0
14,41,2,0,14
14,42,2,3,18
14,43,3,0,23
14,44,3,0,1
14,45,3,0,0
14,46,3,0,20
14,47,3,0,11
14,48,3,0,2
14,49,3,0,21
15,0,3,0,12
15,1,3,0,22
15,2,3,0,14
15,3,3,0,20
15,4,2,3,6
15,5,2,0,7
15,6,2,0,5
15,7,2,0,11
15,8,2,0,24
15,9,2,0,11
15,10,2,0,9
15,11,2,0,4
15,12,2,0,18
15,13,2,0,17
15,14,2,0,7
15,15,2,0,22
15,16,2,0,2
15,17,2,0,2
15,18,2,0,5
15,19,2,0,20
15,20,2,0,7
15,21,2,3,1
15,22,3,0,2
15,23,3,0,4
15,24,3,0,1
15,25,3,0,3
15,26,3,0,2
15,27,3,0,6
15,28,2,3,8
15,29,2,3,7
15,30,2,0,14
15,31,2,0,20
15,32,2,0,4
15,33,2,0,15
15,34,2,0,13
15,35,2,0,14
15,36,2,0,22
15,37,2,0,12
15,38,2,0,7
15,39,2,0,22
15,40,2,0,4
15,41,2,3,0
15,42,2,3,16
15,43,3,0,16
15,44,3,0,8
15,45,3,0,14
15,46,3,0,13
15,47,3,0,0
15,48,3,0,10
15,49,3,0,8
16,0,3,0,18
16,1,3,0,8
16,2,3,0,16
16,3,3,0,5
16,4,2,3,7
16,5,2,0,12
16,6,2,0,1
16,7,2,0,21
16,8,2,0,5
16,9,2,0,11
16,10,2,0,24
16,11,2,0,5
16,12,2,0,21
16,13,2,0,17
16,14,2,0,4
16,15,2,0,0
16,16,2,0,9
16,17,2,0,12
16,18,2,0,14
16,19,2,0,16
16,20,2,0,5
16,21,2,3,2
16,22,3,0,14
16,23,3,0,1
16,24,3,0,17
16,25,3,0,10
16,26,3,0,20
16,27,3,0,24
16,28,3,0,13
16,29,2,3,21
16,30,2,0,0
16,31,2,0,10
16,32,2,0,8
16,33,2,0,17
16,34,2,0,20
16,35,2,0,19
16,36,2,0,10
16,37,2,0,17
16,38,2,0,4
16,39,2,0,16
16,40,2,0,12
16,41,2,3,4
16,42,2,3,3
16,43,3,0,21
16,44,3,0,3
16,45,3,0,14
16,46,3,0,12
16,47,3,0,11
16,48,3,0,22
16,49,3,0,19
17,0,3,0,12
17,1,3,0,0
17,2,3,0,0
17,3,3,0,24
17,4,2,3,21
17,5,2,0,2
17,6,2,0,12
17,7,2,0,11
17,8,2,0,1
17,9,2,0,21
17,10,2,0,17
17,11,2,0,15
17,12,2,0,24
17,13,2,0,17
17,14,2,0,0
17,15,2,0,19
17,16,2,0,10
17,17,2,0,5
17,18,2,0,21
17,19,2,0,22
17,20,2,0,8
17,21,2,3,1
17,22,3,0,0
17,23,3,0,22
17,24,3,0,13
17,25,2,3,16
17,26,2,3,16
17,27,2,3,16
17,28,3,0,19
17,29,2,3,7
17,30,2,0,2
17,31,2,0,23
17,32,2,0,23
17,33,2,0,8
17,34,2,0,22
17,35,2,0,6
17,36,2,0,13
17,37,2,0,5
17,38,2,0,14
17,39,2,0,23
17,40,2,0,17
17,41,2,0,6
17,42,2,3,18
17,43,3,0,9
17,44,3,0,15
17,45,3,0,20
17,46,3,0,12
17,47,3,0,7
17,48,3,0,9
17,49,3,0,16
18,0,3,0,8
18,1,3,0,0
18,2,3,0,22
18,3,3,0,18
18,4,2,3,23
18,5,2,0,12
18,6,2,0,2
18,7,2,0,3
18,8,2,0,2
18,9,2,0,17
18,10,2,0,21
18,11,2,0,6
18,12,2,0,20
18,13,2,0,17
18,14,2,0,4
18,15,2,0,0
18,16,2,3,20
18,17,2,3,20
18,18,2,3,20
18,19,2,0,12
18,20,2,0,1
18,21,2,3,1
18,22,3,0,13
18,23,3,0,14
18,24,2,3,6
18,25,2,3,4
18,26,2,3,4
18,27,2,3,17
18,28,3,0,15
18,29,2,3,23
18,30,2,0,5
18,31,2,0,8
18,32,2,0,12
18,33,2,0,19
18,34,2,0,20
18,35,2,0,20
18,36,2,0,7
18,37,2,0,12
18,38,2,0,3
18,39,2,0,14
18,40,2,0,22
18,41,2,3,0
18,42,3,0,2
18,43,3,0,18
18,44,3,0,7
18,45,3,0,3
18,46,3,0,7
18,47,3,0,22
18,48,3,0,13
18,49,3,0,8
19,0,3,0,21
19,1,3,0,14
19,2,3,0,20
19,3,3,0,13
19,4,2,3,21
19,5,2,0,22
19,6,2,0,20
19,7,2,0,24
19,8,2,0,19
19,9,2,0,7
19,10,2,0,13
19,11,2,0,21
19,12,2,0,14
19,13,2,0,9
19,14,2,0,8
19,15,2,3,13
19,16,2,3,8
19,17,2,3,8
19,18,2,3,7
19,19,2,0,18
19,20,2,0,2
19,21,2,3,18
19,22,3,0,13
19,23,3,0,2
19,24,2,3,24
19,25,2,0,6
19,26,2,0,14
19,27,2,3,2
19,28,3,0,23
19,29,2,3,7
19,30,2,0,0
19,31,2,0,13
19,32,2,0,1
19,33,2,0,24
19,34,2,0,15
19,35,2,0,18
19,36,2,0,0
19,37,2,0,22
19,38,2,0,0
19,39,2,0,3
19,40,2,0,8
19,41,2,3,17
19,42,3,0,0
19,43,3,0,6
19,44,3,0,22
19,45,3,0,18
19,46,3,0,10
19,47,3,0,2
19,48,3,0,10
19,49,3,0,11
20,0,3,0,20
20,1,3,0,14
20,2,3,0,16
20,3,3,0,15
20,4,2,3,22
20,5,2,3,20
20,6,2,0,21
20,7,2,0,13
20,8,2,0,21
20,9,2,0,23
20,10,2,0,2
20,11,2,0,5
20,12,2,0,5
20,13,2,0,12
20,14,2,3,13
20,15,3,0,2
20,16,3,0,14
20,17,3,0,8
20,18,2,3,24
20,19,2,0,8
20,20,2,3,0
20,21,2,3,16
20,22,2,3,16
20,23,2,3,19
20,24,2,0,16
20,25,2,0,24
20,26,2,0,10
20,27,2,3,1
20,28,3,0,2
20,29,2,3,23
20,30,2,0,21
20,31,2,0,6
20,32,2,3,20
20,33,2,3,20
20,34,2,0,21
20,35,2,0,15
20,36,2,0,1
20,37,2,0,2
20,38,2,0,8
20,39,2,0,8
20,40,2,0,4
20,41,2,3,18
20,42,3,0,0
20,43,3,0,9
20,44,3,0,11
20,45,3,0,23
20,46,3,0,15
20,47,3,0,1
20,48,3,0,21
20,49,3,0,22
21,0,3,0,3
21,1,3,0,9
21,2,3,0,23
21,3,3,0,5
21,4,2,3,8
21,5,2,3,7
21,6,2,0,13
21,7,2,0,7
21,8,2,0,11
21,9,2,0,20
21,10,2,0,4
21,11,2,0,11
21,12,2,3,20
21,13,2,3,13
21,14,3,0,6
21,15,3,0,1
21,16,3,0,2
21,17,2,3,6
21,18,2,0,20
21,19,2,0,2
21,20,2,3,4
21,21,2,3,4
21,22,2,3,4
21,23,2,0,8
21,24,2,0,11
21,25,2,0,11
21,26,2,0,6
21,27,2,3,1
21,28,3,0,6
21,29,2,3,22
21,30,2,3,20
21,31,2,3,13
21,32,2,3,8
21,33,2,3,23
21,34,2,0,23
21,35,2,0,9
21,36,2,0,21
21,37,2,0,20
21,38,2,0,9
21,39,2,0,4
21,40,2,3,5
21,41,3,0,22
21,42,3,0,2
21,43,3,0,6
21,44,3,0,14
21,45,3,0,10
21,46,3,0,21
21,47,3,0,18
21,48,3,0,24
21,49,3,0,1
22,0,3,0,2
22,1,3,0,20
22,2,3,0,10
22,3,3,0,24
22,4,3,0,20
22,5,2,3,21
22,6,2,0,10
22,7,2,0,5
22,8,2,0,9
22,9,2,0,1
22,10,2,0,23
22,11,2,3,5
22,12,2,3,8
22,13,3,0,1
22,14,3,0,12
22,15,3,0,12
22,16,3,0,8
22,17,2,3,24
22,18,2,0,14
22,19,2,0,21
22,20,2,0,23
22,21,2,0,12
22,22,2,0,2
22,23,2,0,2
22,24,2,0,24
22,25,2,0,12
22,26,2,0,11
22,27,2,3,3
22,28,3,0,9
22,29,2,3,8
22,30,2,3,8
22,31,3,0,19
22,32,3,0,9
22,33,2,3,24
22,34,2,0,18
22,35,2,0,10
22,36,2,0,20
22,37,2,0,0
22,38,2,0,21
22,39,2,3,0
22,40,3,0,4
22,41,3,0,16
22,42,3,0,23
22,43,3,0,10
22,44,3,0,20
22,45,3,0,8
22,46,3,0,20
22,47,3,0,2
22,48,3,0,9
22,49,3,0,20
23,0,3,0,20
23,1,3,0,24
23,2,3,0,15
23,3,3,0,13
23,4,3,0,11
23,5,2,3,7
23,6,2,0,6
23,7,2,0,2
23,8,2,0,9
23,9,2,3,20
23,10,2,3,5
23,11,3,0,13
23,12,3,0,1
23,13,3,0,18
23,14,3,0,16
23,15,3,0,10
23,16,2,3,14
23,17,2,0,12
23,18,2,0,6
23,19,2,0,9
23,20,2,0,0
23,21,2,0,18
23,22,2,0,24
23,23,2,0,7
23,24,2,0,13
23,25,2,0,8
23,26,2,0,5
23,27,2,3,1
23,28,3,0,24
23,29,3,0,8
23,30,3,0,6
23,31,3,0,10
23,32,2,3,19
23,33,2,0,21
23,34,2,0,19
23,35,2,0,18
23,36,2,0,20
23,37,2,0,2
23,38,2,0,20
23,39,2,3,18
23,40,3,0,14
23,41,3,0,7
23,42,3,0,11
23,43,3,0,2
23,44,3,0,1
23,45,3,0,0
23,46,3,0,7
23,47,3,0,20
23,48,3,0,11
23,49,3,0,4
24,0,3,0,20
24,1,3,0,3
24,2,3,0,12
24,3,3,0,12
24,4,3,0,24
24,5,2,3,22
24,6,2,0,6
24,7,2,0,18
24,8,2,3,15
24,9,2,3,8
24,10,3,0,15
24,11,3,0,21
24,12,3,0,15
24,13,3,0,13
24,14,2,3,16
24,15,2,3,11
24,16,2,0,19
24,17,2,0,24
24,18,2,0,21
24,19,2,0,17
24,20,2,0,2
24,21,2,3,20
24,22,2,0,19
24,23,2,0,22
24,24,2,0,19
24,25,2,0,24
24,26,2,0,15
24,27,2,3,1
24,28,2,3,16
24,29,3,0,15
24,30,2,3,16
24,31,2,3,14
24,32,2,0,16
24,33,2,0,1
24,34,2,0,21
24,35,2,0,8
24,36,2,0,17
24,37,2,0,19
24,38,2,3,13
24,39,3,0,12
24,40,3,0,4
24,41,3,0,19
24,42,3,0,15
24,43,3,0,15
24,44,3,0,1
24,45,3,0,16
24,46,3,0,19
24,47,3,0,5
24,48,3,0,8
24,49,3,0,16
25,0,3,0,15
25,1,3,0,24
25,2,3,0,0
25,3,3,0,1
25,4,3,0,10
25,5,2,3,7
25,6,2,3,20
25,7,2,3,15
25,8,3,0,8
25,9,3,0,0
25,10,3,0,24
25,11,3,0,22
25,12,2,3,16
25,13,2,3,19
25,14,2,3,4
25,15,2,0,3
25,16,2,0,24
25,17,2,0,19
25,18,2,0,3
25,19,2,0,24
25,20,2,3,10
25,21,2,3,22
25,22,2,3,20
25,23,2,0,15
25,24,2,0,8
25,25,2,0,19
25,26,2,0,18
25,27,2,3,4
25,28,2,3,3
25,29,2,3,14
25,30,2,3,4
25,31,2,0,21
25,32,2,0,6
25,33,2,0,11
25,34,2,0,2
25,35,2,0,10
25,36,2,0,5
25,37,2,3,10
25,38,3,0,22
25,39,3,0,9
25,40,3,0,12
25,41,3,0,16
25,42,3,0,14
25,43,3,0,20
25,44,3,0,4
25,45,3,0,12
25,46,3,0,15
25,47,3,0,13
25,48,3,0,17
25,49,3,0,10
26,0,3,0,7
26,1,3,0,14
26,2,3,0,1
26,3,3,0,16
26,4,3,0,5
26,5,2,3,8
26,6,2,3,8
26,7,3,0,15
26,8,3,0,1
26,9,3,0,24
26,10,3,0,9
26,11,2,3,19
26,12,2,3,4
26,13,2,0,4
26,14,2,0,11
26,15,2,0,10
26,16,2,0,9
26,17,2,0,22
26,18,2,0,4
26,19,2,3,0
26,20,3,0,7
26,21,2,3,8
26,22,2,3,22
26,23,2,3,20
26,24,2,0,1
26,25,2,0,6
26,26,2,0,18
26,27,2,0,1
26,28,2,3,4
26,29,2,0,11
26,30,2,0,8
26,31,2,0,12
26,32,2,0,21
26,33,2,0,18
26,34,2,0,2
26,35,2,0,6
26,36,2,3,10
26,37,3,0,9
26,38,3,0,17
26,39,3,0,15
26,40,3,0,12
26,41,3,0,12
26,42,3,0,2
26,43,3,0,0
26,44,3,0,7
26,45,3,0,5
26,46,3,0,14
26,47,3,0,16
26,48,3,0,3
26,49,3,0,5
27,0,3,0,18
27,1,3,0,20
27,2,3,0,10
27,3,3,0,15
27,4,3,0,13
27,5,3,0,6
27,6,3,0,2
27,7,3,0,0
27,8,3,0,11
27,9,3,0,23
27,10,2,3,14
27,11,2,0,4
27,12,2,0,20
27,13,2,0,12
27,14,2,0,6
27,15,2,0,0
27,16,2,0,14
27,17,2,0,13
27,18,2,0,18
27,19,2,3,18
27,20,3,0,21
27,21,3,0,15
27,22,2,3,8
27,23,2,3,22
27,24,2,0,16
27,25,2,0,14
27,26,2,0,7
27,27,2,0,21
27,28,2,0,17
27,29,2,0,22
27,30,2,0,19
27,31,2,0,10
27,32,2,0,19
27,33,2,0,14
27,34,2,0,24
27,35,2,3,0
27,36,3,0,12
27,37,3,0,24
27,38,3,0,4
27,39,3,0,13
27,40,3,0,23
27,41,3,0,16
27,42,3,0,3
27,43,3,0,12
27,44,3,0,15
27,45,3,0,5
27,46,3,0,12
27,47,3,0,7
27,48,3,0,4
27,49,3,0,7
28,0,3,0,4
28,1,3,0,19
28,2,3,0,18
28,3,3,0,15
28,4,3,0,5
28,5,3,0,21
28,6,3,0,5
28,7,3,0,24
28,8,3,0,8
28,9,2,3,11
28,10,2,0,13
28,11,2,0,14
28,12,2,0,2
28,13,2,0,16
28,14,2,0,0
28,15,2,0,16
28,16,2,0,20
28,17,2,0,15
28,18,2,0,1
28,19,3,0,8
28,20,3,0,10
28,21,3,0,18
28,22,3,0,3
28,23,2,3,24
28,24,2,0,6
28,25,2,0,15
28,26,2,0,16
28,27,2,0,13
28,28,2,0,7
28,29,2,0,5
28,30,2,0,10
28,31,2,0,20
28,32,2,0,16
28,33,2,0,9
28,34,2,0,1
28,35,2,3,18
28,36,3,0,0
28,37,3,0,8
28,38,3,0,0
28,39,3,0,10
28,40,3,0,8
28,41,3,0,17
28,42,3,0,10
28,43,3,0,8
28,44,3,0,8
28,45,3,0,9
28,46,3,0,7
28,47,3,0,21
28,48,3,0,24
28,49,3,0,10
29,0,3,0,19
29,1,3,0,21
29,2,3,0,13
29,3,3,0,1
29,4,3,0,0
29,5,3,0,0
29,6,3,0,0
29,7,3,0,9
29,8,2,3,19
29,9,2,0,3
29,10,2,0,2
29,11,2,0,1
29,12,2,0,15
29,13,2,0,16
29,14,2,0,18
29,15,2,0,22
29,16,2,0,1
29,17,2,0,20
29,18,2,3,18
29,19,3,0,21
29,20,3,0,4
29,21,3,0,15
29,22,2,3,6
29,23,2,0,15
29,24,2,0,2
29,25,2,0,22
29,26,2,0,15
29,27,2,0,10
29,28,2,0,21
29,29,2,0,4
29,30,2,0,8
29,31,2,0,3
29,32,2,0,13
29,33,2,3,20
29,34,2,3,15
29,35,3,0,15
29,36,3,0,1
29,37,3,0,7
29,38,3,0,14
29,39,3,0,24
29,40,3,0,17
29,41,3,0,9
29,42,3,0,24
29,43,3,0,18
29,44,3,0,8
29,45,3,0,9
29,46,3,0,22
29,47,3,0,24
29,48,3,0,22
29,49,3,0,8
30,0,3,0,7
30,1,3,0,20
30,2,3,0,16
30,3,3,0,15
30,4,3,0,17
30,5,3,0,6
30,6,3,0,23
30,7,2,3,19
30,8,2,0,4
30,9,2,0,22
30,10,2,0,4
30,11,2,0,6
30,12,2,0,6
30,13,2,0,9
30,14,2,0,13
30,15,2,0,3
30,16,2,0,14
30,17,2,3,0
30,18,3,0,18
30,19,3,0,13
30,20,3,0,11
30,21,3,0,16
30,22,2,3,22
30,23,2,0,18
30,24,2,0,23
30,25,2,0,10
30,26,2,0,0
30,27,2,0,19
30,28,2,0,0
30,29,2,0,24
30,30,2,0,20
30,31,2,3,20
30,32,2,3,15
30,33,2,3,8
30,34,3,0,15
30,35,3,0,12
30,36,3,0,16
30,37,3,0,22
30,38,3,0,9
30,39,3,0,5
30,40,3,0,17
30,41,3,0,1
30,42,3,0,4
30,43,3,0,10
30,44,3,0,21
30,45,3,0,19
30,46,3,0,1
30,47,3,0,14
30,48,3,0,6
30,49,3,0,9
31,0,3,0,2
31,1,3,0,20
31,2,3,0,16
31,3,3,0,13
31,4,3,0,4
31,5,3,0,19
31,6,2,3,19
31,7,2,0,2
31,8,2,0,13
31,9,2,0,8
31,10,2,0,14
31,11,2,0,3
31,12,2,0,4
31,13,2,0,14
31,14,2,0,23
31,15,2,0,16
31,16,2,0,0
31,17,2,3,3
31,18,3,0,21
31,19,3,0,23
31,20,3,0,3
31,21,3,0,16
31,22,2,3,24
31,23,2,0,3
31,24,2,0,13
31,25,2,0,23
31,26,2,0,0
31,27,2,0,5
31,28,2,0,6
31,29,2,0,13
31,30,2,3,5
31,31,2,3,8
31,32,3,0,16
31,33,3,0,19
31,34,3,0,15
31,35,3,0,10
31,36,3,0,24
31,37,3,0,8
31,38,3,0,7
31,39,3,0,15
31,40,3,0,5
31,41,3,0,13
31,42,3,0,18
31,43,3,0,3
31,44,3,0,2
31,45,3,0,1
31,46,3,0,15
31,47,3,0,14
31,48,3,0,9
32,0,3,0,8
32,1,3,0,7
32,2,3,0,22
32,3,3,0,9
32,4,3,0,18
32,5,2,3,6
32,6,2,0,2
32,7,2,0,14
32,8,2,0,6
32,9,2,0,16
32,10,2,0,14
32,11,2,0,16
32,12,2,0,20
32,13,2,0,12
32,14,2,0,8
32,15,2,0,13
32,16,2,0,0
32,17,2,3,18
32,18,3,0,11
32,19,3,0,7
32,20,3,0,24
32,21,2,3,6
32,22,2,0,18
32,23,2,0,13
32,24,2,0,24
32,25,2,0,15
32,26,2,0,3
32,27,2,0,19
32,28,2,0,2
32,29,2,3,0
32,30,3,0,12
32,31,3,0,10
32,32,3,0,24
32,33,3,0,14
32,34,3,0,22
32,35,3,0,10
32,36,3,0,17
32,37,3,0,1
32,38,3,0,14
32,39,3,0,22
32,40,3,0,14
32,41,3,0,6
32,42,3,0,10
32,43,3,0,10
32,44,3,0,19
32,45,3,0,1
32,46,3,0,14
32,47,3,0,17
32,48,3,0,0
33,0,3,0,13
33,1,3,0,2
33,2,3,0,10
33,3,3,0,14
33,4,3,0,23
33,5,2,3,24
33,6,2,0,15
33,7,2,0,20
33,8,2,0,14
33,9,2,0,23
33,10,2,0,9
33,11,2,0,1
33,12,2,0,22
33,13,2,0,23
33,14,2,0,12
33,15,2,0,2
33,16,2,3,0
33,17,3,0,5
33,18,3,0,16
33,19,3,0,4
33,20,3,0,16
33,21,2,3,7
33,22,2,0,24
33,23,2,0,24
33,24,2,0,17
33,25,2,0,0
33,26,2,0,1
33,27,2,0,7
33,28,2,0,4
33,29,3,0,24
33,30,3,0,4
33,31,3,0,24
33,32,3,0,8
33,33,3,0,10
33,34,3,0,18
33,35,3,0,5
33,36,3,0,12
33,37,3,0,19
33,38,3,0,19
33,39,3,0,3
33,40,3,0,3
33,41,3,0,2
33,42,3,0,7
33,43,3,0,1
33,44,3,0,23
33,45,3,0,15
33,46,3,0,22
33,47,3,0,15
33,48,3,0,18
34,0,3,0,10
34,1,3,0,21
34,2,3,0,4
34,3,3,0,1
34,4,2,3,6
34,5,2,3,20
34,6,2,0,19
34,7,2,0,9
34,8,2,0,12
34,9,2,0,22
34,10,2,0,3
34,11,2,0,5
34,12,2,0,20
34,13,2,0,11
34,14,2,0,20
34,15,2,0,10
34,16,2,3,2
34,17,2,3,16
34,18,3,0,3
34,19,3,0,19
34,20,3,0,11
34,21,2,3,24
34,22,2,0,18
34,23,2,0,6
34,24,2,0,6
34,25,2,0,17
34,26,2,0,24
34,27,2,0,3
34,28,2,3,0
34,29,3,0,13
34,30,3,0,16
34,31,3,0,1
34,32,3,0,6
34,33,3,0,12
34,34,3,0,18
34,35,3,0,17
34,36,3,0,14
34,37,3,0,9
34,38,3,0,0
34,39,3,0,9
34,40,3,0,10
34,41,3,0,7
34,42,3,0,17
34,43,3,0,8
34,44,3,0,24
34,45,3,0,11
34,46,3,0,19
34,47,3,0,9
34,48,3,0,14
35,0,3,0,6
35,1,3,0,8
35,2,3,0,15
35,3,3,0,2
35,4,2,3,8
35,5,2,3,7
35,6,2,0,3
35,7,2,0,15
35,8,2,0,20
35,9,2,0,22
35,10,2,0,12
35,11,2,0,6
35,12,2,0,23
35,13,2,0,1
35,14,2,0,8
35,15,2,0,23
35,16,2,3,4
35,17,2,3,2
35,18,2,3,16
35,19,2,3,16
35,20,2,3,9
35,21,2,0,1
35,22,2,0,11
35,23,2,0,3
35,24,2,0,6
35,25,2,0,23
35,26,2,0,5
35,27,2,0,18
35,28,2,3,18
35,29,3,0,18
35,30,3,0,18
35,31,3,0,18
35,32,3,0,7
35,33,3,0,2
35,34,3,0,19
35,35,3,0,6
35,36,3,0,5
35,37,3,0,1
35,38,3,0,2
35,39,3,0,18
35,40,3,0,24
35,41,3,0,12
35,42,3,0,8
35,43,3,0,24
35,44,3,0,0
35,45,3,0,6
35,46,3,0,11
35,47,3,0,4
35,48,3,0,9
36,0,3,0,20
36,1,3,0,18
36,2,3,0,19
36,3,3,0,3
36,4,3,0,7
36,5,2,3,23
36,6,2,0,13
36,7,2,0,17
36,8,2,0,1
36,9,2,0,19
36,10,2,0,13
36,11,2,0,14
36,12,2,0,14
36,13,2,0,13
36,14,2,0,12
36,15,2,0,21
36,16,2,0,13
36,17,2,3,4
36,18,2,0,15
36,19,2,3,4
36,20,2,0,18
36,21,2,0,6
36,22,2,0,23
36,23,2,0,6
36,24,2,0,24
36,25,2,0,13
36,26,2,0,15
36,27,2,3,13
36,28,3,0,2
36,29,3,0,11
36,30,3,0,5
36,31,3,0,15
36,32,3,0,2
36,33,3,0,17
36,34,3,0,4
36,35,3,0,23
36,36,3,0,0
36,37,3,0,7
36,38,3,0,8
36,39,3,0,22
36,40,3,0,6
36,41,3,0,24
36,42,3,0,23
36,43,3,0,3
36,44,3,0,22
36,45,3,0,0
36,46,3,0,0
36,47,3,0,12
36,48,3,0,16
37,0,3,0,10
37,1,3,0,3
37,2,3,0,17
37,3,3,0,10
37,4,3,0,19
37,5,2,3,22
37,6,2,0,1
37,7,2,0,13
37,8,2,0,4
37,9,2,0,1
37,10,2,0,21
37,11,2,0,6
37,12,2,0,2
37,13,2,0,14
37,14,2,0,19
37,15,2,0,14
37,16,2,0,14
37,17,2,0,0
37,18,2,0,8
37,19,2,0,15
37,20,2,0,18
37,21,2,0,24
37,22,2,0,7
37,23,2,0,23
37,24,2,0,3
37,25,2,0,15
37,26,2,3,10
37,27,3,0,13
37,28,3,0,7
37,29,3,0,23
37,30,3,0,3
37,31,3,0,12
37,32,3,0,15
37,33,3,0,16
37,34,3,0,1
37,35,3,0,19
37,36,3,0,2
37,37,3,0,14
37,38,3,0,15
37,39,3,0,20
37,40,3,0,7
37,41,3,0,4
37,42,3,0,8
37,43,3,0,12
37,44,3,0,3
37,45,3,0,9
37,46,3,0,2
37,47,3,0,6
37,48,3,0,5
38,0,3,0,12
38,1,3,0,0
38,2,3,0,6
38,3,3,0,19
38,4,3,0,4
38,5,2,3,22
38,6,2,0,1
38,7,2,0,17
38,8,2,0,0
38,9,2,0,9
38,10,2,0,20
38,11,2,0,2
38,12,2,0,13
38,13,2,0,19
38,14,2,0,16
38,15,2,0,4
38,16,2,0,18
38,17,2,0,9
38,18,2,0,12
38,19,2,0,0
38,20,2,0,15
38,21,2,0,23
38,22,2,0,15
38,23,2,0,1
38,24,2,0,1
38,25,2,3,15
38,26,3,0,20
38,27,3,0,7
38,28,3,0,6
38,29,3,0,8
38,30,3,0,4
38,31,3,0,12
38,32,3,0,23
38,33,3,0,2
38,34,3,0,2
38,35,3,0,12
38,36,3,0,18
38,37,3,0,17
38,38,3,0,24
38,39,3,0,9
38,40,3,0,0
38,41,3,0,5
38,42,3,0,21
38,43,3,0,22
38,44,3,0,15
38,45,3,0,18
38,46,3,0,19
38,47,3,0,18
38,48,3,0,5
39,0,3,0,17
39,1,3,0,13
39,2,3,0,24
39,3,3,0,12
39,4,3,0,14
39,5,2,3,21
39,6,2,0,11
39,7,2,0,20
39,8,2,0,17
39,9,2,0,4
39,10,2,0,13
39,11,2,0,16
39,12,2,0,9
39,13,2,0,12
39,14,2,0,13
39,15,2,0,1
39,16,2,0,6
39,17,2,0,4
39,18,2,0,2
39,19,2,0,2
39,20,2,0,17
39,21,2,3,20
39,22,2,3,20
39,23,2,0,5
39,24,2,3,10
39,25,3,0,20
39,26,3,0,13
39,27,3,0,12
39,28,3,0,19
39,29,3,0,22
39,30,3,0,12
39,31,3,0,9
39,32,3,0,17
39,33,3,0,20
39,34,3,0,15
39,35,3,0,3
39,36,3,0,18
39,37,3,0,14
39,38,3,0,7
39,39,3,0,18
39,40,3,0,8
39,41,3,0,20
39,42,3,0,8
39,43,3,0,0
39,44,3,0,23
39,45,3,0,24
39,46,3,0,12
39,47,3,0,20
39,48,3,0,3
40,0,3,0,4
40,1,3,0,11
40,2,3,0,23
40,3,3,0,20
40,4,3,0,15
40,5,2,3,21
40,6,2,3,20
40,7,2,0,9
40,8,2,0,2
40,9,2,0,14
40,10,2,0,6
40,11,2,0,4
40,12,2,0,24
40,13,2,0,19
40,14,2,0,7
40,15,2,0,13
40,16,2,0,12
40,17,2,0,1
40,18,2,0,20
40,19,2,0,5
40,20,2,3,5
40,21,2,3,8
40,22,2,3,21
40,23,2,3,5
40,24,3,0,8
40,25,3,0,2
40,26,3,0,23
40,27,3,0,1
40,28,3,0,13
40,29,3,0,16
40,30,3,0,7
40,31,3,0,10
40,32,3,0,17
40,33,3,0,12
40,34,3,0,1
40,35,3,0,7
40,36,3,0,9
40,37,3,0,3
40,38,3,0,16
40,39,3,0,6
40,40,3,0,4
40,41,3,0,12
40,42,3,0,22
40,43,3,0,7
40,44,3,0,18
40,45,3,0,16
40,46,3,0,22
40,47,3,0,14
40,48,3,0,10
41,0,3,0,6
41,1,3,0,18
41,2,3,0,20
41,3,3,0,6
41,4,3,0,20
41,5,2,3,8
41,6,2,3,23
41,7,2,0,8
41,8,2,0,4
41,9,2,0,17
41,10,2,0,17
41,11,2,0,22
41,12,2,0,21
41,13,2,0,19
41,14,2,0,17
41,15,2,0,6
41,16,2,0,0
41,17,2,0,0
41,18,2,0,0
41,19,2,3,13
41,20,3,0,10
41,21,3,0,23
41,22,2,3,8
41,23,3,0,4
41,24,3,0,24
41,25,3,0,23
41,26,3,0,18
41,27,3,0,21
41,28,3,0,24
41,29,3,0,0
41,30,3,0,18
41,31,3,0,15
41,32,3,0,4
41,33,3,0,21
41,34,3,0,21
41,35,3,0,5
41,36,3,0,22
41,37,3,0,2
41,38,3,0,12
41,39,3,0,18
41,40,3,0,12
41,41,3,0,14
41,42,3,0,9
41,43,3,0,19
41,44,3,0,4
41,45,3,0,18
41,46,3,0,18
41,47,3,0,3
41,48,3,0,15
42,0,3,0,7
42,1,3,0,3
42,2,3,0,6
42,3,3,0,14
42,4,3,0,4
42,5,3,0,1
42,6,2,3,23
42,7,2,0,12
42,8,2,0,5
42,9,2,0,12
42,10,2,0,0
42,11,2,0,23
42,12,2,0,20
42,13,2,0,10
42,14,2,0,7
42,15,2,0,23
42,16,2,0,1
42,17,2,3,20
42,18,2,3,10
42,19,3,0,7
42,20,3,0,3
42,21,3,0,15
42,22,3,0,3
42,23,3,0,6
42,24,3,0,18
42,25,3,0,8
42,26,3,0,16
42,27,3,0,15
42,28,3,0,20
42,29,3,0,7
42,30,3,0,9
42,31,3,0,19
42,32,3,0,21
42,33,3,0,2
42,34,3,0,23
42,35,3,0,16
42,36,3,0,10
42,37,3,0,16
42,38,3,0,8
42,39,3,0,8
42,40,3,0,8
42,41,3,0,18
42,42,3,0,24
42,43,3,0,5
42,44,3,0,18
42,45,3,0,5
42,46,3,0,2
42,47,3,0,15
42,48,3,0,20
43,0,3,0,8
43,1,3,0,9
43,2,3,0,19
43,3,3,0,8
43,4,3,0,5
43,5,3,0,6
43,6,2,3,22
43,7,2,3,20
43,8,2,0,4
43,9,2,0,5
43,10,2,0,0
43,11,2,0,17
43,12,2,0,3
43,13,2,0,9
43,14,2,0,24
43,15,2,0,5
43,16,2,3,0
43,17,2,3,8
43,18,3,0,20
43,19,3,0,8
43,20,3,0,11
43,21,3,0,1
43,22,3,0,1
43,23,3,0,17
43,24,3,0,12
43,25,3,0,19
43,26,3,0,14
43,27,3,0,0
43,28,3,0,16
43,29,3,0,19
43,30,3,0,7
43,31,3,0,7
43,32,3,0,11
43,33,3,0,7
43,34,3,0,13
43,35,3,0,20
43,36,3,0,7
43,37,3,0,18
43,38,3,0,3
43,39,3,0,13
43,40,3,0,23
43,41,3,0,3
43,42,3,0,18
43,43,3,0,3
43,44,3,0,13
43,45,3,0,2
43,46,3,0,12
43,47,3,0,9
43,48,3,0,22
44,0,3,0,11
44,1,3,0,13
44,2,3,0,21
44,3,3,0,23
44,4,3,0,13
44,5,3,0,8
44,6,2,3,8
44,7,2,3,21
44,8,2,0,7
44,9,2,0,5
44,10,2,0,19
44,11,2,0,13
44,12,2,0,8
44,13,2,0,3
44,14,2,0,20
44,15,2,0,16
44,16,2,3,18
44,17,3,0,1
44,18,3,0,20
44,19,3,0,13
44,20,3,0,18
44,21,3,0,9
44,22,3,0,3
44,23,3,0,17
44,24,3,0,1
44,25,3,0,22
44,26,3,0,23
44,27,3,0,7
44,28,3,0,15
44,29,3,0,21
44,30,3,0,14
44,31,3,0,15
44,32,3,0,3
44,33,3,0,13
44,34,3,0,17
44,35,3,0,0
44,36,3,0,20
44,37,3,0,22
44,38,3,0,11
44,39,3,0,14
44,40,3,0,2
44,41,3,0,22
44,42,3,0,7
44,43,3,0,6
44,44,3,0,22
44,45,3,0,9
44,46,3,0,11
44,47,3,0,3
44,48,3,0,11
45,0,3,0,21
45,1,3,0,2
45,2,3,0,21
45,3,3,0,10
45,4,3,0,0
45,5,3,0,13
45,6,3,0,9
45,7,2,3,7
45,8,2,0,13
45,9,2,0,8
45,10,2,0,2
45,11,2,0,24
45,12,2,0,12
45,13,2,0,3
45,14,2,3,20
45,15,2,3,10
45,16,3,0,1
45,17,3,0,22
45,18,3,0,8
45,19,3,0,24
45,20,3,0,7
45,21,3,0,9
45,22,3,0,13
45,23,3,0,6
45,24,3,0,17
45,25,3,0,21
45,26,3,0,22
45,27,3,0,18
45,28,3,0,11
45,29,3,0,23
45,30,3,0,1
45,31,3,0,7
45,32,3,0,19
45,33,3,0,9
45,34,3,0,7
45,35,3,0,9
45,36,3,0,18
45,37,3,0,10
45,38,3,0,3
45,39,3,0,15
45,40,3,0,17
45,41,3,0,12
45,42,3,0,24
45,43,3,0,9
45,44,3,0,7
45,45,3,0,10
45,46,3,0,13
45,47,3,0,24
45,48,3,0,3
46,0,3,0,7
46,1,3,0,13
46,2,3,0,18
46,3,3,0,15
46,4,3,0,15
46,5,3,0,0
46,6,3,0,6
46,7,2,3,7
46,8,2,0,17
46,9,2,0,10
46,10,2,0,3
46,11,2,0,3
46,12,2,0,14
46,13,2,3,15
46,14,2,3,8
46,15,3,0,21
46,16,3,0,21
46,17,3,0,12
46,18,3,0,15
46,19,3,0,22
46,20,3,0,16
46,21,3,0,14
46,22,3,0,5
46,23,3,0,0
46,24,3,0,3
46,25,3,0,23
46,26,3,0,23
46,27,3,0,5
46,28,3,0,18
46,29,3,0,9
46,30,3,0,13
46,31,3,0,5
46,32,3,0,2
46,33,3,0,18
46,34,3,0,4
46,35,3,0,18
46,36,3,0,19
46,37,3,0,5
46,38,3,0,12
46,39,3,0,5
46,40,3,0,0
46,41,3,0,5
46,42,3,0,8
46,43,3,0,6
46,44,3,0,15
46,45,3,0,15
46,46,3,0,19
46,47,3,0,18
46,48,3,0,8
47,0,3,0,12
47,1,3,0,7
47,2,3,0,5
47,3,3,0,9
47,4,3,0,18
47,5,3,0,20
47,6,3,0,21
47,7,2,3,7
47,8,2,0,1
47,9,2,0,15
47,10,2,0,1
47,11,2,3,20
47,12,2,3,13
47,13,3,0,23
47,14,3,0,15
47,15,3,0,2
47,16,3,0,13
47,17,3,0,10
47,18,3,0,5
47,19,3,0,9
47,20,3,0,10
47,21,3,0,18
47,22,3,0,22
47,23,3,0,2
47,24,3,0,0
47,25,3,0,0
47,26,3,0,3
47,27,3,0,6
47,28,3,0,3
47,29,3,0,17
47,30,3,0,1
47,31,3,0,6
47,32,3,0,23
47,33,3,0,2
47,34,3,0,21
47,35,3,0,18
47,36,3,0,10
47,37,3,0,15
47,38,3,0,13
47,39,3,0,6
47,40,3,0,14
47,41,3,0,13
47,42,3,0,9
47,43,3,0,6
47,44,3,0,24
47,45,3,0,15
47,46,3,0,9
47,47,3,0,19
47,48,3,0,0
48,0,3,0,23
48,1,3,0,21
48,2,3,0,3
48,3,3,0,4
48,4,3,0,11
48,5,3,0,24
48,6,3,0,2
48,7,2,3,22
48,8,2,3,20
48,9,2,3,20
48,10,2,3,15
48,11,2,3,8
48,12,3,0,11
48,13,3,0,7
48,14,3,0,21
48,15,3,0,0
48,16,3,0,6
48,17,3,0,8
48,18,3,0,19
48,19,3,0,13
48,20,3,0,15
48,21,3,0,11
48,22,3,0,0
48,23,3,0,16
48,24,3,0,19
48,25,3,0,8
48,26,3,0,21
48,27,3,0,21
48,28,3,0,14
48,29,3,0,6
48,30,3,0,2
48,31,3,0,10
48,32,3,0,22
48,33,3,0,6
48,34,3,0,18
48,35,3,0,6
48,36,3,0,19
48,37,3,0,17
48,38,3,0,11
48,39,3,0,15
48,40,3,0,21
48,41,3,0,18
48,42,3,0,18
48,43,3,0,3
48,44,3,0,7
48,45,3,0,2
48,46,3,0,11
48,47,3,0,14
48,48,3,0,19
49,0,3,0,15
49,1,3,0,4
49,2,3,0,20
49,3,3,0,1
49,4,3,0,13
49,5,3,0,17
49,6,3,0,12
49,7,2,3,8
49,8,2,3,8
49,9,2,3,8
49,10,3,0,22
49,11,3,0,16
49,12,3,0,24
49,13,3,0,11
49,14,3,0,13
49,15,3,0,22
49,16,3,0,8
49,17,3,0,5
49,18,3,0,14
49,19,3,0,17
49,20,3,0,17
49,21,3,0,5
49,22,3,0,12
49,23,3,0,1
49,24,3,0,21
49,25,3,0,20
49,26,3,0,4
49,27,3,0,24
49,28,3,0,22
49,29,3,0,24
49,30,3,0,19
49,31,3,0,9
49,32,3,0,24
49,33,3,0,24
49,34,3,0,8
49,35,3,0,18
49,36,3,0,19
49,37,3,0,23
49,38,3,0,22
49,39,3,0,2
49,40,3,0,9
49,41,3,0,8
49,42,3,0,17
49,43,3,0,17
49,44,3,0,24
49,45,3,0,16
49,46,3,0,14
49,47,3,0,9
49,48,3,0,16
50,0,3,0,20
50,1,3,0,6
50,2,3,0,9
50,3,3,0,13
50,4,3,0,10
50,5,3,0,10
50,6,3,0,0
50,7,3,0,12
50,8,3,0,5
50,9,3,0,13
50,10,3,0,7
50,11,3,0,19
50,12,3,0,6
50,13,3,0,15
50,14,3,0,5
50,15,3,0,5
50,16,3,0,0
50,17,3,0,1
50,18,3,0,20
50,19,3,0,17
50,20,3,0,0
50,21,3,0,0
50,22,3,0,17
50,23,3,0,19
50,24,3,0,10
50,25,3,0,15
50,26,3,0,19
50,27,3,0,1
50,28,3,0,4
50,29,3,0,12
50,30,3,0,10
50,31,3,0,1
50,32,3,0,21
50,33,3,0,4
50,34,3,0,8
50,35,3,0,20
50,36,3,0,1
50,37,3,0,23
50,38,3,0,0
50,39,3,0,8
50,40,3,0,10
50,41,3,0,5
50,42,3,0,14
50,43,3,0,2
50,44,3,0,18
50,45,3,0,13
50,46,3,0,17
50,47,3,0,16
50,48,3,0,9
51,0,3,0,2
51,1,3,0,7
51,2,3,0,1
51,3,3,0,11
51,4,3,0,23
51,5,3,0,21
51,6,3,0,9
51,7,3,0,16
51,8,3,0,1
51,9,3,0,5
51,10,3,0,17
51,11,3,0,12
51,12,3,0,20
51,13,3,0,23
51,14,3,0,2
51,15,3,0,11
51,16,3,0,13
51,17,3,0,18
51,18,3,0,13
51,19,3,0,17
51,20,3,0,20
51,21,3,0,11
51,22,3,0,3
51,23,3,0,0
51,24,3,0,17
51,25,3,0,18
51,26,3,0,20
51,27,3,0,0
51,28,3,0,6
51,29,3,0,20
51,30,3,0,13
51,31,3,0,16
51,32,3,0,9
51,33,3,0,10
51,34,3,0,22
51,35,3,0,1
51,36,3,0,9
51,37,3,0,12
51,38,3,0,17
51,39,3,0,5
51,40,3,0,5
51,41,3,0,19
51,42,3,0,12
51,43,3,0,23
51,44,3,0,1
51,45,3,0,14
51,46,3,0,2
51,47,3,0,1
51,48,3,0,22
52,0,3,0,13
52,1,3,0,3
52,2,3,0,4
52,3,3,0,14
52,4,3,0,2
52,5,3,0,22
52,6,3,0,1
52,7,3,0,1
52,8,3,0,5
52,9,3,0,21
52,10,3,0,14
52,11,3,0,18
52,12,3,0,23
52,13,3,0,0
52,14,3,0,21
52,15,3,0,15
52,16,3,0,6
52,17,3,0,7
52,18,3,0,15
52,19,3,0,12
52,20,3,0,4
52,21,3,0,0
52,22,3,0,23
52,23,3,0,1
52,24,3,0,16
52,25,3,0,5
52,26,3,0,20
52,27,3,0,12
52,28,3,0,8
52,29,3,0,14
52,30,3,0,16
52,31,3,0,11
52,32,3,0,18
52,33,3,0,1
52,34,3,0,8
52,35,3,0,17
52,36,3,0,8
52,37,3,0,12
52,38,3,0,1
52,39,3,0,8
52,40,3,0,1
52,41,3,0,5
52,42,3,0,15
52,43,3,0,17
52,44,3,0,19
52,45,3,0,0
52,46,3,0,22
52,47,3,0,13
52,48,3,0,3
53,0,3,0,22
53,1,3,0,22
53,2,3,0,22
53,3,3,0,13
53,4,3,0,3
53,5,3,0,18
53,6,3,0,2
53,7,3,0,3
53,8,3,0,6
53,9,3,0,17
53,10,3,0,23
53,11,3,0,24
53,12,3,0,1
53,13,3,0,13
53,14,3,0,20
53,15,3,0,6
53,16,3,0,24
53,17,3,0,1
53,18,3,0,13
53,19,3,0,15
53,20,3,0,11
53,21,3,0,11
53,22,3,0,5
53,23,3,0,8
53,24,3,0,7
53,25,3,0,22
53,26,3,0,22
53,27,3,0,20
53,28,3,0,3
53,29,3,0,6
53,30,3,0,0
53,31,3,0,4
53,32,3,0,9
53,33,3,0,3
53,34,3,0,12
53,35,3,0,7
53,36,3,0,21
53,37,3,0,7
53,38,3,0,1
53,39,3,0,7
53,40,3,0,8
53,41,3,0,2
53,42,3,0,1
53,43,3,0,3
53,44,3,0,12
53,45,3,0,7
53,46,3,0,13
53,47,3,0,10
53,48,3,0,17
54,0,3,0,22
54,1,3,0,11
54,2,3,0,23
54,3,3,0,2
54,4,3,0,23
54,5,3,0,17
54,6,3,0,19
54,7,3,0,0
54,8,3,0,7
54,9,3,0,23
54,10,3,0,23
54,11,3,0,6
54,12,3,0,20
54,13,3,0,17
54,14,3,0,11
54,15,3,0,17
54,16,3,0,8
54,17,3,0,13
54,18,3,0,17
54,19,3,0,13
54,20,3,0,22
54,21,3,0,19
54,22,3,0,16
54,23,3,0,4
54,24,3,0,13
54,25,3,0,23
54,26,3,0,1
54,27,3,0,7
54,28,3,0,16
54,29,3,0,14
54,30,3,0,12
54,31,3,0,23
54,32,3,0,20
54,33,3,0,9
54,34,3,0,5
54,35,3,0,19
54,36,3,0,6
54,37,3,0,24
54,38,3,0,7
54,39,3,0,24
54,40,3,0,17
54,41,3,0,15
54,42,3,0,12
54,43,3,0,14
54,44,3,0,13
54,45,3,0,11
54,46,3,0,2
54,47,3,0,7
54,48,3,0,24
55,0,3,0,21
55,1,3,0,4
55,2,3,0,23
55,3,3,0,1
55,4,3,0,12
55,5,3,0,23
55,6,3,0,4
55,7,3,0,14
55,8,3,0,8
55,9,3,0,14
55,10,3,0,16
55,11,3,0,24
55,12,3,0,22
55,13,3,0,19
55,14,3,0,12
55,15,3,0,19
55,16,3,0,2
55,17,3,0,3
55,18,3,0,7
55,19,3,0,14
55,20,3,0,5
55,21,3,0,10
55,22,3,0,21
55,23,3,0,2
55,24,3,0,5
55,25,3,0,22
55,26,3,0,4
55,27,3,0,6
55,28,3,0,19
55,29,3,0,12
55,30,3,0,19
55,31,3,0,16
55,32,3,0,20
55,33,3,0,23
55,34,3,0,9
55,35,3,0,4
55,36,3,0,16
55,37,3,0,20
55,38,3,0,2
55,39,3,0,16
55,40,3,0,0
55,41,3,0,15
55,42,3,0,8
55,43,3,0,22
55,44,3,0,21
55,45,3,0,0
55,46,3,0,19
55,47,3,0,22
55,48,3,0,17
56,0,3,0,1
56,1,3,0,15
56,2,3,0,9
56,3,3,0,24
56,4,3,0,11
56,5,3,0,19
56,6,3,0,22
56,7,3,0,17
56,8,3,0,18
56,9,3,0,9
56,10,3,0,9
56,11,3,0,21
56,12,3,0,23
56,13,3,0,10
56,14,3,0,17
56,15,3,0,18
56,16,3,0,19
56,17,3,0,20
56,18,3,0,19
56,19,3,0,4
56,20,3,0,9
56,21,3,0,10
56,22,3,0,21
56,23,3,0,6
56,24,3,0,3
56,25,3,0,19
56,26,3,0,8
56,27,3,0,2
56,28,3,0,1
56,29,3,0,24
56,30,3,0,24
56,31,3,0,11
56,32,3,0,6
56,33,3,0,16
56,34,3,0,10
56,35,3,0,17
56,36,3,0,18
56,37,3,0,20
56,38,3,0,9
56,39,3,0,18
56,40,3,0,9
56,41,3,0,21
56,42,3,0,18
56,43,3,0,8
56,44,3,0,23
56,45,3,0,3
56,46,3,0,2
56,47,3,0,20
56,48,3,0,24
57,0,3,0,6
57,1,3,0,4
57,2,3,0,19
57,3,3,0,2
57,4,3,0,22
57,5,3,0,14
57,6,3,0,13
57,7,3,0,5
57,8,3,0,11
57,9,3,0,7
57,10,3,0,6
57,11,3,0,20
57,12,3,0,14
57,13,3,0,9
57,14,3,0,0
57,15,3,0,10
57,16,3,0,4
57,17,3,0,21
57,18,3,0,5
57,19,3,0,9
57,20,3,0,24
57,21,3,0,3
57,22,3,0,17
57,23,3,0,15
57,24,3,0,5
57,25,3,0,4
57,26,3,0,3
57,27,3,0,22
57,28,3,0,13
57,29,3,0,2
57,30,3,0,20
57,31,3,0,24
57,32,3,0,18
57,33,3,0,7
57,34,3,0,14
57,35,3,0,20
57,36,3,0,5
57,37,3,0,3
57,38,3,0,10
57,39,3,0,12
57,40,3,0,4
57,41,3,0,8
57,42,3,0,11
57,43,3,0,18
57,44,3,0,11
57,45,3,0,22
57,46,3,0,15
57,47,3,0,7
57,48,3,0,20
58,0,3,0,19
58,1,3,0,9
58,2,3,0,18
58,3,3,0,14
58,4,3,0,23
58,5,3,0,12
58,6,3,0,20
58,7,3,0,23
58,8,3,0,1
58,9,3,0,14
58,10,3,0,4
58,11,3,0,24
58,12,3,0,3
58,13,3,0,13
58,14,3,0,23
58,15,3,0,10
58,16,3,0,3
58,17,3,0,21
58,18,3,0,5
58,19,3,0,13
58,20,3,0,6
58,21,3,0,0
58,22,3,0,2
58,23,3,0,12
58,24,3,0,3
58,25,3,0,11
58,26,3,0,23
58,27,3,0,15
58,28,3,0,7
58,29,3,0,12
58,30,3,0,22
58,31,3,0,16
58,32,3,0,2
58,33,3,0,23
58,34,3,0,22
58,35,2,3,16
58,36,2,3,16
58,37,2,3,16
58,38,3,0,21
58,39,3,0,9
58,40,3,0,0
58,41,3,0,18
58,42,3,0,4
58,43,3,0,19
58,44,3,0,14
58,45,3,0,16
58,46,3,0,16
58,47,3,0,19
58,48,3,0,18
59,0,3,0,10
59,1,3,0,3
59,2,3,0,23
59,3,3,0,7
59,4,3,0,1
59,5,3,0,8
59,6,3,0,22
59,7,3,0,24
59,8,3,0,10
59,9,3,0,22
59,10,3,0,18
59,11,3,0,8
59,12,3,0,20
59,13,3,0,1
59,14,3,0,15
59,15,3,0,22
59,16,3,0,16
59,17,3,0,18
59,18,3,0,3
59,19,3,0,12
59,20,3,0,21
59,21,3,0,9
59,22,3,0,18
59,23,3,0,13
59,24,3,0,15
59,25,3,0,22
59,26,3,0,5
59,27,3,0,23
59,28,3,0,24
59,29,3,0,21
59,30,3,0,11
59,31,3,0,4
59,32,3,0,7
59,33,3,0,19
59,34,2,3,11
59,35,2,3,4
59,36,2,3,4
59,37,2,3,1
59,38,3,0,12
59,39,3,0,3
59,40,3,0,18
59,41,3,0,1
59,42,3,0,6
59,43,3,0,12
59,44,3,0,14
59,45,3,0,21
59,46,3,0,18
59,47,3,0,10
59,48,3,0,10
60,0,3,0,3
60,1,3,0,24
60,2,3,0,22
60,3,3,0,21
60,4,3,0,16
60,5,3,0,10
60,6,3,0,8
60,7,3,0,8
60,8,3,0,17
60,9,3,0,21
60,10,3,0,6
60,11,3,0,10
60,12,3,0,15
60,13,3,0,20
60,14,3,0,10
60,15,3,0,6
60,16,3,0,18
60,17,3,0,23
60,18,3,0,5
60,19,3,0,17
60,20,3,0,9
60,21,3,0,24
60,22,3,0,16
60,23,3,0,5
60,24,3,0,16
60,25,3,0,10
60,26,3,0,8
60,27,3,0,23
60,28,3,0,16
60,29,3,0,6
60,30,3,0,20
60,31,2,3,16
60,32,2,3,16
60,33,2,3,19
60,34,2,0,18
60,35,2,0,17
60,36,2,0,13
60,37,2,3,2
60,38,3,0,23
60,39,3,0,2
60,40,3,0,6
60,41,3,0,21
60,42,3,0,22
60,43,3,0,20
60,44,3,0,18
60,45,3,0,20
60,46,3,0,6
60,47,3,0,5
60,48,3,0,4
61,0,3,0,20
61,1,3,0,3
61,2,3,0,10
61,3,3,0,13
61,4,3,0,13
61,5,3,0,12
61,6,3,0,22
61,7,3,0,11
61,8,3,0,11
61,9,3,0,4
61,10,3,0,24
61,11,3,0,11
61,12,3,0,1
61,13,3,0,2
61,14,3,0,3
61,15,3,0,1
61,16,3,0,22
61,17,3,0,18
61,18,3,0,3
61,19,3,0,19
61,20,3,0,6
61,21,3,0,20
61,22,3,0,18
61,23,3,0,24
61,24,3,0,6
61,25,3,0,18
61,26,3,0,21
61,27,3,0,3
61,28,3,0,1
61,29,2,3,16
61,30,2,3,9
61,31,2,3,4
61,32,2,3,4
61,33,2,0,18
61,34,2,0,18
61,35,2,0,11
61,36,2,0,19
61,37,2,3,3
61,38,2,3,16
61,39,3,0,13
61,40,3,0,16
61,41,3,0,4
61,42,3,0,1
61,43,3,0,2
61,44,3,0,0
61,45,3,0,14
61,46,3,0,4
61,47,3,0,18
61,48,3,0,24
62,0,3,0,6
62,1,3,0,7
62,2,3,0,20
62,3,3,0,8
62,4,3,0,18
62,5,3,0,17
62,6,3,0,24
62,7,3,0,14
62,8,3,0,11
62,9,3,0,23
62,10,3,0,9
62,11,3,0,11
62,12,3,0,4
62,13,3,0,21
62,14,3,0,11
62,15,3,0,3
62,16,3,0,7
62,17,3,0,19
62,18,3,0,12
62,19,3,0,16
62,20,3,0,8
62,21,3,0,20
62,22,3,0,17
62,23,3,0,21
62,24,3,0,13
62,25,3,0,7
62,26,3,0,1
62,27,3,0,23
62,28,2,3,11
62,29,2,3,4
62,30,2,0,10
62,31,2,0,5
62,32,2,0,9
62,33,2,0,13
62,34,2,0,20
62,35,2,0,1
62,36,2,0,23
62,37,2,3,4
62,38,2,3,2
62,39,3,0,19
62,40,3,0,15
62,41,3,0,19
62,42,3,0,18
62,43,3,0,11
62,44,3,0,17
62,45,3,0,22
62,46,3,0,17
62,47,3,0,3
62,48,3,0,22
63,0,3,0,1
63,1,3,0,6
63,2,3,0,21
63,3,3,0,9
63,4,3,0,5
63,5,3,0,1
63,6,3,0,6
63,7,3,0,9
63,8,3,0,24
63,9,3,0,4
63,10,3,0,1
63,11,3,0,0
63,12,3,0,1
63,13,3,0,18
63,14,3,0,18
63,15,3,0,6
63,16,3,0,3
63,17,3,0,6
63,18,3,0,6
63,19,3,0,13
63,20,3,0,24
63,21,3,0,15
63,22,3,0,5
63,23,3,0,0
63,24,3,0,21
63,25,3,0,6
63,26,3,0,24
63,27,2,3,6
63,28,2,0,2
63,29,2,0,16
63,30,2,0,22
63,31,2,0,22
63,32,2,0,15
63,33,2,0,12
63,34,2,0,12
63,35,2,0,18
63,36,2,0,13
63,37,2,0,15
63,38,2,3,17
63,39,2,3,16
63,40,3,0,13
63,41,3,0,11
63,42,2,3,16
63,43,3,0,22
63,44,3,0,21
63,45,3,0,21
63,46,3,0,24
63,47,3,0,0
63,48,3,0,8
64,0,3,0,18
64,1,3,0,4
64,2,3,0,18
64,3,3,0,1
64,4,3,0,12
64,5,3,0,15
64,6,3,0,7
64,7,3,0,14
64,8,3,0,17
64,9,3,0,23
64,10,3,0,21
64,11,3,0,5
64,12,3,0,19
64,13,3,0,17
64,14,3,0,23
64,15,3,0,19
64,16,3,0,24
64,17,3,0,1
64,18,3,0,17
64,19,3,0,19
64,20,3,0,14
64,21,3,0,10
64,22,3,0,11
64,23,3,0,2
64,24,3,0,14
64,25,3,0,5
64,26,3,0,6
64,27,2,3,24
64,28,2,0,18
64,29,2,0,15
64,30,2,0,16
64,31,2,0,14
64,32,2,0,6
64,33,2,3,20
64,34,2,0,12
64,35,2,0,17
64,36,2,0,1
64,37,2,0,1
64,38,2,3,4
64,39,2,3,3
64,40,2,3,16
64,41,2,3,11
64,42,2,3,2
64,43,2,3,16
64,44,3,0,24
64,45,3,0,15
64,46,3,0,20
64,47,3,0,1
64,48,3,0,7
65,0,3,0,8
65,1,3,0,3
65,2,3,0,19
65,3,3,0,4
65,4,3,0,16
65,5,3,0,12
65,6,3,0,8
65,7,3,0,18
65,8,3,0,3
65,9,3,0,2
65,10,3,0,24
65,11,3,0,9
65,12,3,0,2
65,13,3,0,16
65,14,3,0,7
65,15,3,0,9
65,16,3,0,5
65,17,3,0,3
65,18,3,0,19
65,19,3,0,8
65,20,3,0,13
65,21,3,0,4
65,22,3,0,13
65,23,3,0,19
65,24,3,0,18
65,25,3,0,9
65,26,2,3,11
65,27,2,0,13
65,28,2,0,13
65,29,2,0,23
65,30,2,0,24
65,31,2,3,20
65,32,2,3,13
65,33,2,3,22
65,34,2,0,0
65,35,2,0,20
65,36,2,0,9
65,37,2,0,22
65,38,2,0,14
65,39,2,3,4
65,40,2,3,4
65,41,2,0,23
65,42,2,3,4
65,43,2,3,3
65,44,3,0,3
65,45,3,0,13
65,46,3,0,6
65,47,3,0,0
65,48,3,0,0
66,0,3,0,21
66,1,3,0,24
66,2,3,0,20
66,3,3,0,11
66,4,3,0,6
66,5,3,0,20
66,6,3,0,1
66,7,3,0,17
66,8,3,0,0
66,9,3,0,20
66,10,3,0,7
66,11,3,0,1
66,12,3,0,16
66,13,3,0,4
66,14,3,0,7
66,15,3,0,18
66,16,3,0,5
66,17,3,0,15
66,18,3,0,19
66,19,3,0,15
66,20,3,0,13
66,21,3,0,20
66,22,3,0,17
66,23,3,0,15
66,24,3,0,24
66,25,2,3,9
66,26,2,0,20
66,27,2,0,16
66,28,2,0,1
66,29,2,3,20
66,30,2,3,5
66,31,2,3,8
66,32,3,0,4
66,33,2,3,23
66,34,2,0,18
66,35,2,0,5
66,36,2,0,1
66,37,2,0,24
66,38,2,0,11
66,39,2,0,11
66,40,2,0,9
66,41,2,0,4
66,42,2,0,13
66,43,2,3,18
66,44,3,0,14
66,45,3,0,14
66,46,3,0,22
66,47,3,0,7
66,48,3,0,17
67,0,3,0,4
67,1,3,0,7
67,2,3,0,2
67,3,3,0,23
67,4,3,0,14
67,5,3,0,14
67,6,3,0,17
67,7,3,0,22
67,8,3,0,8
67,9,3,0,10
67,10,3,0,14
67,11,3,0,8
67,12,3,0,2
67,13,3,0,13
67,14,3,0,17
67,15,3,0,4
67,16,3,0,18
67,17,3,0,16
67,18,3,0,18
67,19,3,0,19
67,20,3,0,10
67,21,3,0,3
67,22,3,0,22
67,23,3,0,7
67,24,2,3,6
67,25,2,0,10
67,26,2,0,1
67,27,2,0,9
67,28,2,3,5
67,29,2,3,8
67,30,3,0,9
67,31,3,0,18
67,32,3,0,5
67,33,2,3,24
67,34,2,0,16
67,35,2,0,23
67,36,2,0,16
67,37,2,0,18
67,38,2,0,21
67,39,2,0,3
67,40,2,0,23
67,41,2,0,14
67,42,2,3,0
67,43,3,0,3
67,44,3,0,13
67,45,3,0,19
67,46,3,0,6
67,47,3,0,7
67,48,3,0,20
68,0,3,0,9
68,1,3,0,15
68,2,3,0,21
68,3,3,0,4
68,4,3,0,0
68,5,3,0,5
68,6,3,0,2
68,7,3,0,3
68,8,3,0,12
68,9,3,0,17
68,10,3,0,24
68,11,3,0,13
68,12,3,0,23
68,13,3,0,3
68,14,3,0,10
68,15,3,0,19
68,16,3,0,19
68,17,3,0,23
68,18,3,0,7
68,19,3,0,23
68,20,3,0,23
68,21,3,0,15
68,22,3,0,17
68,23,2,3,16
68,24,2,3,24
68,25,2,0,19
68,26,2,0,3
68,27,2,3,0
68,28,3,0,14
68,29,3,0,17
68,30,3,0,11
68,31,3,0,6
68,32,2,3,6
68,33,2,0,18
68,34,2,0,20
68,35,2,0,6
68,36,2,0,5
68,37,2,0,21
68,38,2,0,15
68,39,2,0,19
68,40,2,0,22
68,41,2,0,6
68,42,2,3,2
68,43,2,3,16
68,44,3,0,11
68,45,3,0,24
68,46,3,0,8
68,47,3,0,17
68,48,3,0,0
69,0,3,0,3
69,1,3,0,6
69,2,3,0,4
69,3,3,0,5
69,4,3,0,8
69,5,3,0,22
69,6,3,0,18
69,7,3,0,8
69,8,3,0,14
69,9,3,0,22
69,10,3,0,1
69,11,3,0,8
69,12,3,0,3
69,13,3,0,4
69,14,3,0,7
69,15,3,0,0
69,16,3,0,8
69,17,3,0,8
69,18,3,0,23
69,19,3,0,22
69,20,3,0,21
69,21,2,3,16
69,22,2,3,9
69,23,2,3,4
69,24,2,0,23
69,25,2,0,17
69,26,2,0,2
69,27,2,3,18
69,28,3,0,13
69,29,3,0,18
69,30,3,0,16
69,31,3,0,15
69,32,2,3,24
69,33,2,0,1
69,34,2,0,7
69,35,2,0,16
69,36,2,0,12
69,37,2,0,1
69,38,2,0,7
69,39,2,0,6
69,40,2,0,18
69,41,2,0,7
69,42,2,3,4
69,43,2,3,3
69,44,3,0,11
69,45,3,0,3
69,46,3,0,2
69,47,3,0,23
69,48,3,0,21
70,0,3,0,13
70,1,3,0,3
70,2,3,0,24
70,3,3,0,1
70,4,3,0,15
70,5,3,0,17
70,6,3,0,20
70,7,3,0,5
70,8,3,0,9
70,9,3,0,7
70,10,3,0,11
70,11,3,0,18
70,12,3,0,19
70,13,3,0,21
70,14,3,0,3
70,15,3,0,23
70,16,3,0,5
70,17,3,0,0
70,18,3,0,20
70,19,3,0,17
70,20,2,3,19
70,21,2,3,4
70,22,2,0,3
70,23,2,0,14
70,24,2,0,9
70,25,2,0,2
70,26,2,3,0
70,27,3,0,0
70,28,3,0,21
70,29,3,0,24
70,30,3,0,7
70,31,2,3,11
70,32,2,0,23
70,33,2,0,8
70,34,2,0,21
70,35,2,0,20
70,36,2,0,19
70,37,2,0,1
70,38,2,0,12
70,39,2,0,8
70,40,2,0,12
70,41,2,0,22
70,42,2,0,11
70,43,2,3,18
70,44,3,0,0
70,45,3,0,14
70,46,3,0,1
70,47,3,0,19
70,48,3,0,22
71,0,3,0,15
71,1,3,0,4
71,2,3,0,12
71,3,3,0,14
71,4,3,0,14
71,5,3,0,17
71,6,3,0,16
71,7,3,0,19
71,8,3,0,18
71,9,3,0,5
71,10,3,0,1
71,11,3,0,14
71,12,3,0,24
71,13,3,0,24
71,14,3,0,20
71,15,3,0,7
71,16,3,0,16
71,17,3,0,12
71,18,3,0,5
71,19,2,3,6
71,20,2,0,5
71,21,2,0,1
71,22,2,0,18
71,23,2,0,10
71,24,2,0,22
71,25,2,0,16
71,26,2,3,18
71,27,3,0,2
71,28,3,0,19
71,29,3,0,4
71,30,2,3,14
71,31,2,0,20
71,32,2,0,23
71,33,2,0,17
71,34,2,0,23
71,35,2,0,2
71,36,2,0,15
71,37,2,0,10
71,38,2,0,5
71,39,2,0,13
71,40,2,0,1
71,41,2,0,10
71,42,2,3,0
71,43,3,0,6
71,44,3,0,18
71,45,3,0,3
71,46,3,0,8
71,47,3,0,10
71,48,3,0,14
72,0,3,0,13
72,1,3,0,16
72,2,3,0,2
72,3,3,0,24
72,4,3,0,20
72,5,3,0,0
72,6,3,0,9
72,7,3,0,23
72,8,3,0,8
72,9,3,0,2
72,10,3,0,20
72,11,3,0,7
72,12,3,0,8
72,13,3,0,1
72,14,3,0,21
72,15,3,0,12
72,16,3,0,20
72,17,3,0,10
72,18,3,0,5
72,19,2,3,24
72,20,2,0,9
72,21,2,0,12
72,22,2,0,5
72,23,2,0,1
72,24,2,0,11
72,25,2,3,0
72,26,3,0,20
72,27,3,0,16
72,28,2,3,16
72,29,2,3,19
72,30,2,0,23
72,31,2,0,16
72,32,2,0,23
72,33,2,0,22
72,34,2,0,9
72,35,2,0,12
72,36,2,0,21
72,37,2,0,8
72,38,2,0,17
72,39,2,0,17
72,40,2,0,10
72,41,2,0,10
72,42,2,3,18
72,43,3,0,1
72,44,3,0,0
72,45,3,0,15
72,46,3,0,6
72,47,3,0,0
72,48,3,0,13
73,0,3,0,17
73,1,3,0,11
73,2,3,0,11
73,3,3,0,24
73,4,3,0,7
73,5,3,0,12
73,6,3,0,13
73,7,3,0,16
73,8,3,0,24
73,9,3,0,22
73,10,3,0,7
73,11,3,0,0
73,12,3,0,17
73,13,3,0,5
73,14,3,0,1
73,15,3,0,12
73,16,3,0,9
73,17,2,3,16
73,18,2,3,14
73,19,2,0,21
73,20,2,0,22
73,21,2,0,1
73,22,2,0,4
73,23,2,0,17
73,24,2,0,18
73,25,2,3,1
73,26,2,3,16
73,27,2,3,19
73,28,2,3,4
73,29,2,0,16
73,30,2,0,2
73,31,2,0,10
73,32,2,0,18
73,33,2,0,21
73,34,2,0,7
73,35,2,0,15
73,36,2,0,19
73,37,2,0,8
73,38,2,0,8
73,39,2,0,6
73,40,2,0,18
73,41,2,3,0
73,42,3,0,4
73,43,3,0,12
73,44,3,0,16
73,45,3,0,18
73,46,3,0,10
73,47,3,0,2
73,48,3,0,12
74,0,3,0,0
74,1,3,0,12
74,2,3,0,24
74,3,3,0,15
74,4,3,0,10
74,5,3,0,0
74,6,3,0,1
74,7,3,0,17
74,8,3,0,1
74,9,3,0,14
74,10,3,0,20
74,11,3,0,19
74,12,3,0,17
74,13,3,0,22
74,14,3,0,10
74,15,3,0,5
74,16,2,3,19
74,17,2,3,4
74,18,2,0,9
74,19,2,0,0
74,20,2,0,6
74,21,2,0,19
74,22,2,0,3
74,23,2,0,7
74,24,2,0,21
74,25,2,3,4
74,26,2,3,4
74,27,2,0,14
74,28,2,0,6
74,29,2,0,20
74,30,2,0,23
74,31,2,0,13
74,32,2,0,22
74,33,2,0,14
74,34,2,0,13
74,35,2,0,16
74,36,2,0,18
74,37,2,0,14
74,38,2,0,20
74,39,2,0,5
74,40,2,0,10
74,41,2,3,2
74,42,2,3,16
74,43,3,0,14
74,44,3,0,4
74,45,3,0,6
74,46,3,0,18
74,47,3,0,24
74,48,3,0,14
75,0,3,0,19
75,1,3,0,16
75,2,3,0,0
75,3,3,0,13
75,4,3,0,0
75,5,3,0,6
75,6,3,0,9
75,7,3,0,15
75,8,3,0,17
75,9,3,0,15
75,10,3,0,11
75,11,3,0,14
75,12,3,0,15
75,13,3,0,8
75,14,3,0,23
75,15,2,3,6
75,16,2,0,14
75,17,2,0,16
75,18,2,0,23
75,19,2,0,2
75,20,2,0,10
75,21,2,0,15
75,22,2,0,19
75,23,2,0,21
75,24,2,0,6
75,25,2,0,5
75,26,2,0,0
75,27,2,0,2
75,28,2,0,8
75,29,2,0,8
75,30,2,0,9
75,31,2,0,19
75,32,2,0,22
75,33,2,0,9
75,34,2,0,24
75,35,2,0,4
75,36,2,0,23
75,37,2,0,20
75,38,2,0,20
75,39,2,0,7
75,40,2,0,24
75,41,2,3,4
75,42,2,3,1
75,43,3,0,22
75,44,3,0,3
75,45,3,0,8
75,46,3,0,20
75,47,3,0,8
75,48,3,0,3
76,0,3,0,20
76,1,3,0,14
76,2,3,0,2
76,3,3,0,0
76,4,3,0,2
76,5,3,0,0
76,6,3,0,23
76,7,3,0,6
76,8,3,0,4
76,9,3,0,17
76,10,3,0,4
76,11,3,0,18
76,12,3,0,3
76,13,3,0,15
76,14,3,0,18
76,15,2,3,24
76,16,2,0,14
76,17,2,0,17
76,18,2,0,22
76,19,2,0,17
76,20,2,0,23
76,21,2,0,7
76,22,2,0,13
76,23,2,0,24
76,24,2,0,10
76,25,2,0,15
76,26,2,0,11
76,27,2,3,20
76,28,2,3,20
76,29,2,0,6
76,30,2,0,21
76,31,2,0,20
76,32,2,0,23
76,33,2,0,21
76,34,2,0,1
76,35,2,0,1
76,36,2,0,3
76,37,2,0,17
76,38,2,0,3
76,39,2,0,19
76,40,2,0,18
76,41,2,0,3
76,42,2,3,18
76,43,3,0,15
76,44,3,0,16
76,45,3,0,3
76,46,3,0,4
76,47,3,0,17
76,48,3,0,4
77,0,3,0,7
77,1,3,0,10
77,2,3,0,16
77,3,3,0,10
77,4,3,0,18
77,5,3,0,7
77,6,3,0,18
77,7,3,0,7
77,8,3,0,14
77,9,3,0,21
77,10,3,0,21
77,11,3,0,14
77,12,3,0,8
77,13,3,0,19
77,14,2,3,19
77,15,2,0,22
77,16,2,0,8
77,17,2,0,24
77,18,2,0,3
77,19,2,0,23
77,20,2,0,20
77,21,2,0,6
77,22,2,0,14
77,23,2,0,17
77,24,2,0,10
77,25,2,3,20
77,26,2,3,13
77,27,2,3,8
77,28,2,3,21
77,29,2,0,10
77,30,2,0,22
77,31,2,0,2
77,32,2,0,7
77,33,2,0,15
77,34,2,0,10
77,35,2,0,13
77,36,2,0,21
77,37,2,0,5
77,38,2,0,14
77,39,2,0,18
77,40,2,0,23
77,41,2,3,0
77,42,3,0,6
77,43,3,0,13
77,44,3,0,23
77,45,3,0,8
77,46,3,0,16
77,47,3,0,23
77,48,3,0,13
78,0,3,0,20
78,1,3,0,11
78,2,3,0,0
78,3,3,0,14
78,4,3,0,24
78,5,3,0,19
78,6,3,0,20
78,7,3,0,5
78,8,3,0,22
78,9,3,0,12
78,10,3,0,12
78,11,3,0,3
78,12,3,0,0
78,13,2,3,6
78,14,2,0,12
78,15,2,0,24
78,16,2,0,17
78,17,2,0,8
78,18,2,0,9
78,19,2,0,11
78,20,2,0,7
78,21,2,0,15
78,22,2,0,21
78,23,2,0,12
78,24,2,3,15
78,25,2,3,8
78,26,3,0,17
78,27,3,0,14
78,28,2,3,24
78,29,2,0,18
78,30,2,0,16
78,31,2,0,10
78,32,2,0,5
78,33,2,0,14
78,34,2,0,22
78,35,2,0,9
78,36,2,0,21
78,37,2,0,24
78,38,2,0,11
78,39,2,0,20
78,40,2,0,15
78,41,3,0,15
78,42,3,0,19
78,43,3,0,8
78,44,3,0,3
78,45,3,0,15
78,46,3,0,11
78,47,3,0,4
78,48,3,0,7
79,0,3,0,24
79,1,3,0,16
79,2,3,0,15
79,3,3,0,9
79,4,3,0,22
79,5,3,0,14
79,6,3,0,15
79,7,3,0,14
79,8,3,0,6
79,9,3,0,17
79,10,3,0,1
79,11,3,0,19
79,12,2,3,16
79,13,2,3,24
79,14,2,0,16
79,15,2,0,7
79,16,2,0,21
79,17,2,0,3
79,18,2,0,7
79,19,2,0,24
79,20,2,0,16
79,21,2,0,19
79,22,2,3,20
79,23,2,3,15
79,24,3,0,21
79,25,3,0,15
79,26,3,0,3
79,27,2,3,6
79,28,2,0,20
79,29,2,0,9
79,30,2,0,5
79,31,2,0,3
79,32,2,0,4
79,33,2,0,24
79,34,2,0,8
79,35,2,0,10
79,36,2,0,13
79,37,2,0,15
79,38,2,0,21
79,39,2,0,11
79,40,2,3,0
79,41,2,3,16
79,42,3,0,10
79,43,3,0,23
79,44,3,0,4
79,45,3,0,13
79,46,3,0,12
79,47,3,0,3
79,48,3,0,22
80,0,3,0,6
80,1,3,0,22
80,2,3,0,18
80,3,3,0,16
80,4,3,0,7
80,5,3,0,21
80,6,3,0,6
80,7,3,0,17
80,8,3,0,24
80,9,3,0,5
80,10,3,0,8
80,11,2,3,14
80,12,2,3,4
80,13,2,0,10
80,14,2,0,3
80,15,2,0,5
80,16,2,0,24
80,17,2,0,9
80,18,2,0,15
80,19,2,0,5
80,20,2,0,4
80,21,2,3,0
80,22,2,3,8
80,23,3,0,22
80,24,3,0,11
80,25,3,0,0
80,26,3,0,1
80,27,2,3,24
80,28,2,0,2
80,29,2,0,20
80,30,2,0,17
80,31,2,0,18
80,32,2,0,15
80,33,2,0,19
80,34,2,0,3
80,35,2,0,19
80,36,2,0,2
80,37,2,0,2
80,38,2,0,2
80,39,2,0,18
80,40,2,3,4
80,41,2,3,17
80,42,3,0,24
80,43,3,0,21
80,44,3,0,0
80,45,3,0,12
80,46,3,0,7
80,47,3,0,24
80,48,3,0,14
