0,0,3,0,7
0,1,3,0,0
0,2,3,0,8
0,3,3,0,23
0,4,3,0,20
0,5,3,0,23
0,6,3,0,22
0,7,3,0,10
0,8,3,0,22
0,9,3,0,5
0,10,3,0,4
0,11,2,3,6
0,12,2,0,13
0,13,2,0,5
0,14,2,0,23
0,15,2,0,15
0,16,2,0,6
0,17,2,0,6
0,18,2,0,4
0,19,2,0,15
0,20,2,0,22
0,21,2,0,20
0,22,2,0,19
0,23,2,0,12
0,24,2,0,18
0,25,2,0,11
0,26,2,3,5
0,27,3,0,23
0,28,3,0,21
0,29,3,0,23
0,30,3,7,4
0,31,3,7,17
0,32,7,0,6
0,33,7,0,16
0,34,7,0,8
0,35,7,0,6
0,36,7,0,23
0,37,7,0,11
0,38,7,0,2
0,39,7,0,0
0,40,7,0,8
0,41,7,0,9
0,42,7,0,6
0,43,3,7,21
0,44,3,0,9
0,45,3,0,7
0,46,3,0,0
0,47,3,0,21
0,48,3,0,9
0,49,3,0,14
1,0,3,0,1
1,1,3,0,8
1,2,3,0,19
1,3,3,0,20
1,4,3,0,6
1,5,3,0,4
1,6,3,0,4
1,7,3,0,16
1,8,3,0,6
1,9,3,0,9
1,10,3,0,7
1,11,2,3,24
1,12,2,0,3
1,13,2,0,6
1,14,2,0,1
1,15,2,0,4
1,16,2,0,23
1,17,2,0,14
1,18,2,0,5
1,19,2,0,7
1,20,2,0,20
1,21,2,0,4
1,22,2,0,8
1,23,2,0,1
1,24,2,0,17
1,25,2,3,13
1,26,3,0,23
1,27,3,0,16
1,28,3,0,17
1,29,3,0,7
1,30,3,0,17
1,31,3,7,18
1,32,7,0,2
1,33,7,0,16
1,34,7,0,3
1,35,7,0,5
1,36,7,0,12
1,37,7,0,16
1,38,7,0,3
1,39,7,0,7
1,40,7,0,2
1,41,7,0,0
1,42,7,0,16
1,43,3,7,7
1,44,3,0,13
1,45,3,0,18
1,46,3,0,6
1,47,3,0,10
1,48,3,0,12
1,49,3,0,8
2,0,3,0,21
2,1,3,0,2
2,2,3,0,3
2,3,3,0,22
2,4,3,0,20
2,5,3,0,11
2,6,3,0,13
2,7,3,0,14
2,8,3,0,21
2,9,3,0,13
2,10,2,3,11
2,11,2,0,18
2,12,2,0,22
2,13,2,0,18
2,14,2,0,20
2,15,2,0,22
2,16,2,0,22
2,17,2,0,6
2,18,2,0,17
2,19,2,0,10
2,20,2,0,15
2,21,2,0,3
2,22,2,3,20
2,23,2,3,20
2,24,2,3,13
2,25,3,0,10
2,26,3,0,17
2,27,3,0,14
2,28,3,0,16
2,29,3,7,20
2,30,3,7,15
2,31,7,0,7
2,32,7,0,13
2,33,7,0,15
2,34,7,0,10
2,35,7,0,19
2,36,7,0,5
2,37,7,0,24
2,38,7,0,14
2,39,7,0,3
2,40,7,0,9
2,41,7,0,15
2,42,7,0,13
2,43,3,7,24
2,44,3,0,17
2,45,3,0,8
2,46,3,0,16
2,47,3,0,24
2,48,3,0,14
2,49,3,0,2
3,0,3,0,0
3,1,3,0,1
3,2,3,0,10
3,3,3,0,14
3,4,3,0,5
3,5,3,0,21
3,6,3,0,20
3,7,3,0,13
3,8,3,0,8
3,9,2,3,6
3,10,2,0,16
3,11,2,0,16
3,12,2,0,15
3,13,2,0,11
3,14,2,0,15
3,15,2,0,24
3,16,2,0,20
3,17,2,0,9
3,18,2,0,7
3,19,2,0,23
3,20,2,0,24
3,21,2,3,15
3,22,2,3,8
3,23,2,3,8
3,24,3,0,12
3,25,3,0,9
3,26,3,0,5
3,27,3,0,11
3,28,3,7,0
3,29,3,7,8
3,30,7,0,20
3,31,7,0,19
3,32,7,0,21
3,33,7,0,21
3,34,7,0,21
3,35,7,0,14
3,36,7,0,14
3,37,7,0,13
3,38,7,0,4
3,39,7,0,4
3,40,7,0,12
3,41,7,0,4
3,42,3,7,6
3,43,3,7,20
3,44,3,0,3
3,45,3,0,8
3,46,3,0,12
3,47,3,0,2
3,48,3,0,4
3,49,3,0,3
4,0,3,0,23
4,1,3,0,9
4,2,3,0,8
4,3,3,0,15
4,4,3,0,22
4,5,3,0,12
4,6,3,0,4
4,7,3,0,17
4,8,3,0,2
4,9,2,3,21
4,10,2,0,7
4,11,2,0,21
4,12,2,0,11
4,13,2,0,17
4,14,2,0,15
4,15,2,0,24
4,16,2,0,16
4,17,2,0,22
4,18,2,0,22
4,19,2,0,23
4,20,2,3,15
4,21,3,0,23
4,22,3,0,19
4,23,3,0,5
4,24,3,0,23
4,25,3,0,3
4,26,3,0,12
4,27,3,0,8
4,28,3,7,18
4,29,7,0,6
4,30,7,0,6
4,31,7,0,20
4,32,7,0,19
4,33,7,0,7
4,34,7,0,14
4,35,7,0,0
4,36,7,0,10
4,37,7,0,16
4,38,7,0,5
4,39,7,0,8
4,40,7,0,6
4,41,7,0,21
4,42,3,7,8
4,43,3,7,23
4,44,3,0,19
4,45,3,0,18
4,46,3,0,16
4,47,3,0,10
4,48,3,0,3
4,49,3,0,3
5,0,3,0,9
5,1,3,0,22
5,2,3,0,17
5,3,3,0,24
5,4,3,0,4
5,5,3,0,14
5,6,3,0,16
5,7,3,0,19
5,8,3,0,12
5,9,2,3,22
5,10,2,0,11
5,11,2,0,1
5,12,2,0,17
5,13,2,0,15
5,14,2,0,18
5,15,2,0,22
5,16,2,0,22
5,17,2,0,9
5,18,2,0,0
5,19,2,3,0
5,20,3,0,10
5,21,3,0,20
5,22,3,0,15
5,23,3,0,18
5,24,3,0,23
5,25,3,0,15
5,26,3,0,12
5,27,3,7,0
5,28,3,7,16
5,29,7,0,18
5,30,7,0,14
5,31,7,0,14
5,32,7,0,17
5,33,7,0,24
5,34,7,0,9
5,35,7,0,13
5,36,7,0,5
5,37,7,0,8
5,38,7,0,3
5,39,7,0,2
5,40,7,0,0
5,41,7,0,18
5,42,7,0,6
5,43,3,7,21
5,44,3,0,4
5,45,3,0,3
5,46,3,0,23
5,47,3,0,3
5,48,3,0,5
5,49,3,0,6
6,0,3,0,0
6,1,3,0,11
6,2,3,0,11
6,3,3,0,11
6,4,3,0,14
6,5,3,0,8
6,6,3,0,17
6,7,3,0,14
6,8,3,0,14
6,9,2,3,22
6,10,2,3,20
6,11,2,0,5
6,12,2,0,20
6,13,2,0,5
6,14,2,0,8
6,15,2,0,19
6,16,2,0,2
6,17,2,0,8
6,18,2,0,23
6,19,2,3,3
6,20,3,0,11
6,21,3,0,19
6,22,3,0,1
6,23,3,0,3
6,24,3,0,14
6,25,3,0,16
6,26,3,0,2
6,27,3,7,4
6,28,3,7,17
6,29,7,0,5
6,30,7,0,12
6,31,7,0,14
6,32,7,0,16
6,33,7,0,17
6,34,7,0,6
6,35,7,0,10
6,36,7,0,7
6,37,7,0,0
6,38,7,0,0
6,39,7,0,8
6,40,7,0,13
6,41,7,0,16
6,42,7,0,8
6,43,3,7,21
6,44,3,0,8
6,45,3,0,19
6,46,3,0,11
6,47,3,0,15
6,48,3,0,10
6,49,3,0,8
7,0,3,0,0
7,1,3,0,14
7,2,3,0,20
7,3,3,0,24
7,4,3,0,19
7,5,3,0,3
7,6,3,0,4
7,7,3,0,21
7,8,3,0,1
7,9,2,3,8
7,10,2,3,23
7,11,2,0,1
7,12,2,0,10
7,13,2,0,8
7,14,2,0,3
7,15,2,0,24
7,16,2,0,23
7,17,2,0,13
7,18,2,0,21
7,19,2,3,18
7,20,3,0,19
7,21,3,0,5
7,22,3,0,8
7,23,3,0,4
7,24,3,0,24
7,25,3,0,13
7,26,3,0,12
7,27,3,0,24
7,28,3,7,3
7,29,7,0,22
7,30,7,0,13
7,31,7,0,9
7,32,7,0,1
7,33,7,0,21
7,34,7,0,19
7,35,7,0,22
7,36,7,0,0
7,37,7,0,8
7,38,7,0,8
7,39,7,0,15
7,40,7,0,1
7,41,7,0,0
7,42,7,0,1
7,43,3,7,24
7,44,3,0,24
7,45,3,0,10
7,46,3,0,23
7,47,3,0,20
7,48,3,0,15
7,49,3,0,6
8,0,3,0,17
8,1,3,0,22
8,2,3,0,14
8,3,3,0,1
8,4,3,0,12
8,5,3,0,22
8,6,3,0,7
8,7,3,0,3
8,8,3,0,19
8,9,3,0,23
8,10,2,3,24
8,11,2,0,11
8,12,2,0,4
8,13,2,0,13
8,14,2,0,18
8,15,2,0,22
8,16,2,0,14
8,17,2,0,23
8,18,2,3,0
8,19,3,0,16
8,20,3,0,14
8,21,3,0,2
8,22,3,0,7
8,23,3,0,12
8,24,3,0,16
8,25,3,0,3
8,26,3,0,9
8,27,3,0,10
8,28,3,7,17
8,29,3,7,16
8,30,7,0,23
8,31,7,0,12
8,32,7,0,16
8,33,7,0,22
8,34,7,0,0
8,35,7,0,5
8,36,7,0,9
8,37,7,0,15
8,38,7,0,18
8,39,7,0,13
8,40,7,0,18
8,41,7,0,14
8,42,3,7,6
8,43,3,0,15
8,44,3,0,7
8,45,3,0,17
8,46,3,0,7
8,47,3,0,0
8,48,3,0,0
8,49,3,0,12
9,0,3,0,5
9,1,3,0,5
9,2,3,0,5
9,3,3,0,0
9,4,3,0,5
9,5,3,0,17
9,6,3,0,22
9,7,3,0,1
9,8,3,0,7
9,9,2,3,6
9,10,2,0,9
9,11,2,0,4
9,12,2,0,12
9,13,2,0,6
9,14,2,0,5
9,15,2,0,10
9,16,2,0,17
9,17,2,0,3
9,18,2,3,18
9,19,3,0,9
9,20,3,0,23
9,21,3,0,18
9,22,3,0,5
9,23,3,0,18
9,24,3,0,11
9,25,3,0,1
9,26,3,0,2
9,27,3,0,7
9,28,3,7,4
9,29,3,7,17
9,30,7,0,1
9,31,7,0,24
9,32,7,0,8
9,33,7,0,11
9,34,7,0,16
9,35,7,0,10
9,36,7,0,17
9,37,7,0,18
9,38,7,0,3
9,39,7,0,20
9,40,7,0,14
9,41,7,0,8
9,42,3,7,23
9,43,3,0,11
9,44,3,0,12
9,45,3,0,16
9,46,3,0,13
9,47,3,0,7
9,48,3,0,24
9,49,3,0,20
10,0,3,0,17
10,1,3,0,7
10,2,3,0,0
10,3,3,0,18
10,4,3,0,21
10,5,3,0,7
10,6,3,0,13
10,7,3,0,9
10,8,3,0,20
10,9,2,3,21
10,10,2,3,20
10,11,2,0,16
10,12,2,0,7
10,13,2,0,1
10,14,2,0,9
10,15,2,0,16
10,16,2,0,8
10,17,2,3,0
10,18,3,0,24
10,19,3,0,12
10,20,3,0,6
10,21,3,0,7
10,22,3,0,3
10,23,3,0,0
10,24,3,0,19
10,25,3,0,22
10,26,3,0,24
10,27,3,0,9
10,28,3,0,24
10,29,3,7,3
10,30,3,7,16
10,31,7,0,15
10,32,7,0,24
10,33,7,0,11
10,34,7,0,19
10,35,7,0,4
10,36,7,0,10
10,37,7,0,22
10,38,7,0,13
10,39,7,0,15
10,40,7,0,13
10,41,7,0,12
10,42,3,7,7
10,43,3,0,22
10,44,3,0,18
10,45,3,0,6
10,46,3,0,9
10,47,3,0,7
10,48,3,0,22
10,49,3,0,21
11,0,3,0,10
11,1,3,0,20
11,2,3,0,1
11,3,3,0,16
11,4,3,0,12
11,5,3,0,12
11,6,3,0,18
11,7,3,0,3
11,8,3,0,3
11,9,2,3,8
11,10,2,3,22
11,11,2,0,17
11,12,2,0,10
11,13,2,0,17
11,14,2,0,9
11,15,2,0,4
11,16,2,0,3
11,17,2,3,18
11,18,3,0,6
11,19,3,0,17
11,20,3,0,18
11,21,3,0,4
11,22,3,8,20
11,23,3,0,10
11,24,3,0,22
11,25,3,0,8
11,26,3,0,5
11,27,3,0,0
11,28,3,0,23
11,29,3,7,4
11,30,3,7,1
11,31,3,7,16
11,32,3,7,16
11,33,3,7,16
11,34,7,0,15
11,35,7,0,14
11,36,7,0,22
11,37,7,0,6
11,38,7,0,6
11,39,7,0,12
11,40,7,0,20
11,41,7,0,19
11,42,3,7,24
11,43,3,0,6
11,44,3,0,6
11,45,3,0,13
11,46,3,0,22
11,47,3,0,10
11,48,3,0,12
11,49,3,0,3
12,0,3,0,18
12,1,3,0,17
12,2,3,0,21
12,3,3,0,12
12,4,3,0,7
12,5,3,0,24
12,6,3,0,13
12,7,3,0,2
12,8,3,0,9
12,9,3,0,17
12,10,2,3,21
12,11,2,0,8
12,12,2,0,19
12,13,2,0,12
12,14,2,0,12
12,15,2,0,4
12,16,2,3,10
12,17,3,0,20
12,18,3,0,22
12,19,3,0,14
12,20,3,0,2
12,21,3,8,13
12,22,3,8,22
12,23,3,8,20
12,24,3,8,20
12,25,3,0,22
12,26,3,0,5
12,27,3,0,9
12,28,3,0,3
12,29,3,0,2
12,30,3,7,4
12,31,3,7,4
12,32,3,7,4
12,33,3,7,2
12,34,7,0,1
12,35,7,0,5
12,36,7,0,5
12,37,7,0,1
12,38,7,0,0
12,39,7,0,21
12,40,7,0,13
12,41,3,7,14
12,42,3,0,3
12,43,3,0,15
12,44,3,0,4
12,45,3,0,10
12,46,3,0,4
12,47,3,0,3
12,48,3,0,7
12,49,3,0,24
13,0,3,0,6
13,1,3,0,7
13,2,3,0,8
13,3,3,0,6
13,4,3,0,16
13,5,3,0,20
13,6,3,0,4
13,7,3,0,4
13,8,3,0,17
13,9,3,0,20
13,10,2,3,23
13,11,2,0,21
13,12,2,0,11
13,13,2,0,3
13,14,2,0,9
13,15,2,3,10
13,16,3,0,18
13,17,3,0,15
13,18,3,0,23
13,19,3,0,7
13,20,3,8,15
13,21,8,0,14
13,22,3,8,8
13,23,3,8,8
13,24,3,8,7
13,25,3,8,20
13,26,3,0,4
13,27,3,0,15
13,28,3,0,10
13,29,3,0,9
13,30,3,0,6
13,31,3,0,24
13,32,3,0,14
13,33,3,7,2
13,34,3,7,16
13,35,7,0,20
13,36,7,0,15
13,37,7,0,23
13,38,7,0,15
13,39,3,7,16
13,40,3,7,11
13,41,3,0,3
13,42,3,0,9
13,43,3,0,13
13,44,3,0,10
13,45,3,0,24
13,46,3,0,20
13,47,3,0,13
13,48,3,0,4
13,49,3,0,2
14,0,3,0,19
14,1,3,0,3
14,2,3,0,15
14,3,3,0,7
14,4,3,0,20
14,5,3,0,11
14,6,3,0,18
14,7,3,0,2
14,8,3,0,4
14,9,3,0,6
14,10,2,3,21
14,11,2,3,20
14,12,2,0,20
14,13,2,0,21
14,14,2,3,5
14,15,3,0,14
14,16,3,0,18
14,17,3,0,21
14,18,3,0,1
14,19,3,8,5
14,20,8,0,18
14,21,8,0,16
14,22,8,0,20
14,23,8,0,4
14,24,3,8,8
14,25,3,8,21
14,26,3,0,4
14,27,3,0,20
14,28,3,0,12
14,29,3,0,22
14,30,3,0,19
14,31,3,0,5
14,32,3,0,5
14,33,3,7,4
14,34,3,7,1
14,35,3,7,16
14,36,3,7,16
14,37,3,7,16
14,38,3,7,19
14,39,3,7,4
14,40,3,0,2
14,41,3,0,14
14,42,3,0,23
14,43,3,0,10
14,44,3,0,17
14,45,3,0,15
14,46,3,0,3
14,47,3,0,24
14,48,3,0,18
14,49,3,0,17
15,0,3,0,24
15,1,3,0,19
15,2,3,0,13
15,3,3,0,7
15,4,3,0,0
15,5,3,0,8
15,6,3,0,11
15,7,3,0,3
15,8,3,0,8
15,9,3,0,9
15,10,2,3,8
15,11,2,3,21
15,12,2,0,15
15,13,2,3,10
15,14,3,0,22
15,15,3,0,0
15,16,3,0,10
15,17,3,0,16
15,18,3,8,10
15,19,8,0,0
15,20,8,0,1
15,21,8,0,4
15,22,8,0,21
15,23,8,0,14
15,24,8,0,7
15,25,3,8,7
15,26,3,8,20
15,27,3,0,19
15,28,3,0,4
15,29,3,0,11
15,30,3,0,1
15,31,3,0,13
15,32,3,0,16
15,33,3,0,0
15,34,3,7,4
15,35,3,7,4
15,36,3,7,4
15,37,3,0,4
15,38,3,0,9
15,39,3,0,20
15,40,3,0,7
15,41,3,0,18
15,42,3,0,0
15,43,3,0,2
15,44,3,0,15
15,45,3,0,11
15,46,3,0,23
15,47,3,0,22
15,48,3,0,17
15,49,3,0,24
16,0,3,0,0
16,1,3,0,21
16,2,3,0,1
16,3,3,0,21
16,4,3,0,6
16,5,3,0,9
16,6,3,0,12
16,7,3,0,7
16,8,3,0,11
16,9,3,0,13
16,10,3,0,20
16,11,2,3,23
16,12,2,3,5
16,13,3,0,6
16,14,3,0,6
16,15,3,8,20
16,16,3,8,20
16,17,3,8,10
16,18,8,0,7
16,19,8,0,23
16,20,8,0,19
16,21,8,0,16
16,22,8,0,8
16,23,8,0,17
16,24,8,0,19
16,25,3,8,8
16,26,3,8,7
16,27,3,0,4
16,28,3,0,8
16,29,3,0,17
16,30,3,0,9
16,31,3,0,20
16,32,3,0,6
16,33,3,0,6
16,34,3,0,7
16,35,3,0,2
16,36,3,0,21
16,37,3,0,2
16,38,3,0,1
16,39,3,0,15
16,40,3,0,4
16,41,3,0,18
16,42,3,0,24
16,43,3,0,22
16,44,3,0,18
16,45,3,0,15
16,46,3,0,12
16,47,3,0,9
16,48,3,0,12
16,49,3,0,10
17,0,3,0,21
17,1,3,0,24
17,2,3,0,3
17,3,3,0,22
17,4,3,0,9
17,5,3,0,3
17,6,3,0,3
17,7,3,0,20
17,8,3,0,19
17,9,3,0,17
17,10,3,0,10
17,11,2,3,8
17,12,3,0,6
17,13,3,0,8
17,14,3,8,10
17,15,3,8,8
17,16,3,8,8
17,17,8,0,7
17,18,8,0,10
17,19,8,0,24
17,20,8,0,4
17,21,8,0,7
17,22,8,0,19
17,23,8,0,10
17,24,8,0,10
17,25,8,0,3
17,26,3,8,23
17,27,3,0,18
17,28,3,0,15
17,29,3,0,15
17,30,3,0,15
17,31,3,0,8
17,32,3,0,8
17,33,3,0,24
17,34,3,0,12
17,35,3,0,7
17,36,3,0,9
17,37,3,0,17
17,38,3,0,14
17,39,3,0,16
17,40,3,0,5
17,41,3,0,4
17,42,3,0,11
17,43,3,0,8
17,44,3,0,14
17,45,3,0,6
17,46,3,0,19
17,47,3,0,11
17,48,3,0,18
17,49,3,0,16
18,0,3,0,20
18,1,3,0,20
18,2,3,0,12
18,3,3,0,1
18,4,3,0,19
18,5,3,0,24
18,6,3,0,18
18,7,3,0,19
18,8,3,0,23
18,9,3,0,13
18,10,3,0,10
18,11,3,0,10
18,12,3,0,0
18,13,3,8,5
18,14,8,0,19
18,15,8,0,18
18,16,8,0,22
18,17,8,0,12
18,18,8,0,2
18,19,8,0,23
18,20,8,0,6
18,21,8,0,13
18,22,8,0,10
18,23,8,0,24
18,24,8,0,20
18,25,8,0,10
18,26,3,8,23
18,27,3,8,20
18,28,3,0,1
18,29,3,0,2
18,30,3,0,14
18,31,3,8,20
18,32,3,8,20
18,33,3,0,23
18,34,3,0,20
18,35,3,0,17
18,36,3,0,13
18,37,3,0,6
18,38,3,0,10
18,39,3,0,23
18,40,3,0,12
18,41,3,0,9
18,42,3,0,13
18,43,3,0,9
18,44,3,0,0
18,45,3,0,24
18,46,3,0,4
18,47,3,0,15
18,48,3,0,3
18,49,3,0,14
19,0,3,0,0
19,1,3,0,9
19,2,3,0,23
19,3,3,0,6
19,4,3,0,20
19,5,3,0,14
19,6,3,0,0
19,7,3,0,8
19,8,3,0,5
19,9,3,0,3
19,10,3,0,7
19,11,3,0,2
19,12,3,8,0
19,13,8,0,24
19,14,8,0,0
19,15,8,0,21
19,16,8,0,6
19,17,8,0,10
19,18,8,0,12
19,19,8,0,0
19,20,8,0,2
19,21,8,0,1
19,22,8,0,10
19,23,8,0,23
19,24,8,0,21
19,25,8,0,9
19,26,3,8,8
19,27,3,8,21
19,28,3,8,20
19,29,3,8,20
19,30,3,8,10
19,31,3,8,8
19,32,3,8,24
19,33,3,0,17
19,34,3,0,17
19,35,3,0,10
19,36,3,0,17
19,37,3,0,19
19,38,3,0,12
19,39,3,0,18
19,40,3,0,18
19,41,3,0,17
19,42,3,0,15
19,43,3,0,15
19,44,3,0,2
19,45,3,0,24
19,46,3,0,15
19,47,3,0,1
19,48,3,0,11
19,49,3,0,13
20,0,3,0,22
20,1,3,0,15
20,2,3,0,11
20,3,3,0,18
20,4,3,0,16
20,5,3,0,2
20,6,3,0,18
20,7,3,0,13
20,8,3,0,19
20,9,3,0,12
20,10,3,0,10
20,11,3,0,17
20,12,3,8,18
20,13,8,0,4
20,14,8,0,1
20,15,8,0,20
20,16,8,0,6
20,17,8,0,10
20,18,8,0,9
20,19,8,0,12
20,20,8,0,15
20,21,8,0,10
20,22,8,0,6
20,23,8,0,5
20,24,8,0,4
20,25,8,0,0
20,26,8,0,17
20,27,3,8,8
20,28,3,8,8
20,29,3,8,8
20,30,8,0,24
20,31,3,8,6
20,32,3,7,20
20,33,3,0,23
20,34,3,0,1
20,35,3,0,24
20,36,3,0,2
20,37,3,0,12
20,38,3,0,19
20,39,3,0,15
20,40,3,0,2
20,41,3,0,21
20,42,3,0,21
20,43,3,0,2
20,44,3,0,4
20,45,3,0,8
20,46,3,0,5
20,47,3,0,5
20,48,3,0,11
20,49,3,0,14
21,0,3,0,15
21,1,3,0,2
21,2,3,0,21
21,3,3,0,6
21,4,3,0,15
21,5,3,0,22
21,6,3,0,13
21,7,3,0,15
21,8,3,0,13
21,9,3,0,20
21,10,3,0,7
21,11,3,8,15
21,12,8,0,20
21,13,8,0,6
21,14,8,0,4
21,15,8,0,23
21,16,8,0,7
21,17,8,0,4
21,18,3,8,16
21,19,8,0,11
21,20,8,0,10
21,21,8,0,16
21,22,8,0,14
21,23,8,0,19
21,24,8,0,22
21,25,8,0,13
21,26,8,0,6
21,27,8,0,10
21,28,8,0,18
21,29,8,0,9
21,30,8,0,9
21,31,3,8,8
21,32,3,8,23
21,33,3,0,8
21,34,3,0,4
21,35,3,0,16
21,36,3,0,10
21,37,3,0,8
21,38,3,0,1
21,39,3,0,1
21,40,3,0,15
21,41,3,0,13
21,42,3,0,2
21,43,3,0,2
21,44,3,0,7
21,45,3,0,9
21,46,3,0,22
21,47,3,0,19
21,48,3,0,20
21,49,3,0,16
22,0,3,0,1
22,1,3,0,4
22,2,3,0,17
22,3,3,0,2
22,4,3,0,17
22,5,3,0,8
22,6,3,0,24
22,7,3,0,0
22,8,3,0,1
22,9,3,0,24
22,10,3,8,5
22,11,8,0,11
22,12,8,0,6
22,13,8,0,10
22,14,8,0,18
22,15,8,0,16
22,16,8,0,6
22,17,3,8,11
22,18,3,8,3
22,19,3,8,16
22,20,3,8,16
22,21,8,0,0
22,22,8,0,11
22,23,8,0,22
22,24,8,0,20
22,25,8,0,1
22,26,8,0,10
22,27,8,0,4
22,28,8,0,11
22,29,8,0,17
22,30,8,0,19
22,31,8,0,6
22,32,3,8,7
22,33,3,0,7
22,34,3,0,18
22,35,3,0,21
22,36,3,0,7
22,37,3,0,2
22,38,3,0,21
22,39,3,0,11
22,40,3,0,12
22,41,3,0,3
22,42,3,0,0
22,43,3,0,2
22,44,3,0,10
22,45,3,0,14
22,46,3,0,20
22,47,3,0,11
22,48,3,0,24
22,49,3,0,18
23,0,3,0,19
23,1,3,0,7
23,2,3,0,2
23,3,3,0,21
23,4,3,0,23
23,5,3,0,5
23,6,3,0,12
23,7,3,0,24
23,8,3,0,18
23,9,3,8,0
23,10,8,0,16
23,11,8,0,23
23,12,8,0,14
23,13,8,0,0
23,14,8,0,2
23,15,8,0,8
23,16,3,8,9
23,17,3,0,3
23,18,3,8,4
23,19,3,8,4
23,20,3,8,2
23,21,8,0,12
23,22,8,0,15
23,23,8,0,9
23,24,8,0,22
23,25,8,0,3
23,26,8,0,23
23,27,8,0,2
23,28,8,0,10
23,29,8,0,7
23,30,8,0,11
23,31,8,0,1
23,32,3,8,21
23,33,3,0,18
23,34,3,0,10
23,35,3,8,20
23,36,3,8,20
23,37,3,0,22
23,38,3,0,24
23,39,3,0,12
23,40,3,0,7
23,41,3,0,6
23,42,3,0,6
23,43,3,0,2
23,44,3,0,7
23,45,3,0,23
23,46,3,0,3
23,47,3,0,24
23,48,3,0,11
23,49,3,0,0
24,0,3,0,8
24,1,3,0,5
24,2,3,0,7
24,3,3,0,9
24,4,3,0,14
24,5,3,0,12
24,6,3,0,10
24,7,3,0,17
24,8,3,0,15
24,9,3,8,18
24,10,8,0,1
24,11,8,0,19
24,12,8,0,2
24,13,8,0,3
24,14,8,0,7
24,15,8,0,17
24,16,3,0,16
24,17,3,0,12
24,18,3,0,7
24,19,3,0,7
24,20,3,8,4
24,21,8,0,14
24,22,8,0,24
24,23,8,0,19
24,24,8,0,22
24,25,8,0,16
24,26,8,0,1
24,27,8,0,14
24,28,3,8,16
24,29,8,0,4
24,30,8,0,3
24,31,8,0,18
24,32,3,8,23
24,33,3,8,20
24,34,3,8,10
24,35,3,8,8
24,36,3,8,21
24,37,3,0,18
24,38,3,0,10
24,39,3,0,16
24,40,3,0,3
24,41,3,0,9
24,42,3,0,6
24,43,3,0,3
24,44,3,0,9
24,45,3,0,8
24,46,3,0,12
24,47,3,0,12
24,48,3,0,12
24,49,3,0,4
25,0,3,0,24
25,1,3,0,18
25,2,3,0,20
25,3,3,0,11
25,4,3,0,15
25,5,3,0,2
25,6,3,0,23
25,7,3,0,1
25,8,3,8,0
25,9,8,0,10
25,10,8,0,0
25,11,8,0,6
25,12,8,0,9
25,13,8,0,24
25,14,3,8,11
25,15,3,0,16
25,16,3,0,9
25,17,3,0,0
25,18,3,0,7
25,19,3,0,1
25,20,3,0,9
25,21,3,8,1
25,22,8,0,18
25,23,8,0,0
25,24,8,0,20
25,25,8,0,4
25,26,8,0,6
25,27,3,8,14
25,28,3,8,3
25,29,8,0,1
25,30,8,0,3
25,31,8,0,13
25,32,3,8,8
25,33,3,8,8
25,34,8,0,16
25,35,8,0,17
25,36,3,8,21
25,37,3,0,0
25,38,3,0,6
25,39,3,0,23
25,40,3,0,24
25,41,3,0,18
25,42,3,0,4
25,43,3,0,12
25,44,3,0,16
25,45,3,0,8
25,46,3,0,24
25,47,3,0,16
25,48,3,0,15
25,49,3,0,9
26,0,3,0,1
26,1,3,0,6
26,2,3,0,2
26,3,3,0,9
26,4,3,0,23
26,5,3,0,11
26,6,3,0,20
26,7,3,0,10
26,8,3,8,3
26,9,8,0,9
26,10,8,0,19
26,11,8,0,9
26,12,8,0,2
26,13,3,8,19
26,14,3,0,12
26,15,3,0,3
26,16,3,0,22
26,17,3,0,15
26,18,3,0,3
26,19,3,0,13
26,20,3,0,15
26,21,3,8,3
26,22,3,8,16
26,23,8,0,1
26,24,8,0,6
26,25,8,0,12
26,26,3,8,19
26,27,3,0,4
26,28,3,8,18
26,29,8,0,18
26,30,8,0,24
26,31,3,8,16
26,32,3,8,16
26,33,8,0,20
26,34,8,0,3
26,35,8,0,3
26,36,3,8,24
26,37,3,0,3
26,38,3,0,1
26,39,3,0,16
26,40,3,0,6
26,41,3,0,12
26,42,3,0,16
26,43,3,0,16
26,44,3,0,8
26,45,3,0,22
26,46,3,0,22
26,47,3,0,24
26,48,3,0,10
26,49,3,0,9
27,0,3,0,18
27,1,3,0,20
27,2,3,0,10
27,3,3,0,16
27,4,3,0,9
27,5,3,0,4
27,6,3,0,13
27,7,3,0,5
27,8,3,8,18
27,9,8,0,1
27,10,8,0,16
27,11,8,0,13
27,12,3,8,6
27,13,3,0,11
27,14,3,0,8
27,15,3,0,16
27,16,3,0,7
27,17,3,0,22
27,18,3,0,16
27,19,3,0,6
27,20,3,0,8
27,21,3,8,4
27,22,3,8,3
27,23,3,8,16
27,24,8,0,8
27,25,3,8,6
27,26,3,0,16
27,27,3,8,15
27,28,8,0,15
27,29,8,0,13
27,30,3,8,14
27,31,3,8,4
27,32,3,8,3
27,33,8,0,24
27,34,8,0,23
27,35,3,8,6
27,36,3,0,9
27,37,3,0,17
27,38,3,0,0
27,39,3,0,18
27,40,3,0,1
27,41,3,0,1
27,42,3,0,22
27,43,3,0,7
27,44,3,0,7
27,45,3,0,11
27,46,3,0,20
27,47,3,0,16
27,48,3,0,21
27,49,3,0,10
28,0,3,0,24
28,1,3,0,5
28,2,3,0,4
28,3,3,0,17
28,4,3,0,12
28,5,3,0,2
28,6,3,0,6
28,7,3,8,0
28,8,8,0,8
28,9,8,0,20
28,10,8,0,3
28,11,8,0,8
28,12,3,8,24
28,13,3,0,13
28,14,3,0,3
28,15,3,0,11
28,16,3,0,14
28,17,3,0,7
28,18,3,0,6
28,19,3,0,2
28,20,3,0,13
28,21,3,0,22
28,22,3,8,4
28,23,3,8,18
28,24,8,0,8
28,25,3,8,23
28,26,3,8,5
28,27,8,0,21
28,28,8,0,13
28,29,3,8,11
28,30,3,0,9
28,31,3,0,1
28,32,3,8,2
28,33,3,8,16
28,34,8,0,3
28,35,3,8,24
28,36,3,0,6
28,37,3,0,12
28,38,3,0,23
28,39,3,0,1
28,40,3,0,2
28,41,3,0,23
28,42,3,0,0
28,43,3,0,8
28,44,3,0,17
28,45,3,0,17
28,46,3,0,22
28,47,3,0,3
28,48,3,0,24
28,49,3,0,5
29,0,3,0,10
29,1,3,0,4
29,2,3,0,13
29,3,3,0,0
29,4,3,0,14
29,5,3,0,19
29,6,3,0,23
29,7,3,8,3
29,8,8,0,11
29,9,8,0,15
29,10,8,0,2
29,11,3,8,6
29,12,3,0,7
29,13,3,0,5
29,14,3,0,1
29,15,3,0,14
29,16,3,0,0
29,17,3,0,8
29,18,3,0,4
29,19,3,0,3
29,20,3,0,15
29,21,3,0,10
29,22,3,8,0
29,23,8,0,5
29,24,8,0,6
29,25,3,8,8
29,26,8,0,11
29,27,8,0,6
29,28,3,8,11
29,29,3,0,17
29,30,3,0,5
29,31,3,0,6
29,32,3,8,4
29,33,3,8,2
29,34,3,8,6
29,35,3,8,20
29,36,3,0,19
29,37,3,0,16
29,38,3,0,11
29,39,3,0,1
29,40,3,0,9
29,41,3,0,7
29,42,3,0,24
29,43,3,0,22
29,44,3,0,5
29,45,3,0,24
29,46,3,0,8
29,47,3,0,15
29,48,3,0,14
29,49,3,0,11
30,0,3,0,14
30,1,3,0,23
30,2,3,0,2
30,3,3,0,15
30,4,3,0,16
30,5,3,0,11
30,6,3,0,6
30,7,3,8,17
30,8,8,0,21
30,9,8,0,8
30,10,8,0,7
30,11,3,8,7
30,12,3,0,15
30,13,3,0,7
30,14,3,0,2
30,15,3,0,9
30,16,3,0,9
30,17,3,0,17
30,18,3,0,16
30,19,3,0,15
30,20,3,0,11
30,21,3,8,20
30,22,3,8,18
30,23,8,0,13
30,24,8,0,9
30,25,8,0,13
30,26,8,0,1
30,27,3,8,6
30,28,3,0,22
30,29,3,0,12
30,30,3,0,7
30,31,3,0,12
30,32,3,0,23
30,33,3,8,3
30,34,3,8,8
30,35,3,8,21
30,36,3,0,18
30,37,3,0,8
30,38,3,0,5
30,39,3,0,17
30,40,3,0,0
30,41,3,0,8
30,42,3,0,9
30,43,3,0,22
30,44,3,0,17
30,45,3,0,10
30,46,3,0,17
30,47,3,0,19
30,48,3,0,10
30,49,3,0,2
31,0,3,0,23
31,1,3,0,1
31,2,3,0,17
31,3,3,0,17
31,4,3,0,10
31,5,3,0,11
31,6,3,0,5
31,7,3,8,18
31,8,8,0,2
31,9,8,0,23
31,10,8,0,18
31,11,3,8,7
31,12,3,0,2
31,13,3,0,13
31,14,3,8,20
31,15,3,8,20
31,16,3,8,20
31,17,3,8,20
31,18,3,0,12
31,19,3,0,13
31,20,3,8,5
31,21,3,8,8
31,22,8,0,5
31,23,8,0,16
31,24,8,0,4
31,25,8,0,5
31,26,8,0,10
31,27,3,8,24
31,28,3,0,0
31,29,3,0,0
31,30,3,0,14
31,31,3,0,19
31,32,3,0,7
31,33,3,8,1
31,34,8,0,21
31,35,3,8,24
31,36,3,0,20
31,37,3,0,24
31,38,3,0,13
31,39,3,0,22
31,40,3,0,12
31,41,3,0,11
31,42,3,0,7
31,43,3,0,22
31,44,3,0,13
31,45,3,0,12
31,46,3,0,7
31,47,3,0,24
31,48,3,0,1
32,0,3,0,4
32,1,3,0,10
32,2,3,0,16
32,3,3,0,22
32,4,3,0,24
32,5,3,0,12
32,6,3,8,0
32,7,8,0,10
32,8,8,0,7
32,9,8,0,13
32,10,8,0,20
32,11,3,8,22
32,12,3,0,4
32,13,3,8,13
32,14,3,8,8
32,15,3,8,8
32,16,3,8,8
32,17,3,8,23
32,18,3,8,20
32,19,3,8,13
32,20,8,0,0
32,21,8,0,22
32,22,8,0,12
32,23,8,0,8
32,24,8,0,1
32,25,8,0,1
32,26,3,8,6
32,27,3,0,18
32,28,3,0,18
32,29,3,0,9
32,30,3,0,0
32,31,3,8,20
32,32,3,8,20
32,33,3,8,18
32,34,3,8,6
32,35,3,0,22
32,36,3,0,14
32,37,3,0,10
32,38,3,0,20
32,39,3,0,11
32,40,3,0,11
32,41,3,0,0
32,42,3,0,7
32,43,3,0,16
32,44,3,0,8
32,45,3,0,20
32,46,3,0,0
32,47,3,0,1
32,48,3,0,12
33,0,3,0,8
33,1,3,0,9
33,2,3,0,23
33,3,3,0,2
33,4,3,0,12
33,5,3,0,4
33,6,3,8,1
33,7,8,0,16
33,8,8,0,4
33,9,8,0,4
33,10,8,0,22
33,11,3,8,21
33,12,3,8,15
33,13,8,0,5
33,14,8,0,12
33,15,8,0,20
33,16,8,0,1
33,17,3,8,8
33,18,3,8,8
33,19,8,0,0
33,20,3,8,16
33,21,3,8,16
33,22,3,8,16
33,23,8,0,22
33,24,8,0,10
33,25,8,0,21
33,26,3,8,23
33,27,3,8,20
33,28,3,8,20
33,29,3,8,20
33,30,3,8,13
33,31,3,8,8
33,32,3,8,8
33,33,8,0,4
33,34,3,8,22
33,35,3,0,8
33,36,3,0,23
33,37,3,0,13
33,38,3,0,8
33,39,3,0,16
33,40,3,0,15
33,41,3,0,20
33,42,3,0,23
33,43,3,0,13
33,44,3,0,20
33,45,3,0,8
33,46,3,0,4
33,47,3,0,5
33,48,3,0,22
34,0,3,0,17
34,1,3,0,15
34,2,3,0,2
34,3,3,0,17
34,4,3,0,12
34,5,3,0,3
34,6,3,8,1
34,7,3,8,16
34,8,8,0,4
34,9,8,0,24
34,10,8,0,7
34,11,3,8,8
34,12,8,0,2
34,13,8,0,9
34,14,8,0,2
34,15,8,0,21
34,16,8,0,1
34,17,8,0,2
34,18,8,0,3
34,19,3,8,9
34,20,3,8,4
34,21,3,8,4
34,22,3,8,18
34,23,8,0,1
34,24,8,0,16
34,25,8,0,5
34,26,3,8,8
34,27,3,8,8
34,28,3,8,8
34,29,3,8,8
34,30,8,0,19
34,31,8,0,5
34,32,8,0,19
34,33,8,0,4
34,34,3,8,22
34,35,3,0,14
34,36,3,0,22
34,37,3,0,3
34,38,3,0,10
34,39,3,0,16
34,40,3,0,5
34,41,3,0,10
34,42,3,0,9
34,43,3,0,22
34,44,3,0,18
34,45,3,0,11
34,46,3,0,11
34,47,3,0,8
34,48,3,0,12
35,0,3,0,24
35,1,3,0,7
35,2,3,0,18
35,3,3,0,16
35,4,3,0,15
35,5,3,0,16
35,6,3,8,4
35,7,3,8,2
35,8,8,0,23
35,9,8,0,9
35,10,8,0,9
35,11,8,0,0
35,12,8,0,0
35,13,3,8,16
35,14,3,8,16
35,15,3,8,16
35,16,3,8,16
35,17,8,0,14
35,18,3,8,11
35,19,3,0,13
35,20,3,0,1
35,21,3,8,0
35,22,8,0,13
35,23,8,0,10
35,24,8,0,1
35,25,8,0,24
35,26,8,0,20
35,27,8,0,4
35,28,8,0,2
35,29,8,0,8
35,30,8,0,20
35,31,8,0,19
35,32,8,0,12
35,33,8,0,16
35,34,3,8,24
35,35,3,0,18
35,36,3,0,24
35,37,3,0,0
35,38,3,0,16
35,39,3,0,7
35,40,3,0,2
35,41,3,0,5
35,42,3,0,14
35,43,3,0,1
35,44,3,0,24
35,45,3,0,14
35,46,3,0,17
35,47,3,0,0
35,48,3,0,6
36,0,3,0,0
36,1,3,0,4
36,2,3,0,10
36,3,3,0,23
36,4,3,0,22
36,5,3,0,13
36,6,3,0,6
36,7,3,8,3
36,8,8,0,24
36,9,8,0,8
36,10,8,0,17
36,11,8,0,11
36,12,3,8,9
36,13,3,8,4
36,14,3,8,4
36,15,3,8,4
36,16,3,8,3
36,17,3,8,9
36,18,3,0,19
36,19,3,0,5
36,20,3,0,12
36,21,3,8,18
36,22,8,0,23
36,23,3,8,16
36,24,3,8,16
36,25,3,8,16
36,26,8,0,2
36,27,8,0,11
36,28,3,8,16
36,29,3,8,16
36,30,8,0,0
36,31,8,0,17
36,32,8,0,20
36,33,3,8,14
36,34,3,0,21
36,35,3,0,22
36,36,3,0,19
36,37,3,0,5
36,38,3,0,22
36,39,3,0,3
36,40,3,0,8
36,41,3,0,11
36,42,3,0,1
36,43,3,0,20
36,44,3,0,20
36,45,3,0,15
36,46,3,0,21
36,47,3,0,1
36,48,3,0,12
37,0,3,0,12
37,1,3,0,14
37,2,3,0,4
37,3,3,0,10
37,4,3,0,0
37,5,3,0,24
37,6,3,0,19
37,7,3,8,18
37,8,8,0,22
37,9,8,0,1
37,10,8,0,18
37,11,3,8,11
37,12,3,0,4
37,13,3,0,1
37,14,3,0,1
37,15,3,0,23
37,16,3,8,4
37,17,3,0,16
37,18,3,0,7
37,19,3,0,10
37,20,3,8,0
37,21,8,0,0
37,22,3,8,6
37,23,3,8,4
37,24,3,8,4
37,25,3,8,1
37,26,3,8,16
37,27,3,8,19
37,28,3,8,4
37,29,3,8,18
37,30,8,0,20
37,31,8,0,9
37,32,3,8,9
37,33,3,0,0
37,34,3,0,24
37,35,3,0,0
37,36,3,0,22
37,37,3,0,20
37,38,3,0,12
37,39,3,0,1
37,40,3,0,3
37,41,3,0,14
37,42,3,0,0
37,43,3,0,13
37,44,3,0,15
37,45,3,0,23
37,46,3,0,12
37,47,3,0,20
37,48,3,0,18
38,0,3,0,0
38,1,3,0,9
38,2,3,0,13
38,3,3,0,3
38,4,3,0,13
38,5,3,0,18
38,6,3,8,0
38,7,8,0,15
38,8,8,0,20
38,9,8,0,24
38,10,3,8,7
38,11,3,0,19
38,12,3,0,1
38,13,3,0,22
38,14,3,0,10
38,15,3,0,12
38,16,3,0,23
38,17,3,0,7
38,18,3,0,22
38,19,3,0,14
38,20,3,8,18
38,21,8,0,21
38,22,3,8,24
38,23,3,0,1
38,24,3,0,1
38,25,3,8,4
38,26,3,8,4
38,27,3,0,3
38,28,3,8,0
38,29,8,0,24
38,30,8,0,18
38,31,3,8,9
38,32,3,0,2
38,33,3,0,6
38,34,3,0,0
38,35,3,0,5
38,36,3,0,21
38,37,3,0,7
38,38,3,0,16
38,39,3,0,2
38,40,3,0,11
38,41,3,0,15
38,42,3,0,0
38,43,3,0,6
38,44,3,0,23
38,45,3,0,15
38,46,3,0,9
38,47,3,0,22
38,48,3,0,6
39,0,3,0,15
39,1,3,0,13
39,2,3,0,10
39,3,3,0,20
39,4,3,0,21
39,5,3,0,12
39,6,3,8,17
39,7,8,0,20
39,8,8,0,5
39,9,8,0,20
39,10,3,8,23
39,11,3,8,20
39,12,3,0,3
39,13,3,0,13
39,14,3,0,16
39,15,3,0,13
39,16,3,0,8
39,17,3,0,6
39,18,3,8,20
39,19,3,8,20
39,20,8,0,2
39,21,3,8,6
39,22,3,0,17
39,23,3,0,18
39,24,3,8,20
39,25,3,8,20
39,26,3,0,23
39,27,3,0,4
39,28,3,8,18
39,29,8,0,2
39,30,3,8,6
39,31,3,0,21
39,32,3,0,19
39,33,3,0,3
39,34,3,0,20
39,35,3,0,22
39,36,3,0,15
39,37,3,0,13
39,38,3,0,23
39,39,3,0,11
39,40,3,0,17
39,41,3,0,15
39,42,3,0,3
39,43,3,0,19
39,44,3,0,13
39,45,3,0,13
39,46,3,0,16
39,47,3,0,8
39,48,3,0,12
40,0,3,0,17
40,1,3,0,11
40,2,3,0,13
40,3,3,0,3
40,4,3,0,0
40,5,3,0,16
40,6,3,8,3
40,7,3,8,16
40,8,8,0,15
40,9,8,0,15
40,10,3,8,8
40,11,3,8,23
40,12,3,0,14
40,13,3,0,6
40,14,3,0,3
40,15,3,0,12
40,16,3,0,19
40,17,3,8,0
40,18,3,8,8
40,19,8,0,1
40,20,8,0,20
40,21,3,8,22
40,22,3,8,20
40,23,3,8,5
40,24,3,8,8
40,25,3,8,22
40,26,3,8,20
40,27,3,8,5
40,28,8,0,20
40,29,8,0,22
40,30,3,8,24
40,31,3,0,16
40,32,3,0,16
40,33,3,0,5
40,34,3,0,16
40,35,3,0,12
40,36,3,0,23
40,37,3,0,5
40,38,3,0,11
40,39,3,0,8
40,40,3,0,15
40,41,3,0,19
40,42,3,0,6
40,43,3,0,6
40,44,3,0,13
40,45,3,0,12
40,46,3,0,21
40,47,3,0,22
40,48,3,0,16
41,0,3,0,20
41,1,3,0,14
41,2,3,0,17
41,3,3,0,12
41,4,3,0,4
41,5,3,0,21
41,6,3,8,4
41,7,3,8,3
41,8,3,8,16
41,9,8,0,11
41,10,8,0,0
41,11,3,8,23
41,12,3,8,20
41,13,3,0,16
41,14,3,0,18
41,15,3,0,20
41,16,3,0,10
41,17,3,8,18
41,18,8,0,21
41,19,8,0,13
41,20,8,0,6
41,21,3,8,8
41,22,3,8,8
41,23,8,0,15
41,24,8,0,22
41,25,3,8,8
41,26,3,8,8
41,27,8,0,5
41,28,8,0,14
41,29,3,8,19
41,30,3,0,23
41,31,3,0,22
41,32,3,0,24
41,33,3,0,0
41,34,3,0,24
41,35,3,0,4
41,36,3,0,12
41,37,3,0,4
41,38,3,0,15
41,39,3,0,8
41,40,3,0,18
41,41,3,0,2
41,42,3,0,21
41,43,3,0,18
41,44,3,0,1
41,45,3,0,14
41,46,3,0,2
41,47,3,0,20
41,48,3,0,23
42,0,3,0,18
42,1,3,0,13
42,2,3,0,9
42,3,3,0,0
42,4,3,0,12
42,5,3,0,12
42,6,3,0,14
42,7,3,8,4
42,8,3,8,1
42,9,8,0,18
42,10,8,0,19
42,11,3,8,8
42,12,3,8,23
42,13,3,0,6
42,14,3,0,16
42,15,3,0,12
42,16,3,8,13
42,17,8,0,13
42,18,8,0,10
42,19,8,0,6
42,20,8,0,8
42,21,8,0,13
42,22,8,0,11
42,23,8,0,5
42,24,8,0,15
42,25,8,0,17
42,26,8,0,15
42,27,3,8,16
42,28,3,8,14
42,29,3,0,16
42,30,3,0,4
42,31,3,0,16
42,32,3,0,18
42,33,3,0,3
42,34,3,0,14
42,35,3,0,8
42,36,3,0,12
42,37,3,0,13
42,38,3,0,1
42,39,3,0,14
42,40,3,0,5
42,41,3,0,10
42,42,3,0,10
42,43,3,0,22
42,44,3,0,8
42,45,3,0,5
42,46,3,0,7
42,47,3,0,12
42,48,3,0,2
43,0,3,0,19
43,1,3,0,21
43,2,3,0,21
43,3,3,0,16
43,4,3,0,7
43,5,3,0,8
43,6,3,0,10
43,7,3,0,5
43,8,3,8,17
43,9,3,8,16
43,10,8,0,12
43,11,8,0,14
43,12,3,8,7
43,13,3,0,14
43,14,3,8,20
43,15,3,8,10
43,16,8,0,3
43,17,8,0,17
43,18,8,0,5
43,19,8,0,11
43,20,8,0,3
43,21,8,0,20
43,22,8,0,3
43,23,8,0,4
43,24,8,0,18
43,25,8,0,7
43,26,3,8,14
43,27,3,8,4
43,28,3,0,22
43,29,3,0,20
43,30,3,0,20
43,31,3,0,16
43,32,3,0,1
43,33,3,0,11
43,34,3,0,8
43,35,3,0,6
43,36,3,0,5
43,37,3,0,3
43,38,3,0,23
43,39,3,0,10
43,40,3,0,0
43,41,3,0,23
43,42,3,0,13
43,43,3,0,23
43,44,3,0,8
43,45,3,0,9
43,46,3,0,22
43,47,3,0,19
43,48,3,0,3
44,0,3,0,7
44,1,3,0,4
44,2,3,0,2
44,3,3,0,11
44,4,3,0,10
44,5,3,0,14
44,6,3,0,13
44,7,3,0,4
44,8,3,8,4
44,9,3,8,2
44,10,8,0,14
44,11,8,0,2
44,12,3,8,23
44,13,3,8,5
44,14,3,8,8
44,15,8,0,18
44,16,8,0,18
44,17,8,0,15
44,18,8,0,17
44,19,8,0,4
44,20,8,0,2
44,21,8,0,6
44,22,3,8,16
44,23,8,0,4
44,24,8,0,15
44,25,3,8,19
44,26,3,0,18
44,27,3,0,18
44,28,3,0,3
44,29,3,0,1
44,30,3,0,15
44,31,3,0,19
44,32,3,0,3
44,33,3,0,0
44,34,3,0,4
44,35,3,0,17
44,36,3,0,22
44,37,3,0,6
44,38,3,0,11
44,39,3,0,16
44,40,3,0,14
44,41,3,0,13
44,42,3,0,4
44,43,3,0,11
44,44,3,0,9
44,45,3,0,16
44,46,3,0,3
44,47,3,0,5
44,48,3,0,19
45,0,3,0,15
45,1,3,0,17
45,2,3,0,23
45,3,3,0,1
45,4,3,0,12
45,5,3,0,7
45,6,3,0,24
45,7,3,0,23
45,8,3,0,23
45,9,3,8,2
45,10,3,8,16
45,11,8,0,2
45,12,3,8,8
45,13,8,0,8
45,14,8,0,9
45,15,8,0,20
45,16,8,0,1
45,17,8,0,22
45,18,8,0,17
45,19,8,0,15
45,20,8,0,4
45,21,3,8,9
45,22,3,8,4
45,23,3,8,16
45,24,3,8,14
45,25,3,0,19
45,26,3,0,5
45,27,3,0,9
45,28,3,0,22
45,29,3,0,9
45,30,3,0,9
45,31,3,0,22
45,32,3,0,23
45,33,3,0,3
45,34,3,0,0
45,35,3,0,14
45,36,3,0,5
45,37,3,0,3
45,38,3,0,11
45,39,3,0,16
45,40,3,0,12
45,41,3,0,22
45,42,3,0,17
45,43,3,0,16
45,44,3,0,9
45,45,3,0,22
45,46,3,0,9
45,47,3,0,15
45,48,3,0,0
46,0,3,0,4
46,1,3,0,22
46,2,3,0,15
46,3,3,0,17
46,4,3,0,6
46,5,3,0,15
46,6,3,0,5
46,7,3,0,3
46,8,3,0,21
46,9,3,8,4
46,10,3,8,1
46,11,8,0,21
46,12,8,0,0
46,13,8,0,4
46,14,8,0,7
46,15,8,0,3
46,16,8,0,20
46,17,8,0,19
46,18,8,0,15
46,19,8,0,9
46,20,3,8,9
46,21,3,0,9
46,22,3,0,7
46,23,3,8,4
46,24,3,0,5
46,25,3,0,9
46,26,3,0,23
46,27,3,0,23
46,28,3,0,19
46,29,3,0,22
46,30,3,0,2
46,31,3,0,17
46,32,3,0,23
46,33,3,0,6
46,34,3,0,14
46,35,3,0,7
46,36,3,0,9
46,37,3,0,11
46,38,3,0,11
46,39,3,0,24
46,40,3,0,22
46,41,3,0,2
46,42,3,0,11
46,43,3,0,14
46,44,3,0,24
46,45,3,0,17
46,46,3,0,21
46,47,3,0,2
46,48,3,0,23
47,0,3,0,8
47,1,3,0,10
47,2,3,0,18
47,3,3,0,6
47,4,3,0,2
47,5,3,0,15
47,6,3,0,18
47,7,3,0,17
47,8,3,0,1
47,9,3,0,20
47,10,3,8,17
47,11,8,0,10
47,12,8,0,3
47,13,8,0,11
47,14,3,8,16
47,15,3,8,16
47,16,8,0,11
47,17,8,0,10
47,18,8,0,11
47,19,3,8,6
47,20,3,0,7
47,21,3,0,7
47,22,3,0,14
47,23,3,0,22
47,24,3,0,8
47,25,3,0,2
47,26,3,0,17
47,27,3,0,15
47,28,3,0,10
47,29,3,0,0
47,30,3,0,20
47,31,3,0,9
47,32,3,0,12
47,33,3,0,3
47,34,3,0,1
47,35,3,0,21
47,36,3,0,17
47,37,3,0,8
47,38,3,0,12
47,39,3,0,0
47,40,3,0,17
47,41,3,0,2
47,42,3,0,21
47,43,3,0,3
47,44,3,0,4
47,45,3,0,22
47,46,3,0,16
47,47,3,0,2
47,48,3,0,4
48,0,3,0,18
48,1,3,0,5
48,2,3,0,1
48,3,3,0,13
48,4,3,0,11
48,5,3,0,7
48,6,3,0,2
48,7,3,0,2
48,8,3,0,0
48,9,3,0,19
48,10,3,8,1
48,11,3,8,16
48,12,3,8,16
48,13,3,8,9
48,14,3,8,4
48,15,3,8,3
48,16,8,0,9
48,17,8,0,0
48,18,8,0,1
48,19,3,8,24
48,20,3,0,4
48,21,3,0,20
48,22,3,0,13
48,23,3,0,2
48,24,3,0,3
48,25,3,0,18
48,26,3,0,18
48,27,3,0,0
48,28,3,0,24
48,29,3,0,22
48,30,3,0,6
48,31,3,0,19
48,32,3,0,15
48,33,3,0,3
48,34,3,0,12
48,35,3,0,7
48,36,3,0,15
48,37,3,0,16
48,38,3,0,0
48,39,3,0,15
48,40,3,0,23
48,41,3,0,19
48,42,3,0,5
48,43,3,0,23
48,44,3,0,23
48,45,3,0,4
48,46,3,0,1
48,47,3,0,9
48,48,3,0,5
49,0,3,0,16
49,1,3,0,13
49,2,3,0,24
49,3,3,0,2
49,4,3,0,9
49,5,3,0,22
49,6,3,0,20
49,7,3,0,6
49,8,3,0,0
49,9,3,0,12
49,10,3,8,4
49,11,3,8,4
49,12,3,8,4
49,13,3,0,9
49,14,3,0,23
49,15,3,8,18
49,16,8,0,13
49,17,3,8,16
49,18,3,8,11
49,19,3,0,5
49,20,3,0,16
49,21,3,0,1
49,22,3,0,19
49,23,3,0,10
49,24,3,0,16
49,25,3,0,23
49,26,3,0,17
49,27,3,0,6
49,28,3,0,11
49,29,3,0,11
49,30,3,0,4
49,31,3,0,8
49,32,3,0,1
49,33,3,0,0
49,34,3,0,6
49,35,3,0,14
49,36,3,0,0
49,37,3,0,18
49,38,3,0,21
49,39,3,0,7
49,40,3,0,22
49,41,3,0,24
49,42,3,0,0
49,43,3,0,9
49,44,3,0,8
49,45,3,0,18
49,46,3,0,16
49,47,3,0,11
49,48,3,0,19
50,0,3,0,11
50,1,3,0,12
50,2,3,0,18
50,3,3,0,14
50,4,3,0,22
50,5,3,0,6
50,6,3,0,19
50,7,3,0,14
50,8,3,0,19
50,9,3,0,19
50,10,3,0,2
50,11,3,0,15
50,12,3,0,12
50,13,3,0,20
50,14,3,8,0
50,15,3,8,16
50,16,3,8,19
50,17,3,8,4
50,18,3,0,18
50,19,3,0,17
50,20,3,0,4
50,21,3,0,10
50,22,3,0,6
50,23,3,0,0
50,24,3,0,24
50,25,3,0,14
50,26,3,0,5
50,27,3,0,2
50,28,3,0,17
50,29,3,0,19
50,30,3,0,14
50,31,3,0,8
50,32,3,0,8
50,33,3,0,16
50,34,3,0,13
50,35,3,0,3
50,36,3,0,24
50,37,3,0,12
50,38,3,0,10
50,39,3,0,19
50,40,3,0,7
50,41,3,0,12
50,42,3,0,11
50,43,3,0,15
50,44,3,0,21
50,45,3,0,1
50,46,3,0,1
50,47,3,0,21
50,48,3,0,2
51,0,3,0,2
51,1,3,0,20
51,2,3,0,9
51,3,3,0,22
51,4,3,0,11
51,5,3,0,22
51,6,3,0,23
51,7,3,0,1
51,8,3,0,3
51,9,3,0,2
51,10,3,0,3
51,11,3,0,10
51,12,3,0,15
51,13,3,0,5
51,14,3,8,4
51,15,3,8,4
51,16,3,0,20
51,17,3,0,1
51,18,3,0,11
51,19,3,0,19
51,20,3,0,1
51,21,3,0,23
51,22,3,0,9
51,23,3,0,19
51,24,3,0,17
51,25,3,0,4
51,26,3,0,9
51,27,3,0,21
51,28,3,0,14
51,29,3,0,15
51,30,3,0,15
51,31,3,0,4
51,32,3,0,15
51,33,3,0,20
51,34,3,0,14
51,35,3,0,15
51,36,3,0,16
51,37,3,0,16
51,38,3,0,23
51,39,3,0,23
51,40,3,0,10
51,41,3,0,14
51,42,3,0,14
51,43,3,0,7
51,44,3,0,16
51,45,3,0,9
51,46,3,0,4
51,47,3,0,9
51,48,3,0,0
52,0,3,0,13
52,1,3,0,11
52,2,3,0,17
52,3,3,0,12
52,4,3,0,24
52,5,3,0,17
52,6,3,0,1
52,7,3,0,24
52,8,3,0,9
52,9,3,0,15
52,10,3,0,0
52,11,3,0,7
52,12,3,0,22
52,13,3,0,21
52,14,3,0,5
52,15,3,0,11
52,16,3,0,12
52,17,3,0,13
52,18,3,0,16
52,19,3,0,20
52,20,3,0,18
52,21,3,0,6
52,22,3,0,1
52,23,3,0,3
52,24,3,0,10
52,25,3,0,20
52,26,3,0,18
52,27,3,0,16
52,28,3,0,21
52,29,3,0,9
52,30,3,0,9
52,31,3,0,2
52,32,3,0,17
52,33,3,0,22
52,34,3,0,8
52,35,3,0,7
52,36,3,0,8
52,37,3,0,0
52,38,3,0,18
52,39,3,0,21
52,40,3,0,24
52,41,3,0,21
52,42,3,0,20
52,43,3,0,12
52,44,3,0,18
52,45,3,0,6
52,46,3,0,9
52,47,3,0,7
52,48,3,0,8
53,0,3,0,6
53,1,3,0,3
53,2,3,0,10
53,3,3,0,7
53,4,3,0,10
53,5,3,0,15
53,6,3,0,9
53,7,3,0,4
53,8,3,0,15
53,9,3,0,0
53,10,3,0,24
53,11,3,0,5
53,12,3,0,1
53,13,3,0,14
53,14,3,0,1
53,15,3,0,8
53,16,3,0,12
53,17,3,0,14
53,18,3,0,17
53,19,3,0,1
53,20,3,0,7
53,21,3,0,16
53,22,3,0,23
53,23,3,0,5
53,24,3,0,1
53,25,3,0,2
53,26,3,0,3
53,27,3,0,13
53,28,3,0,6
53,29,3,0,19
53,30,3,0,6
53,31,3,0,13
53,32,3,0,16
53,33,3,0,2
53,34,3,0,14
53,35,3,0,18
53,36,3,0,12
53,37,3,0,12
53,38,3,0,21
53,39,3,0,24
53,40,3,7,20
53,41,3,7,20
53,42,3,7,20
53,43,3,0,9
53,44,3,0,18
53,45,3,0,24
53,46,3,0,3
53,47,3,0,5
53,48,3,0,10
54,0,3,0,0
54,1,3,0,7
54,2,3,0,3
54,3,3,0,17
54,4,3,0,14
54,5,3,0,10
54,6,3,0,21
54,7,3,0,19
54,8,3,0,7
54,9,3,0,18
54,10,3,0,14
54,11,3,0,2
54,12,3,0,20
54,13,3,0,15
54,14,3,0,23
54,15,3,0,21
54,16,3,0,10
54,17,3,0,19
54,18,3,0,3
54,19,3,0,24
54,20,3,0,10
54,21,3,0,4
54,22,3,0,24
54,23,3,0,14
54,24,3,0,20
54,25,3,0,1
54,26,3,0,0
54,27,3,0,19
54,28,3,0,3
54,29,3,0,2
54,30,3,0,15
54,31,3,0,10
54,32,3,0,15
54,33,3,0,12
54,34,3,0,5
54,35,3,0,0
54,36,3,0,0
54,37,3,0,12
54,38,3,0,23
54,39,3,7,5
54,40,3,7,8
54,41,3,7,8
54,42,3,7,22
54,43,3,0,4
54,44,3,0,23
54,45,3,0,15
54,46,3,0,0
54,47,3,0,8
54,48,3,0,12
55,0,3,0,5
55,1,3,0,21
55,2,3,0,0
55,3,3,0,17
55,4,3,0,2
55,5,3,0,17
55,6,3,0,13
55,7,3,0,16
55,8,3,0,14
55,9,3,0,6
55,10,3,0,12
55,11,3,0,17
55,12,3,0,7
55,13,3,0,14
55,14,3,0,5
55,15,3,0,24
55,16,3,0,3
55,17,3,0,7
55,18,3,0,22
55,19,3,0,2
55,20,3,0,22
55,21,3,0,23
55,22,3,0,24
55,23,3,0,17
55,24,3,0,10
55,25,3,0,14
55,26,3,0,12
55,27,3,0,7
55,28,3,0,17
55,29,3,0,6
55,30,3,0,19
55,31,3,0,17
55,32,3,0,3
55,33,3,0,1
55,34,3,0,2
55,35,3,0,3
55,36,3,0,20
55,37,3,0,3
55,38,3,7,0
55,39,7,0,3
55,40,7,0,4
55,41,7,0,22
55,42,3,7,24
55,43,3,0,2
55,44,3,0,19
55,45,3,0,1
55,46,3,0,3
55,47,3,0,21
55,48,3,0,19
56,0,3,0,19
56,1,3,0,0
56,2,3,0,20
56,3,3,0,14
56,4,3,0,1
56,5,3,0,14
56,6,3,0,22
56,7,3,0,15
56,8,3,0,15
56,9,3,0,20
56,10,3,0,0
56,11,3,0,1
56,12,3,0,14
56,13,3,0,3
56,14,3,0,0
56,15,3,0,20
56,16,3,0,22
56,17,3,0,15
56,18,3,0,13
56,19,3,0,4
56,20,3,0,11
56,21,3,0,21
56,22,3,0,13
56,23,3,0,8
56,24,3,0,13
56,25,3,0,24
56,26,3,0,2
56,27,3,0,3
56,28,3,0,20
56,29,3,0,5
56,30,3,0,5
56,31,3,0,14
56,32,3,0,13
56,33,3,0,7
56,34,3,0,17
56,35,3,0,23
56,36,3,0,21
56,37,3,0,20
56,38,3,7,17
56,39,7,0,16
56,40,7,0,9
56,41,3,7,6
56,42,3,0,5
56,43,3,0,18
56,44,3,0,15
56,45,3,0,10
56,46,3,0,7
56,47,3,0,9
56,48,3,0,5
57,0,3,0,5
57,1,3,0,19
57,2,3,0,21
57,3,3,0,5
57,4,3,0,9
57,5,3,0,21
57,6,3,0,22
57,7,3,0,21
57,8,3,0,17
57,9,3,0,16
57,10,3,0,24
57,11,3,0,6
57,12,3,0,3
57,13,3,0,9
57,14,3,0,22
57,15,3,0,5
57,16,3,0,18
57,17,3,0,14
57,18,3,0,2
57,19,3,0,20
57,20,3,0,17
57,21,3,0,3
57,22,3,0,22
57,23,3,0,5
57,24,3,0,20
57,25,3,0,8
57,26,3,0,11
57,27,3,0,12
57,28,3,0,9
57,29,3,0,23
57,30,3,0,21
57,31,3,0,0
57,32,3,0,5
57,33,3,0,10
57,34,3,0,21
57,35,3,0,12
57,36,3,0,21
57,37,3,0,9
57,38,3,7,2
57,39,7,0,10
57,40,7,0,13
57,41,3,7,7
57,42,3,0,12
57,43,3,0,1
57,44,3,0,18
57,45,3,0,17
57,46,3,0,7
57,47,3,0,6
57,48,3,0,14
58,0,3,0,8
58,1,3,0,24
58,2,3,0,12
58,3,3,0,13
58,4,3,0,7
58,5,3,0,12
58,6,3,0,10
58,7,3,0,15
58,8,3,0,9
58,9,3,0,4
58,10,3,0,23
58,11,3,0,21
58,12,3,0,22
58,13,3,0,11
58,14,3,0,14
58,15,3,0,18
58,16,3,0,0
58,17,3,0,17
58,18,3,0,8
58,19,3,0,3
58,20,3,0,8
58,21,3,0,2
58,22,3,0,23
58,23,3,0,14
58,24,3,0,19
58,25,3,0,18
58,26,3,0,18
58,27,3,0,20
58,28,3,0,17
58,29,3,0,1
58,30,3,0,20
58,31,3,0,9
58,32,3,0,5
58,33,3,0,16
58,34,3,0,6
58,35,3,0,13
58,36,3,0,14
58,37,3,0,9
58,38,3,7,1
58,39,7,0,7
58,40,7,0,19
58,41,3,7,7
58,42,3,0,16
58,43,3,0,15
58,44,3,0,19
58,45,3,0,16
58,46,3,0,2
58,47,3,0,6
58,48,3,0,21
59,0,3,0,2
59,1,3,0,5
59,2,3,0,14
59,3,3,0,1
59,4,3,0,10
59,5,3,0,13
59,6,3,0,4
59,7,3,0,0
59,8,3,0,17
59,9,3,0,22
59,10,3,0,20
59,11,3,0,9
59,12,3,0,12
59,13,3,0,7
59,14,3,0,6
59,15,3,0,15
59,16,3,0,0
59,17,3,0,8
59,18,3,0,17
59,19,3,0,22
59,20,3,0,1
59,21,3,0,0
59,22,3,0,18
59,23,3,0,7
59,24,3,0,0
59,25,3,0,19
59,26,3,0,1
59,27,3,0,8
59,28,3,0,5
59,29,3,0,5
59,30,3,0,8
59,31,3,0,20
59,32,2,3,16
59,33,2,3,16
59,34,3,0,11
59,35,3,0,14
59,36,3,0,18
59,37,3,0,13
59,38,3,7,3
59,39,7,0,20
59,40,7,0,18
59,41,3,7,22
59,42,3,0,17
59,43,3,0,10
59,44,3,0,11
59,45,3,0,0
59,46,3,0,4
59,47,3,0,19
59,48,3,0,15
60,0,3,0,17
60,1,3,0,3
60,2,3,0,24
60,3,3,0,20
60,4,3,0,13
60,5,3,0,23
60,6,3,0,10
60,7,3,0,14
60,8,3,0,11
60,9,3,0,14
60,10,3,0,15
60,11,3,0,3
60,12,3,0,16
60,13,3,0,20
60,14,3,0,6
60,15,3,0,4
60,16,3,0,3
60,17,3,0,23
60,18,3,0,17
60,19,3,0,20
60,20,3,0,17
60,21,3,0,24
60,22,3,0,16
60,23,3,0,9
60,24,3,0,23
60,25,3,0,16
60,26,3,0,14
60,27,3,0,10
60,28,3,0,14
60,29,3,0,17
60,30,3,0,1
60,31,2,3,11
60,32,2,3,4
60,33,2,3,17
60,34,3,0,3
60,35,3,0,21
60,36,3,0,4
60,37,3,0,13
60,38,3,7,17
60,39,7,0,8
60,40,7,0,15
60,41,3,7,21
60,42,3,0,11
60,43,3,0,20
60,44,3,0,9
60,45,3,0,21
60,46,3,0,9
60,47,3,0,6
60,48,3,0,19
61,0,3,0,18
61,1,3,0,20
61,2,3,0,16
61,3,3,0,18
61,4,3,0,10
61,5,3,0,7
61,6,3,0,22
61,7,3,0,24
61,8,3,0,17
61,9,3,0,11
61,10,3,0,10
61,11,3,0,24
61,12,3,0,0
61,13,3,0,17
61,14,3,0,4
61,15,3,0,0
61,16,3,0,10
61,17,3,0,12
61,18,3,0,10
61,19,3,0,9
61,20,3,0,19
61,21,3,0,18
61,22,3,0,21
61,23,3,0,12
61,24,3,0,5
61,25,3,0,8
61,26,3,0,17
61,27,3,0,3
61,28,3,0,24
61,29,3,0,20
61,30,2,3,11
61,31,2,0,20
61,32,2,0,2
61,33,2,3,18
61,34,3,0,19
61,35,3,0,16
61,36,3,0,4
61,37,3,0,11
61,38,3,7,3
61,39,7,0,14
61,40,7,0,14
61,41,3,7,22
61,42,3,0,18
61,43,3,0,10
61,44,3,0,22
61,45,3,0,11
61,46,3,0,1
61,47,3,0,18
61,48,3,0,9
62,0,3,0,11
62,1,3,0,2
62,2,3,0,11
62,3,3,0,6
62,4,3,0,14
62,5,3,0,17
62,6,3,0,17
62,7,3,0,18
62,8,3,0,16
62,9,3,0,10
62,10,3,0,14
62,11,3,0,9
62,12,3,0,19
62,13,3,0,3
62,14,3,0,7
62,15,3,0,18
62,16,3,0,4
62,17,3,0,23
62,18,3,0,8
62,19,3,0,18
62,20,3,0,6
62,21,3,0,13
62,22,3,0,21
62,23,3,0,7
62,24,3,0,8
62,25,3,0,4
62,26,3,0,6
62,27,3,0,19
62,28,3,0,20
62,29,2,3,11
62,30,2,0,11
62,31,2,0,0
62,32,2,3,0
62,33,3,0,14
62,34,3,0,7
62,35,3,0,5
62,36,3,0,17
62,37,3,0,19
62,38,3,7,3
62,39,7,0,11
62,40,7,0,19
62,41,3,7,21
62,42,3,0,12
62,43,3,0,21
62,44,3,0,20
62,45,3,0,1
62,46,3,0,11
62,47,3,0,19
62,48,3,0,15
63,0,3,0,2
63,1,3,0,0
63,2,3,0,24
63,3,3,0,24
63,4,3,0,1
63,5,3,0,24
63,6,3,0,6
63,7,3,0,2
63,8,3,0,4
63,9,3,0,20
63,10,3,0,11
63,11,3,0,7
63,12,3,0,2
63,13,3,0,8
63,14,3,0,11
63,15,3,0,11
63,16,3,0,11
63,17,3,0,22
63,18,3,0,9
63,19,3,0,2
63,20,3,0,12
63,21,3,0,6
63,22,3,0,10
63,23,3,0,11
63,24,3,0,21
63,25,3,0,5
63,26,3,0,16
63,27,2,3,16
63,28,2,3,11
63,29,2,0,20
63,30,2,0,9
63,31,2,0,15
63,32,2,3,1
63,33,2,3,16
63,34,2,3,16
63,35,3,0,15
63,36,3,0,19
63,37,3,0,3
63,38,3,7,3
63,39,7,0,18
63,40,7,0,16
63,41,3,7,23
63,42,3,7,20
63,43,3,0,7
63,44,3,0,7
63,45,3,0,5
63,46,3,0,2
63,47,3,0,3
63,48,3,0,8
64,0,3,0,17
64,1,3,0,3
64,2,3,0,9
64,3,3,0,1
64,4,3,0,2
64,5,3,0,21
64,6,3,0,12
64,7,3,0,19
64,8,3,0,23
64,9,3,0,21
64,10,3,0,2
64,11,3,0,2
64,12,3,0,10
64,13,3,0,2
64,14,3,0,5
64,15,3,0,0
64,16,3,0,9
64,17,3,0,7
64,18,3,0,1
64,19,3,0,19
64,20,3,0,1
64,21,3,0,5
64,22,3,0,11
64,23,3,0,20
64,24,3,0,9
64,25,3,0,4
64,26,2,3,19
64,27,2,3,4
64,28,2,0,6
64,29,2,0,18
64,30,2,0,17
64,31,2,0,1
64,32,2,3,4
64,33,2,3,4
64,34,2,3,18
64,35,3,0,1
64,36,3,0,7
64,37,3,0,2
64,38,3,7,1
64,39,7,0,18
64,40,7,0,0
64,41,3,7,8
64,42,3,7,22
64,43,3,0,21
64,44,3,0,7
64,45,3,0,23
64,46,3,0,20
64,47,3,0,23
64,48,3,0,14
65,0,3,0,7
65,1,3,0,13
65,2,3,0,18
65,3,3,0,10
65,4,3,0,1
65,5,3,0,19
65,6,3,0,6
65,7,3,0,7
65,8,3,0,3
65,9,3,0,24
65,10,3,0,5
65,11,3,0,20
65,12,3,0,5
65,13,3,0,6
65,14,3,0,17
65,15,3,0,0
65,16,3,0,2
65,17,3,0,24
65,18,3,0,11
65,19,3,0,13
65,20,3,0,4
65,21,3,0,5
65,22,3,0,3
65,23,3,0,1
65,24,3,0,21
65,25,2,3,14
65,26,2,0,9
65,27,2,0,1
65,28,2,0,17
65,29,2,0,12
65,30,2,0,21
65,31,2,0,1
65,32,2,0,14
65,33,2,3,0
65,34,3,0,15
65,35,3,0,20
65,36,3,0,23
65,37,3,0,6
65,38,3,7,2
65,39,7,0,1
65,40,7,0,19
65,41,7,0,19
65,42,3,7,23
65,43,3,0,1
65,44,3,0,19
65,45,3,0,12
65,46,3,0,5
65,47,3,0,16
65,48,3,0,14
66,0,3,0,8
66,1,3,0,4
66,2,3,0,5
66,3,3,0,11
66,4,3,0,17
66,5,3,0,18
66,6,3,0,4
66,7,3,0,20
66,8,3,0,18
66,9,3,0,12
66,10,3,0,22
66,11,3,0,11
66,12,3,0,9
66,13,3,0,14
66,14,3,0,5
66,15,3,0,6
66,16,3,0,14
66,17,3,0,14
66,18,3,0,0
66,19,3,0,22
66,20,3,0,12
66,21,3,0,21
66,22,3,0,12
66,23,3,0,7
66,24,2,3,19
66,25,2,0,12
66,26,2,0,13
66,27,2,0,19
66,28,2,0,18
66,29,2,0,20
66,30,2,0,8
66,31,2,0,23
66,32,2,0,15
66,33,2,3,18
66,34,3,0,0
66,35,3,0,21
66,36,3,0,11
66,37,3,0,13
66,38,3,7,1
66,39,3,7,16
66,40,3,7,16
66,41,7,0,5
66,42,3,7,23
66,43,3,0,6
66,44,3,0,23
66,45,3,0,6
66,46,3,0,5
66,47,3,0,7
66,48,3,0,11
67,0,3,0,9
67,1,3,0,20
67,2,3,0,14
67,3,3,0,0
67,4,3,0,4
67,5,3,0,22
67,6,3,0,12
67,7,3,0,5
67,8,3,0,1
67,9,3,0,24
67,10,3,0,7
67,11,3,0,9
67,12,3,0,16
67,13,3,0,6
67,14,3,0,9
67,15,3,0,19
67,16,3,0,5
67,17,3,0,20
67,18,3,0,23
67,19,3,0,2
67,20,3,0,0
67,21,3,0,1
67,22,3,0,1
67,23,2,3,6
67,24,2,0,2
67,25,2,0,24
67,26,2,0,15
67,27,2,0,6
67,28,2,0,23
67,29,2,0,7
67,30,2,0,14
67,31,2,0,10
67,32,2,3,0
67,33,3,0,5
67,34,3,0,11
67,35,3,0,17
67,36,3,0,8
67,37,3,0,8
67,38,3,7,4
67,39,3,7,4
67,40,3,7,17
67,41,7,0,20
67,42,3,7,23
67,43,3,0,1
67,44,3,0,3
67,45,3,0,15
67,46,3,0,19
67,47,3,0,15
67,48,3,0,1
68,0,3,0,12
68,1,3,0,24
68,2,3,0,16
68,3,3,0,18
68,4,3,0,20
68,5,3,0,18
68,6,3,0,4
68,7,3,0,23
68,8,3,0,7
68,9,3,0,8
68,10,3,0,2
68,11,3,0,1
68,12,3,0,11
68,13,3,0,0
68,14,3,0,8
68,15,3,0,10
68,16,3,0,5
68,17,3,0,21
68,18,3,0,21
68,19,3,0,19
68,20,3,0,1
68,21,3,0,18
68,22,2,3,16
68,23,2,3,24
68,24,2,0,18
68,25,2,0,16
68,26,2,0,22
68,27,2,0,7
68,28,2,0,7
68,29,2,0,24
68,30,2,0,23
68,31,2,0,23
68,32,2,3,2
68,33,2,3,16
68,34,3,0,20
68,35,3,0,4
68,36,3,0,4
68,37,3,0,2
68,38,3,0,15
68,39,3,0,14
68,40,3,7,18
68,41,7,0,6
68,42,3,7,22
68,43,3,0,21
68,44,3,0,2
68,45,3,0,13
68,46,3,0,4
68,47,3,0,16
68,48,3,0,15
69,0,3,0,7
69,1,3,0,9
69,2,3,0,10
69,3,3,0,4
69,4,3,0,1
69,5,3,0,11
69,6,3,0,3
69,7,3,0,6
69,8,3,0,2
69,9,3,0,8
69,10,3,0,20
69,11,3,0,3
69,12,3,0,19
69,13,3,0,1
69,14,3,0,7
69,15,3,0,14
69,16,3,0,5
69,17,3,0,15
69,18,3,0,2
69,19,3,0,19
69,20,3,0,20
69,21,2,3,19
69,22,2,3,4
69,23,2,0,3
69,24,2,0,14
69,25,2,0,10
69,26,2,0,0
69,27,2,0,15
69,28,2,0,19
69,29,2,0,1
69,30,2,0,10
69,31,2,0,19
69,32,2,3,4
69,33,2,3,2
69,34,3,0,3
69,35,3,0,5
69,36,3,0,3
69,37,3,0,18
69,38,3,0,16
69,39,3,7,0
69,40,7,0,23
69,41,7,0,7
69,42,3,7,22
69,43,3,0,0
69,44,3,0,6
69,45,3,0,23
69,46,3,0,1
69,47,3,0,16
69,48,3,0,21
70,0,3,0,23
70,1,3,0,8
70,2,3,0,8
70,3,3,0,2
70,4,3,0,22
70,5,3,0,20
70,6,3,0,2
70,7,3,0,5
70,8,3,0,23
70,9,3,0,24
70,10,3,0,14
70,11,3,0,3
70,12,3,0,19
70,13,3,0,20
70,14,3,0,4
70,15,3,0,14
70,16,3,0,3
70,17,3,0,2
70,18,3,0,14
70,19,3,0,22
70,20,2,3,6
70,21,2,0,5
70,22,2,0,11
70,23,2,0,22
70,24,2,0,17
70,25,2,0,1
70,26,2,0,14
70,27,2,0,12
70,28,2,0,13
70,29,2,0,13
70,30,2,0,19
70,31,2,0,19
70,32,2,0,20
70,33,2,3,17
70,34,3,0,20
70,35,3,0,15
70,36,3,0,16
70,37,3,0,11
70,38,3,0,17
70,39,3,7,1
70,40,7,0,2
70,41,7,0,4
70,42,3,7,22
70,43,3,0,9
70,44,3,0,17
70,45,3,0,6
70,46,3,0,13
70,47,3,0,19
70,48,3,0,24
71,0,3,0,12
71,1,3,0,14
71,2,3,0,9
71,3,3,0,6
71,4,3,0,24
71,5,3,0,4
71,6,3,0,4
71,7,3,0,16
71,8,3,0,16
71,9,3,0,3
71,10,3,0,18
71,11,3,0,7
71,12,3,0,3
71,13,3,0,8
71,14,3,0,12
71,15,3,0,6
71,16,3,0,19
71,17,3,0,17
71,18,3,0,14
71,19,2,3,16
71,20,2,3,24
71,21,2,0,24
71,22,2,0,3
71,23,2,0,12
71,24,2,0,14
71,25,2,0,11
71,26,2,0,17
71,27,2,0,5
71,28,2,0,9
71,29,2,0,0
71,30,2,0,15
71,31,2,0,9
71,32,2,0,13
71,33,2,3,17
71,34,3,0,1
71,35,3,0,5
71,36,3,0,0
71,37,3,0,23
71,38,3,0,10
71,39,3,7,18
71,40,7,0,22
71,41,7,0,10
71,42,3,7,22
71,43,3,0,7
71,44,3,0,8
71,45,3,0,14
71,46,3,0,4
71,47,3,0,6
71,48,3,0,9
72,0,3,0,5
72,1,3,0,10
72,2,3,0,10
72,3,3,0,16
72,4,3,0,20
72,5,3,0,15
72,6,3,0,8
72,7,3,0,21
72,8,3,0,1
72,9,3,0,2
72,10,3,0,10
72,11,3,0,6
72,12,3,0,10
72,13,3,0,14
72,14,3,0,19
72,15,3,0,7
72,16,3,0,13
72,17,3,0,9
72,18,2,3,19
72,19,2,3,4
72,20,2,0,2
72,21,2,0,23
72,22,2,0,16
72,23,2,0,14
72,24,2,0,15
72,25,2,0,23
72,26,2,0,22
72,27,2,0,23
72,28,2,0,20
72,29,2,0,23
72,30,2,0,1
72,31,2,0,3
72,32,2,0,20
72,33,2,3,18
72,34,3,0,3
72,35,3,0,9
72,36,3,0,2
72,37,3,0,9
72,38,3,7,0
72,39,7,0,18
72,40,7,0,12
72,41,7,0,6
72,42,3,7,24
72,43,3,0,8
72,44,3,0,2
72,45,3,0,16
72,46,3,0,14
72,47,3,0,19
72,48,3,0,16
73,0,3,0,21
73,1,3,0,3
73,2,3,0,0
73,3,3,0,7
73,4,3,0,1
73,5,3,0,19
73,6,3,0,16
73,7,3,0,18
73,8,3,0,20
73,9,3,0,24
73,10,3,0,7
73,11,3,0,15
73,12,3,0,8
73,13,3,0,13
73,14,3,0,15
73,15,3,0,8
73,16,3,0,21
73,17,2,3,6
73,18,2,0,14
73,19,2,0,1
73,20,2,0,20
73,21,2,0,24
73,22,2,0,4
73,23,2,0,8
73,24,2,0,20
73,25,2,0,10
73,26,2,0,8
73,27,2,0,11
73,28,2,0,7
73,29,2,0,15
73,30,2,0,2
73,31,2,0,22
73,32,2,3,0
73,33,3,0,7
73,34,3,0,16
73,35,3,0,9
73,36,3,0,21
73,37,3,0,22
73,38,3,7,18
73,39,7,0,6
73,40,7,0,3
73,41,3,7,6
73,42,3,0,9
73,43,3,0,9
73,44,3,0,18
73,45,3,0,19
73,46,3,0,7
73,47,3,0,19
73,48,3,0,17
74,0,3,0,5
74,1,3,0,0
74,2,3,0,23
74,3,3,0,1
74,4,3,0,20
74,5,3,0,4
74,6,3,0,10
74,7,3,0,10
74,8,3,0,19
74,9,3,0,6
74,10,3,0,9
74,11,3,0,9
74,12,3,0,7
74,13,3,0,22
74,14,3,0,11
74,15,3,0,14
74,16,3,0,5
74,17,2,3,24
74,18,2,0,5
74,19,2,0,7
74,20,2,0,7
74,21,2,0,9
74,22,2,0,23
74,23,2,0,21
74,24,2,0,13
74,25,2,0,15
74,26,2,0,6
74,27,2,0,6
74,28,2,0,23
74,29,2,0,10
74,30,2,0,18
74,31,2,0,19
74,32,2,3,18
74,33,3,0,21
74,34,3,0,2
74,35,3,7,20
74,36,3,7,20
74,37,3,7,13
74,38,7,0,0
74,39,7,0,17
74,40,7,0,3
74,41,3,7,24
74,42,3,0,17
74,43,3,0,0
74,44,3,0,16
74,45,3,0,23
74,46,3,0,9
74,47,3,0,16
74,48,3,0,20
75,0,3,0,19
75,1,3,0,1
75,2,3,0,4
75,3,3,0,6
75,4,3,0,10
75,5,3,0,11
75,6,3,0,11
75,7,3,0,15
75,8,3,0,6
75,9,3,0,23
75,10,3,0,5
75,11,3,0,23
75,12,3,0,2
75,13,3,0,4
75,14,3,0,4
75,15,3,0,19
75,16,2,3,9
75,17,2,0,21
75,18,2,0,0
75,19,2,0,9
75,20,2,0,6
75,21,2,0,18
75,22,2,0,15
75,23,2,0,2
75,24,2,0,21
75,25,2,0,13
75,26,2,0,9
75,27,2,0,19
75,28,2,0,6
75,29,2,0,16
75,30,2,0,17
75,31,2,3,10
75,32,3,0,1
75,33,3,0,16
75,34,3,7,10
75,35,3,7,8
75,36,3,7,8
75,37,7,0,1
75,38,7,0,13
75,39,7,0,3
75,40,3,7,6
75,41,3,0,11
75,42,3,0,1
75,43,3,0,0
75,44,3,0,20
75,45,3,0,20
75,46,3,0,12
75,47,3,0,1
75,48,3,0,0
76,0,3,0,23
76,1,3,0,24
76,2,3,0,23
76,3,3,0,10
76,4,3,0,3
76,5,3,0,14
76,6,3,0,8
76,7,3,0,8
76,8,3,0,15
76,9,3,0,10
76,10,3,0,5
76,11,3,0,9
76,12,3,0,20
76,13,3,0,2
76,14,2,3,16
76,15,2,3,19
76,16,2,0,7
76,17,2,0,13
76,18,2,0,1
76,19,2,0,22
76,20,2,0,1
76,21,2,0,17
76,22,2,0,22
76,23,2,0,2
76,24,2,0,15
76,25,2,0,4
76,26,2,0,24
76,27,2,0,14
76,28,2,0,24
76,29,2,0,10
76,30,2,3,5
76,31,3,0,8
76,32,3,7,20
76,33,3,7,13
76,34,7,0,10
76,35,7,0,14
76,36,7,0,18
76,37,7,0,5
76,38,7,0,1
76,39,7,0,2
76,40,3,7,23
76,41,3,7,20
76,42,3,0,17
76,43,3,0,23
76,44,3,0,10
76,45,3,0,19
76,46,3,0,4
76,47,3,0,15
76,48,3,0,12
77,0,3,0,1
77,1,3,0,14
77,2,3,0,8
77,3,3,0,19
77,4,3,0,5
77,5,3,0,18
77,6,3,0,13
77,7,3,0,18
77,8,3,0,14
77,9,3,0,23
77,10,3,0,18
77,11,3,0,17
77,12,3,0,24
77,13,2,3,14
77,14,2,3,4
77,15,2,0,22
77,16,2,0,8
77,17,2,0,3
77,18,2,0,9
77,19,2,0,5
77,20,2,0,15
77,21,2,0,19
77,22,2,0,10
77,23,2,0,20
77,24,2,0,7
77,25,2,0,8
77,26,2,0,13
77,27,2,0,1
77,28,2,0,12
77,29,2,3,10
77,30,3,0,18
77,31,3,7,5
77,32,3,7,8
77,33,7,0,8
77,34,7,0,24
77,35,7,0,8
77,36,7,0,6
77,37,7,0,16
77,38,7,0,19
77,39,7,0,11
77,40,3,7,8
77,41,3,7,21
77,42,3,0,10
77,43,3,0,11
77,44,3,0,1
77,45,3,0,1
77,46,3,0,16
77,47,3,0,17
77,48,3,0,23
78,0,3,0,2
78,1,3,0,3
78,2,3,0,17
78,3,3,0,1
78,4,3,0,15
78,5,3,0,23
78,6,3,0,14
78,7,3,0,6
78,8,3,0,24
78,9,3,0,6
78,10,3,0,3
78,11,3,0,9
78,12,2,3,6
78,13,2,0,2
78,14,2,0,21
78,15,2,0,1
78,16,2,0,11
78,17,2,0,17
78,18,2,0,12
78,19,2,0,24
78,20,2,0,13
78,21,2,0,21
78,22,2,0,10
78,23,2,0,6
78,24,2,0,17
78,25,2,0,3
78,26,2,0,3
78,27,2,0,11
78,28,2,3,13
78,29,3,0,8
78,30,3,7,0
78,31,7,0,4
78,32,7,0,19
78,33,7,0,22
78,34,7,0,4
78,35,7,0,6
78,36,7,0,19
78,37,7,0,18
78,38,7,0,6
78,39,7,0,6
78,40,7,0,5
78,41,3,7,21
78,42,3,7,20
78,43,3,0,22
78,44,3,0,12
78,45,3,0,5
78,46,3,0,5
78,47,3,0,6
78,48,3,0,18
79,0,3,0,23
79,1,3,0,5
79,2,3,0,14
79,3,3,0,20
79,4,3,0,14
79,5,3,0,12
79,6,3,0,0
79,7,3,0,2
79,8,3,0,24
79,9,3,0,11
79,10,3,0,20
79,11,3,0,15
79,12,2,3,24
79,13,2,0,15
79,14,2,0,5
79,15,2,0,20
79,16,2,0,24
79,17,2,0,5
79,18,2,0,8
79,19,2,0,24
79,20,2,0,12
79,21,2,0,19
79,22,2,0,15
79,23,2,0,21
79,24,2,0,11
79,25,2,0,14
79,26,2,0,22
79,27,2,3,10
79,28,3,0,4
79,29,3,0,22
79,30,3,7,18
79,31,7,0,14
79,32,7,0,8
79,33,7,0,14
79,34,7,0,20
79,35,7,0,5
79,36,7,0,3
79,37,7,0,18
79,38,7,0,23
79,39,7,0,17
79,40,7,0,16
79,41,3,7,8
79,42,3,7,23
79,43,3,0,7
79,44,3,0,7
79,45,3,0,6
79,46,3,0,5
79,47,3,0,20
79,48,3,0,22
80,0,3,0,16
80,1,3,0,9
80,2,3,0,2
80,3,3,0,14
80,4,3,0,20
80,5,3,0,9
80,6,3,0,3
80,7,3,0,0
80,8,3,0,22
80,9,3,0,23
80,10,3,0,13
80,11,2,3,11
80,12,2,0,10
80,13,2,0,10
80,14,2,0,1
80,15,2,0,6
80,16,2,0,17
80,17,2,0,6
80,18,2,0,23
80,19,2,0,9
80,20,2,0,3
80,21,2,0,24
80,22,2,0,15
80,23,2,0,13
80,24,2,0,16
80,25,2,0,9
80,26,2,3,13
80,27,3,0,9
80,28,3,0,1
80,29,3,7,0
80,30,3,7,16
80,31,7,0,10
80,32,7,0,20
80,33,7,0,10
80,34,7,0,20
80,35,7,0,23
80,36,7,0,5
80,37,7,0,3
80,38,7,0,17
80,39,7,0,13
80,40,7,0,9
80,41,7,0,12
80,42,3,7,21
80,43,3,0,1
80,44,3,0,5
80,45,3,0,9
80,46,3,0,15
80,47,3,0,2
80,48,3,0,4
