0,0,3,0,4
0,1,3,0,11
0,2,3,0,8
0,3,3,0,23
0,4,3,0,6
0,5,3,0,7
0,6,3,0,6
0,7,3,7,15
0,8,7,0,5
0,9,7,0,5
0,10,3,7,22
0,11,3,0,14
0,12,3,0,0
0,13,2,3,24
0,14,2,3,0
0,15,3,0,0
0,16,3,0,15
0,17,3,0,12
0,18,2,3,24
0,19,2,0,4
0,20,2,3,1
0,21,3,0,19
0,22,3,0,1
0,23,3,0,22
0,24,3,0,22
0,25,3,0,10
0,26,2,3,21
0,27,2,0,1
0,28,2,0,1
0,29,2,3,4
0,30,2,3,1
0,31,3,0,8
0,32,3,0,16
0,33,3,0,21
0,34,3,0,7
0,35,2,3,8
0,36,3,0,22
0,37,3,7,1
0,38,7,0,24
0,39,7,0,22
0,40,7,0,19
0,41,7,0,3
0,42,3,7,24
0,43,3,0,9
0,44,3,0,19
0,45,3,0,5
0,46,3,0,4
0,47,3,0,18
0,48,3,0,3
0,49,3,0,4
1,0,3,0,18
1,1,3,0,15
1,2,3,0,19
1,3,3,0,5
1,4,3,0,5
1,5,3,0,11
1,6,3,7,15
1,7,7,0,12
1,8,7,0,0
1,9,7,0,13
1,10,3,7,24
1,11,3,0,21
1,12,2,3,9
1,13,2,0,14
1,14,2,3,3
1,15,3,0,17
1,16,3,0,18
1,17,2,3,6
1,18,2,0,23
1,19,2,0,22
1,20,2,3,17
1,21,3,0,7
1,22,3,0,3
1,23,3,0,8
1,24,3,0,19
1,25,3,0,2
1,26,2,3,22
1,27,2,0,2
1,28,2,0,14
1,29,2,0,8
1,30,2,3,17
1,31,2,3,16
1,32,3,0,10
1,33,3,0,7
1,34,3,0,0
1,35,3,0,8
1,36,3,0,21
1,37,3,7,18
1,38,7,0,9
1,39,7,0,3
1,40,7,0,22
1,41,3,7,6
1,42,3,0,10
1,43,3,0,7
1,44,3,0,8
1,45,3,0,2
1,46,3,0,12
1,47,3,0,13
1,48,3,0,14
1,49,3,0,15
2,0,3,0,10
2,1,3,0,22
2,2,3,0,1
2,3,3,0,9
2,4,3,0,14
2,5,3,7,5
2,6,7,0,22
2,7,7,0,2
2,8,7,0,11
2,9,3,7,6
2,10,3,0,14
2,11,2,3,6
2,12,2,0,0
2,13,2,0,22
2,14,2,3,18
2,15,3,0,17
2,16,3,0,19
2,17,2,3,24
2,18,2,0,12
2,19,2,0,24
2,20,2,3,3
2,21,3,0,12
2,22,3,0,24
2,23,3,0,23
2,24,3,0,14
2,25,3,0,19
2,26,2,3,23
2,27,2,0,11
2,28,2,0,20
2,29,2,0,2
2,30,2,3,4
2,31,2,3,1
2,32,3,0,1
2,33,3,0,9
2,34,3,0,12
2,35,3,0,17
2,36,3,7,0
2,37,7,0,20
2,38,7,0,1
2,39,7,0,6
2,40,7,0,19
2,41,3,7,24
2,42,3,0,20
2,43,3,0,2
2,44,3,0,22
2,45,3,0,6
2,46,3,0,15
2,47,3,0,8
2,48,3,0,21
2,49,3,0,18
3,0,3,0,6
3,1,3,0,3
3,2,3,0,8
3,3,3,0,11
3,4,3,7,5
3,5,7,0,17
3,6,7,0,24
3,7,7,0,6
3,8,7,0,16
3,9,2,3,18
3,10,3,0,13
3,11,2,3,24
3,12,2,0,7
3,13,2,3,0
3,14,3,0,24
3,15,2,3,16
3,16,2,3,9
3,17,2,0,14
3,18,2,0,5
3,19,2,0,9
3,20,2,3,18
3,21,3,0,3
3,22,3,0,11
3,23,3,0,16
3,24,3,0,8
3,25,3,0,22
3,26,2,3,24
3,27,2,0,19
3,28,2,0,1
3,29,2,0,4
3,30,2,0,8
3,31,2,3,18
3,32,3,0,9
3,33,3,0,17
3,34,3,0,12
3,35,3,0,20
3,36,3,7,18
3,37,7,0,20
3,38,7,0,18
3,39,7,0,18
3,40,3,7,6
3,41,3,0,15
3,42,3,0,1
3,43,3,0,8
3,44,3,0,1
3,45,3,0,18
3,46,3,0,23
3,47,3,0,4
3,48,3,0,17
3,49,3,0,19
4,0,3,0,17
4,1,3,0,15
4,2,3,0,22
4,3,3,7,0
4,4,7,0,6
4,5,7,0,7
4,6,7,0,20
4,7,7,0,16
4,8,3,7,6
4,9,3,0,6
4,10,2,3,6
4,11,2,0,0
4,12,2,0,3
4,13,2,3,17
4,14,2,3,19
4,15,2,3,4
4,16,2,0,12
4,17,2,0,6
4,18,2,0,21
4,19,2,3,0
4,20,3,0,3
4,21,3,0,22
4,22,3,0,1
4,23,3,0,10
4,24,3,0,8
4,25,2,3,6
4,26,2,0,0
4,27,2,0,2
4,28,2,0,24
4,29,2,0,20
4,30,2,3,13
4,31,3,0,2
4,32,3,0,7
4,33,3,0,21
4,34,3,0,6
4,35,3,7,0
4,36,7,0,20
4,37,7,0,22
4,38,7,0,24
4,39,7,0,22
4,40,3,7,7
4,41,3,0,18
4,42,3,0,6
4,43,3,0,0
4,44,3,0,4
4,45,3,0,24
4,46,3,0,9
4,47,3,0,24
4,48,3,0,24
4,49,3,0,12
5,0,3,0,21
5,1,3,0,17
5,2,3,0,2
5,3,3,7,3
5,4,7,0,13
5,5,7,0,21
5,6,7,0,1
5,7,7,0,4
5,8,3,7,24
5,9,3,0,15
5,10,2,3,7
5,11,2,0,1
5,12,2,0,19
5,13,2,3,4
5,14,2,0,11
5,15,2,0,13
5,16,2,0,17
5,17,2,0,1
5,18,2,0,16
5,19,2,3,1
5,20,3,0,20
5,21,3,0,16
5,22,3,0,2
5,23,3,0,11
5,24,3,0,10
5,25,2,3,21
5,26,2,0,8
5,27,2,0,10
5,28,2,0,9
5,29,2,3,0
5,30,3,0,15
5,31,3,0,12
5,32,3,0,8
5,33,3,0,0
5,34,3,0,12
5,35,3,7,18
5,36,7,0,8
5,37,7,0,5
5,38,7,0,17
5,39,7,0,8
5,40,3,7,22
5,41,3,0,11
5,42,3,0,3
5,43,3,0,6
5,44,3,0,24
5,45,3,0,7
5,46,3,0,14
5,47,3,0,16
5,48,3,0,5
5,49,3,0,4
6,0,3,0,18
6,1,3,0,0
6,2,3,0,18
6,3,3,7,1
6,4,7,0,7
6,5,7,0,23
6,6,7,0,14
6,7,3,7,6
6,8,3,0,23
6,9,3,0,23
6,10,2,3,24
6,11,2,0,9
6,12,2,0,18
6,13,2,0,7
6,14,2,0,1
6,15,2,0,1
6,16,2,0,18
6,17,2,0,24
6,18,2,0,22
6,19,2,3,3
6,20,3,0,5
6,21,3,0,10
6,22,3,0,16
6,23,3,0,1
6,24,3,0,13
6,25,2,3,24
6,26,2,0,22
6,27,2,0,15
6,28,2,0,2
6,29,2,3,18
6,30,3,0,18
6,31,3,0,11
6,32,3,0,20
6,33,3,0,10
6,34,3,7,10
6,35,7,0,14
6,36,7,0,9
6,37,7,0,14
6,38,7,0,21
6,39,7,0,15
6,40,3,7,23
6,41,3,0,12
6,42,3,0,7
6,43,3,0,14
6,44,3,0,19
6,45,3,0,14
6,46,3,0,2
6,47,3,0,13
6,48,3,0,9
6,49,3,0,4
7,0,3,0,18
7,1,3,0,8
7,2,3,0,4
7,3,3,7,3
7,4,7,0,8
7,5,7,0,11
7,6,7,0,22
7,7,3,7,24
7,8,3,0,4
7,9,2,3,6
7,10,2,0,13
7,11,2,0,15
7,12,2,0,17
7,13,2,0,7
7,14,2,0,24
7,15,2,0,19
7,16,2,0,17
7,17,2,0,7
7,18,2,0,9
7,19,2,3,2
7,20,3,0,12
7,21,3,0,6
7,22,3,0,6
7,23,3,0,11
7,24,2,3,14
7,25,2,0,15
7,26,2,0,0
7,27,2,0,22
7,28,2,3,5
7,29,3,0,6
7,30,3,0,20
7,31,3,0,14
7,32,3,0,15
7,33,3,7,13
7,34,7,0,5
7,35,7,0,4
7,36,7,0,16
7,37,7,0,23
7,38,7,0,22
7,39,7,0,24
7,40,3,7,24
7,41,3,0,16
7,42,3,0,7
7,43,3,0,14
7,44,3,0,1
7,45,3,0,15
7,46,3,0,1
7,47,3,0,7
7,48,3,0,6
7,49,3,0,18
8,0,3,0,23
8,1,3,0,16
8,2,3,0,10
8,3,3,7,18
8,4,7,0,1
8,5,7,0,12
8,6,3,7,6
8,7,3,0,1
8,8,3,0,16
8,9,2,3,23
8,10,2,0,21
8,11,2,0,19
8,12,2,0,14
8,13,2,0,24
8,14,2,0,24
8,15,2,0,22
8,16,2,0,18
8,17,2,0,3
8,18,2,0,13
8,19,2,3,1
8,20,2,3,16
8,21,3,0,16
8,22,3,0,23
8,23,2,3,19
8,24,2,0,24
8,25,2,0,6
8,26,2,0,9
8,27,2,3,0
8,28,3,0,9
8,29,3,0,24
8,30,3,0,0
8,31,3,0,3
8,32,3,7,15
8,33,7,0,20
8,34,7,0,12
8,35,7,0,23
8,36,7,0,21
8,37,7,0,4
8,38,7,0,22
8,39,3,7,6
8,40,3,0,14
8,41,3,0,16
8,42,3,0,13
8,43,3,0,1
8,44,3,0,14
8,45,3,0,9
8,46,3,0,19
8,47,3,0,20
8,48,3,0,11
8,49,3,0,11
9,0,3,0,9
9,1,3,0,18
9,2,3,7,0
9,3,7,0,18
9,4,7,0,5
9,5,7,0,20
9,6,3,7,22
9,7,3,0,11
9,8,3,0,21
9,9,2,3,24
9,10,2,0,15
9,11,2,0,6
9,12,2,0,14
9,13,2,0,2
9,14,2,0,15
9,15,2,0,15
9,16,2,0,15
9,17,2,0,23
9,18,2,0,0
9,19,2,3,4
9,20,2,3,2
9,21,2,3,16
9,22,2,3,9
9,23,2,0,5
9,24,2,0,20
9,25,2,0,6
9,26,2,0,19
9,27,2,3,18
9,28,3,0,12
9,29,3,0,0
9,30,3,0,1
9,31,3,7,10
9,32,7,0,23
9,33,7,0,3
9,34,7,0,12
9,35,7,0,23
9,36,7,0,1
9,37,7,0,9
9,38,7,0,16
9,39,3,7,21
9,40,3,7,20
9,41,3,0,11
9,42,3,0,16
9,43,3,0,5
9,44,3,0,24
9,45,3,0,14
9,46,3,0,21
9,47,3,0,13
9,48,3,0,16
9,49,3,0,13
10,0,3,0,16
10,1,3,0,11
10,2,3,7,18
10,3,7,0,16
10,4,7,0,2
10,5,7,0,23
10,6,3,7,24
10,7,3,0,2
10,8,2,3,6
10,9,2,0,4
10,10,2,0,16
10,11,2,0,10
10,12,2,0,0
10,13,2,0,23
10,14,2,0,4
10,15,2,0,10
10,16,2,0,13
10,17,2,0,15
10,18,2,0,7
10,19,2,0,2
10,20,2,3,4
10,21,2,3,4
10,22,2,0,18
10,23,2,0,6
10,24,2,0,11
10,25,2,0,4
10,26,2,3,0
10,27,3,0,23
10,28,3,0,8
10,29,3,0,11
10,30,3,7,0
10,31,7,0,2
10,32,7,0,21
10,33,7,0,9
10,34,7,0,12
10,35,7,0,0
10,36,7,0,4
10,37,7,0,14
10,38,7,0,10
10,39,3,7,8
10,40,3,7,7
10,41,3,0,22
10,42,3,0,22
10,43,3,0,11
10,44,3,0,14
10,45,3,0,12
10,46,3,0,6
10,47,3,0,22
10,48,3,0,22
10,49,3,0,2
11,0,3,0,16
11,1,3,7,0
11,2,7,0,7
11,3,7,0,9
11,4,7,0,1
11,5,3,7,19
11,6,3,0,3
11,7,3,0,1
11,8,2,3,22
11,9,2,3,20
11,10,2,0,0
11,11,2,0,12
11,12,2,0,22
11,13,2,0,19
11,14,2,0,1
11,15,2,0,5
11,16,2,0,5
11,17,2,0,11
11,18,2,0,7
11,19,2,0,14
11,20,2,0,4
11,21,2,0,19
11,22,2,0,4
11,23,2,0,17
11,24,2,0,17
11,25,2,0,13
11,26,2,3,18
11,27,3,0,20
11,28,3,0,8
11,29,3,0,6
11,30,3,7,3
11,31,7,0,13
11,32,7,0,17
11,33,7,0,21
11,34,7,0,16
11,35,7,0,4
11,36,7,0,2
11,37,7,0,23
11,38,7,0,13
11,39,7,0,12
11,40,3,7,23
11,41,3,0,22
11,42,3,0,9
11,43,3,0,13
11,44,3,0,20
11,45,3,0,24
11,46,3,0,21
11,47,3,0,6
11,48,3,0,18
11,49,3,0,16
12,0,3,0,9
12,1,3,7,3
12,2,7,0,12
12,3,7,0,1
12,4,3,7,11
12,5,3,0,14
12,6,3,0,24
12,7,3,0,0
12,8,2,3,8
12,9,2,3,23
12,10,2,0,9
12,11,2,0,15
12,12,2,0,17
12,13,2,0,2
12,14,2,0,18
12,15,2,0,20
12,16,2,0,13
12,17,2,0,23
12,18,2,0,5
12,19,2,0,11
12,20,2,0,16
12,21,2,0,3
12,22,2,0,21
12,23,2,0,11
12,24,2,0,5
12,25,2,3,0
12,26,3,0,6
12,27,3,0,21
12,28,3,0,0
12,29,3,0,23
12,30,3,7,18
12,31,7,0,12
12,32,7,0,7
12,33,7,0,14
12,34,7,0,3
12,35,7,0,5
12,36,7,0,8
12,37,7,0,6
12,38,7,0,5
12,39,7,0,15
12,40,3,7,22
12,41,3,0,8
12,42,3,0,7
12,43,3,0,20
12,44,3,0,24
12,45,3,0,0
12,46,3,0,13
12,47,3,0,12
12,48,3,0,15
12,49,3,0,8
13,0,3,0,16
13,1,3,7,17
13,2,3,7,16
13,3,3,7,19
13,4,3,0,23
13,5,3,0,8
13,6,3,0,8
13,7,3,0,1
13,8,3,0,18
13,9,2,3,24
13,10,2,0,1
13,11,2,0,6
13,12,2,0,4
13,13,2,0,23
13,14,2,0,13
13,15,2,0,22
13,16,2,0,13
13,17,2,0,12
13,18,2,0,10
13,19,2,0,18
13,20,2,0,16
13,21,2,0,18
13,22,2,0,12
13,23,2,0,2
13,24,2,0,9
13,25,2,3,1
13,26,3,0,0
13,27,3,0,18
13,28,3,0,18
13,29,3,7,0
13,30,7,0,19
13,31,7,0,3
13,32,7,0,6
13,33,7,0,21
13,34,7,0,0
13,35,7,0,21
13,36,7,0,12
13,37,7,0,3
13,38,7,0,5
13,39,7,0,5
13,40,3,7,23
13,41,3,7,20
13,42,3,0,14
13,43,3,0,15
13,44,3,0,23
13,45,3,0,12
13,46,3,0,12
13,47,3,0,10
13,48,3,0,10
13,49,3,0,16
14,0,3,0,11
14,1,3,7,4
14,2,3,7,4
14,3,3,0,20
14,4,3,0,24
14,5,3,0,17
14,6,3,0,7
14,7,3,0,0
14,8,2,3,6
14,9,2,0,9
14,10,2,0,19
14,11,2,0,18
14,12,2,0,15
14,13,2,0,10
14,14,2,0,20
14,15,2,0,16
14,16,2,0,4
14,17,2,0,3
14,18,2,0,6
14,19,2,0,9
14,20,2,0,2
14,21,2,0,21
14,22,2,0,10
14,23,2,0,3
14,24,2,0,8
14,25,2,3,3
14,26,3,0,20
14,27,3,0,20
14,28,3,0,6
14,29,3,7,2
14,30,7,0,17
14,31,7,0,8
14,32,7,0,5
14,33,7,0,14
14,34,7,0,21
14,35,7,0,19
14,36,7,0,2
14,37,7,0,17
14,38,7,0,2
14,39,7,0,12
14,40,3,7,8
14,41,3,7,7
14,42,3,0,3
14,43,3,0,6
14,44,3,0,24
14,45,3,0,19
14,46,3,0,9
14,47,3,0,24
14,48,3,0,4
14,49,3,0,2
15,0,3,0,24
15,1,3,0,20
15,2,3,0,18
15,3,3,0,16
15,4,3,0,4
15,5,3,0,20
15,6,3,0,7
15,7,3,0,12
15,8,2,3,22
15,9,2,0,14
15,10,2,0,11
15,11,2,0,14
15,12,2,0,12
15,13,2,0,14
15,14,2,0,21
15,15,2,0,0
15,16,2,0,16
15,17,2,0,15
15,18,2,0,19
15,19,2,0,20
15,20,2,0,16
15,21,2,0,14
15,22,2,0,14
15,23,2,0,13
15,24,2,0,12
15,25,2,3,2
15,26,3,0,20
15,27,3,0,19
15,28,3,0,6
15,29,3,7,18
15,30,7,0,8
15,31,7,0,23
15,32,7,0,23
15,33,7,0,15
15,34,7,0,17
15,35,7,0,22
15,36,7,0,4
15,37,7,0,15
15,38,7,0,21
15,39,7,0,11
15,40,7,0,16
15,41,3,7,23
15,42,3,0,11
15,43,3,0,19
15,44,3,0,10
15,45,3,0,19
15,46,3,0,13
15,47,3,0,14
15,48,3,0,2
15,49,3,0,5
16,0,3,0,17
16,1,3,0,8
16,2,3,0,5
16,3,3,0,20
16,4,3,0,22
16,5,3,0,4
16,6,3,0,1
16,7,3,0,19
16,8,2,3,24
16,9,2,0,20
16,10,2,0,16
16,11,2,0,22
16,12,2,0,13
16,13,2,0,17
16,14,2,0,23
16,15,2,0,0
16,16,2,0,1
16,17,2,0,11
16,18,2,0,17
16,19,2,0,23
16,20,2,0,20
16,21,2,0,8
16,22,2,0,24
16,23,2,0,24
16,24,2,0,3
16,25,2,3,17
16,26,3,0,7
16,27,3,0,13
16,28,3,7,0
16,29,7,0,21
16,30,7,0,23
16,31,7,0,3
16,32,7,0,12
16,33,7,0,19
16,34,3,7,16
16,35,7,0,16
16,36,7,0,0
16,37,7,0,11
16,38,7,0,12
16,39,7,0,3
16,40,7,0,5
16,41,3,7,7
16,42,3,0,17
16,43,3,0,10
16,44,3,0,24
16,45,3,0,16
16,46,3,0,15
16,47,3,0,4
16,48,3,0,18
16,49,3,0,5
17,0,3,0,1
17,1,3,0,12
17,2,3,0,17
17,3,3,0,21
17,4,3,0,4
17,5,3,0,2
17,6,3,0,24
17,7,2,3,6
17,8,2,0,11
17,9,2,0,16
17,10,2,0,15
17,11,2,0,24
17,12,2,0,19
17,13,2,0,16
17,14,2,0,8
17,15,2,0,22
17,16,2,0,0
17,17,2,0,12
17,18,2,0,18
17,19,2,0,11
17,20,2,0,24
17,21,2,0,11
17,22,2,0,8
17,23,2,0,0
17,24,2,0,17
17,25,2,3,2
17,26,3,0,15
17,27,3,0,22
17,28,3,7,18
17,29,7,0,23
17,30,7,0,7
17,31,7,0,18
17,32,7,0,15
17,33,3,7,9
17,34,3,7,17
17,35,7,0,15
17,36,7,0,21
17,37,7,0,10
17,38,7,0,15
17,39,7,0,10
17,40,7,0,21
17,41,3,7,22
17,42,3,0,23
17,43,3,0,5
17,44,3,0,23
17,45,3,0,4
17,46,3,0,11
17,47,3,0,23
17,48,3,0,24
17,49,3,0,23
18,0,3,0,6
18,1,3,0,21
18,2,3,0,0
18,3,3,0,22
18,4,3,0,10
18,5,3,0,7
18,6,3,0,18
18,7,2,3,23
18,8,2,3,20
18,9,2,0,19
18,10,2,0,5
18,11,2,0,16
18,12,2,0,1
18,13,2,0,16
18,14,2,0,12
18,15,2,0,23
18,16,2,0,2
18,17,2,0,3
18,18,2,0,21
18,19,2,0,24
18,20,2,0,19
18,21,2,0,17
18,22,2,0,12
18,23,2,0,17
18,24,2,0,13
18,25,2,3,2
18,26,3,0,12
18,27,3,7,0
18,28,7,0,19
18,29,7,0,11
18,30,7,0,17
18,31,7,0,18
18,32,3,7,14
18,33,3,0,24
18,34,3,7,3
18,35,3,7,16
18,36,3,7,16
18,37,7,0,4
18,38,7,0,19
18,39,7,0,5
18,40,7,0,4
18,41,3,7,23
18,42,3,0,21
18,43,3,0,23
18,44,3,0,0
18,45,3,0,24
18,46,3,0,1
18,47,3,0,4
18,48,3,0,3
18,49,3,0,2
19,0,3,0,8
19,1,3,0,16
19,2,3,0,21
19,3,3,0,19
19,4,3,0,18
19,5,3,0,19
19,6,3,0,15
19,7,2,3,8
19,8,2,3,21
19,9,2,0,14
19,10,2,0,21
19,11,2,0,22
19,12,2,0,1
19,13,2,0,3
19,14,2,0,21
19,15,2,0,6
19,16,2,0,5
19,17,2,0,8
19,18,2,0,0
19,19,2,0,18
19,20,2,0,1
19,21,2,0,20
19,22,2,0,21
19,23,2,0,23
19,24,2,0,8
19,25,2,3,1
19,26,3,0,23
19,27,3,7,1
19,28,7,0,15
19,29,7,0,17
19,30,7,0,18
19,31,3,7,6
19,32,3,0,23
19,33,3,0,18
19,34,3,7,4
19,35,3,7,4
19,36,3,7,3
19,37,7,0,14
19,38,7,0,17
19,39,7,0,9
19,40,7,0,13
19,41,3,7,7
19,42,3,0,5
19,43,3,0,24
19,44,3,0,20
19,45,3,0,10
19,46,3,0,9
19,47,3,0,5
19,48,3,0,0
19,49,3,0,3
20,0,3,0,3
20,1,3,0,16
20,2,3,0,1
20,3,3,0,10
20,4,3,0,15
20,5,3,0,7
20,6,3,0,7
20,7,3,0,13
20,8,2,3,24
20,9,2,0,24
20,10,2,0,0
20,11,2,0,13
20,12,2,0,3
20,13,2,0,7
20,14,2,0,20
20,15,2,0,24
20,16,2,0,3
20,17,2,0,14
20,18,2,0,4
20,19,2,0,12
20,20,2,0,8
20,21,2,0,18
20,22,2,0,13
20,23,2,0,3
20,24,2,0,21
20,25,2,3,18
20,26,3,0,7
20,27,3,7,3
20,28,7,0,0
20,29,7,0,4
20,30,7,0,0
20,31,3,7,7
20,32,3,0,21
20,33,3,0,17
20,34,3,0,9
20,35,3,0,20
20,36,3,7,18
20,37,7,0,22
20,38,7,0,23
20,39,7,0,20
20,40,7,0,14
20,41,3,7,21
20,42,3,0,21
20,43,3,0,24
20,44,3,0,8
20,45,3,0,5
20,46,3,0,23
20,47,3,0,1
20,48,3,0,6
20,49,3,0,17
21,0,3,0,21
21,1,3,0,0
21,2,3,0,8
21,3,3,0,15
21,4,3,0,11
21,5,3,0,2
21,6,3,0,7
21,7,2,3,6
21,8,2,0,13
21,9,2,0,5
21,10,2,0,5
21,11,2,0,19
21,12,2,0,20
21,13,2,0,14
21,14,2,0,13
21,15,2,0,15
21,16,2,0,5
21,17,2,0,22
21,18,2,0,2
21,19,2,0,8
21,20,2,0,20
21,21,2,0,5
21,22,2,0,23
21,23,2,0,6
21,24,2,3,0
21,25,3,0,14
21,26,3,0,11
21,27,3,7,3
21,28,7,0,15
21,29,7,0,24
21,30,7,0,19
21,31,3,7,24
21,32,3,0,0
21,33,3,0,20
21,34,3,0,0
21,35,3,7,0
21,36,7,0,10
21,37,7,0,17
21,38,7,0,19
21,39,7,0,6
21,40,7,0,20
21,41,3,7,21
21,42,3,0,15
21,43,3,0,4
21,44,3,0,4
21,45,3,0,3
21,46,3,0,6
21,47,3,0,21
21,48,3,0,6
21,49,3,0,12
22,0,3,0,13
22,1,3,0,16
22,2,3,0,1
22,3,3,0,17
22,4,3,0,21
22,5,3,0,17
22,6,3,0,12
22,7,2,3,7
22,8,2,0,8
22,9,2,0,4
22,10,2,0,10
22,11,2,0,24
22,12,2,0,9
22,13,2,0,23
22,14,2,0,1
22,15,2,0,14
22,16,2,0,18
22,17,2,0,23
22,18,2,0,4
22,19,2,0,19
22,20,2,0,18
22,21,2,0,21
22,22,2,0,21
22,23,2,0,18
22,24,2,3,3
22,25,3,0,4
22,26,3,0,23
22,27,3,7,18
22,28,7,0,10
22,29,7,0,19
22,30,3,7,6
22,31,3,0,24
22,32,3,0,4
22,33,3,0,13
22,34,3,0,2
22,35,3,7,18
22,36,7,0,12
22,37,7,0,13
22,38,7,0,15
22,39,7,0,6
22,40,7,0,15
22,41,3,7,22
22,42,3,0,4
22,43,3,0,20
22,44,3,0,16
22,45,3,0,16
22,46,3,0,8
22,47,3,0,16
22,48,3,0,11
22,49,3,0,3
23,0,3,0,8
23,1,3,0,7
23,2,3,0,12
23,3,3,0,10
23,4,3,0,21
23,5,3,0,12
23,6,3,0,8
23,7,2,3,24
23,8,2,0,9
23,9,2,0,8
23,10,2,0,9
23,11,2,0,24
23,12,2,0,6
23,13,2,0,20
23,14,2,0,3
23,15,2,0,11
23,16,2,0,0
23,17,2,0,3
23,18,2,0,2
23,19,2,0,24
23,20,2,0,23
23,21,2,0,0
23,22,2,0,11
23,23,2,0,6
23,24,2,3,18
23,25,3,0,3
23,26,3,7,0
23,27,7,0,5
23,28,7,0,5
23,29,7,0,7
23,30,3,7,7
23,31,3,0,6
23,32,3,0,11
23,33,3,0,24
23,34,3,7,10
23,35,7,0,1
23,36,7,0,3
23,37,7,0,22
23,38,7,0,6
23,39,7,0,3
23,40,7,0,8
23,41,3,7,24
23,42,3,0,19
23,43,3,0,6
23,44,3,0,8
23,45,3,0,22
23,46,3,0,11
23,47,3,0,5
23,48,3,0,8
23,49,3,0,5
24,0,3,0,15
24,1,3,0,12
24,2,3,0,15
24,3,3,0,19
24,4,3,0,3
24,5,3,0,17
24,6,2,3,6
24,7,2,0,0
24,8,2,0,22
24,9,2,0,13
24,10,2,0,6
24,11,2,0,14
24,12,2,0,4
24,13,2,0,12
24,14,2,0,22
24,15,2,0,11
24,16,2,0,13
24,17,2,0,9
24,18,2,0,17
24,19,2,0,6
24,20,2,0,0
24,21,2,0,3
24,22,2,0,6
24,23,2,3,0
24,24,3,0,23
24,25,3,0,12
24,26,3,7,17
24,27,7,0,5
24,28,7,0,4
24,29,7,0,1
24,30,3,7,23
24,31,3,7,20
24,32,3,0,22
24,33,3,7,5
24,34,7,0,7
24,35,7,0,16
24,36,7,0,11
24,37,7,0,8
24,38,7,0,20
24,39,7,0,15
24,40,3,7,6
24,41,3,0,13
24,42,3,0,19
24,43,3,0,8
24,44,3,0,22
24,45,3,0,6
24,46,3,0,14
24,47,3,0,8
24,48,3,0,0
24,49,3,0,2
25,0,3,0,6
25,1,3,0,5
25,2,3,0,13
25,3,3,0,19
25,4,3,0,19
25,5,3,0,4
25,6,2,3,24
25,7,2,0,8
25,8,2,0,1
25,9,2,0,23
25,10,2,0,22
25,11,2,0,11
25,12,2,0,5
25,13,2,0,21
25,14,2,0,7
25,15,2,0,17
25,16,2,0,4
25,17,2,0,18
25,18,2,0,20
25,19,2,0,4
25,20,2,0,10
25,21,2,0,20
25,22,2,0,11
25,23,2,3,2
25,24,3,0,12
25,25,3,0,2
25,26,3,7,3
25,27,7,0,18
25,28,7,0,7
25,29,7,0,22
25,30,3,7,8
25,31,3,7,7
25,32,3,7,10
25,33,7,0,23
25,34,7,0,2
25,35,7,0,15
25,36,7,0,0
25,37,7,0,12
25,38,7,0,13
25,39,7,0,11
25,40,3,7,22
25,41,3,0,0
25,42,3,0,19
25,43,3,0,17
25,44,3,0,14
25,45,3,0,9
25,46,3,0,5
25,47,3,0,1
25,48,3,0,23
25,49,3,0,19
26,0,3,0,1
26,1,3,0,5
26,2,3,0,18
26,3,3,0,2
26,4,3,0,24
26,5,2,3,6
26,6,2,0,1
26,7,2,0,12
26,8,2,0,23
26,9,2,0,7
26,10,2,0,24
26,11,2,0,20
26,12,2,0,4
26,13,2,0,14
26,14,2,0,22
26,15,2,0,0
26,16,2,0,21
26,17,2,0,18
26,18,2,0,20
26,19,2,0,20
26,20,2,0,17
26,21,2,0,19
26,22,2,0,13
26,23,2,3,18
26,24,3,0,20
26,25,3,0,0
26,26,3,7,1
26,27,7,0,10
26,28,7,0,1
26,29,7,0,5
26,30,7,0,4
26,31,3,7,8
26,32,7,0,21
26,33,7,0,15
26,34,7,0,15
26,35,7,0,23
26,36,7,0,24
26,37,7,0,5
26,38,7,0,8
26,39,7,0,20
26,40,3,7,23
26,41,3,0,16
26,42,3,0,13
26,43,3,0,24
26,44,3,0,10
26,45,3,0,2
26,46,3,0,15
26,47,3,0,4
26,48,3,0,24
26,49,3,0,3
27,0,3,0,22
27,1,3,0,7
27,2,3,0,7
27,3,3,0,19
27,4,3,0,17
27,5,2,3,21
27,6,2,3,20
27,7,2,3,20
27,8,2,0,22
27,9,2,0,1
27,10,2,0,23
27,11,2,0,15
27,12,2,0,9
27,13,2,0,12
27,14,2,0,13
27,15,2,0,23
27,16,2,0,1
27,17,2,0,6
27,18,2,0,21
27,19,2,0,19
27,20,2,0,16
27,21,2,0,24
27,22,2,3,10
27,23,3,0,3
27,24,3,0,24
27,25,3,0,7
27,26,3,7,3
27,27,7,0,4
27,28,7,0,9
27,29,7,0,2
27,30,7,0,0
27,31,7,0,21
27,32,7,0,4
27,33,7,0,21
27,34,7,0,16
27,35,7,0,1
27,36,7,0,17
27,37,7,0,0
27,38,7,0,11
27,39,7,0,24
27,40,3,7,7
27,41,3,0,19
27,42,3,0,1
27,43,3,0,13
27,44,3,0,23
27,45,3,0,0
27,46,3,0,8
27,47,3,0,15
27,48,3,0,20
27,49,3,0,19
28,0,3,0,19
28,1,3,0,22
28,2,3,0,8
28,3,3,0,10
28,4,3,0,9
28,5,2,3,8
28,6,2,3,8
28,7,2,3,24
28,8,2,0,24
28,9,2,0,2
28,10,2,0,1
28,11,2,0,19
28,12,2,0,19
28,13,2,0,5
28,14,2,0,18
28,15,2,0,21
28,16,2,0,19
28,17,2,0,4
28,18,2,0,19
28,19,2,0,4
28,20,2,0,5
28,21,2,3,0
28,22,3,0,21
28,23,3,0,18
28,24,3,0,21
28,25,3,0,14
28,26,3,7,17
28,27,7,0,5
28,28,7,0,8
28,29,7,0,7
28,30,7,0,17
28,31,7,0,23
28,32,7,0,15
28,33,7,0,17
28,34,7,0,14
28,35,7,0,0
28,36,7,0,18
28,37,7,0,4
28,38,7,0,7
28,39,7,0,1
28,40,3,7,22
28,41,3,0,9
28,42,3,0,12
28,43,3,0,22
28,44,3,0,14
28,45,3,0,24
28,46,3,0,13
28,47,3,0,14
28,48,3,0,3
28,49,3,0,22
29,0,3,0,11
29,1,3,0,12
29,2,3,0,20
29,3,3,0,15
29,4,3,0,19
29,5,3,0,16
29,6,2,3,6
29,7,2,0,2
29,8,2,0,21
29,9,2,0,6
29,10,2,0,21
29,11,2,0,2
29,12,2,0,16
29,13,2,0,3
29,14,2,0,4
29,15,2,0,18
29,16,2,0,7
29,17,2,0,15
29,18,2,0,8
29,19,2,0,16
29,20,2,0,7
29,21,2,3,18
29,22,3,0,7
29,23,3,0,10
29,24,3,0,17
29,25,3,0,16
29,26,3,7,18
29,27,7,0,4
29,28,7,0,9
29,29,7,0,6
29,30,7,0,22
29,31,7,0,4
29,32,7,0,15
29,33,7,0,7
29,34,7,0,7
29,35,7,0,20
29,36,7,0,14
29,37,7,0,15
29,38,7,0,17
29,39,7,0,15
29,40,3,7,24
29,41,3,0,3
29,42,3,0,0
29,43,3,0,14
29,44,3,0,17
29,45,3,0,14
29,46,3,0,11
29,47,3,0,24
29,48,3,0,19
29,49,3,0,3
30,0,3,0,1
30,1,3,0,23
30,2,3,0,8
30,3,3,0,11
30,4,3,0,21
30,5,3,0,5
30,6,2,3,22
30,7,2,3,20
30,8,2,0,1
30,9,2,0,15
30,10,2,0,17
30,11,2,0,11
30,12,2,0,21
30,13,2,0,2
30,14,2,0,9
30,15,2,0,19
30,16,2,0,0
30,17,2,0,6
30,18,2,0,13
30,19,2,0,24
30,20,2,3,0
30,21,3,0,19
30,22,3,0,6
30,23,3,0,24
30,24,3,0,15
30,25,3,7,0
30,26,7,0,23
30,27,7,0,19
30,28,7,0,8
30,29,7,0,3
30,30,7,0,23
30,31,7,0,24
30,32,7,0,2
30,33,7,0,13
30,34,7,0,15
30,35,7,0,3
30,36,7,0,17
30,37,7,0,1
30,38,7,0,21
30,39,3,7,6
30,40,3,0,6
30,41,3,0,7
30,42,3,0,9
30,43,3,0,1
30,44,3,0,11
30,45,3,0,14
30,46,3,0,15
30,47,3,0,10
30,48,3,0,2
30,49,3,0,20
31,0,3,0,22
31,1,3,0,22
31,2,3,0,20
31,3,3,0,9
31,4,3,0,1
31,5,3,0,0
31,6,2,3,8
31,7,2,3,21
31,8,2,3,20
31,9,2,0,22
31,10,2,0,3
31,11,2,0,19
31,12,2,0,17
31,13,2,0,1
31,14,2,0,5
31,15,2,0,21
31,16,2,0,0
31,17,2,0,4
31,18,2,0,7
31,19,2,0,13
31,20,2,3,18
31,21,3,0,17
31,22,3,0,24
31,23,3,0,19
31,24,3,0,15
31,25,3,7,3
31,26,7,0,2
31,27,7,0,18
31,28,7,0,17
31,29,7,0,2
31,30,7,0,9
31,31,7,0,18
31,32,7,0,21
31,33,7,0,10
31,34,7,0,12
31,35,7,0,10
31,36,7,0,5
31,37,7,0,19
31,38,7,0,6
31,39,3,7,24
31,40,3,0,21
31,41,3,0,5
31,42,3,0,15
31,43,3,0,1
31,44,3,0,24
31,45,3,0,10
31,46,3,0,10
31,47,3,0,16
31,48,3,0,0
32,0,3,0,12
32,1,3,0,11
32,2,3,0,0
32,3,3,0,9
32,4,3,0,13
32,5,3,0,10
32,6,3,0,17
32,7,2,3,8
32,8,2,3,7
32,9,2,0,5
32,10,2,0,17
32,11,2,0,24
32,12,2,0,2
32,13,2,0,3
32,14,2,0,22
32,15,2,0,14
32,16,2,0,22
32,17,2,0,19
32,18,2,0,24
32,19,2,3,0
32,20,3,0,0
32,21,3,0,5
32,22,3,0,0
32,23,3,0,23
32,24,3,0,12
32,25,3,7,3
32,26,7,0,5
32,27,7,0,16
32,28,7,0,1
32,29,7,0,9
32,30,7,0,1
32,31,7,0,6
32,32,7,0,12
32,33,7,0,4
32,34,7,0,13
32,35,7,0,4
32,36,7,0,14
32,37,7,0,2
32,38,3,7,11
32,39,3,0,19
32,40,3,0,12
32,41,3,0,22
32,42,3,0,4
32,43,3,0,17
32,44,3,0,15
32,45,3,0,8
32,46,3,0,13
32,47,3,0,19
32,48,3,0,3
33,0,3,0,24
33,1,3,0,16
33,2,3,0,5
33,3,3,0,10
33,4,3,0,5
33,5,3,0,4
33,6,3,0,20
33,7,3,0,12
33,8,2,3,24
33,9,2,0,11
33,10,2,0,1
33,11,2,0,20
33,12,2,0,2
33,13,2,0,24
33,14,2,0,3
33,15,2,0,1
33,16,2,0,0
33,17,2,0,22
33,18,2,0,7
33,19,2,3,2
33,20,3,0,6
33,21,3,0,1
33,22,3,0,6
33,23,3,0,22
33,24,3,0,19
33,25,3,7,18
33,26,7,0,2
33,27,7,0,1
33,28,7,0,13
33,29,7,0,21
33,30,7,0,21
33,31,7,0,6
33,32,7,0,19
33,33,7,0,21
33,34,7,0,1
33,35,7,0,16
33,36,7,0,23
33,37,3,7,14
33,38,3,0,1
33,39,3,0,12
33,40,3,0,13
33,41,3,0,16
33,42,3,0,20
33,43,3,0,14
33,44,3,0,19
33,45,3,0,16
33,46,3,0,5
33,47,3,0,15
33,48,3,0,6
34,0,3,0,1
34,1,3,0,17
34,2,3,0,1
34,3,3,0,11
34,4,3,0,11
34,5,3,0,2
34,6,3,0,12
34,7,2,3,6
34,8,2,0,19
34,9,2,0,0
34,10,2,0,12
34,11,2,0,17
34,12,2,0,22
34,13,2,0,16
34,14,2,0,22
34,15,2,0,13
34,16,2,0,3
34,17,2,0,0
34,18,2,0,15
34,19,2,3,2
34,20,3,0,20
34,21,3,0,16
34,22,3,0,11
34,23,3,0,5
34,24,3,7,0
34,25,7,0,2
34,26,7,0,12
34,27,7,0,9
34,28,7,0,24
34,29,7,0,17
34,30,7,0,23
34,31,7,0,20
34,32,7,0,6
34,33,7,0,22
34,34,7,0,8
34,35,7,0,10
34,36,3,7,19
34,37,3,0,20
34,38,3,0,12
34,39,3,0,0
34,40,3,0,6
34,41,3,0,10
34,42,3,0,15
34,43,3,0,5
34,44,3,0,18
34,45,3,0,10
34,46,3,0,7
34,47,3,0,6
34,48,3,0,18
35,0,3,0,19
35,1,3,0,18
35,2,3,0,16
35,3,3,0,10
35,4,3,0,8
35,5,3,0,8
35,6,3,0,22
35,7,2,3,22
35,8,2,0,21
35,9,2,0,11
35,10,2,0,11
35,11,2,0,12
35,12,2,0,5
35,13,2,0,18
35,14,2,0,23
35,15,2,0,10
35,16,2,0,24
35,17,2,0,13
35,18,2,0,2
35,19,2,3,17
35,20,3,0,5
35,21,3,0,12
35,22,3,0,20
35,23,3,0,17
35,24,3,7,18
35,25,7,0,15
35,26,7,0,12
35,27,7,0,4
35,28,7,0,20
35,29,7,0,21
35,30,7,0,22
35,31,7,0,12
35,32,7,0,19
35,33,7,0,21
35,34,7,0,0
35,35,3,7,14
35,36,3,0,1
35,37,3,0,21
35,38,3,0,24
35,39,3,0,19
35,40,3,0,13
35,41,3,0,0
35,42,3,0,7
35,43,3,0,15
35,44,3,0,9
35,45,3,0,13
35,46,3,0,16
35,47,3,0,5
35,48,3,0,5
36,0,3,0,20
36,1,3,0,10
36,2,3,0,20
36,3,3,0,17
36,4,3,0,10
36,5,3,0,10
36,6,3,0,14
36,7,2,3,22
36,8,2,0,0
36,9,2,0,24
36,10,2,0,14
36,11,2,0,22
36,12,2,0,24
36,13,2,0,19
36,14,2,0,15
36,15,2,0,4
36,16,2,0,14
36,17,2,0,24
36,18,2,0,13
36,19,2,3,18
36,20,3,0,8
36,21,3,0,3
36,22,3,0,21
36,23,3,7,0
36,24,7,0,18
36,25,7,0,11
36,26,7,0,8
36,27,7,0,7
36,28,7,0,9
36,29,7,0,13
36,30,7,0,10
36,31,7,0,18
36,32,7,0,14
36,33,7,0,9
36,34,3,7,19
36,35,3,0,22
36,36,3,0,21
36,37,3,0,22
36,38,3,0,2
36,39,3,0,6
36,40,3,0,2
36,41,3,0,13
36,42,3,0,3
36,43,3,0,5
36,44,3,0,14
36,45,3,0,23
36,46,3,0,0
36,47,3,0,2
36,48,3,0,4
37,0,3,0,6
37,1,3,0,13
37,2,3,0,5
37,3,3,0,24
37,4,3,0,5
37,5,3,0,16
37,6,3,0,12
37,7,2,3,24
37,8,2,0,20
37,9,2,0,23
37,10,2,0,19
37,11,2,0,20
37,12,2,0,15
37,13,2,0,14
37,14,2,0,18
37,15,2,0,2
37,16,2,0,23
37,17,2,0,4
37,18,2,3,0
37,19,3,0,7
37,20,3,0,19
37,21,3,0,5
37,22,3,0,20
37,23,3,7,17
37,24,7,0,20
37,25,7,0,5
37,26,7,0,5
37,27,7,0,19
37,28,7,0,8
37,29,7,0,20
37,30,7,0,21
37,31,7,0,20
37,32,7,0,24
37,33,3,7,6
37,34,3,0,10
37,35,3,0,20
37,36,3,0,10
37,37,3,0,0
37,38,3,0,14
37,39,3,0,4
37,40,3,0,13
37,41,3,0,2
37,42,3,0,0
37,43,3,0,18
37,44,3,0,17
37,45,3,0,24
37,46,3,0,7
37,47,3,0,3
37,48,3,0,22
38,0,3,0,8
38,1,3,0,23
38,2,3,0,8
38,3,3,0,21
38,4,3,0,15
38,5,3,0,10
38,6,2,3,6
38,7,2,0,12
38,8,2,0,9
38,9,2,0,22
38,10,2,0,15
38,11,2,0,24
38,12,2,0,0
38,13,2,0,18
38,14,2,0,10
38,15,2,0,13
38,16,2,0,17
38,17,2,0,9
38,18,2,3,2
38,19,3,0,6
38,20,3,0,14
38,21,3,0,12
38,22,3,0,7
38,23,3,7,17
38,24,7,0,15
38,25,7,0,16
38,26,7,0,8
38,27,7,0,20
38,28,7,0,12
38,29,7,0,4
38,30,7,0,22
38,31,7,0,11
38,32,7,0,11
38,33,3,7,24
38,34,3,0,1
38,35,3,0,0
38,36,3,0,7
38,37,3,0,16
38,38,3,0,14
38,39,3,0,20
38,40,3,0,7
38,41,3,0,18
38,42,3,0,9
38,43,3,0,12
38,44,3,0,20
38,45,3,0,23
38,46,3,0,24
38,47,3,0,4
38,48,3,0,15
39,0,3,0,23
39,1,3,0,20
39,2,3,0,21
39,3,3,0,5
39,4,3,0,12
39,5,3,0,11
39,6,2,3,22
39,7,2,0,18
39,8,2,0,7
39,9,2,0,18
39,10,2,0,12
39,11,2,0,20
39,12,2,0,4
39,13,2,0,19
39,14,2,0,8
39,15,2,0,24
39,16,2,0,3
39,17,2,0,19
39,18,2,3,17
39,19,2,3,16
39,20,2,3,16
39,21,3,0,9
39,22,3,0,23
39,23,3,7,1
39,24,7,0,15
39,25,7,0,10
39,26,7,0,15
39,27,7,0,7
39,28,7,0,19
39,29,7,0,2
39,30,7,0,8
39,31,7,0,14
39,32,3,7,14
39,33,3,0,22
39,34,3,0,9
39,35,3,0,19
39,36,3,0,12
39,37,3,0,14
39,38,3,0,24
39,39,3,0,13
39,40,3,0,13
39,41,3,0,20
39,42,3,0,22
39,43,3,0,10
39,44,3,0,1
39,45,3,0,24
39,46,3,0,24
39,47,3,0,20
39,48,3,0,20
40,0,3,0,19
40,1,3,0,20
40,2,3,0,8
40,3,3,0,20
40,4,3,0,13
40,5,3,0,19
40,6,2,3,23
40,7,2,0,1
40,8,2,0,9
40,9,2,0,17
40,10,2,0,19
40,11,2,0,3
40,12,2,0,14
40,13,2,0,22
40,14,2,0,19
40,15,2,0,9
40,16,2,0,23
40,17,2,0,0
40,18,2,3,4
40,19,2,3,4
40,20,2,3,2
40,21,2,3,16
40,22,3,0,8
40,23,3,7,17
40,24,7,0,7
40,25,7,0,5
40,26,7,0,0
40,27,7,0,17
40,28,7,0,17
40,29,7,0,5
40,30,7,0,7
40,31,3,7,9
40,32,3,0,15
40,33,3,0,23
40,34,3,0,7
40,35,3,0,4
40,36,3,0,12
40,37,3,0,14
40,38,3,0,16
40,39,3,0,11
40,40,3,0,7
40,41,3,0,11
40,42,3,0,15
40,43,3,7,20
40,44,3,7,20
40,45,3,0,19
40,46,3,0,0
40,47,3,0,11
40,48,3,0,6
41,0,3,0,7
41,1,3,0,19
41,2,3,0,10
41,3,3,0,19
41,4,3,0,11
41,5,3,0,11
41,6,2,3,21
41,7,2,0,24
41,8,2,0,2
41,9,2,0,17
41,10,2,0,17
41,11,2,0,2
41,12,2,0,19
41,13,2,0,23
41,14,2,0,3
41,15,2,0,11
41,16,2,0,10
41,17,2,0,20
41,18,2,0,23
41,19,2,0,15
41,20,2,3,4
41,21,2,3,1
41,22,3,0,10
41,23,3,7,1
41,24,7,0,5
41,25,7,0,11
41,26,7,0,1
41,27,7,0,2
41,28,7,0,15
41,29,7,0,11
41,30,3,7,11
41,31,3,0,14
41,32,3,0,8
41,33,3,0,16
41,34,3,0,18
41,35,3,0,17
41,36,3,0,3
41,37,3,0,12
41,38,3,0,12
41,39,3,0,5
41,40,3,0,18
41,41,3,0,3
41,42,3,7,15
41,43,3,7,8
41,44,3,7,7
41,45,3,0,0
41,46,3,0,23
41,47,3,0,8
41,48,3,0,9
42,0,3,0,8
42,1,3,0,8
42,2,3,0,12
42,3,3,0,6
42,4,3,0,10
42,5,3,0,24
42,6,2,3,23
42,7,2,0,8
42,8,2,0,10
42,9,2,0,23
42,10,2,0,15
42,11,2,0,13
42,12,2,0,6
42,13,2,0,11
42,14,2,0,16
42,15,2,0,22
42,16,2,0,7
42,17,2,0,9
42,18,2,0,10
42,19,2,0,5
42,20,2,0,0
42,21,2,3,18
42,22,3,0,19
42,23,3,7,17
42,24,3,7,16
42,25,7,0,21
42,26,7,0,14
42,27,7,0,2
42,28,7,0,21
42,29,3,7,14
42,30,3,0,1
42,31,3,0,2
42,32,3,0,15
42,33,3,0,7
42,34,3,0,11
42,35,3,0,5
42,36,3,0,19
42,37,3,0,20
42,38,3,0,20
42,39,3,0,7
42,40,3,0,21
42,41,3,7,15
42,42,7,0,22
42,43,7,0,20
42,44,3,7,22
42,45,3,0,8
42,46,3,0,18
42,47,3,0,16
42,48,3,0,7
43,0,3,0,17
43,1,3,0,0
43,2,3,0,18
43,3,3,0,13
43,4,3,0,6
43,5,3,0,1
43,6,2,3,24
43,7,2,0,17
43,8,2,0,21
43,9,2,0,12
43,10,2,0,18
43,11,2,0,14
43,12,2,0,11
43,13,2,0,20
43,14,2,0,2
43,15,2,0,22
43,16,2,0,23
43,17,2,0,10
43,18,2,0,19
43,19,2,0,9
43,20,2,3,0
43,21,3,0,0
43,22,3,0,16
43,23,3,7,4
43,24,3,7,17
43,25,7,0,10
43,26,7,0,6
43,27,3,7,16
43,28,3,7,9
43,29,3,0,8
43,30,3,0,20
43,31,3,0,1
43,32,3,0,21
43,33,3,0,2
43,34,3,0,11
43,35,3,0,10
43,36,3,0,10
43,37,3,0,10
43,38,3,0,18
43,39,3,7,20
43,40,3,7,10
43,41,7,0,15
43,42,7,0,4
43,43,7,0,19
43,44,3,7,22
43,45,3,0,18
43,46,3,0,17
43,47,3,0,3
43,48,3,0,8
44,0,3,0,15
44,1,3,0,11
44,2,3,0,16
44,3,3,0,3
44,4,3,0,5
44,5,2,3,6
44,6,2,0,10
44,7,2,0,14
44,8,2,0,0
44,9,2,0,23
44,10,2,0,16
44,11,2,0,3
44,12,2,0,6
44,13,2,0,11
44,14,2,0,8
44,15,2,0,15
44,16,2,0,23
44,17,2,0,16
44,18,2,0,3
44,19,2,0,21
44,20,2,3,1
44,21,3,0,5
44,22,3,0,6
44,23,3,0,2
44,24,3,7,3
44,25,3,7,16
44,26,3,7,14
44,27,3,7,4
44,28,3,0,20
44,29,3,0,0
44,30,3,0,19
44,31,3,0,12
44,32,3,0,22
44,33,3,0,9
44,34,3,0,3
44,35,3,0,10
44,36,3,0,9
44,37,3,0,14
44,38,3,7,13
44,39,3,7,8
44,40,7,0,0
44,41,7,0,20
44,42,7,0,3
44,43,7,0,1
44,44,3,7,24
44,45,3,0,2
44,46,3,0,9
44,47,3,0,2
44,48,3,0,12
45,0,3,0,24
45,1,3,0,13
45,2,3,0,17
45,3,3,0,12
45,4,3,0,12
45,5,2,3,24
45,6,2,0,4
45,7,2,0,12
45,8,2,0,18
45,9,2,0,8
45,10,2,0,14
45,11,2,0,8
45,12,2,0,16
45,13,2,0,12
45,14,2,0,13
45,15,2,0,7
45,16,2,0,10
45,17,2,0,3
45,18,2,0,10
45,19,2,0,24
45,20,2,3,18
45,21,3,0,19
45,22,3,0,16
45,23,3,0,12
45,24,3,7,4
45,25,3,7,4
45,26,3,0,23
45,27,3,0,18
45,28,3,0,8
45,29,3,0,14
45,30,3,0,7
45,31,3,0,5
45,32,3,0,12
45,33,3,0,20
45,34,3,0,19
45,35,3,0,24
45,36,3,0,9
45,37,3,7,5
45,38,7,0,9
45,39,7,0,10
45,40,7,0,8
45,41,3,7,16
45,42,3,7,16
45,43,3,7,19
45,44,3,0,9
45,45,3,0,21
45,46,3,0,18
45,47,3,0,4
45,48,3,0,21
46,0,3,0,0
46,1,3,0,24
46,2,3,0,6
46,3,3,0,14
46,4,2,3,9
46,5,2,0,15
46,6,2,0,6
46,7,2,0,16
46,8,2,0,11
46,9,2,0,22
46,10,2,0,8
46,11,2,0,4
46,12,2,0,3
46,13,2,0,17
46,14,2,0,19
46,15,2,0,16
46,16,2,0,5
46,17,2,0,24
46,18,2,0,8
46,19,2,3,15
46,20,3,0,1
46,21,3,0,24
46,22,3,0,8
46,23,3,0,7
46,24,3,0,2
46,25,3,0,0
46,26,3,0,10
46,27,3,0,5
46,28,3,0,6
46,29,3,0,7
46,30,3,0,7
46,31,3,0,10
46,32,3,0,6
46,33,3,0,16
46,34,3,0,13
46,35,3,0,17
46,36,3,7,15
46,37,7,0,14
46,38,7,0,5
46,39,7,0,6
46,40,3,7,19
46,41,3,7,4
46,42,3,7,4
46,43,3,0,2
46,44,3,0,8
46,45,3,0,7
46,46,3,0,3
46,47,3,0,2
46,48,3,0,9
47,0,3,0,2
47,1,3,0,19
47,2,3,0,7
47,3,2,3,6
47,4,2,0,1
47,5,2,0,15
47,6,2,0,6
47,7,2,0,20
47,8,2,0,1
47,9,2,0,13
47,10,2,0,16
47,11,2,0,3
47,12,2,0,6
47,13,2,0,18
47,14,2,0,22
47,15,2,0,2
47,16,2,0,15
47,17,2,0,17
47,18,2,3,13
47,19,3,0,23
47,20,3,0,0
47,21,3,0,21
47,22,3,0,18
47,23,3,0,21
47,24,3,0,9
47,25,3,0,5
47,26,3,0,8
47,27,3,0,15
47,28,3,0,14
47,29,3,0,13
47,30,3,0,18
47,31,3,0,5
47,32,3,0,2
47,33,3,0,8
47,34,3,0,3
47,35,3,7,10
47,36,7,0,19
47,37,7,0,15
47,38,3,7,16
47,39,3,7,19
47,40,3,0,1
47,41,3,0,24
47,42,3,0,21
47,43,3,0,17
47,44,3,0,20
47,45,3,7,20
47,46,3,7,20
47,47,3,7,20
47,48,3,0,19
48,0,3,0,10
48,1,3,0,4
48,2,3,0,14
48,3,2,3,24
48,4,2,0,21
48,5,2,0,3
48,6,2,0,5
48,7,2,0,5
48,8,2,0,7
48,9,2,0,14
48,10,2,0,5
48,11,2,0,4
48,12,2,0,11
48,13,2,0,19
48,14,2,0,17
48,15,2,0,8
48,16,2,0,9
48,17,2,3,0
48,18,3,0,5
48,19,3,0,23
48,20,3,0,7
48,21,3,0,15
48,22,3,0,19
48,23,3,0,1
48,24,3,0,10
48,25,3,0,4
48,26,3,0,13
48,27,3,0,5
48,28,3,0,5
48,29,3,0,23
48,30,3,0,14
48,31,3,0,2
48,32,3,0,18
48,33,3,0,6
48,34,3,7,10
48,35,7,0,1
48,36,7,0,24
48,37,3,7,14
48,38,3,7,4
48,39,3,0,4
48,40,3,0,16
48,41,3,0,5
48,42,3,0,17
48,43,3,0,9
48,44,3,7,5
48,45,3,7,8
48,46,3,7,8
48,47,3,7,21
48,48,3,0,7
49,0,3,0,20
49,1,3,0,12
49,2,2,3,6
49,3,2,3,20
49,4,2,0,20
49,5,2,0,11
49,6,2,0,9
49,7,2,0,23
49,8,2,0,13
49,9,2,0,6
49,10,2,0,14
49,11,2,0,6
49,12,2,0,18
49,13,2,0,19
49,14,2,0,6
49,15,2,0,16
49,16,2,0,24
49,17,2,3,18
49,18,3,0,18
49,19,3,0,24
49,20,3,0,13
49,21,3,0,15
49,22,3,0,2
49,23,3,0,7
49,24,3,0,9
49,25,3,0,19
49,26,3,0,5
49,27,3,0,16
49,28,3,0,16
49,29,3,0,3
49,30,3,0,20
49,31,3,0,1
49,32,3,0,14
49,33,3,7,5
49,34,7,0,10
49,35,7,0,15
49,36,3,7,9
49,37,3,0,5
49,38,3,0,17
49,39,3,0,20
49,40,3,0,17
49,41,3,0,4
49,42,3,0,1
49,43,3,7,0
49,44,7,0,18
49,45,7,0,7
49,46,7,0,22
49,47,3,7,22
49,48,3,0,0
50,0,3,0,17
50,1,3,0,20
50,2,2,3,8
50,3,2,3,23
50,4,2,0,9
50,5,2,0,16
50,6,2,0,18
50,7,2,0,2
50,8,2,0,1
50,9,2,0,12
50,10,2,0,10
50,11,2,0,11
50,12,2,0,3
50,13,2,0,9
50,14,2,0,22
50,15,2,0,21
50,16,2,3,0
50,17,2,3,16
50,18,3,0,6
50,19,3,0,1
50,20,3,0,4
50,21,3,0,16
50,22,3,0,5
50,23,3,0,10
50,24,3,0,3
50,25,3,0,17
50,26,3,0,3
50,27,3,0,10
50,28,3,0,16
50,29,3,0,6
50,30,3,0,14
50,31,3,0,17
50,32,3,7,10
50,33,7,0,23
50,34,7,0,21
50,35,3,7,14
50,36,3,0,4
50,37,3,0,14
50,38,3,0,20
50,39,3,0,22
50,40,3,0,22
50,41,3,0,22
50,42,3,0,15
50,43,3,7,18
50,44,7,0,15
50,45,7,0,18
50,46,7,0,18
50,47,3,7,7
50,48,3,0,19
51,0,3,0,18
51,1,3,0,3
51,2,3,0,22
51,3,2,3,24
51,4,2,0,1
51,5,2,0,24
51,6,2,0,20
51,7,2,0,11
51,8,2,0,0
51,9,2,0,7
51,10,2,0,10
51,11,2,0,15
51,12,2,0,21
51,13,2,0,10
51,14,2,0,19
51,15,2,0,19
51,16,2,3,4
51,17,2,3,1
51,18,3,0,19
51,19,3,0,7
51,20,3,0,17
51,21,3,0,12
51,22,3,0,22
51,23,3,7,20
51,24,3,7,20
51,25,3,7,20
51,26,3,0,19
51,27,3,0,0
51,28,3,0,11
51,29,3,0,14
51,30,3,0,4
51,31,3,7,10
51,32,7,0,16
51,33,7,0,24
51,34,3,7,11
51,35,3,0,2
51,36,3,0,23
51,37,3,0,21
51,38,3,0,8
51,39,3,0,19
51,40,3,0,23
51,41,3,0,23
51,42,3,7,0
51,43,7,0,15
51,44,7,0,19
51,45,7,0,19
51,46,7,0,2
51,47,3,7,22
51,48,3,0,14
52,0,3,0,3
52,1,3,0,10
52,2,2,3,6
52,3,2,0,16
52,4,2,0,1
52,5,2,0,6
52,6,2,0,4
52,7,2,0,4
52,8,2,0,5
52,9,2,0,5
52,10,2,0,0
52,11,2,0,16
52,12,2,0,12
52,13,2,0,6
52,14,2,0,21
52,15,2,0,4
52,16,2,0,19
52,17,2,3,18
52,18,3,0,20
52,19,3,0,7
52,20,3,0,10
52,21,3,0,9
52,22,3,7,10
52,23,3,7,8
52,24,3,7,8
52,25,3,7,24
52,26,3,0,24
52,27,3,0,14
52,28,3,0,11
52,29,3,0,13
52,30,3,7,15
52,31,7,0,17
52,32,7,0,8
52,33,3,7,9
52,34,3,0,18
52,35,3,0,21
52,36,3,0,8
52,37,3,0,15
52,38,3,0,13
52,39,3,0,7
52,40,3,0,10
52,41,3,0,24
52,42,3,7,17
52,43,3,7,16
52,44,3,7,16
52,45,7,0,9
52,46,7,0,22
52,47,3,7,22
52,48,3,0,22
53,0,3,0,0
53,1,3,0,5
53,2,2,3,22
53,3,2,0,6
53,4,2,0,0
53,5,2,0,3
53,6,2,0,1
53,7,2,0,11
53,8,2,0,11
53,9,2,0,3
53,10,2,0,22
53,11,2,0,10
53,12,2,0,22
53,13,2,0,11
53,14,2,0,5
53,15,2,0,15
53,16,2,3,15
53,17,3,0,12
53,18,3,0,14
53,19,3,0,7
53,20,3,0,11
53,21,3,7,13
53,22,7,0,13
53,23,7,0,1
53,24,3,7,14
53,25,3,0,9
53,26,3,0,14
53,27,3,0,11
53,28,3,0,9
53,29,3,7,5
53,30,7,0,2
53,31,7,0,4
53,32,3,7,11
53,33,3,0,24
53,34,3,0,8
53,35,3,0,14
53,36,3,0,7
53,37,3,0,0
53,38,3,0,24
53,39,3,0,11
53,40,3,0,15
53,41,3,0,0
53,42,3,7,4
53,43,3,7,4
53,44,3,7,1
53,45,7,0,6
53,46,7,0,8
53,47,3,7,22
53,48,3,0,21
54,0,3,0,23
54,1,3,0,19
54,2,2,3,24
54,3,2,0,15
54,4,2,0,2
54,5,2,0,18
54,6,2,0,8
54,7,2,0,15
54,8,2,0,20
54,9,2,0,15
54,10,2,0,14
54,11,2,0,5
54,12,2,0,8
54,13,2,0,11
54,14,2,0,7
54,15,2,3,0
54,16,3,0,3
54,17,3,0,13
54,18,3,0,11
54,19,3,0,16
54,20,3,7,5
54,21,7,0,12
54,22,7,0,22
54,23,3,7,11
54,24,3,0,0
54,25,3,0,14
54,26,3,0,23
54,27,3,0,7
54,28,3,7,0
54,29,7,0,23
54,30,7,0,21
54,31,3,7,14
54,32,3,0,15
54,33,3,0,12
54,34,3,0,20
54,35,3,0,23
54,36,3,0,0
54,37,2,3,16
54,38,2,3,16
54,39,3,0,3
54,40,3,0,0
54,41,3,0,2
54,42,3,0,2
54,43,3,0,1
54,44,3,7,2
54,45,7,0,9
54,46,7,0,16
54,47,3,7,23
54,48,3,0,4
55,0,3,0,9
55,1,2,3,6
55,2,2,0,15
55,3,2,0,21
55,4,2,0,6
55,5,2,0,4
55,6,2,0,7
55,7,2,0,22
55,8,2,0,22
55,9,2,0,5
55,10,2,0,20
55,11,2,0,7
55,12,2,0,24
55,13,2,0,2
55,14,2,0,9
55,15,2,3,18
55,16,3,0,7
55,17,3,0,4
55,18,3,0,13
55,19,3,7,10
55,20,7,0,5
55,21,7,0,9
55,22,3,7,14
55,23,3,0,18
55,24,3,0,15
55,25,3,0,3
55,26,3,0,19
55,27,3,0,15
55,28,3,7,17
55,29,7,0,17
55,30,3,7,14
55,31,3,0,10
55,32,3,0,9
55,33,3,0,10
55,34,3,0,2
55,35,3,0,9
55,36,2,3,14
55,37,2,3,4
55,38,2,3,18
55,39,3,0,24
55,40,3,0,19
55,41,3,0,6
55,42,3,0,15
55,43,3,0,16
55,44,3,7,3
55,45,7,0,1
55,46,7,0,16
55,47,3,7,21
55,48,3,0,4
56,0,3,0,13
56,1,2,3,22
56,2,2,3,20
56,3,2,3,20
56,4,2,0,6
56,5,2,0,1
56,6,2,0,2
56,7,2,0,19
56,8,2,0,17
56,9,2,0,7
56,10,2,0,4
56,11,2,0,20
56,12,2,0,8
56,13,2,3,20
56,14,2,3,10
56,15,3,0,21
56,16,3,0,20
56,17,3,0,16
56,18,3,7,15
56,19,7,0,20
56,20,7,0,19
56,21,3,7,9
56,22,3,0,7
56,23,3,0,19
56,24,3,0,11
56,25,3,0,10
56,26,3,0,5
56,27,3,0,1
56,28,3,7,17
56,29,3,7,19
56,30,3,0,5
56,31,3,0,1
56,32,3,0,17
56,33,3,0,9
56,34,2,3,16
56,35,2,3,19
56,36,2,0,17
56,37,2,3,0
56,38,3,0,17
56,39,3,0,1
56,40,3,0,0
56,41,3,0,18
56,42,3,0,7
56,43,3,0,4
56,44,3,7,17
56,45,7,0,0
56,46,7,0,18
56,47,3,7,23
56,48,3,7,20
57,0,3,0,3
57,1,2,3,8
57,2,2,3,8
57,3,2,3,23
57,4,2,0,12
57,5,2,0,7
57,6,2,0,8
57,7,2,0,6
57,8,2,0,3
57,9,2,0,20
57,10,2,0,2
57,11,2,0,8
57,12,2,3,15
57,13,2,3,8
57,14,3,0,8
57,15,3,0,16
57,16,3,0,15
57,17,3,7,15
57,18,7,0,6
57,19,7,0,10
57,20,3,7,9
57,21,3,0,14
57,22,3,0,2
57,23,3,0,4
57,24,3,0,19
57,25,3,0,4
57,26,3,0,12
57,27,3,0,2
57,28,3,7,4
57,29,3,0,21
57,30,3,0,13
57,31,3,0,24
57,32,3,0,6
57,33,2,3,9
57,34,2,3,4
57,35,2,0,22
57,36,2,0,14
57,37,2,3,3
57,38,3,0,23
57,39,3,0,15
57,40,3,0,24
57,41,3,0,7
57,42,3,0,1
57,43,3,0,9
57,44,3,7,2
57,45,7,0,8
57,46,7,0,5
57,47,3,7,8
57,48,3,7,7
58,0,3,0,5
58,1,3,0,10
58,2,3,0,13
58,3,2,3,24
58,4,2,0,7
58,5,2,0,15
58,6,2,0,7
58,7,2,0,22
58,8,2,0,24
58,9,2,0,20
58,10,2,0,10
58,11,2,3,5
58,12,3,0,24
58,13,3,0,18
58,14,3,0,1
58,15,3,0,23
58,16,3,7,15
58,17,7,0,17
58,18,7,0,15
58,19,3,7,14
58,20,3,0,8
58,21,3,0,16
58,22,3,0,14
58,23,3,0,11
58,24,3,0,8
58,25,3,0,15
58,26,3,0,6
58,27,3,0,13
58,28,3,0,2
58,29,3,0,24
58,30,3,0,12
58,31,2,3,16
58,32,2,3,14
58,33,2,0,24
58,34,2,0,4
58,35,2,0,5
58,36,2,0,16
58,37,2,3,1
58,38,3,0,11
58,39,3,0,23
58,40,3,0,12
58,41,3,0,16
58,42,3,0,24
58,43,3,0,15
58,44,3,7,3
58,45,7,0,0
58,46,7,0,22
58,47,7,0,1
58,48,3,7,22
59,0,3,0,23
59,1,3,0,7
59,2,2,3,6
59,3,2,0,22
59,4,2,0,18
59,5,2,0,2
59,6,2,0,5
59,7,2,0,12
59,8,2,0,1
59,9,2,3,20
59,10,2,3,10
59,11,3,0,19
59,12,3,0,4
59,13,3,0,6
59,14,3,0,5
59,15,3,7,15
59,16,7,0,3
59,17,3,7,16
59,18,3,7,9
59,19,3,0,10
59,20,3,0,13
59,21,3,0,0
59,22,3,0,23
59,23,3,0,12
59,24,3,0,10
59,25,3,0,20
59,26,3,0,4
59,27,3,0,20
59,28,3,0,8
59,29,3,0,16
59,30,2,3,11
59,31,2,3,4
59,32,2,0,2
59,33,2,0,21
59,34,2,0,13
59,35,2,0,13
59,36,2,0,20
59,37,2,3,18
59,38,3,0,2
59,39,3,0,18
59,40,3,0,0
59,41,3,0,5
59,42,3,0,22
59,43,3,0,5
59,44,3,7,1
59,45,7,0,19
59,46,7,0,9
59,47,7,0,22
59,48,3,7,24
60,0,3,0,14
60,1,3,0,6
60,2,2,3,23
60,3,2,0,17
60,4,2,0,23
60,5,2,0,16
60,6,2,0,5
60,7,2,3,20
60,8,2,3,13
60,9,2,3,8
60,10,3,0,10
60,11,3,0,17
60,12,3,0,16
60,13,3,0,24
60,14,3,7,0
60,15,7,0,17
60,16,3,7,19
60,17,3,7,4
60,18,3,0,14
60,19,3,0,18
60,20,3,0,20
60,21,3,0,21
60,22,3,0,11
60,23,3,0,1
60,24,3,0,2
60,25,3,0,4
60,26,3,0,19
60,27,3,0,19
60,28,3,0,18
60,29,2,3,6
60,30,2,0,19
60,31,2,0,0
60,32,2,3,20
60,33,2,3,20
60,34,2,0,10
60,35,2,0,23
60,36,2,3,0
60,37,3,0,3
60,38,3,0,19
60,39,3,0,6
60,40,3,0,12
60,41,3,0,24
60,42,3,0,2
60,43,3,0,10
60,44,3,7,2
60,45,7,0,13
60,46,7,0,3
60,47,3,7,6
60,48,3,0,19
61,0,3,0,21
61,1,3,0,5
61,2,2,3,22
61,3,2,3,20
61,4,2,3,20
61,5,2,0,21
61,6,2,3,5
61,7,2,3,8
61,8,3,0,6
61,9,3,0,19
61,10,3,0,9
61,11,3,0,12
61,12,3,0,20
61,13,3,0,0
61,14,3,7,1
61,15,3,7,19
61,16,3,0,21
61,17,3,0,18
61,18,3,0,9
61,19,3,0,5
61,20,3,0,19
61,21,3,0,1
61,22,3,7,20
61,23,3,0,9
61,24,3,0,24
61,25,3,0,20
61,26,3,0,7
61,27,3,0,0
61,28,3,0,11
61,29,2,3,24
61,30,2,0,20
61,31,2,3,10
61,32,2,3,8
61,33,2,3,7
61,34,2,0,23
61,35,2,0,3
61,36,2,3,18
61,37,3,0,11
61,38,3,0,9
61,39,3,0,2
61,40,3,0,10
61,41,3,0,9
61,42,3,0,4
61,43,3,0,22
61,44,3,7,18
61,45,7,0,5
61,46,7,0,1
61,47,3,7,24
61,48,3,0,23
62,0,3,0,13
62,1,3,0,11
62,2,2,3,8
62,3,2,3,8
62,4,2,3,21
62,5,2,3,10
62,6,3,0,16
62,7,3,0,20
62,8,3,0,15
62,9,3,0,5
62,10,3,0,2
62,11,3,0,7
62,12,3,0,11
62,13,3,0,6
62,14,3,7,4
62,15,3,0,2
62,16,3,0,14
62,17,3,0,12
62,18,3,0,14
62,19,3,0,4
62,20,3,0,1
62,21,3,7,15
62,22,3,7,7
62,23,3,0,6
62,24,3,0,18
62,25,3,0,23
62,26,3,0,21
62,27,3,0,0
62,28,2,3,6
62,29,2,0,12
62,30,2,3,0
62,31,3,0,7
62,32,3,0,11
62,33,2,3,24
62,34,2,0,20
62,35,2,3,0
62,36,3,0,13
62,37,3,0,12
62,38,3,0,8
62,39,3,0,17
62,40,3,0,22
62,41,3,0,17
62,42,3,0,19
62,43,3,7,0
62,44,7,0,24
62,45,7,0,15
62,46,3,7,6
62,47,3,0,13
62,48,3,0,2
63,0,3,0,10
63,1,3,0,0
63,2,3,0,24
63,3,3,0,10
63,4,2,3,8
63,5,3,0,19
63,6,3,0,8
63,7,3,0,19
63,8,3,0,9
63,9,3,0,19
63,10,3,0,23
63,11,3,0,15
63,12,3,0,11
63,13,3,0,0
63,14,3,0,16
63,15,3,0,0
63,16,3,0,4
63,17,3,0,5
63,18,3,0,18
63,19,3,0,8
63,20,3,7,5
63,21,7,0,6
63,22,3,7,22
63,23,3,0,8
63,24,3,0,21
63,25,3,0,13
63,26,3,0,14
63,27,3,0,4
63,28,2,3,24
63,29,2,0,15
63,30,2,3,18
63,31,3,0,6
63,32,2,3,6
63,33,2,3,24
63,34,2,0,16
63,35,2,3,18
63,36,3,0,16
63,37,3,0,12
63,38,3,0,11
63,39,3,0,10
63,40,3,0,1
63,41,3,0,15
63,42,3,0,19
63,43,3,7,17
63,44,7,0,8
63,45,7,0,19
63,46,3,7,24
63,47,3,0,24
63,48,3,0,12
64,0,3,0,6
64,1,3,0,8
64,2,3,0,22
64,3,3,0,10
64,4,3,0,20
64,5,3,0,7
64,6,3,0,0
64,7,3,0,20
64,8,3,0,22
64,9,3,0,8
64,10,3,0,7
64,11,3,0,24
64,12,3,0,3
64,13,3,0,4
64,14,3,0,20
64,15,3,0,11
64,16,3,0,11
64,17,3,0,22
64,18,3,0,16
64,19,3,7,15
64,20,7,0,12
64,21,7,0,7
64,22,3,7,24
64,23,3,0,0
64,24,3,0,10
64,25,3,0,18
64,26,3,0,5
64,27,2,3,6
64,28,2,0,22
64,29,2,3,0
64,30,3,0,8
64,31,3,0,20
64,32,2,3,6
64,33,2,0,13
64,34,2,3,0
64,35,3,0,22
64,36,3,0,22
64,37,3,0,5
64,38,3,0,18
64,39,3,0,8
64,40,3,0,17
64,41,3,0,24
64,42,3,0,19
64,43,3,7,18
64,44,7,0,18
64,45,3,7,19
64,46,3,0,2
64,47,3,0,3
64,48,3,0,7
65,0,3,0,14
65,1,3,0,15
65,2,3,0,3
65,3,3,0,3
65,4,3,0,7
65,5,3,0,5
65,6,3,0,16
65,7,3,0,17
65,8,3,0,2
65,9,3,0,8
65,10,3,0,21
65,11,3,0,0
65,12,3,0,4
65,13,3,0,20
65,14,3,0,10
65,15,3,0,14
65,16,3,0,8
65,17,3,0,20
65,18,3,7,0
65,19,7,0,0
65,20,7,0,5
65,21,3,7,6
65,22,3,0,13
65,23,3,0,18
65,24,3,0,0
65,25,3,0,18
65,26,3,0,16
65,27,2,3,21
65,28,2,0,13
65,29,2,3,18
65,30,3,0,23
65,31,3,0,15
65,32,2,3,24
65,33,2,0,17
65,34,2,3,1
65,35,2,3,16
65,36,2,3,16
65,37,3,0,18
65,38,3,0,14
65,39,3,0,10
65,40,3,0,21
65,41,3,0,10
65,42,3,7,0
65,43,7,0,22
65,44,3,7,19
65,45,3,0,5
65,46,3,0,16
65,47,3,0,8
65,48,3,0,16
66,0,3,0,9
66,1,3,0,21
66,2,3,0,0
66,3,3,0,22
66,4,3,0,3
66,5,3,0,24
66,6,3,0,13
66,7,3,0,17
66,8,3,0,12
66,9,3,0,6
66,10,3,0,24
66,11,3,0,5
66,12,3,0,20
66,13,3,0,2
66,14,3,0,22
66,15,3,0,13
66,16,3,0,17
66,17,3,0,24
66,18,3,7,18
66,19,7,0,20
66,20,7,0,11
66,21,3,7,24
66,22,3,0,21
66,23,3,0,0
66,24,3,0,12
66,25,3,0,16
66,26,3,0,14
66,27,2,3,24
66,28,2,3,0
66,29,3,0,6
66,30,3,0,4
66,31,2,3,6
66,32,2,0,18
66,33,2,0,24
66,34,2,3,4
66,35,2,3,4
66,36,2,3,17
66,37,3,0,21
66,38,3,0,24
66,39,3,0,24
66,40,3,0,24
66,41,3,0,2
66,42,3,7,2
66,43,3,7,11
66,44,3,0,4
66,45,3,0,2
66,46,3,0,20
66,47,3,0,6
66,48,3,0,1
67,0,3,0,14
67,1,3,0,19
67,2,3,0,16
67,3,3,0,16
67,4,3,0,20
67,5,3,0,17
67,6,3,0,18
67,7,3,0,14
67,8,3,0,3
67,9,3,0,7
67,10,3,0,22
67,11,3,0,15
67,12,3,0,14
67,13,3,0,18
67,14,3,0,2
67,15,3,0,1
67,16,3,7,20
67,17,3,7,13
67,18,7,0,15
67,19,7,0,24
67,20,3,7,19
67,21,3,0,2
67,22,3,0,6
67,23,3,0,9
67,24,3,0,21
67,25,3,0,14
67,26,2,3,14
67,27,2,0,5
67,28,2,3,18
67,29,3,0,18
67,30,3,0,5
67,31,2,3,24
67,32,2,0,22
67,33,2,0,19
67,34,2,0,6
67,35,2,0,22
67,36,2,3,17
67,37,2,3,16
67,38,3,0,22
67,39,3,0,6
67,40,3,0,2
67,41,3,0,0
67,42,3,7,4
67,43,3,0,19
67,44,3,0,13
67,45,3,0,0
67,46,3,0,6
67,47,3,0,0
67,48,3,0,9
68,0,3,0,18
68,1,3,0,3
68,2,3,0,12
68,3,3,0,5
68,4,3,0,13
68,5,3,0,19
68,6,3,0,11
68,7,3,0,15
68,8,3,0,7
68,9,3,0,18
68,10,3,0,0
68,11,3,0,23
68,12,3,0,10
68,13,3,0,13
68,14,3,0,18
68,15,3,7,13
68,16,3,7,8
68,17,7,0,6
68,18,7,0,6
68,19,3,7,19
68,20,3,0,18
68,21,3,0,9
68,22,3,0,4
68,23,3,0,8
68,24,3,0,20
68,25,2,3,6
68,26,2,0,11
68,27,2,3,0
68,28,3,0,15
68,29,3,0,24
68,30,2,3,6
68,31,2,0,4
68,32,2,0,8
68,33,2,0,17
68,34,2,0,17
68,35,2,0,18
68,36,2,3,4
68,37,2,3,17
68,38,2,3,16
68,39,2,3,16
68,40,3,0,14
68,41,3,0,4
68,42,3,0,21
68,43,3,0,1
68,44,3,0,7
68,45,3,0,6
68,46,3,0,13
68,47,3,0,8
68,48,3,0,23
69,0,3,0,22
69,1,3,0,12
69,2,3,0,6
69,3,3,0,7
69,4,3,0,10
69,5,3,0,22
69,6,3,0,19
69,7,3,0,6
69,8,3,0,7
69,9,3,0,21
69,10,3,0,4
69,11,3,0,6
69,12,3,0,12
69,13,3,0,13
69,14,3,7,10
69,15,7,0,0
69,16,7,0,6
69,17,7,0,2
69,18,3,7,9
69,19,3,0,3
69,20,3,0,21
69,21,3,0,17
69,22,3,0,4
69,23,3,0,13
69,24,3,0,15
69,25,2,3,24
69,26,2,0,24
69,27,2,3,17
69,28,3,0,15
69,29,3,0,2
69,30,2,3,24
69,31,2,0,17
69,32,2,0,24
69,33,2,0,9
69,34,2,0,11
69,35,2,0,6
69,36,2,0,9
69,37,2,3,4
69,38,2,3,4
69,39,2,3,2
69,40,3,0,7
69,41,3,0,4
69,42,3,0,16
69,43,3,0,22
69,44,3,0,18
69,45,3,0,12
69,46,3,0,0
69,47,3,0,6
69,48,3,0,7
70,0,3,0,13
70,1,3,0,0
70,2,3,0,9
70,3,3,0,3
70,4,3,0,19
70,5,3,0,15
70,6,3,0,14
70,7,3,0,4
70,8,3,0,24
70,9,3,0,10
70,10,3,0,13
70,11,3,0,11
70,12,3,0,7
70,13,3,7,0
70,14,7,0,14
70,15,7,0,4
70,16,7,0,7
70,17,3,7,14
70,18,3,0,13
70,19,3,0,7
70,20,3,0,18
70,21,3,0,11
70,22,3,0,2
70,23,3,0,16
70,24,2,3,14
70,25,2,0,16
70,26,2,0,13
70,27,2,3,2
70,28,2,3,16
70,29,2,3,11
70,30,2,0,4
70,31,2,0,16
70,32,2,0,19
70,33,2,0,11
70,34,2,0,13
70,35,2,0,1
70,36,2,0,16
70,37,2,0,3
70,38,2,0,8
70,39,2,3,3
70,40,3,0,15
70,41,3,0,12
70,42,3,0,4
70,43,3,0,8
70,44,3,0,16
70,45,3,0,11
70,46,3,0,6
70,47,3,0,14
70,48,3,0,19
71,0,3,0,13
71,1,3,0,0
71,2,3,0,14
71,3,3,0,20
71,4,3,0,5
71,5,3,0,12
71,6,3,0,22
71,7,3,0,3
71,8,3,0,18
71,9,3,0,14
71,10,3,0,0
71,11,3,0,19
71,12,3,0,3
71,13,3,7,18
71,14,7,0,14
71,15,7,0,17
71,16,3,7,9
71,17,3,0,7
71,18,3,0,6
71,19,3,0,2
71,20,3,0,4
71,21,3,0,19
71,22,3,0,3
71,23,2,3,9
71,24,2,0,21
71,25,2,0,5
71,26,2,0,19
71,27,2,3,4
71,28,2,3,4
71,29,2,0,3
71,30,2,0,7
71,31,2,0,16
71,32,2,0,20
71,33,2,0,7
71,34,2,0,20
71,35,2,0,0
71,36,2,0,9
71,37,2,0,3
71,38,2,0,14
71,39,2,3,3
71,40,3,0,13
71,41,3,0,10
71,42,3,0,15
71,43,3,0,20
71,44,3,0,19
71,45,3,0,6
71,46,3,0,12
71,47,3,0,15
71,48,3,0,10
72,0,3,0,14
72,1,3,0,6
72,2,3,0,22
72,3,3,0,17
72,4,3,0,9
72,5,3,0,1
72,6,3,0,3
72,7,3,0,3
72,8,3,0,17
72,9,3,0,19
72,10,3,0,20
72,11,3,0,3
72,12,3,7,5
72,13,7,0,1
72,14,7,0,3
72,15,3,7,11
72,16,3,0,18
72,17,3,0,7
72,18,3,0,16
72,19,3,0,11
72,20,3,0,22
72,21,3,0,16
72,22,2,3,19
72,23,2,0,15
72,24,2,0,11
72,25,2,0,11
72,26,2,0,24
72,27,2,0,1
72,28,2,0,20
72,29,2,0,10
72,30,2,0,22
72,31,2,0,14
72,32,2,3,20
72,33,2,3,20
72,34,2,0,4
72,35,2,0,9
72,36,2,0,8
72,37,2,0,20
72,38,2,0,0
72,39,2,3,3
72,40,3,0,24
72,41,3,0,2
72,42,3,0,20
72,43,3,0,0
72,44,3,0,13
72,45,3,0,16
72,46,3,0,9
72,47,3,0,17
72,48,3,0,12
73,0,3,0,19
73,1,3,0,19
73,2,3,0,1
73,3,3,0,11
73,4,3,0,4
73,5,3,0,21
73,6,3,0,17
73,7,3,0,5
73,8,3,0,5
73,9,3,0,5
73,10,3,0,18
73,11,3,7,0
73,12,7,0,2
73,13,7,0,9
73,14,3,7,14
73,15,3,0,4
73,16,3,0,0
73,17,3,0,4
73,18,2,3,16
73,19,2,3,16
73,20,3,0,17
73,21,2,3,19
73,22,2,0,24
73,23,2,0,15
73,24,2,0,5
73,25,2,0,15
73,26,2,0,1
73,27,2,0,14
73,28,2,0,16
73,29,2,0,7
73,30,2,0,20
73,31,2,3,5
73,32,2,3,8
73,33,2,3,23
73,34,2,3,20
73,35,2,0,4
73,36,2,0,5
73,37,2,0,14
73,38,2,0,15
73,39,2,3,17
73,40,3,0,8
73,41,3,0,11
73,42,3,0,5
73,43,3,0,10
73,44,3,0,16
73,45,3,0,21
73,46,3,0,8
73,47,3,0,20
73,48,3,0,4
74,0,3,0,8
74,1,3,0,9
74,2,3,0,3
74,3,3,0,22
74,4,3,0,1
74,5,3,0,13
74,6,3,0,11
74,7,3,0,24
74,8,3,0,20
74,9,3,0,0
74,10,3,0,10
74,11,3,7,1
74,12,3,7,16
74,13,3,7,11
74,14,3,0,21
74,15,3,0,22
74,16,2,3,16
74,17,2,3,19
74,18,2,0,20
74,19,2,3,3
74,20,2,3,11
74,21,2,0,1
74,22,2,0,22
74,23,2,0,17
74,24,2,0,11
74,25,2,0,18
74,26,2,0,17
74,27,2,0,13
74,28,2,0,16
74,29,2,0,14
74,30,2,3,0
74,31,3,0,22
74,32,3,0,2
74,33,2,3,8
74,34,2,3,7
74,35,2,0,8
74,36,2,0,11
74,37,2,0,19
74,38,2,0,4
74,39,2,3,3
74,40,3,0,13
74,41,3,0,11
74,42,3,0,5
74,43,3,0,24
74,44,3,0,21
74,45,3,0,8
74,46,3,0,22
74,47,3,0,15
74,48,3,0,24
75,0,3,0,17
75,1,3,0,17
75,2,3,0,17
75,3,3,0,14
75,4,3,0,15
75,5,3,0,17
75,6,3,0,14
75,7,3,0,9
75,8,3,0,1
75,9,3,0,21
75,10,3,0,8
75,11,3,7,4
75,12,3,7,4
75,13,3,0,4
75,14,3,0,14
75,15,2,3,6
75,16,2,3,4
75,17,2,0,4
75,18,2,0,19
75,19,2,3,4
75,20,2,0,21
75,21,2,0,18
75,22,2,0,10
75,23,2,0,7
75,24,2,0,5
75,25,2,0,13
75,26,2,0,14
75,27,2,0,18
75,28,2,0,22
75,29,2,0,4
75,30,2,3,18
75,31,3,0,12
75,32,3,0,7
75,33,3,0,4
75,34,2,3,22
75,35,2,3,20
75,36,2,0,11
75,37,2,0,12
75,38,2,0,10
75,39,2,3,18
75,40,3,0,19
75,41,3,0,6
75,42,3,0,5
75,43,3,0,5
75,44,3,0,20
75,45,3,0,1
75,46,3,0,2
75,47,3,0,7
75,48,3,0,7
76,0,3,0,10
76,1,3,0,4
76,2,3,0,6
76,3,3,0,2
76,4,3,0,7
76,5,3,0,14
76,6,3,0,19
76,7,3,0,21
76,8,3,0,24
76,9,3,0,16
76,10,3,0,3
76,11,3,0,24
76,12,3,0,10
76,13,3,0,14
76,14,3,0,16
76,15,2,3,24
76,16,2,0,5
76,17,2,0,22
76,18,2,0,7
76,19,2,0,12
76,20,2,0,8
76,21,2,0,23
76,22,2,3,20
76,23,2,3,20
76,24,2,0,8
76,25,2,0,10
76,26,2,0,11
76,27,2,0,22
76,28,2,0,23
76,29,2,3,0
76,30,3,0,23
76,31,3,0,19
76,32,3,0,24
76,33,3,0,24
76,34,2,3,8
76,35,2,3,24
76,36,2,0,8
76,37,2,0,9
76,38,2,3,5
76,39,3,0,6
76,40,3,7,20
76,41,3,7,20
76,42,3,7,20
76,43,3,0,20
76,44,3,0,14
76,45,3,0,5
76,46,3,0,14
76,47,3,0,15
76,48,3,0,18
77,0,3,0,22
77,1,3,0,20
77,2,3,0,24
77,3,3,0,13
77,4,3,0,13
77,5,3,0,20
77,6,3,0,12
77,7,3,0,3
77,8,3,0,20
77,9,3,0,19
77,10,3,0,13
77,11,3,0,21
77,12,3,0,11
77,13,3,0,4
77,14,2,3,11
77,15,2,0,7
77,16,2,0,21
77,17,2,3,20
77,18,2,3,20
77,19,2,0,2
77,20,2,0,21
77,21,2,3,13
77,22,2,3,8
77,23,2,3,21
77,24,2,3,20
77,25,2,0,13
77,26,2,0,15
77,27,2,0,0
77,28,2,0,16
77,29,2,3,1
77,30,3,0,7
77,31,3,0,16
77,32,3,0,15
77,33,3,0,8
77,34,2,3,6
77,35,2,0,1
77,36,2,0,9
77,37,2,3,0
77,38,3,0,24
77,39,3,7,5
77,40,3,7,8
77,41,3,7,8
77,42,3,7,21
77,43,3,0,19
77,44,3,0,14
77,45,3,0,14
77,46,3,0,9
77,47,3,0,2
77,48,3,0,14
78,0,3,0,3
78,1,3,0,9
78,2,3,0,18
78,3,3,0,1
78,4,3,0,6
78,5,3,0,1
78,6,3,0,15
78,7,3,0,9
78,8,3,0,7
78,9,3,0,6
78,10,3,0,21
78,11,3,0,20
78,12,3,0,18
78,13,2,3,6
78,14,2,0,18
78,15,2,0,4
78,16,2,3,15
78,17,2,3,8
78,18,2,3,21
78,19,2,0,17
78,20,2,3,0
78,21,3,0,0
78,22,3,0,6
78,23,2,3,8
78,24,2,3,23
78,25,2,3,20
78,26,2,0,18
78,27,2,0,11
78,28,2,0,5
78,29,2,3,18
78,30,3,0,15
78,31,3,0,5
78,32,3,0,17
78,33,3,0,0
78,34,2,3,23
78,35,2,0,23
78,36,2,0,19
78,37,2,3,18
78,38,3,7,15
78,39,7,0,1
78,40,7,0,10
78,41,7,0,16
78,42,3,7,24
78,43,3,0,16
78,44,3,0,3
78,45,3,0,16
78,46,3,0,21
78,47,3,0,21
78,48,3,0,8
79,0,3,0,7
79,1,3,0,4
79,2,3,0,16
79,3,3,0,23
79,4,3,0,15
79,5,3,0,19
79,6,3,0,23
79,7,3,0,12
79,8,3,7,20
79,9,3,7,20
79,10,3,0,4
79,11,3,0,3
79,12,3,0,19
79,13,2,3,24
79,14,2,0,10
79,15,2,3,5
79,16,3,0,22
79,17,3,0,5
79,18,2,3,24
79,19,2,0,24
79,20,2,3,18
79,21,3,0,24
79,22,3,0,4
79,23,3,0,3
79,24,2,3,8
79,25,2,3,21
79,26,2,0,20
79,27,2,0,17
79,28,2,3,0
79,29,3,0,2
79,30,3,0,9
79,31,3,0,11
79,32,3,0,7
79,33,3,0,6
79,34,2,3,22
79,35,2,0,8
79,36,2,3,5
79,37,3,7,13
79,38,7,0,14
79,39,7,0,6
79,40,7,0,15
79,41,3,7,6
79,42,3,0,2
79,43,3,0,2
79,44,3,0,13
79,45,3,0,9
79,46,3,0,13
79,47,3,0,15
79,48,3,0,22
80,0,3,0,5
80,1,3,0,23
80,2,3,0,17
80,3,3,0,5
80,4,3,0,21
80,5,3,0,1
80,6,3,0,5
80,7,3,7,5
80,8,3,7,8
80,9,3,7,7
80,10,3,0,5
80,11,3,0,15
80,12,2,3,6
80,13,2,0,4
80,14,2,3,13
80,15,3,0,9
80,16,3,0,5
80,17,2,3,6
80,18,2,0,1
80,19,2,3,0
80,20,3,0,23
80,21,3,0,17
80,22,3,0,6
80,23,3,0,17
80,24,3,0,9
80,25,2,3,21
80,26,2,0,11
80,27,2,0,19
80,28,2,3,1
80,29,2,3,16
80,30,3,0,11
80,31,3,0,9
80,32,3,0,10
80,33,3,0,3
80,34,2,3,7
80,35,2,3,13
80,36,3,7,0
80,37,7,0,21
80,38,7,0,12
80,39,7,0,8
80,40,7,0,17
80,41,3,7,21
80,42,3,0,5
80,43,3,0,2
80,44,3,0,22
80,45,3,0,2
80,46,3,0,6
80,47,3,0,21
80,48,3,0,4
