0,0,3,0,23
0,1,3,0,21
0,2,3,7,18
0,3,7,0,10
0,4,7,0,15
0,5,7,0,20
0,6,7,0,17
0,7,7,0,21
0,8,7,0,21
0,9,7,0,5
0,10,7,0,21
0,11,7,0,23
0,12,7,0,12
0,13,3,7,21
0,14,3,7,10
0,15,3,7,8
0,16,7,0,24
0,17,7,0,15
0,18,7,0,23
0,19,7,0,4
0,20,7,0,8
0,21,7,0,20
0,22,7,0,13
0,23,7,0,8
0,24,7,0,23
0,25,3,7,9
0,26,3,7,4
0,27,3,0,9
0,28,3,7,18
0,29,7,0,0
0,30,7,0,17
0,31,7,0,11
0,32,7,0,10
0,33,7,0,3
0,34,7,0,11
0,35,3,7,24
0,36,3,0,17
0,37,3,7,20
0,38,3,7,10
0,39,3,7,8
0,40,3,7,21
0,41,3,7,15
0,42,7,0,20
0,43,7,0,15
0,44,7,0,7
0,45,7,0,16
0,46,7,0,8
0,47,3,7,6
0,48,3,0,2
0,49,3,0,20
1,0,3,0,6
1,1,3,7,0
1,2,7,0,24
1,3,7,0,17
1,4,7,0,24
1,5,7,0,5
1,6,7,0,10
1,7,7,0,7
1,8,7,0,22
1,9,7,0,13
1,10,7,0,19
1,11,7,0,13
1,12,7,0,10
1,13,3,7,8
1,14,7,0,18
1,15,7,0,4
1,16,7,0,13
1,17,7,0,12
1,18,7,0,21
1,19,7,0,24
1,20,7,0,22
1,21,7,0,21
1,22,7,0,0
1,23,7,0,20
1,24,3,7,11
1,25,3,0,16
1,26,3,0,2
1,27,3,7,0
1,28,7,0,19
1,29,7,0,23
1,30,7,0,1
1,31,7,0,23
1,32,7,0,0
1,33,7,0,13
1,34,3,7,6
1,35,3,0,10
1,36,3,7,15
1,37,3,7,8
1,38,7,0,2
1,39,7,0,19
1,40,3,7,8
1,41,7,0,12
1,42,7,0,21
1,43,7,0,14
1,44,7,0,2
1,45,7,0,16
1,46,7,0,8
1,47,3,7,24
1,48,3,0,6
1,49,3,0,16
2,0,3,0,7
2,1,3,7,1
2,2,3,7,16
2,3,7,0,19
2,4,7,0,14
2,5,7,0,0
2,6,7,0,17
2,7,7,0,2
2,8,7,0,15
2,9,7,0,6
2,10,7,0,17
2,11,7,0,20
2,12,7,0,12
2,13,7,0,2
2,14,7,0,23
2,15,7,0,5
2,16,7,0,14
2,17,7,0,24
2,18,7,0,20
2,19,7,0,13
2,20,7,0,23
2,21,7,0,21
2,22,7,0,5
2,23,3,7,11
2,24,3,0,17
2,25,3,0,3
2,26,3,0,4
2,27,3,7,3
2,28,7,0,24
2,29,7,0,11
2,30,7,0,7
2,31,7,0,21
2,32,7,0,24
2,33,7,0,22
2,34,3,7,21
2,35,3,7,13
2,36,7,0,13
2,37,7,0,17
2,38,7,0,16
2,39,7,0,16
2,40,7,0,2
2,41,7,0,10
2,42,7,0,1
2,43,7,0,6
2,44,7,0,12
2,45,7,0,4
2,46,3,7,6
2,47,3,0,24
2,48,3,0,9
2,49,3,0,16
3,0,3,0,22
3,1,3,7,4
3,2,3,7,3
3,3,7,0,16
3,4,7,0,17
3,5,7,0,8
3,6,7,0,10
3,7,7,0,21
3,8,7,0,11
3,9,7,0,6
3,10,7,0,2
3,11,7,0,19
3,12,7,0,2
3,13,7,0,16
3,14,7,0,5
3,15,7,0,1
3,16,7,0,16
3,17,7,0,2
3,18,7,0,9
3,19,7,0,11
3,20,7,0,23
3,21,7,0,13
3,22,3,7,6
3,23,3,0,2
3,24,3,0,16
3,25,3,0,15
3,26,3,0,4
3,27,3,7,18
3,28,7,0,19
3,29,7,0,19
3,30,7,0,3
3,31,7,0,13
3,32,7,0,4
3,33,7,0,18
3,34,3,7,8
3,35,7,0,22
3,36,7,0,21
3,37,7,0,6
3,38,7,0,7
3,39,7,0,10
3,40,7,0,7
3,41,7,0,1
3,42,7,0,19
3,43,7,0,16
3,44,7,0,9
3,45,7,0,10
3,46,3,7,24
3,47,3,0,5
3,48,3,0,18
3,49,3,0,15
4,0,3,0,12
4,1,3,0,13
4,2,3,7,17
4,3,7,0,14
4,4,7,0,15
4,5,7,0,8
4,6,7,0,3
4,7,7,0,12
4,8,7,0,14
4,9,7,0,20
4,10,7,0,1
4,11,7,0,19
4,12,7,0,14
4,13,7,0,2
4,14,7,0,17
4,15,7,0,24
4,16,7,0,5
4,17,7,0,22
4,18,7,0,7
4,19,7,0,7
4,20,7,0,0
4,21,7,0,12
4,22,3,7,24
4,23,3,0,15
4,24,3,0,5
4,25,3,0,21
4,26,3,7,0
4,27,7,0,0
4,28,7,0,18
4,29,7,0,11
4,30,7,0,0
4,31,7,0,22
4,32,7,0,24
4,33,7,0,0
4,34,7,0,15
4,35,7,0,17
4,36,7,0,23
4,37,7,0,23
4,38,7,0,7
4,39,7,0,15
4,40,7,0,21
4,41,7,0,3
4,42,7,0,23
4,43,7,0,0
4,44,7,0,16
4,45,3,7,6
4,46,3,0,1
4,47,3,0,6
4,48,3,0,23
4,49,3,0,16
5,0,3,0,14
5,1,3,0,0
5,2,3,7,18
5,3,7,0,18
5,4,7,0,13
5,5,7,0,6
5,6,7,0,9
5,7,7,0,24
5,8,7,0,13
5,9,7,0,3
5,10,7,0,5
5,11,7,0,1
5,12,7,0,10
5,13,7,0,7
5,14,7,0,23
5,15,7,0,10
5,16,7,0,17
5,17,7,0,6
5,18,7,0,24
5,19,7,0,0
5,20,7,0,17
5,21,3,7,11
5,22,3,0,3
5,23,3,0,7
5,24,3,0,17
5,25,3,0,2
5,26,3,7,1
5,27,7,0,11
5,28,7,0,9
5,29,7,0,5
5,30,7,0,3
5,31,7,0,10
5,32,7,0,23
5,33,7,0,14
5,34,7,0,6
5,35,7,0,23
5,36,7,0,1
5,37,7,0,11
5,38,7,0,10
5,39,7,0,20
5,40,7,0,23
5,41,7,0,4
5,42,7,0,4
5,43,7,0,3
5,44,7,0,18
5,45,3,7,22
5,46,3,7,20
5,47,3,7,20
5,48,3,0,10
5,49,3,0,21
6,0,3,0,23
6,1,3,7,0
6,2,7,0,2
6,3,7,0,11
6,4,3,7,16
6,5,7,0,4
6,6,7,0,17
6,7,7,0,21
6,8,7,0,21
6,9,7,0,12
6,10,7,0,9
6,11,7,0,19
6,12,7,0,18
6,13,7,0,15
6,14,7,0,0
6,15,7,0,7
6,16,7,0,3
6,17,7,0,2
6,18,7,0,20
6,19,7,0,17
6,20,3,7,6
6,21,3,0,6
6,22,3,0,3
6,23,3,0,4
6,24,3,0,12
6,25,3,0,14
6,26,3,7,18
6,27,7,0,11
6,28,7,0,0
6,29,7,0,21
6,30,7,0,6
6,31,7,0,22
6,32,7,0,13
6,33,7,0,15
6,34,7,0,14
6,35,7,0,6
6,36,7,0,20
6,37,7,0,18
6,38,7,0,5
6,39,7,0,19
6,40,7,0,4
6,41,7,0,22
6,42,7,0,4
6,43,7,0,8
6,44,7,0,18
6,45,3,7,8
6,46,3,7,8
6,47,3,7,22
6,48,3,7,20
6,49,3,0,17
7,0,3,0,19
7,1,3,7,3
7,2,3,7,16
7,3,3,7,11
7,4,3,7,3
7,5,7,0,2
7,6,7,0,7
7,7,7,0,24
7,8,7,0,16
7,9,7,0,21
7,10,7,0,17
7,11,7,0,18
7,12,7,0,3
7,13,7,0,9
7,14,7,0,8
7,15,7,0,19
7,16,7,0,17
7,17,7,0,18
7,18,7,0,2
7,19,7,0,4
7,20,3,7,24
7,21,3,0,2
7,22,3,0,21
7,23,3,0,19
7,24,3,0,1
7,25,3,7,0
7,26,7,0,6
7,27,7,0,4
7,28,7,0,5
7,29,7,0,22
7,30,7,0,12
7,31,7,0,7
7,32,7,0,19
7,33,7,0,6
7,34,7,0,2
7,35,7,0,4
7,36,7,0,16
7,37,7,0,9
7,38,7,0,3
7,39,7,0,19
7,40,7,0,5
7,41,7,0,2
7,42,7,0,2
7,43,7,0,6
7,44,7,0,8
7,45,7,0,19
7,46,7,0,0
7,47,3,7,8
7,48,3,7,24
7,49,3,0,11
8,0,3,0,16
8,1,3,7,4
8,2,3,7,4
8,3,3,0,19
8,4,3,7,18
8,5,7,0,10
8,6,7,0,8
8,7,7,0,19
8,8,7,0,20
8,9,7,0,18
8,10,7,0,5
8,11,7,0,12
8,12,7,0,19
8,13,7,0,8
8,14,7,0,24
8,15,7,0,20
8,16,7,0,2
8,17,7,0,10
8,18,7,0,10
8,19,3,7,14
8,20,3,0,11
8,21,3,0,8
8,22,3,0,19
8,23,3,0,17
8,24,3,0,8
8,25,3,7,18
8,26,7,0,12
8,27,7,0,6
8,28,7,0,16
8,29,7,0,5
8,30,7,0,17
8,31,7,0,22
8,32,7,0,4
8,33,7,0,4
8,34,7,0,6
8,35,7,0,6
8,36,7,0,15
8,37,7,0,16
8,38,7,0,18
8,39,7,0,6
8,40,7,0,4
8,41,7,0,13
8,42,7,0,23
8,43,7,0,10
8,44,7,0,18
8,45,7,0,0
8,46,7,0,19
8,47,3,7,6
8,48,3,0,20
8,49,3,0,22
9,0,3,0,14
9,1,3,0,2
9,2,3,0,18
9,3,3,7,13
9,4,7,0,20
9,5,7,0,18
9,6,7,0,22
9,7,7,0,13
9,8,7,0,11
9,9,7,0,22
9,10,7,0,19
9,11,7,0,12
9,12,7,0,21
9,13,7,0,14
9,14,7,0,14
9,15,7,0,4
9,16,7,0,5
9,17,7,0,21
9,18,3,7,6
9,19,3,0,13
9,20,3,0,4
9,21,3,0,6
9,22,3,0,14
9,23,3,0,6
9,24,3,7,5
9,25,7,0,21
9,26,7,0,24
9,27,7,0,19
9,28,7,0,18
9,29,7,0,13
9,30,7,0,23
9,31,7,0,18
9,32,7,0,0
9,33,7,0,24
9,34,7,0,14
9,35,7,0,6
9,36,7,0,21
9,37,7,0,22
9,38,7,0,0
9,39,7,0,20
9,40,7,0,5
9,41,7,0,16
9,42,7,0,6
9,43,7,0,9
9,44,7,0,5
9,45,7,0,13
9,46,7,0,21
9,47,3,7,23
9,48,3,0,5
9,49,3,0,8
10,0,3,0,12
10,1,3,0,21
10,2,3,7,0
10,3,7,0,1
10,4,7,0,0
10,5,7,0,1
10,6,7,0,10
10,7,7,0,11
10,8,7,0,15
10,9,7,0,0
10,10,7,0,22
10,11,7,0,11
10,12,7,0,7
10,13,3,7,16
10,14,3,7,16
10,15,3,7,16
10,16,7,0,8
10,17,7,0,1
10,18,3,7,24
10,19,3,0,23
10,20,3,0,1
10,21,3,0,19
10,22,3,0,13
10,23,3,7,10
10,24,7,0,24
10,25,7,0,13
10,26,7,0,14
10,27,7,0,13
10,28,7,0,16
10,29,7,0,1
10,30,7,0,4
10,31,7,0,4
10,32,7,0,2
10,33,7,0,17
10,34,7,0,14
10,35,9,7,16
10,36,7,0,1
10,37,7,0,15
10,38,7,0,5
10,39,7,0,18
10,40,7,0,4
10,41,7,0,24
10,42,7,0,1
10,43,7,0,5
10,44,7,0,22
10,45,7,0,2
10,46,7,0,0
10,47,3,7,24
10,48,3,0,18
10,49,3,0,13
11,0,3,0,5
11,1,3,0,19
11,2,3,7,18
11,3,7,0,24
11,4,7,0,9
11,5,7,0,16
11,6,7,0,7
11,7,7,0,5
11,8,7,0,8
11,9,7,0,7
11,10,7,0,17
11,11,7,0,1
11,12,3,7,11
11,13,3,7,4
11,14,3,7,4
11,15,3,7,2
11,16,7,0,3
11,17,3,7,6
11,18,3,0,3
11,19,3,0,23
11,20,3,0,9
11,21,3,0,10
11,22,3,7,0
11,23,7,0,19
11,24,7,0,23
11,25,7,0,11
11,26,7,0,4
11,27,7,0,20
11,28,7,0,5
11,29,7,0,21
11,30,7,0,5
11,31,7,0,10
11,32,7,0,16
11,33,7,0,23
11,34,9,7,14
11,35,9,7,17
11,36,7,0,1
11,37,7,0,19
11,38,7,0,15
11,39,7,0,9
11,40,7,0,14
11,41,7,0,0
11,42,7,0,12
11,43,7,0,15
11,44,7,0,2
11,45,7,0,10
11,46,3,7,6
11,47,3,0,24
11,48,3,0,18
11,49,3,0,5
12,0,3,0,6
12,1,3,7,0
12,2,3,7,16
12,3,7,0,22
12,4,7,0,16
12,5,7,0,12
12,6,7,0,11
12,7,7,0,18
12,8,7,0,24
12,9,7,0,4
12,10,7,0,15
12,11,3,7,6
12,12,3,0,2
12,13,3,0,5
12,14,3,0,14
12,15,3,7,17
12,16,3,7,16
12,17,3,7,24
12,18,3,0,20
12,19,3,0,9
12,20,3,0,7
12,21,3,0,21
12,22,3,7,18
12,23,7,0,6
12,24,7,0,16
12,25,7,0,6
12,26,7,0,21
12,27,7,0,14
12,28,7,0,2
12,29,7,0,18
12,30,7,0,19
12,31,7,0,13
12,32,7,0,15
12,33,9,7,6
12,34,9,0,17
12,35,9,7,1
12,36,7,0,18
12,37,7,0,11
12,38,7,0,24
12,39,7,0,4
12,40,7,0,15
12,41,7,0,17
12,42,7,0,14
12,43,7,0,21
12,44,7,0,12
12,45,7,0,15
12,46,3,7,24
12,47,3,0,1
12,48,3,0,13
12,49,3,0,23
13,0,3,0,7
13,1,3,7,4
13,2,3,7,2
13,3,7,0,17
13,4,7,0,16
13,5,7,0,5
13,6,7,0,8
13,7,7,0,7
13,8,7,0,10
13,9,7,0,19
13,10,7,0,18
13,11,3,7,21
13,12,3,0,14
13,13,3,0,24
13,14,3,0,8
13,15,3,7,4
13,16,3,7,4
13,17,3,0,10
13,18,3,0,23
13,19,3,0,10
13,20,3,0,20
13,21,3,7,0
13,22,7,0,13
13,23,7,0,12
13,24,7,0,8
13,25,7,0,15
13,26,7,0,3
13,27,7,0,4
13,28,7,0,6
13,29,7,0,24
13,30,7,0,10
13,31,7,0,23
13,32,7,0,19
13,33,9,7,24
13,34,9,0,21
13,35,9,7,1
13,36,7,0,19
13,37,7,0,21
13,38,7,0,20
13,39,7,0,3
13,40,7,0,8
13,41,7,0,13
13,42,7,0,12
13,43,7,0,13
13,44,7,0,18
13,45,3,7,6
13,46,3,0,13
13,47,3,0,10
13,48,3,0,0
13,49,3,0,5
14,0,3,0,0
14,1,3,0,18
14,2,3,7,18
14,3,7,0,7
14,4,7,0,6
14,5,3,7,16
14,6,7,0,12
14,7,7,0,24
14,8,7,0,9
14,9,7,0,9
14,10,7,0,21
14,11,3,7,21
14,12,3,7,20
14,13,3,7,20
14,14,3,0,15
14,15,3,0,7
14,16,3,0,14
14,17,3,0,0
14,18,3,0,3
14,19,3,0,11
14,20,3,0,22
14,21,3,7,18
14,22,7,0,7
14,23,7,0,24
14,24,7,0,21
14,25,7,0,0
14,26,7,0,10
14,27,7,0,9
14,28,7,0,21
14,29,7,0,7
14,30,7,0,4
14,31,7,0,21
14,32,9,7,11
14,33,9,0,8
14,34,9,0,7
14,35,9,7,17
14,36,7,0,19
14,37,7,0,13
14,38,7,0,23
14,39,7,0,24
14,40,7,0,8
14,41,7,0,24
14,42,7,0,21
14,43,7,0,24
14,44,7,0,23
14,45,3,7,7
14,46,3,0,5
14,47,3,7,20
14,48,3,7,20
14,49,3,0,8
15,0,3,0,5
15,1,3,7,0
15,2,7,0,1
15,3,7,0,9
15,4,3,7,9
15,5,3,7,3
15,6,7,0,11
15,7,7,0,5
15,8,7,0,0
15,9,7,0,0
15,10,7,0,21
15,11,3,7,8
15,12,3,7,8
15,13,3,7,24
15,14,3,0,1
15,15,3,0,3
15,16,3,0,18
15,17,3,0,18
15,18,3,0,7
15,19,3,0,6
15,20,3,7,0
15,21,7,0,9
15,22,7,0,17
15,23,7,0,10
15,24,7,0,5
15,25,7,0,4
15,26,7,0,15
15,27,7,0,5
15,28,7,0,8
15,29,7,0,17
15,30,7,0,0
15,31,9,7,14
15,32,9,0,23
15,33,9,0,11
15,34,9,0,4
15,35,9,7,18
15,36,7,0,10
15,37,7,0,7
15,38,7,0,5
15,39,7,0,19
15,40,7,0,12
15,41,7,0,19
15,42,7,0,22
15,43,7,0,18
15,44,7,0,5
15,45,3,7,7
15,46,3,7,13
15,47,3,7,8
15,48,3,7,23
15,49,3,0,5
16,0,3,0,3
16,1,3,7,1
16,2,3,7,16
16,3,3,7,14
16,4,3,0,22
16,5,3,7,18
16,6,7,0,3
16,7,7,0,17
16,8,7,0,2
16,9,7,0,21
16,10,7,0,1
16,11,7,0,14
16,12,3,7,6
16,13,3,0,2
16,14,3,0,21
16,15,3,0,4
16,16,3,0,13
16,17,3,0,23
16,18,3,0,8
16,19,3,0,23
16,20,3,7,18
16,21,7,0,3
16,22,7,0,3
16,23,7,0,20
16,24,7,0,17
16,25,7,0,14
16,26,7,0,20
16,27,7,0,12
16,28,7,0,20
16,29,7,0,19
16,30,9,7,19
16,31,9,0,17
16,32,9,0,8
16,33,9,0,9
16,34,9,7,0
16,35,7,0,13
16,36,7,0,13
16,37,7,0,14
16,38,7,0,16
16,39,7,0,24
16,40,7,0,13
16,41,7,0,1
16,42,7,0,11
16,43,7,0,13
16,44,7,0,14
16,45,3,7,8
16,46,7,0,4
16,47,7,0,8
16,48,3,7,24
16,49,3,0,17
17,0,3,0,24
17,1,3,7,4
17,2,3,7,4
17,3,3,0,18
17,4,3,7,5
17,5,7,0,23
17,6,7,0,12
17,7,7,0,11
17,8,7,0,21
17,9,7,0,10
17,10,7,0,12
17,11,7,0,13
17,12,3,7,23
17,13,3,0,15
17,14,3,0,8
17,15,3,0,22
17,16,3,7,20
17,17,3,7,20
17,18,3,7,20
17,19,3,7,10
17,20,7,0,19
17,21,7,0,19
17,22,7,0,22
17,23,7,0,7
17,24,7,0,20
17,25,7,0,13
17,26,7,0,22
17,27,7,0,19
17,28,7,0,18
17,29,9,7,6
17,30,9,0,18
17,31,9,0,4
17,32,9,0,8
17,33,9,0,3
17,34,9,7,3
17,35,7,0,23
17,36,7,0,16
17,37,7,0,20
17,38,7,0,14
17,39,7,0,13
17,40,7,0,0
17,41,7,0,22
17,42,7,0,7
17,43,7,0,20
17,44,7,0,22
17,45,7,0,10
17,46,7,0,20
17,47,3,7,6
17,48,3,0,6
17,49,3,0,2
18,0,3,0,15
18,1,3,0,0
18,2,3,0,18
18,3,3,7,15
18,4,7,0,9
18,5,7,0,10
18,6,7,0,9
18,7,7,0,9
18,8,7,0,8
18,9,7,0,19
18,10,7,0,4
18,11,7,0,6
18,12,3,7,7
18,13,3,0,8
18,14,3,0,1
18,15,3,7,0
18,16,3,7,8
18,17,3,7,8
18,18,3,7,8
18,19,7,0,6
18,20,7,0,4
18,21,7,0,12
18,22,7,0,8
18,23,7,0,22
18,24,7,0,4
18,25,7,0,14
18,26,7,0,24
18,27,7,0,11
18,28,7,0,11
18,29,9,7,24
18,30,9,0,8
18,31,9,0,14
18,32,9,0,12
18,33,9,0,17
18,34,9,7,3
18,35,7,0,0
18,36,7,0,1
18,37,7,0,8
18,38,7,0,2
18,39,7,0,7
18,40,7,0,22
18,41,7,0,12
18,42,7,0,4
18,43,7,0,2
18,44,7,0,2
18,45,7,0,8
18,46,7,0,11
18,47,3,7,23
18,48,3,7,20
18,49,3,0,3
19,0,3,0,23
19,1,3,0,5
19,2,3,7,0
19,3,7,0,8
19,4,7,0,14
19,5,7,0,3
19,6,7,0,1
19,7,7,0,13
19,8,7,0,11
19,9,7,0,15
19,10,7,0,13
19,11,7,0,8
19,12,3,7,7
19,13,3,7,20
19,14,3,0,5
19,15,3,7,18
19,16,7,0,9
19,17,7,0,15
19,18,7,0,1
19,19,7,0,3
19,20,7,0,18
19,21,7,0,2
19,22,7,0,8
19,23,7,0,13
19,24,7,0,15
19,25,7,0,16
19,26,7,0,12
19,27,7,0,7
19,28,9,7,19
19,29,9,0,3
19,30,9,0,18
19,31,9,0,24
19,32,9,0,22
19,33,9,0,15
19,34,9,7,17
19,35,7,0,4
19,36,7,0,8
19,37,7,0,11
19,38,7,0,13
19,39,7,0,6
19,40,7,0,6
19,41,7,0,24
19,42,7,0,3
19,43,7,0,0
19,44,7,0,24
19,45,7,0,4
19,46,7,0,22
19,47,3,7,8
19,48,3,7,23
19,49,3,0,4
20,0,3,0,12
20,1,3,0,0
20,2,3,7,18
20,3,7,0,1
20,4,7,0,2
20,5,7,0,9
20,6,7,0,22
20,7,7,0,16
20,8,7,0,6
20,9,7,0,9
20,10,7,0,23
20,11,7,0,0
20,12,3,7,8
20,13,3,7,22
20,14,3,7,10
20,15,7,0,6
20,16,7,0,18
20,17,7,0,20
20,18,7,0,12
20,19,7,0,14
20,20,7,0,23
20,21,7,0,18
20,22,7,0,10
20,23,7,0,1
20,24,7,0,4
20,25,7,0,10
20,26,7,0,7
20,27,9,7,6
20,28,9,0,22
20,29,9,0,8
20,30,9,0,10
20,31,9,0,13
20,32,9,0,12
20,33,9,0,19
20,34,9,7,18
20,35,7,0,14
20,36,7,0,23
20,37,7,0,6
20,38,7,0,19
20,39,7,0,15
20,40,7,0,12
20,41,7,0,17
20,42,7,0,1
20,43,7,0,20
20,44,7,0,14
20,45,7,0,1
20,46,7,0,3
20,47,7,0,9
20,48,3,7,21
20,49,3,0,7
21,0,3,0,17
21,1,3,7,0
21,2,3,7,16
21,3,3,7,16
21,4,7,0,24
21,5,7,0,5
21,6,7,0,9
21,7,7,0,8
21,8,7,0,7
21,9,7,0,20
21,10,7,0,20
21,11,7,0,16
21,12,7,0,15
21,13,3,7,8
21,14,7,0,16
21,15,7,0,0
21,16,7,0,1
21,17,7,0,1
21,18,7,0,4
21,19,7,0,2
21,20,7,0,17
21,21,7,0,15
21,22,7,0,24
21,23,7,0,21
21,24,7,0,18
21,25,7,0,5
21,26,7,0,14
21,27,9,7,23
21,28,9,0,22
21,29,9,0,14
21,30,9,0,17
21,31,9,0,20
21,32,9,0,7
21,33,9,7,5
21,34,7,0,4
21,35,7,0,22
21,36,7,0,0
21,37,7,0,7
21,38,7,0,15
21,39,7,0,2
21,40,7,0,6
21,41,7,0,0
21,42,7,0,22
21,43,7,0,23
21,44,7,0,21
21,45,7,0,3
21,46,7,0,17
21,47,7,0,13
21,48,3,7,24
21,49,3,0,16
22,0,3,0,7
22,1,3,7,4
22,2,3,7,4
22,3,3,7,1
22,4,7,0,8
22,5,7,0,17
22,6,7,0,5
22,7,7,0,21
22,8,7,0,18
22,9,7,0,17
22,10,7,0,7
22,11,7,0,19
22,12,7,0,13
22,13,7,0,14
22,14,7,0,19
22,15,7,0,8
22,16,7,0,15
22,17,7,0,13
22,18,7,0,23
22,19,7,0,17
22,20,7,0,0
22,21,7,0,11
22,22,7,0,24
22,23,7,0,2
22,24,7,0,23
22,25,7,0,20
22,26,7,0,10
22,27,9,7,24
22,28,9,0,8
22,29,9,0,12
22,30,9,0,22
22,31,9,0,7
22,32,9,7,0
22,33,7,0,4
22,34,7,0,16
22,35,7,0,9
22,36,7,0,14
22,37,7,0,9
22,38,7,0,1
22,39,7,0,10
22,40,7,0,16
22,41,7,0,6
22,42,7,0,15
22,43,7,0,22
22,44,7,0,23
22,45,7,0,24
22,46,7,0,24
22,47,3,7,6
22,48,3,0,4
22,49,3,0,1
23,0,3,0,18
23,1,3,0,5
23,2,3,0,2
23,3,3,7,18
23,4,7,0,17
23,5,7,0,4
23,6,7,0,16
23,7,7,0,13
23,8,7,0,18
23,9,7,0,7
23,10,7,0,17
23,11,7,0,2
23,12,7,0,2
23,13,7,0,6
23,14,7,0,6
23,15,7,0,24
23,16,7,0,19
23,17,7,0,18
23,18,7,0,9
23,19,7,0,9
23,20,7,0,13
23,21,7,0,21
23,22,7,0,0
23,23,7,0,5
23,24,7,0,16
23,25,7,0,21
23,26,9,7,6
23,27,9,0,11
23,28,9,0,23
23,29,9,0,0
23,30,9,0,10
23,31,9,0,22
23,32,9,7,18
23,33,7,0,11
23,34,7,0,23
23,35,7,0,12
23,36,7,0,22
23,37,7,0,17
23,38,7,0,18
23,39,7,0,20
23,40,7,0,0
23,41,7,0,21
23,42,7,0,17
23,43,7,0,9
23,44,7,0,5
23,45,7,0,1
23,46,7,0,6
23,47,3,7,21
23,48,3,0,12
23,49,3,0,5
24,0,3,0,1
24,1,3,0,19
24,2,3,7,0
24,3,7,0,10
24,4,7,0,13
24,5,7,0,6
24,6,7,0,0
24,7,7,0,23
24,8,7,0,0
24,9,7,0,21
24,10,7,0,22
24,11,7,0,7
24,12,7,0,21
24,13,7,0,7
24,14,7,0,24
24,15,3,7,16
24,16,3,7,16
24,17,3,7,16
24,18,3,7,16
24,19,3,7,16
24,20,7,0,19
24,21,7,0,1
24,22,7,0,22
24,23,7,0,4
24,24,7,0,11
24,25,7,0,7
24,26,9,7,23
24,27,9,0,3
24,28,9,0,13
24,29,9,0,4
24,30,9,0,17
24,31,9,7,0
24,32,7,0,17
24,33,7,0,5
24,34,7,0,20
24,35,7,0,6
24,36,7,0,8
24,37,7,0,19
24,38,7,0,8
24,39,7,0,5
24,40,7,0,1
24,41,3,7,16
24,42,3,7,16
24,43,7,0,12
24,44,7,0,1
24,45,7,0,13
24,46,7,0,3
24,47,3,7,21
24,48,3,0,7
24,49,3,0,15
25,0,3,0,24
25,1,3,0,9
25,2,3,7,18
25,3,7,0,16
25,4,7,0,4
25,5,7,0,0
25,6,7,0,9
25,7,7,0,19
25,8,7,0,22
25,9,7,0,16
25,10,7,0,5
25,11,7,0,21
25,12,7,0,3
25,13,7,0,11
25,14,3,7,19
25,15,3,7,4
25,16,3,7,4
25,17,3,7,4
25,18,3,7,4
25,19,3,7,17
25,20,7,0,20
25,21,7,0,18
25,22,7,0,11
25,23,7,0,14
25,24,7,0,12
25,25,7,0,3
25,26,9,7,7
25,27,9,0,18
25,28,9,0,3
25,29,9,0,6
25,30,9,0,5
25,31,9,7,18
25,32,7,0,19
25,33,7,0,9
25,34,7,0,13
25,35,7,0,6
25,36,7,0,2
25,37,7,0,24
25,38,7,0,22
25,39,3,7,16
25,40,3,7,19
25,41,3,7,4
25,42,3,7,3
25,43,7,0,7
25,44,7,0,17
25,45,7,0,6
25,46,7,0,14
25,47,3,7,24
25,48,3,0,5
25,49,3,0,22
26,0,3,0,16
26,1,3,7,0
26,2,3,7,16
26,3,7,0,0
26,4,7,0,8
26,5,7,0,3
26,6,7,0,20
26,7,7,0,8
26,8,7,0,5
26,9,7,0,23
26,10,7,0,13
26,11,7,0,6
26,12,7,0,3
26,13,3,7,6
26,14,3,0,4
26,15,3,0,20
26,16,3,0,9
26,17,3,0,24
26,18,3,0,4
26,19,3,7,3
26,20,7,0,15
26,21,7,0,13
26,22,7,0,12
26,23,7,0,13
26,24,7,0,7
26,25,7,0,22
26,26,9,7,23
26,27,9,0,21
26,28,9,0,10
26,29,9,0,11
26,30,9,7,0
26,31,7,0,5
26,32,7,0,24
26,33,7,0,19
26,34,7,0,20
26,35,7,0,6
26,36,7,0,15
26,37,7,0,3
26,38,3,7,9
26,39,3,7,4
26,40,3,0,18
26,41,3,0,9
26,42,3,7,18
26,43,7,0,9
26,44,7,0,13
26,45,7,0,9
26,46,3,7,6
26,47,3,0,11
26,48,3,0,15
26,49,3,0,12
27,0,3,0,15
27,1,3,7,4
27,2,3,7,1
27,3,7,0,19
27,4,7,0,7
27,5,7,0,13
27,6,7,0,19
27,7,7,0,10
27,8,7,0,12
27,9,7,0,6
27,10,7,0,5
27,11,7,0,23
27,12,7,0,8
27,13,3,7,24
27,14,3,0,17
27,15,3,0,18
27,16,3,0,2
27,17,3,0,5
27,18,3,0,14
27,19,3,7,18
27,20,7,0,12
27,21,7,0,13
27,22,7,0,23
27,23,7,0,2
27,24,7,0,15
27,25,7,0,11
27,26,9,7,23
27,27,9,0,23
27,28,9,0,10
27,29,9,0,20
27,30,9,7,18
27,31,7,0,10
27,32,7,0,2
27,33,7,0,8
27,34,7,0,20
27,35,7,0,24
27,36,7,0,0
27,37,3,7,6
27,38,3,0,24
27,39,3,0,21
27,40,3,0,2
27,41,3,7,0
27,42,7,0,2
27,43,7,0,18
27,44,7,0,19
27,45,7,0,6
27,46,3,7,24
27,47,3,0,2
27,48,3,0,14
27,49,3,0,19
28,0,3,0,9
28,1,3,0,18
28,2,3,7,18
28,3,7,0,22
28,4,7,0,5
28,5,7,0,17
28,6,7,0,1
28,7,7,0,24
28,8,7,0,8
28,9,7,0,16
28,10,7,0,14
28,11,7,0,18
28,12,3,7,6
28,13,3,0,0
28,14,3,0,3
28,15,3,0,3
28,16,3,0,15
28,17,3,0,19
28,18,3,7,0
28,19,7,0,9
28,20,7,0,1
28,21,7,0,7
28,22,7,0,7
28,23,7,0,8
28,24,7,0,15
28,25,7,0,21
28,26,9,7,22
28,27,9,0,4
28,28,9,0,19
28,29,9,7,0
28,30,7,0,13
28,31,7,0,12
28,32,7,0,1
28,33,7,0,8
28,34,7,0,24
28,35,7,0,13
28,36,7,0,5
28,37,3,7,24
28,38,3,0,18
28,39,3,0,3
28,40,3,0,13
28,41,3,7,1
28,42,7,0,19
28,43,7,0,20
28,44,7,0,12
28,45,3,7,6
28,46,3,0,3
28,47,3,0,5
28,48,3,0,3
28,49,3,0,20
29,0,3,0,17
29,1,3,7,0
29,2,7,0,24
29,3,7,0,4
29,4,7,0,19
29,5,7,0,23
29,6,7,0,11
29,7,7,0,0
29,8,7,0,0
29,9,7,0,23
29,10,7,0,8
29,11,7,0,16
29,12,3,7,21
29,13,3,0,9
29,14,3,0,3
29,15,3,0,15
29,16,3,0,22
29,17,3,0,11
29,18,3,7,18
29,19,7,0,7
29,20,7,0,3
29,21,7,0,20
29,22,7,0,1
29,23,7,0,17
29,24,7,0,6
29,25,7,0,10
29,26,9,7,22
29,27,9,7,20
29,28,9,0,6
29,29,9,7,18
29,30,7,0,0
29,31,7,0,8
29,32,7,0,10
29,33,7,0,8
29,34,7,0,21
29,35,7,0,17
29,36,3,7,9
29,37,3,0,2
29,38,3,0,13
29,39,3,0,20
29,40,3,0,22
29,41,3,7,18
29,42,7,0,14
29,43,7,0,0
29,44,7,0,14
29,45,3,7,22
29,46,3,7,20
29,47,3,7,20
29,48,3,0,11
29,49,3,0,17
30,0,3,0,23
30,1,3,7,2
30,2,7,0,17
30,3,7,0,12
30,4,7,0,22
30,5,7,0,23
30,6,7,0,17
30,7,7,0,24
30,8,7,0,20
30,9,7,0,5
30,10,7,0,1
30,11,7,0,6
30,12,3,7,24
30,13,3,0,4
30,14,3,0,14
30,15,3,0,13
30,16,3,0,12
30,17,3,7,5
30,18,7,0,14
30,19,7,0,1
30,20,7,0,9
30,21,7,0,22
30,22,7,0,0
30,23,7,0,17
30,24,7,0,0
30,25,7,0,5
30,26,9,7,8
30,27,9,7,23
30,28,9,7,13
30,29,7,0,20
30,30,7,0,12
30,31,7,0,14
30,32,7,0,23
30,33,7,0,23
30,34,7,0,23
30,35,3,7,6
30,36,3,0,20
30,37,3,0,7
30,38,3,0,22
30,39,3,0,3
30,40,3,7,5
30,41,7,0,3
30,42,7,0,5
30,43,7,0,24
30,44,7,0,2
30,45,3,7,8
30,46,3,7,8
30,47,3,7,24
30,48,3,0,7
30,49,3,0,21
31,0,3,0,23
31,1,3,7,17
31,2,7,0,10
31,3,7,0,17
31,4,7,0,14
31,5,7,0,15
31,6,7,0,1
31,7,7,0,24
31,8,7,0,11
31,9,7,0,23
31,10,7,0,8
31,11,3,7,6
31,12,3,0,7
31,13,3,0,20
31,14,3,0,5
31,15,3,0,16
31,16,3,7,5
31,17,7,0,6
31,18,7,0,14
31,19,7,0,20
31,20,7,0,22
31,21,7,0,23
31,22,7,0,17
31,23,7,0,6
31,24,7,0,16
31,25,7,0,13
31,26,7,0,23
31,27,9,7,8
31,28,7,0,21
31,29,7,0,20
31,30,7,0,9
31,31,7,0,14
31,32,7,0,23
31,33,7,0,7
31,34,7,0,18
31,35,3,7,24
31,36,3,0,14
31,37,3,0,2
31,38,3,0,16
31,39,3,7,0
31,40,7,0,12
31,41,7,0,8
31,42,7,0,20
31,43,7,0,17
31,44,7,0,21
31,45,7,0,20
31,46,3,7,6
31,47,3,0,2
31,48,3,0,6
32,0,3,0,19
32,1,3,7,17
32,2,3,7,16
32,3,7,0,8
32,4,7,0,3
32,5,7,0,19
32,6,7,0,7
32,7,7,0,2
32,8,7,0,15
32,9,7,0,2
32,10,7,0,7
32,11,3,7,22
32,12,3,0,15
32,13,3,0,13
32,14,3,0,16
32,15,3,7,10
32,16,7,0,15
32,17,7,0,8
32,18,7,0,23
32,19,7,0,3
32,20,7,0,18
32,21,7,0,20
32,22,7,0,23
32,23,7,0,3
32,24,7,0,5
32,25,7,0,8
32,26,7,0,0
32,27,7,0,7
32,28,7,0,16
32,29,7,0,9
32,30,7,0,0
32,31,7,0,20
32,32,7,0,2
32,33,7,0,21
32,34,3,7,9
32,35,3,0,9
32,36,3,0,18
32,37,3,0,0
32,38,3,0,21
32,39,3,7,18
32,40,7,0,17
32,41,7,0,17
32,42,7,0,1
32,43,7,0,6
32,44,7,0,23
32,45,7,0,5
32,46,3,7,24
32,47,3,0,15
32,48,3,0,6
33,0,3,0,5
33,1,3,7,4
33,2,3,7,1
33,3,7,0,14
33,4,7,0,19
33,5,7,0,13
33,6,7,0,5
33,7,7,0,10
33,8,7,0,3
33,9,7,0,1
33,10,7,0,4
33,11,3,7,21
33,12,3,0,0
33,13,3,7,20
33,14,3,7,13
33,15,7,0,24
33,16,7,0,20
33,17,7,0,15
33,18,7,0,16
33,19,7,0,17
33,20,7,0,16
33,21,7,0,22
33,22,7,0,18
33,23,7,0,1
33,24,7,0,12
33,25,7,0,16
33,26,7,0,2
33,27,7,0,7
33,28,7,0,4
33,29,7,0,2
33,30,7,0,18
33,31,7,0,15
33,32,7,0,10
33,33,3,7,11
33,34,3,0,18
33,35,3,0,1
33,36,3,0,20
33,37,3,0,23
33,38,3,7,13
33,39,7,0,15
33,40,7,0,2
33,41,7,0,1
33,42,7,0,11
33,43,7,0,1
33,44,7,0,24
33,45,3,7,14
33,46,3,0,24
33,47,3,0,13
33,48,3,0,0
34,0,3,0,11
34,1,3,0,16
34,2,3,7,18
34,3,7,0,13
34,4,7,0,13
34,5,7,0,21
34,6,7,0,15
34,7,7,0,24
34,8,7,0,17
34,9,7,0,24
34,10,7,0,5
34,11,3,7,21
34,12,3,7,10
34,13,3,7,8
34,14,7,0,16
34,15,7,0,14
34,16,7,0,14
34,17,7,0,13
34,18,7,0,4
34,19,7,0,19
34,20,7,0,23
34,21,7,0,11
34,22,7,0,10
34,23,7,0,1
34,24,7,0,21
34,25,7,0,10
34,26,7,0,1
34,27,7,0,8
34,28,7,0,16
34,29,7,0,17
34,30,7,0,3
34,31,7,0,22
34,32,3,7,6
34,33,3,0,20
34,34,3,0,11
34,35,3,0,14
34,36,3,0,17
34,37,3,7,5
34,38,7,0,10
34,39,7,0,17
34,40,7,0,12
34,41,7,0,14
34,42,7,0,11
34,43,7,0,22
34,44,3,7,11
34,45,3,0,9
34,46,3,0,4
34,47,3,0,18
34,48,3,0,13
35,0,3,0,7
35,1,3,7,0
35,2,7,0,17
35,3,7,0,3
35,4,7,0,2
35,5,7,0,13
35,6,7,0,6
35,7,7,0,1
35,8,7,0,4
35,9,7,0,15
35,10,7,0,21
35,11,3,7,8
35,12,7,0,5
35,13,7,0,24
35,14,7,0,6
35,15,7,0,16
35,16,7,0,20
35,17,7,0,12
35,18,7,0,17
35,19,7,0,21
35,20,7,0,10
35,21,9,7,16
35,22,7,0,13
35,23,7,0,11
35,24,7,0,6
35,25,7,0,6
35,26,7,0,9
35,27,7,0,12
35,28,7,0,19
35,29,7,0,1
35,30,7,0,23
35,31,7,0,19
35,32,3,7,24
35,33,3,0,5
35,34,3,0,22
35,35,3,0,22
35,36,3,7,0
35,37,7,0,10
35,38,7,0,23
35,39,7,0,4
35,40,7,0,16
35,41,7,0,11
35,42,7,0,14
35,43,3,7,19
35,44,3,0,22
35,45,3,0,10
35,46,3,0,8
35,47,3,0,14
35,48,3,0,22
36,0,3,0,8
36,1,3,7,3
36,2,7,0,2
36,3,7,0,0
36,4,7,0,12
36,5,7,0,11
36,6,7,0,24
36,7,7,0,19
36,8,7,0,21
36,9,7,0,7
36,10,7,0,21
36,11,7,0,21
36,12,7,0,5
36,13,7,0,9
36,14,7,0,18
36,15,7,0,14
36,16,7,0,22
36,17,7,0,0
36,18,9,7,16
36,19,9,7,16
36,20,9,7,19
36,21,9,7,1
36,22,7,0,4
36,23,7,0,16
36,24,7,0,4
36,25,7,0,22
36,26,7,0,10
36,27,7,0,1
36,28,7,0,16
36,29,7,0,1
36,30,7,0,14
36,31,3,7,6
36,32,3,0,16
36,33,3,7,20
36,34,3,7,20
36,35,3,0,3
36,36,3,7,18
36,37,7,0,12
36,38,7,0,22
36,39,7,0,19
36,40,7,0,9
36,41,7,0,14
36,42,3,7,19
36,43,3,0,15
36,44,3,0,14
36,45,3,7,20
36,46,3,7,20
36,47,3,0,11
36,48,3,0,15
37,0,3,0,7
37,1,3,7,17
37,2,3,7,16
37,3,3,7,16
37,4,7,0,5
37,5,7,0,5
37,6,7,0,21
37,7,7,0,5
37,8,7,0,5
37,9,7,0,12
37,10,7,0,0
37,11,7,0,17
37,12,7,0,11
37,13,7,0,13
37,14,7,0,21
37,15,7,0,19
37,16,7,0,7
37,17,9,7,14
37,18,9,7,4
37,19,9,7,4
37,20,9,0,12
37,21,9,7,18
37,22,7,0,19
37,23,7,0,4
37,24,7,0,11
37,25,7,0,6
37,26,7,0,13
37,27,7,0,5
37,28,7,0,20
37,29,7,0,8
37,30,7,0,13
37,31,3,7,7
37,32,3,7,5
37,33,3,7,8
37,34,3,7,23
37,35,3,7,5
37,36,7,0,20
37,37,7,0,12
37,38,7,0,0
37,39,7,0,12
37,40,3,7,16
37,41,3,7,11
37,42,3,0,13
37,43,3,0,24
37,44,3,7,5
37,45,3,7,8
37,46,3,7,7
37,47,3,0,7
37,48,3,0,6
38,0,3,0,10
38,1,3,7,4
38,2,3,7,4
38,3,3,7,17
38,4,7,0,16
38,5,7,0,11
38,6,7,0,1
38,7,7,0,2
38,8,7,0,22
38,9,7,0,18
38,10,7,0,19
38,11,7,0,3
38,12,7,0,22
38,13,7,0,18
38,14,7,0,9
38,15,7,0,2
38,16,9,7,6
38,17,9,0,3
38,18,9,0,9
38,19,9,0,2
38,20,9,7,0
38,21,7,0,14
38,22,7,0,13
38,23,7,0,15
38,24,7,0,19
38,25,7,0,9
38,26,7,0,1
38,27,7,0,20
38,28,7,0,24
38,29,7,0,20
38,30,7,0,19
38,31,3,7,8
38,32,7,0,12
38,33,7,0,20
38,34,3,7,8
38,35,7,0,14
38,36,7,0,19
38,37,7,0,9
38,38,7,0,4
38,39,3,7,14
38,40,3,7,4
38,41,3,0,20
38,42,3,0,24
38,43,3,7,15
38,44,7,0,0
38,45,7,0,20
38,46,3,7,24
38,47,3,0,24
38,48,3,0,17
39,0,3,0,6
39,1,3,0,20
39,2,3,0,12
39,3,3,7,18
39,4,7,0,16
39,5,7,0,15
39,6,7,0,13
39,7,7,0,21
39,8,7,0,1
39,9,7,0,17
39,10,7,0,23
39,11,7,0,16
39,12,7,0,7
39,13,7,0,1
39,14,7,0,24
39,15,7,0,18
39,16,9,7,24
39,17,9,0,1
39,18,9,0,22
39,19,9,0,13
39,20,9,7,17
39,21,9,7,16
39,22,7,0,22
39,23,7,0,21
39,24,7,0,14
39,25,7,0,12
39,26,7,0,15
39,27,7,0,5
39,28,7,0,2
39,29,7,0,2
39,30,7,0,20
39,31,7,0,18
39,32,7,0,3
39,33,7,0,14
39,34,7,0,6
39,35,7,0,14
39,36,7,0,24
39,37,7,0,17
39,38,3,7,19
39,39,3,0,4
39,40,3,0,10
39,41,3,0,20
39,42,3,7,10
39,43,7,0,7
39,44,7,0,17
39,45,3,7,6
39,46,3,0,13
39,47,3,0,24
39,48,3,0,1
40,0,3,0,1
40,1,3,0,4
40,2,3,7,0
40,3,7,0,13
40,4,7,0,7
40,5,7,0,3
40,6,7,0,6
40,7,7,0,2
40,8,7,0,20
40,9,7,0,11
40,10,7,0,15
40,11,7,0,14
40,12,7,0,3
40,13,7,0,12
40,14,7,0,8
40,15,9,7,6
40,16,9,0,2
40,17,9,0,10
40,18,9,0,1
40,19,9,0,15
40,20,9,7,4
40,21,9,7,3
40,22,7,0,6
40,23,7,0,5
40,24,7,0,22
40,25,7,0,18
40,26,7,0,23
40,27,7,0,10
40,28,7,0,8
40,29,7,0,7
40,30,7,0,11
40,31,7,0,21
40,32,7,0,5
40,33,7,0,11
40,34,7,0,16
40,35,7,0,21
40,36,7,0,9
40,37,3,7,19
40,38,3,0,13
40,39,3,0,11
40,40,3,0,20
40,41,3,7,15
40,42,7,0,17
40,43,7,0,21
40,44,7,0,12
40,45,3,7,24
40,46,3,0,3
40,47,3,0,8
40,48,3,0,15
41,0,3,0,15
41,1,3,0,23
41,2,3,7,18
41,3,7,0,8
41,4,7,0,10
41,5,7,0,20
41,6,7,0,21
41,7,7,0,10
41,8,7,0,4
41,9,7,0,14
41,10,7,0,16
41,11,7,0,22
41,12,7,0,5
41,13,7,0,17
41,14,7,0,2
41,15,9,7,24
41,16,9,0,5
41,17,9,0,20
41,18,9,0,24
41,19,9,0,23
41,20,9,0,5
41,21,9,7,18
41,22,7,0,8
41,23,7,0,12
41,24,7,0,18
41,25,7,0,23
41,26,7,0,21
41,27,7,0,20
41,28,7,0,17
41,29,7,0,13
41,30,7,0,1
41,31,7,0,22
41,32,7,0,18
41,33,7,0,21
41,34,3,7,16
41,35,3,7,16
41,36,3,7,19
41,37,3,0,7
41,38,3,0,24
41,39,3,0,9
41,40,3,7,5
41,41,7,0,0
41,42,7,0,7
41,43,7,0,7
41,44,3,7,6
41,45,3,0,0
41,46,3,7,20
41,47,3,7,20
41,48,3,0,14
42,0,3,0,3
42,1,3,7,0
42,2,3,7,16
42,3,7,0,23
42,4,7,0,9
42,5,7,0,11
42,6,7,0,21
42,7,7,0,18
42,8,7,0,8
42,9,7,0,14
42,10,7,0,16
42,11,7,0,17
42,12,7,0,15
42,13,7,0,8
42,14,9,7,6
42,15,9,0,22
42,16,9,0,16
42,17,9,0,8
42,18,9,0,21
42,19,9,0,8
42,20,9,7,5
42,21,7,0,0
42,22,7,0,16
42,23,7,0,5
42,24,7,0,24
42,25,7,0,10
42,26,7,0,20
42,27,7,0,13
42,28,7,0,20
42,29,7,0,19
42,30,7,0,24
42,31,7,0,15
42,32,7,0,24
42,33,3,7,14
42,34,3,7,4
42,35,3,7,4
42,36,3,0,4
42,37,3,0,2
42,38,3,0,17
42,39,3,7,0
42,40,7,0,1
42,41,7,0,2
42,42,7,0,16
42,43,7,0,3
42,44,3,7,21
42,45,3,7,13
42,46,3,7,8
42,47,3,7,24
42,48,3,0,23
43,0,3,0,20
43,1,3,7,4
43,2,3,7,1
43,3,7,0,19
43,4,7,0,23
43,5,7,0,10
43,6,7,0,16
43,7,7,0,18
43,8,7,0,10
43,9,7,0,18
43,10,7,0,12
43,11,7,0,23
43,12,7,0,6
43,13,7,0,20
43,14,9,7,24
43,15,9,0,8
43,16,9,0,17
43,17,9,0,19
43,18,9,0,22
43,19,9,7,10
43,20,7,0,7
43,21,7,0,16
43,22,7,0,18
43,23,7,0,23
43,24,7,0,5
43,25,7,0,17
43,26,7,0,11
43,27,7,0,0
43,28,7,0,2
43,29,7,0,19
43,30,7,0,18
43,31,7,0,21
43,32,3,7,6
43,33,3,0,12
43,34,3,0,6
43,35,3,0,1
43,36,3,0,20
43,37,3,0,3
43,38,3,0,10
43,39,3,7,18
43,40,7,0,8
43,41,7,0,23
43,42,7,0,20
43,43,7,0,6
43,44,3,7,8
43,45,7,0,9
43,46,3,7,6
43,47,3,0,9
43,48,3,0,5
44,0,3,0,23
44,1,3,0,0
44,2,3,7,18
44,3,7,0,8
44,4,7,0,10
44,5,7,0,13
44,6,7,0,15
44,7,7,0,5
44,8,7,0,10
44,9,7,0,5
44,10,7,0,12
44,11,7,0,24
44,12,7,0,14
44,13,9,7,11
44,14,9,0,16
44,15,9,0,4
44,16,9,0,22
44,17,9,0,9
44,18,9,7,0
44,19,7,0,7
44,20,7,0,20
44,21,7,0,21
44,22,7,0,15
44,23,7,0,7
44,24,7,0,18
44,25,7,0,24
44,26,7,0,0
44,27,7,0,0
44,28,7,0,13
44,29,7,0,15
44,30,7,0,7
44,31,7,0,11
44,32,3,7,24
44,33,3,0,24
44,34,3,0,18
44,35,3,0,4
44,36,3,0,1
44,37,3,7,20
44,38,3,7,10
44,39,7,0,1
44,40,7,0,8
44,41,7,0,5
44,42,7,0,6
44,43,7,0,4
44,44,7,0,1
44,45,7,0,19
44,46,3,7,21
44,47,3,0,19
44,48,3,0,17
45,0,3,0,16
45,1,3,7,0
45,2,3,7,16
45,3,7,0,3
45,4,7,0,22
45,5,7,0,18
45,6,7,0,2
45,7,7,0,1
45,8,7,0,9
45,9,7,0,0
45,10,7,0,12
45,11,7,0,8
45,12,9,7,14
45,13,9,0,12
45,14,9,0,20
45,15,9,0,14
45,16,9,0,10
45,17,9,0,17
45,18,9,7,18
45,19,7,0,12
45,20,7,0,2
45,21,7,0,20
45,22,7,0,17
45,23,7,0,6
45,24,7,0,16
45,25,7,0,14
45,26,7,0,17
45,27,7,0,15
45,28,7,0,20
45,29,7,0,2
45,30,7,0,16
45,31,3,7,6
45,32,3,0,0
45,33,3,0,24
45,34,3,0,8
45,35,3,0,16
45,36,3,7,13
45,37,3,7,8
45,38,7,0,8
45,39,7,0,7
45,40,7,0,20
45,41,7,0,5
45,42,7,0,3
45,43,7,0,21
45,44,7,0,9
45,45,7,0,3
45,46,3,7,22
45,47,3,0,5
45,48,3,0,15
46,0,3,0,1
46,1,3,7,4
46,2,3,7,3
46,3,7,0,8
46,4,7,0,22
46,5,7,0,0
46,6,7,0,23
46,7,7,0,13
46,8,7,0,10
46,9,7,0,24
46,10,7,0,8
46,11,9,7,9
46,12,9,0,15
46,13,9,0,16
46,14,9,0,3
46,15,9,0,13
46,16,9,0,4
46,17,9,7,10
46,18,7,0,23
46,19,7,0,1
46,20,7,0,8
46,21,7,0,13
46,22,7,0,15
46,23,7,0,2
46,24,7,0,14
46,25,7,0,3
46,26,7,0,8
46,27,7,0,22
46,28,7,0,2
46,29,7,0,14
46,30,7,0,7
46,31,3,7,24
46,32,3,0,16
46,33,3,0,6
46,34,3,0,9
46,35,3,7,5
46,36,7,0,15
46,37,7,0,5
46,38,7,0,0
46,39,7,0,6
46,40,7,0,23
46,41,7,0,21
46,42,7,0,0
46,43,7,0,18
46,44,7,0,2
46,45,7,0,20
46,46,3,7,24
46,47,3,0,17
46,48,3,0,14
47,0,3,0,19
47,1,3,0,3
47,2,3,7,1
47,3,7,0,24
47,4,7,0,3
47,5,7,0,10
47,6,7,0,7
47,7,7,0,10
47,8,7,0,9
47,9,7,0,23
47,10,9,7,6
47,11,9,0,21
47,12,9,0,20
47,13,9,0,21
47,14,9,0,8
47,15,9,0,17
47,16,9,7,15
47,17,7,0,12
47,18,7,0,8
47,19,7,0,0
47,20,7,0,21
47,21,7,0,0
47,22,7,0,20
47,23,7,0,19
47,24,7,0,10
47,25,7,0,24
47,26,7,0,10
47,27,7,0,1
47,28,7,0,4
47,29,7,0,21
47,30,3,7,9
47,31,3,0,13
47,32,3,0,1
47,33,3,0,10
47,34,3,7,0
47,35,7,0,11
47,36,7,0,18
47,37,7,0,22
47,38,7,0,1
47,39,7,0,7
47,40,7,0,8
47,41,7,0,22
47,42,7,0,8
47,43,7,0,4
47,44,7,0,11
47,45,3,7,6
47,46,3,0,20
47,47,3,0,11
47,48,3,0,23
48,0,3,0,0
48,1,3,0,16
48,2,3,7,18
48,3,7,0,12
48,4,7,0,18
48,5,7,0,4
48,6,7,0,22
48,7,7,0,21
48,8,7,0,10
48,9,7,0,11
48,10,9,7,23
48,11,9,7,20
48,12,9,7,20
48,13,9,0,8
48,14,9,0,0
48,15,9,7,5
48,16,7,0,11
48,17,7,0,10
48,18,7,0,15
48,19,7,0,17
48,20,7,0,22
48,21,7,0,9
48,22,7,0,0
48,23,7,0,15
48,24,7,0,22
48,25,7,0,23
48,26,7,0,21
48,27,7,0,13
48,28,3,7,16
48,29,3,7,11
48,30,3,0,11
48,31,3,0,19
48,32,3,0,4
48,33,3,0,23
48,34,3,7,18
48,35,7,0,1
48,36,7,0,4
48,37,7,0,20
48,38,7,0,2
48,39,7,0,16
48,40,7,0,20
48,41,7,0,19
48,42,7,0,6
48,43,7,0,14
48,44,7,0,5
48,45,3,7,22
48,46,3,0,6
48,47,3,0,13
48,48,3,0,5
49,0,3,0,16
49,1,3,7,0
49,2,3,7,16
49,3,3,7,16
49,4,7,0,19
49,5,7,0,16
49,6,7,0,9
49,7,7,0,3
49,8,7,0,22
49,9,7,0,21
49,10,9,7,8
49,11,9,7,8
49,12,9,7,7
49,13,9,7,20
49,14,9,7,10
49,15,7,0,4
49,16,7,0,23
49,17,7,0,0
49,18,7,0,3
49,19,7,0,12
49,20,7,0,8
49,21,7,0,2
49,22,7,0,18
49,23,7,0,8
49,24,7,0,1
49,25,7,0,6
49,26,7,0,19
49,27,3,7,9
49,28,3,7,4
49,29,3,0,5
49,30,3,0,13
49,31,3,0,23
49,32,3,0,14
49,33,3,7,10
49,34,7,0,3
49,35,7,0,6
49,36,7,0,1
49,37,7,0,2
49,38,7,0,23
49,39,7,0,1
49,40,7,0,16
49,41,7,0,1
49,42,7,0,6
49,43,7,0,19
49,44,7,0,14
49,45,3,7,23
49,46,3,7,20
49,47,3,0,21
49,48,3,0,5
50,0,3,0,14
50,1,3,7,4
50,2,3,7,4
50,3,3,7,2
50,4,7,0,12
50,5,7,0,2
50,6,7,0,8
50,7,7,0,17
50,8,7,0,7
50,9,7,0,14
50,10,7,0,6
50,11,7,0,6
50,12,9,7,8
50,13,9,7,8
50,14,7,0,23
50,15,7,0,9
50,16,7,0,24
50,17,7,0,5
50,18,7,0,3
50,19,7,0,8
50,20,7,0,20
50,21,7,0,22
50,22,7,0,17
50,23,7,0,7
50,24,7,0,2
50,25,3,7,16
50,26,3,7,19
50,27,3,0,13
50,28,3,0,16
50,29,3,0,7
50,30,3,0,24
50,31,3,7,20
50,32,3,7,15
50,33,7,0,2
50,34,7,0,9
50,35,7,0,8
50,36,7,0,4
50,37,7,0,4
50,38,7,0,22
50,39,7,0,11
50,40,7,0,10
50,41,7,0,13
50,42,7,0,4
50,43,7,0,8
50,44,7,0,22
50,45,3,7,8
50,46,3,7,23
50,47,3,0,21
50,48,3,0,20
51,0,3,0,12
51,1,3,0,4
51,2,3,0,8
51,3,3,7,18
51,4,7,0,24
51,5,7,0,9
51,6,7,0,10
51,7,7,0,1
51,8,7,0,12
51,9,7,0,21
51,10,7,0,6
51,11,7,0,4
51,12,7,0,14
51,13,7,0,0
51,14,7,0,9
51,15,7,0,8
51,16,7,0,1
51,17,7,0,3
51,18,7,0,20
51,19,7,0,0
51,20,7,0,4
51,21,7,0,5
51,22,7,0,6
51,23,7,0,4
51,24,3,7,11
51,25,3,7,4
51,26,3,0,15
51,27,3,0,14
51,28,3,0,5
51,29,3,0,16
51,30,3,7,5
51,31,3,7,8
51,32,7,0,24
51,33,7,0,21
51,34,7,0,6
51,35,7,0,2
51,36,7,0,11
51,37,7,0,18
51,38,7,0,20
51,39,7,0,4
51,40,7,0,12
51,41,7,0,16
51,42,7,0,9
51,43,7,0,9
51,44,7,0,5
51,45,7,0,7
51,46,3,7,7
51,47,3,0,10
51,48,3,0,5
52,0,3,0,3
52,1,3,0,10
52,2,3,7,0
52,3,7,0,4
52,4,7,0,15
52,5,7,0,15
52,6,7,0,0
52,7,7,0,24
52,8,7,0,4
52,9,7,0,19
52,10,7,0,0
52,11,7,0,7
52,12,7,0,19
52,13,7,0,11
52,14,7,0,23
52,15,7,0,16
52,16,7,0,19
52,17,7,0,11
52,18,7,0,12
52,19,7,0,14
52,20,7,0,6
52,21,7,0,11
52,22,7,0,7
52,23,3,7,6
52,24,3,0,20
52,25,3,0,0
52,26,3,0,19
52,27,3,0,6
52,28,3,0,6
52,29,3,7,10
52,30,7,0,20
52,31,7,0,21
52,32,7,0,0
52,33,7,0,8
52,34,7,0,16
52,35,7,0,20
52,36,7,0,21
52,37,7,0,6
52,38,7,0,3
52,39,7,0,4
52,40,7,0,14
52,41,7,0,8
52,42,7,0,0
52,43,7,0,24
52,44,7,0,18
52,45,7,0,23
52,46,3,7,21
52,47,3,0,10
52,48,3,0,9
53,0,3,0,11
53,1,3,0,14
53,2,3,7,18
53,3,7,0,6
53,4,7,0,21
53,5,7,0,24
53,6,7,0,4
53,7,7,0,14
53,8,7,0,7
53,9,7,0,17
53,10,7,0,6
53,11,7,0,13
53,12,7,0,5
53,13,7,0,13
53,14,7,0,2
53,15,7,0,10
53,16,7,0,18
53,17,7,0,2
53,18,7,0,5
53,19,7,0,3
53,20,7,0,12
53,21,7,0,8
53,22,7,0,10
53,23,3,7,24
53,24,3,0,7
53,25,3,0,1
53,26,3,0,14
53,27,3,0,3
53,28,3,7,0
53,29,7,0,10
53,30,7,0,19
53,31,7,0,5
53,32,7,0,5
53,33,7,0,18
53,34,7,0,9
53,35,7,0,13
53,36,7,0,8
53,37,7,0,2
53,38,7,0,16
53,39,7,0,5
53,40,7,0,18
53,41,7,0,16
53,42,7,0,10
53,43,7,0,10
53,44,7,0,12
53,45,7,0,13
53,46,3,7,24
53,47,3,0,3
53,48,3,0,1
54,0,3,0,21
54,1,3,7,0
54,2,3,7,16
54,3,7,0,18
54,4,7,0,17
54,5,7,0,1
54,6,7,0,7
54,7,7,0,10
54,8,7,0,3
54,9,7,0,12
54,10,7,0,14
54,11,7,0,4
54,12,7,0,23
54,13,7,0,11
54,14,7,0,9
54,15,7,0,6
54,16,7,0,14
54,17,7,0,2
54,18,7,0,2
54,19,7,0,23
54,20,3,7,16
54,21,3,7,16
54,22,3,7,19
54,23,3,0,24
54,24,3,0,6
54,25,3,0,5
54,26,3,0,13
54,27,3,0,12
54,28,3,7,18
54,29,7,0,19
54,30,7,0,17
54,31,7,0,9
54,32,7,0,2
54,33,7,0,3
54,34,7,0,2
54,35,9,7,16
54,36,7,0,22
54,37,7,0,0
54,38,7,0,23
54,39,7,0,3
54,40,7,0,2
54,41,7,0,15
54,42,7,0,15
54,43,7,0,13
54,44,7,0,16
54,45,3,7,6
54,46,3,0,24
54,47,3,0,1
54,48,3,0,23
55,0,3,0,1
55,1,3,7,4
55,2,3,7,3
55,3,7,0,0
55,4,7,0,18
55,5,7,0,18
55,6,7,0,17
55,7,7,0,2
55,8,7,0,3
55,9,7,0,6
55,10,7,0,22
55,11,7,0,0
55,12,7,0,19
55,13,7,0,23
55,14,7,0,14
55,15,7,0,18
55,16,7,0,8
55,17,7,0,13
55,18,7,0,7
55,19,3,7,11
55,20,3,7,4
55,21,3,7,4
55,22,3,0,16
55,23,3,0,5
55,24,3,0,5
55,25,3,0,21
55,26,3,7,20
55,27,3,7,15
55,28,7,0,24
55,29,7,0,20
55,30,7,0,9
55,31,7,0,14
55,32,7,0,5
55,33,9,7,16
55,34,9,7,14
55,35,9,7,1
55,36,9,7,16
55,37,9,7,16
55,38,7,0,2
55,39,7,0,3
55,40,7,0,16
55,41,7,0,17
55,42,7,0,14
55,43,7,0,14
55,44,7,0,24
55,45,3,7,24
55,46,3,0,23
55,47,3,0,24
55,48,3,0,19
56,0,3,0,3
56,1,3,0,12
56,2,3,7,18
56,3,7,0,6
56,4,7,0,4
56,5,7,0,17
56,6,7,0,9
56,7,7,0,4
56,8,7,0,20
56,9,7,0,24
56,10,7,0,13
56,11,7,0,3
56,12,7,0,10
56,13,7,0,5
56,14,7,0,12
56,15,7,0,24
56,16,7,0,17
56,17,7,0,4
56,18,3,7,6
56,19,3,0,7
56,20,3,0,4
56,21,3,0,23
56,22,3,0,16
56,23,3,0,15
56,24,3,0,7
56,25,3,7,15
56,26,3,7,8
56,27,7,0,10
56,28,7,0,21
56,29,7,0,21
56,30,7,0,24
56,31,7,0,15
56,32,9,7,11
56,33,9,7,4
56,34,9,0,4
56,35,9,7,4
56,36,9,7,4
56,37,9,7,17
56,38,9,7,16
56,39,7,0,13
56,40,7,0,22
56,41,7,0,4
56,42,7,0,2
56,43,7,0,0
56,44,3,7,6
56,45,3,0,5
56,46,3,0,19
56,47,3,0,4
56,48,3,0,11
57,0,3,0,14
57,1,3,7,0
57,2,7,0,17
57,3,7,0,22
57,4,7,0,23
57,5,7,0,20
57,6,7,0,18
57,7,7,0,15
57,8,7,0,23
57,9,7,0,8
57,10,7,0,15
57,11,7,0,3
57,12,7,0,20
57,13,7,0,13
57,14,7,0,1
57,15,7,0,23
57,16,7,0,3
57,17,7,0,7
57,18,3,7,24
57,19,3,0,9
57,20,3,0,7
57,21,3,0,11
57,22,3,0,13
57,23,3,0,6
57,24,3,7,0
57,25,7,0,16
57,26,7,0,4
57,27,7,0,3
57,28,7,0,7
57,29,7,0,2
57,30,7,0,11
57,31,9,7,9
57,32,9,0,11
57,33,9,0,8
57,34,9,0,20
57,35,9,0,11
57,36,9,0,1
57,37,9,7,4
57,38,9,7,1
57,39,9,7,16
57,40,7,0,23
57,41,7,0,1
57,42,7,0,22
57,43,7,0,6
57,44,3,7,21
57,45,3,0,3
57,46,3,0,2
57,47,3,0,21
57,48,3,0,7
58,0,3,0,20
58,1,3,7,17
58,2,7,0,6
58,3,7,0,1
58,4,7,0,4
58,5,7,0,21
58,6,7,0,23
58,7,7,0,9
58,8,7,0,5
58,9,7,0,5
58,10,7,0,9
58,11,7,0,21
58,12,7,0,19
58,13,7,0,17
58,14,7,0,13
58,15,7,0,17
58,16,7,0,20
58,17,3,7,6
58,18,3,0,10
58,19,3,0,8
58,20,3,0,11
58,21,3,0,0
58,22,3,0,1
58,23,3,0,4
58,24,3,7,18
58,25,7,0,6
58,26,7,0,0
58,27,7,0,8
58,28,7,0,19
58,29,7,0,19
58,30,9,7,14
58,31,9,0,6
58,32,9,0,13
58,33,9,0,6
58,34,9,0,12
58,35,9,0,2
58,36,9,0,2
58,37,9,0,6
58,38,9,7,4
58,39,9,7,1
58,40,7,0,6
58,41,7,0,17
58,42,7,0,16
58,43,7,0,4
58,44,3,7,23
58,45,3,7,20
58,46,3,7,20
58,47,3,0,9
58,48,3,0,6
59,0,3,0,14
59,1,3,7,2
59,2,7,0,14
59,3,7,0,9
59,4,7,0,15
59,5,7,0,3
59,6,7,0,21
59,7,7,0,24
59,8,7,0,1
59,9,7,0,12
59,10,7,0,24
59,11,7,0,24
59,12,7,0,22
59,13,7,0,21
59,14,7,0,12
59,15,7,0,2
59,16,7,0,7
59,17,3,7,24
59,18,3,0,15
59,19,3,0,9
59,20,3,0,2
59,21,3,0,23
59,22,3,0,2
59,23,3,7,0
59,24,7,0,20
59,25,7,0,18
59,26,7,0,11
59,27,7,0,20
59,28,7,0,16
59,29,9,7,6
59,30,9,0,1
59,31,9,0,15
59,32,9,0,20
59,33,9,0,4
59,34,9,0,0
59,35,9,0,17
59,36,9,0,4
59,37,9,0,17
59,38,9,0,2
59,39,9,7,1
59,40,7,0,12
59,41,7,0,18
59,42,7,0,0
59,43,7,0,19
59,44,3,7,8
59,45,3,7,8
59,46,3,7,21
59,47,3,0,0
59,48,3,0,8
60,0,3,0,1
60,1,3,7,17
60,2,3,7,16
60,3,3,7,16
60,4,7,0,13
60,5,7,0,23
60,6,7,0,11
60,7,7,0,5
60,8,7,0,19
60,9,7,0,17
60,10,7,0,23
60,11,7,0,18
60,12,7,0,4
60,13,7,0,1
60,14,7,0,23
60,15,7,0,23
60,16,3,7,11
60,17,3,0,18
60,18,3,0,3
60,19,3,0,21
60,20,3,0,7
60,21,3,0,22
60,22,3,0,8
60,23,3,7,18
60,24,7,0,16
60,25,7,0,7
60,26,7,0,0
60,27,7,0,2
60,28,7,0,18
60,29,9,7,21
60,30,9,7,20
60,31,9,0,16
60,32,9,0,18
60,33,9,0,7
60,34,9,0,0
60,35,9,0,6
60,36,9,0,17
60,37,9,0,15
60,38,9,0,14
60,39,9,7,1
60,40,7,0,19
60,41,7,0,12
60,42,7,0,17
60,43,7,0,19
60,44,7,0,21
60,45,7,0,5
60,46,3,7,22
60,47,3,0,0
60,48,3,0,18
61,0,3,0,2
61,1,3,7,4
61,2,3,7,4
61,3,3,7,1
61,4,7,0,4
61,5,7,0,11
61,6,7,0,16
61,7,7,0,13
61,8,7,0,14
61,9,7,0,12
61,10,7,0,8
61,11,7,0,19
61,12,7,0,23
61,13,7,0,3
61,14,7,0,4
61,15,3,7,6
61,16,3,0,5
61,17,3,0,11
61,18,3,0,9
61,19,3,0,9
61,20,3,7,20
61,21,3,7,20
61,22,3,7,5
61,23,7,0,2
61,24,7,0,8
61,25,7,0,5
61,26,7,0,5
61,27,7,0,8
61,28,7,0,0
61,29,9,7,8
61,30,9,7,23
61,31,9,0,14
61,32,9,0,12
61,33,9,0,20
61,34,9,0,12
61,35,9,0,10
61,36,9,0,12
61,37,9,0,8
61,38,9,0,6
61,39,9,7,17
61,40,7,0,5
61,41,7,0,10
61,42,7,0,12
61,43,7,0,3
61,44,7,0,3
61,45,7,0,22
61,46,3,7,22
61,47,3,0,19
61,48,3,0,18
62,0,3,0,15
62,1,3,0,4
62,2,3,0,0
62,3,3,7,18
62,4,7,0,19
62,5,7,0,13
62,6,7,0,3
62,7,7,0,4
62,8,7,0,11
62,9,7,0,16
62,10,7,0,0
62,11,7,0,17
62,12,7,0,13
62,13,7,0,2
62,14,7,0,15
62,15,3,7,24
62,16,3,0,5
62,17,3,0,17
62,18,3,0,12
62,19,3,7,10
62,20,3,7,8
62,21,3,7,8
62,22,7,0,8
62,23,7,0,5
62,24,7,0,4
62,25,7,0,2
62,26,7,0,7
62,27,7,0,6
62,28,7,0,7
62,29,7,0,6
62,30,9,7,23
62,31,9,0,6
62,32,9,0,22
62,33,9,0,0
62,34,9,0,5
62,35,9,0,9
62,36,9,0,14
62,37,9,0,9
62,38,9,0,0
62,39,9,7,18
62,40,7,0,18
62,41,7,0,1
62,42,7,0,9
62,43,7,0,20
62,44,7,0,15
62,45,7,0,10
62,46,3,7,23
62,47,3,0,9
62,48,3,0,9
63,0,3,0,1
63,1,3,0,19
63,2,3,7,0
63,3,7,0,6
63,4,7,0,22
63,5,7,0,20
63,6,7,0,2
63,7,7,0,16
63,8,7,0,21
63,9,7,0,5
63,10,7,0,22
63,11,7,0,23
63,12,7,0,17
63,13,7,0,6
63,14,3,7,14
63,15,3,0,4
63,16,3,0,21
63,17,3,0,0
63,18,3,7,10
63,19,7,0,11
63,20,7,0,10
63,21,7,0,17
63,22,7,0,12
63,23,7,0,19
63,24,7,0,18
63,25,7,0,23
63,26,7,0,20
63,27,7,0,1
63,28,7,0,3
63,29,7,0,4
63,30,9,7,7
63,31,9,7,20
63,32,9,0,21
63,33,9,0,8
63,34,9,0,18
63,35,9,0,3
63,36,9,0,18
63,37,9,0,21
63,38,9,7,5
63,39,7,0,13
63,40,7,0,13
63,41,7,0,24
63,42,7,0,19
63,43,7,0,15
63,44,7,0,5
63,45,7,0,3
63,46,3,7,24
63,47,3,0,12
63,48,3,0,20
64,0,3,0,23
64,1,3,0,9
64,2,3,7,18
64,3,7,0,19
64,4,7,0,22
64,5,7,0,21
64,6,7,0,22
64,7,7,0,23
64,8,7,0,16
64,9,7,0,2
64,10,7,0,2
64,11,7,0,2
64,12,7,0,14
64,13,3,7,6
64,14,3,0,4
64,15,3,0,24
64,16,3,0,5
64,17,3,7,0
64,18,7,0,23
64,19,7,0,0
64,20,7,0,11
64,21,7,0,16
64,22,7,0,20
64,23,7,0,5
64,24,7,0,16
64,25,7,0,5
64,26,7,0,19
64,27,7,0,13
64,28,7,0,14
64,29,7,0,12
64,30,9,7,8
64,31,9,7,7
64,32,9,7,20
64,33,9,7,20
64,34,9,7,20
64,35,9,7,20
64,36,9,0,24
64,37,9,7,13
64,38,7,0,13
64,39,7,0,24
64,40,7,0,4
64,41,7,0,15
64,42,7,0,17
64,43,7,0,5
64,44,7,0,1
64,45,3,7,6
64,46,3,0,0
64,47,3,0,10
64,48,3,0,4
65,0,3,0,20
65,1,3,7,0
65,2,7,0,7
65,3,7,0,18
65,4,7,0,1
65,5,7,0,23
65,6,7,0,24
65,7,7,0,16
65,8,7,0,22
65,9,7,0,22
65,10,7,0,9
65,11,7,0,20
65,12,7,0,1
65,13,3,7,24
65,14,3,0,2
65,15,3,0,9
65,16,3,0,13
65,17,3,7,18
65,18,7,0,9
65,19,7,0,0
65,20,7,0,8
65,21,7,0,1
65,22,7,0,16
65,23,7,0,16
65,24,7,0,24
65,25,7,0,5
65,26,7,0,11
65,27,7,0,12
65,28,7,0,3
65,29,7,0,3
65,30,7,0,18
65,31,9,7,8
65,32,9,7,8
65,33,9,7,8
65,34,9,7,8
65,35,9,7,22
65,36,9,7,5
65,37,7,0,15
65,38,7,0,11
65,39,7,0,8
65,40,7,0,21
65,41,7,0,16
65,42,7,0,10
65,43,7,0,22
65,44,7,0,14
65,45,3,7,24
65,46,3,0,17
65,47,3,0,9
65,48,3,0,17
66,0,3,0,17
66,1,3,7,1
66,2,3,7,16
66,3,3,7,16
66,4,7,0,16
66,5,7,0,1
66,6,7,0,13
66,7,7,0,20
66,8,7,0,3
66,9,7,0,13
66,10,7,0,10
66,11,7,0,20
66,12,3,7,14
66,13,3,0,5
66,14,3,0,22
66,15,3,7,20
66,16,3,7,15
66,17,7,0,16
66,18,7,0,15
66,19,7,0,2
66,20,7,0,8
66,21,7,0,0
66,22,7,0,7
66,23,7,0,18
66,24,7,0,6
66,25,7,0,0
66,26,7,0,4
66,27,7,0,13
66,28,7,0,13
66,29,7,0,22
66,30,7,0,23
66,31,7,0,12
66,32,7,0,16
66,33,7,0,20
66,34,7,0,1
66,35,9,7,8
66,36,7,0,13
66,37,7,0,1
66,38,7,0,18
66,39,7,0,3
66,40,7,0,8
66,41,7,0,23
66,42,7,0,23
66,43,7,0,6
66,44,3,7,6
66,45,3,0,19
66,46,3,0,1
66,47,3,0,13
66,48,3,0,4
67,0,3,0,7
67,1,3,7,4
67,2,3,7,4
67,3,3,7,3
67,4,7,0,5
67,5,7,0,15
67,6,7,0,11
67,7,7,0,16
67,8,7,0,16
67,9,7,0,14
67,10,7,0,7
67,11,3,7,14
67,12,3,0,12
67,13,3,0,0
67,14,3,7,0
67,15,3,7,8
67,16,7,0,20
67,17,7,0,15
67,18,7,0,11
67,19,7,0,12
67,20,7,0,11
67,21,7,0,23
67,22,7,0,0
67,23,7,0,16
67,24,7,0,5
67,25,7,0,0
67,26,7,0,6
67,27,7,0,8
67,28,7,0,16
67,29,7,0,14
67,30,7,0,13
67,31,7,0,13
67,32,7,0,17
67,33,7,0,17
67,34,7,0,8
67,35,7,0,4
67,36,7,0,20
67,37,7,0,17
67,38,7,0,23
67,39,7,0,13
67,40,7,0,19
67,41,7,0,13
67,42,7,0,8
67,43,7,0,24
67,44,3,7,22
67,45,3,7,20
67,46,3,7,20
67,47,3,0,4
67,48,3,0,15
68,0,3,0,18
68,1,3,0,18
68,2,3,0,7
68,3,3,7,2
68,4,7,0,4
68,5,7,0,8
68,6,7,0,4
68,7,7,0,20
68,8,7,0,15
68,9,7,0,2
68,10,3,7,19
68,11,3,0,24
68,12,3,0,1
68,13,3,0,3
68,14,3,7,18
68,15,7,0,24
68,16,7,0,6
68,17,7,0,0
68,18,7,0,7
68,19,7,0,0
68,20,7,0,20
68,21,7,0,9
68,22,7,0,6
68,23,7,0,4
68,24,7,0,6
68,25,7,0,22
68,26,7,0,7
68,27,7,0,0
68,28,7,0,4
68,29,7,0,22
68,30,7,0,18
68,31,7,0,4
68,32,7,0,20
68,33,7,0,6
68,34,7,0,6
68,35,7,0,19
68,36,7,0,12
68,37,7,0,21
68,38,7,0,2
68,39,7,0,2
68,40,7,0,23
68,41,7,0,10
68,42,7,0,3
68,43,7,0,9
68,44,3,7,8
68,45,3,7,8
68,46,3,7,21
68,47,3,0,19
68,48,3,0,16
69,0,3,0,5
69,1,3,0,21
69,2,3,0,1
69,3,3,7,18
69,4,7,0,1
69,5,7,0,14
69,6,7,0,1
69,7,7,0,23
69,8,3,7,16
69,9,3,7,11
69,10,3,0,16
69,11,3,0,9
69,12,3,0,13
69,13,3,7,15
69,14,7,0,5
69,15,7,0,23
69,16,7,0,7
69,17,7,0,15
69,18,7,0,17
69,19,7,0,6
69,20,7,0,10
69,21,7,0,22
69,22,7,0,23
69,23,7,0,6
69,24,7,0,23
69,25,7,0,6
69,26,7,0,2
69,27,7,0,24
69,28,7,0,2
69,29,7,0,3
69,30,7,0,5
69,31,7,0,18
69,32,7,0,22
69,33,7,0,17
69,34,7,0,1
69,35,7,0,13
69,36,7,0,11
69,37,7,0,19
69,38,7,0,21
69,39,7,0,13
69,40,7,0,0
69,41,7,0,17
69,42,7,0,1
69,43,7,0,10
69,44,7,0,17
69,45,7,0,8
69,46,3,7,21
69,47,3,0,1
69,48,3,0,9
70,0,3,0,7
70,1,3,0,22
70,2,3,7,0
70,3,7,0,4
70,4,7,0,16
70,5,7,0,11
70,6,7,0,19
70,7,3,7,19
70,8,3,7,4
70,9,3,0,16
70,10,3,0,5
70,11,3,7,20
70,12,3,7,15
70,13,7,0,13
70,14,7,0,22
70,15,7,0,22
70,16,7,0,5
70,17,7,0,16
70,18,7,0,15
70,19,7,0,15
70,20,7,0,8
70,21,7,0,13
70,22,7,0,6
70,23,7,0,0
70,24,7,0,0
70,25,3,7,16
70,26,3,7,16
70,27,7,0,19
70,28,7,0,12
70,29,7,0,24
70,30,7,0,19
70,31,7,0,20
70,32,7,0,6
70,33,7,0,16
70,34,7,0,1
70,35,7,0,7
70,36,7,0,10
70,37,7,0,4
70,38,7,0,14
70,39,7,0,18
70,40,7,0,13
70,41,7,0,18
70,42,7,0,7
70,43,7,0,13
70,44,7,0,3
70,45,7,0,9
70,46,3,7,24
70,47,3,0,24
70,48,3,0,20
71,0,3,0,0
71,1,3,0,1
71,2,3,7,18
71,3,7,0,6
71,4,7,0,2
71,5,7,0,11
71,6,3,7,11
71,7,3,0,10
71,8,3,0,0
71,9,3,0,23
71,10,3,7,0
71,11,3,7,8
71,12,7,0,0
71,13,7,0,12
71,14,7,0,9
71,15,7,0,22
71,16,7,0,21
71,17,7,0,4
71,18,7,0,16
71,19,7,0,10
71,20,7,0,2
71,21,7,0,17
71,22,7,0,16
71,23,3,7,16
71,24,3,7,14
71,25,3,7,4
71,26,3,7,1
71,27,7,0,17
71,28,7,0,10
71,29,7,0,5
71,30,7,0,14
71,31,7,0,18
71,32,7,0,17
71,33,7,0,9
71,34,7,0,23
71,35,7,0,20
71,36,7,0,1
71,37,7,0,10
71,38,7,0,2
71,39,7,0,11
71,40,7,0,12
71,41,7,0,7
71,42,7,0,12
71,43,7,0,11
71,44,7,0,23
71,45,3,7,6
71,46,3,0,15
71,47,3,0,3
71,48,3,0,4
72,0,3,0,19
72,1,3,7,0
72,2,7,0,3
72,3,7,0,0
72,4,7,0,7
72,5,3,7,6
72,6,3,0,24
72,7,3,0,20
72,8,3,0,21
72,9,3,0,7
72,10,3,7,18
72,11,7,0,19
72,12,7,0,1
72,13,7,0,7
72,14,7,0,13
72,15,7,0,11
72,16,7,0,6
72,17,7,0,24
72,18,3,7,16
72,19,7,0,15
72,20,7,0,19
72,21,7,0,11
72,22,3,7,11
72,23,3,7,4
72,24,3,0,21
72,25,3,0,18
72,26,3,7,1
72,27,7,0,17
72,28,7,0,9
72,29,7,0,17
72,30,7,0,23
72,31,7,0,4
72,32,7,0,20
72,33,7,0,24
72,34,7,0,20
72,35,7,0,16
72,36,7,0,8
72,37,3,7,16
72,38,3,7,16
72,39,7,0,9
72,40,7,0,16
72,41,7,0,6
72,42,7,0,4
72,43,7,0,2
72,44,7,0,9
72,45,3,7,24
72,46,3,0,7
72,47,3,0,7
72,48,3,0,8
73,0,3,0,10
73,1,3,7,17
73,2,7,0,6
73,3,7,0,15
73,4,7,0,11
73,5,3,7,24
73,6,3,0,2
73,7,3,0,6
73,8,3,0,6
73,9,3,7,0
73,10,7,0,20
73,11,7,0,20
73,12,7,0,4
73,13,7,0,22
73,14,7,0,11
73,15,3,7,16
73,16,3,7,16
73,17,3,7,14
73,18,3,7,17
73,19,3,7,16
73,20,7,0,22
73,21,3,7,6
73,22,3,0,14
73,23,3,0,16
73,24,3,0,3
73,25,3,0,16
73,26,3,7,18
73,27,7,0,15
73,28,7,0,20
73,29,7,0,18
73,30,7,0,5
73,31,7,0,17
73,32,7,0,22
73,33,7,0,5
73,34,7,0,24
73,35,7,0,16
73,36,3,7,11
73,37,3,7,4
73,38,3,7,1
73,39,7,0,19
73,40,7,0,6
73,41,7,0,2
73,42,7,0,24
73,43,7,0,6
73,44,3,7,6
73,45,3,0,2
73,46,3,0,9
73,47,3,0,2
73,48,3,0,0
74,0,3,0,2
74,1,3,7,3
74,2,7,0,17
74,3,7,0,23
74,4,3,7,19
74,5,3,0,24
74,6,3,0,12
74,7,3,0,0
74,8,3,0,9
74,9,3,7,18
74,10,7,0,4
74,11,7,0,16
74,12,7,0,20
74,13,7,0,22
74,14,3,7,11
74,15,3,7,4
74,16,3,7,4
74,17,3,0,21
74,18,3,7,4
74,19,3,7,2
74,20,7,0,7
74,21,3,7,24
74,22,3,0,7
74,23,3,0,5
74,24,3,7,20
74,25,3,7,15
74,26,7,0,4
74,27,7,0,11
74,28,7,0,21
74,29,7,0,21
74,30,7,0,8
74,31,7,0,8
74,32,7,0,20
74,33,7,0,2
74,34,7,0,18
74,35,3,7,6
74,36,3,0,16
74,37,3,0,19
74,38,3,7,3
74,39,3,7,16
74,40,7,0,0
74,41,7,0,13
74,42,7,0,12
74,43,7,0,11
74,44,3,7,21
74,45,3,7,20
74,46,3,7,20
74,47,3,0,0
74,48,3,0,4
75,0,3,0,1
75,1,3,7,3
75,2,3,7,16
75,3,3,7,19
75,4,3,0,10
75,5,3,0,20
75,6,3,7,20
75,7,3,7,20
75,8,3,7,13
75,9,7,0,10
75,10,7,0,5
75,11,7,0,1
75,12,7,0,23
75,13,3,7,6
75,14,3,0,17
75,15,3,0,8
75,16,3,0,17
75,17,3,0,4
75,18,3,0,5
75,19,3,7,18
75,20,3,7,14
75,21,3,0,0
75,22,3,0,14
75,23,3,7,10
75,24,3,7,8
75,25,7,0,10
75,26,7,0,4
75,27,7,0,5
75,28,7,0,3
75,29,7,0,0
75,30,7,0,20
75,31,7,0,11
75,32,7,0,1
75,33,7,0,20
75,34,7,0,11
75,35,3,7,24
75,36,3,0,10
75,37,3,0,7
75,38,3,7,4
75,39,3,7,2
75,40,3,7,16
75,41,7,0,11
75,42,7,0,23
75,43,7,0,20
75,44,3,7,8
75,45,3,7,8
75,46,3,7,21
75,47,3,0,6
75,48,3,0,17
76,0,3,0,13
76,1,3,7,4
76,2,3,7,4
76,3,3,0,14
76,4,3,0,15
76,5,3,7,13
76,6,3,7,8
76,7,3,7,8
76,8,7,0,20
76,9,7,0,12
76,10,7,0,12
76,11,7,0,13
76,12,7,0,0
76,13,3,7,24
76,14,3,0,19
76,15,3,0,19
76,16,3,0,2
76,17,3,0,3
76,18,3,7,0
76,19,3,7,6
76,20,3,0,3
76,21,3,7,20
76,22,3,7,15
76,23,7,0,23
76,24,7,0,15
76,25,7,0,13
76,26,7,0,13
76,27,7,0,4
76,28,7,0,1
76,29,7,0,23
76,30,7,0,22
76,31,7,0,23
76,32,7,0,6
76,33,7,0,14
76,34,3,7,6
76,35,3,0,11
76,36,3,0,9
76,37,3,0,15
76,38,3,0,1
76,39,3,7,4
76,40,3,7,1
76,41,3,7,16
76,42,7,0,9
76,43,7,0,15
76,44,7,0,7
76,45,7,0,15
76,46,3,7,22
76,47,3,7,20
76,48,3,0,24
77,0,3,0,1
77,1,3,0,3
77,2,3,0,11
77,3,3,0,3
77,4,3,7,0
77,5,7,0,7
77,6,7,0,5
77,7,7,0,18
77,8,7,0,0
77,9,7,0,23
77,10,7,0,20
77,11,7,0,9
77,12,3,7,14
77,13,3,0,17
77,14,3,0,4
77,15,3,0,6
77,16,3,0,1
77,17,3,0,0
77,18,3,7,18
77,19,3,7,7
77,20,3,7,5
77,21,3,7,8
77,22,7,0,3
77,23,7,0,3
77,24,7,0,3
77,25,7,0,16
77,26,7,0,24
77,27,7,0,20
77,28,7,0,5
77,29,7,0,0
77,30,7,0,20
77,31,7,0,8
77,32,7,0,18
77,33,7,0,17
77,34,3,7,24
77,35,3,0,10
77,36,3,0,9
77,37,3,0,20
77,38,3,0,6
77,39,3,0,20
77,40,3,7,4
77,41,3,7,3
77,42,7,0,23
77,43,7,0,9
77,44,7,0,8
77,45,7,0,22
77,46,3,7,8
77,47,3,7,24
77,48,3,0,6
78,0,3,0,24
78,1,3,0,3
78,2,3,0,17
78,3,3,0,7
78,4,3,7,18
78,5,7,0,17
78,6,7,0,11
78,7,7,0,8
78,8,7,0,3
78,9,7,0,20
78,10,7,0,2
78,11,3,7,6
78,12,3,0,24
78,13,3,0,23
78,14,3,0,23
78,15,3,0,11
78,16,3,0,10
78,17,3,7,5
78,18,7,0,22
78,19,3,7,8
78,20,7,0,10
78,21,7,0,11
78,22,7,0,6
78,23,7,0,11
78,24,7,0,10
78,25,7,0,15
78,26,7,0,14
78,27,7,0,6
78,28,7,0,14
78,29,7,0,18
78,30,7,0,9
78,31,7,0,12
78,32,7,0,19
78,33,3,7,6
78,34,3,0,18
78,35,3,0,6
78,36,3,0,20
78,37,3,0,9
78,38,3,0,19
78,39,3,0,20
78,40,3,0,24
78,41,3,7,1
78,42,7,0,7
78,43,7,0,1
78,44,7,0,1
78,45,7,0,24
78,46,3,7,6
78,47,3,0,7
78,48,3,0,8
79,0,3,0,17
79,1,3,0,16
79,2,3,7,20
79,3,3,7,5
79,4,7,0,21
79,5,7,0,7
79,6,7,0,1
79,7,7,0,24
79,8,7,0,15
79,9,7,0,14
79,10,7,0,4
79,11,3,7,21
79,12,3,7,20
79,13,3,0,13
79,14,3,0,23
79,15,3,0,24
79,16,3,7,15
79,17,7,0,4
79,18,7,0,20
79,19,7,0,5
79,20,7,0,1
79,21,7,0,6
79,22,7,0,4
79,23,7,0,15
79,24,7,0,5
79,25,7,0,15
79,26,7,0,14
79,27,3,7,16
79,28,7,0,18
79,29,7,0,18
79,30,7,0,10
79,31,7,0,11
79,32,7,0,10
79,33,3,7,22
79,34,3,7,20
79,35,3,0,22
79,36,3,0,14
79,37,3,0,17
79,38,3,0,2
79,39,3,0,15
79,40,3,0,7
79,41,3,7,1
79,42,7,0,9
79,43,7,0,22
79,44,7,0,18
79,45,7,0,2
79,46,3,7,23
79,47,3,7,20
79,48,3,0,10
80,0,3,0,7
80,1,3,7,0
80,2,3,7,8
80,3,7,0,18
80,4,7,0,14
80,5,7,0,16
80,6,7,0,5
80,7,7,0,7
80,8,7,0,1
80,9,7,0,12
80,10,7,0,18
80,11,3,7,8
80,12,3,7,21
80,13,3,0,0
80,14,3,7,20
80,15,3,7,10
80,16,7,0,2
80,17,7,0,22
80,18,7,0,2
80,19,7,0,23
80,20,7,0,13
80,21,7,0,19
80,22,7,0,0
80,23,7,0,18
80,24,7,0,8
80,25,3,7,16
80,26,3,7,9
80,27,3,7,3
80,28,7,0,16
80,29,7,0,1
80,30,7,0,12
80,31,7,0,14
80,32,7,0,10
80,33,3,7,8
80,34,3,7,23
80,35,3,0,20
80,36,3,0,23
80,37,3,0,13
80,38,3,7,20
80,39,3,7,20
80,40,3,0,24
80,41,3,7,18
80,42,7,0,5
80,43,7,0,14
80,44,7,0,22
80,45,7,0,10
80,46,3,7,8
80,47,3,7,24
80,48,3,0,18
