0,0,5,0,24
0,1,5,0,24
0,2,5,0,23
0,3,5,0,21
0,4,5,0,9
0,5,5,0,22
0,6,5,0,15
0,7,5,0,22
0,8,5,0,5
0,9,5,4,10
0,10,4,0,7
0,11,4,0,3
0,12,4,6,5
0,13,4,6,7
0,14,1,4,6
0,15,1,0,16
0,16,1,0,15
0,17,1,0,22
0,18,1,0,19
0,19,1,4,18
0,20,4,0,22
0,21,4,0,3
0,22,5,4,6
0,23,5,0,17
0,24,5,0,14
0,25,5,0,22
0,26,5,0,6
0,27,5,0,16
0,28,5,0,6
0,29,5,0,6
0,30,5,0,23
0,31,5,0,10
0,32,5,0,10
0,33,5,4,18
0,34,4,0,11
0,35,4,0,14
0,36,4,0,21
0,37,4,0,11
0,38,5,4,6
0,39,5,0,4
0,40,5,0,11
0,41,5,0,1
0,42,5,0,0
0,43,5,0,5
0,44,5,0,14
0,45,5,0,7
0,46,5,0,6
0,47,5,0,6
0,48,5,0,8
0,49,5,0,12
1,0,5,0,19
1,1,5,0,16
1,2,5,0,22
1,3,5,0,17
1,4,5,0,13
1,5,5,0,12
1,6,5,0,3
1,7,5,0,7
1,8,5,4,0
1,9,4,0,13
1,10,4,0,14
1,11,4,6,0
1,12,6,0,1
1,13,4,6,24
1,14,1,4,23
1,15,1,0,21
1,16,1,0,8
1,17,1,0,13
1,18,1,4,13
1,19,4,0,8
1,20,4,0,19
1,21,4,0,20
1,22,5,4,24
1,23,5,0,4
1,24,5,0,10
1,25,5,0,14
1,26,5,0,10
1,27,5,0,7
1,28,5,0,18
1,29,5,0,14
1,30,5,0,8
1,31,5,0,13
1,32,5,4,0
1,33,4,0,0
1,34,4,0,18
1,35,4,0,7
1,36,4,0,9
1,37,4,0,13
1,38,5,4,23
1,39,5,4,20
1,40,5,4,20
1,41,5,4,20
1,42,5,0,24
1,43,5,0,9
1,44,5,0,10
1,45,5,0,6
1,46,5,0,17
1,47,5,0,12
1,48,5,0,12
1,49,5,0,0
2,0,5,0,24
2,1,5,0,20
2,2,5,0,10
2,3,5,0,2
2,4,5,0,20
2,5,5,0,8
2,6,5,0,1
2,7,5,0,15
2,8,5,4,3
2,9,4,0,19
2,10,4,0,9
2,11,4,6,17
2,12,4,6,11
2,13,4,0,5
2,14,1,4,24
2,15,1,0,19
2,16,1,0,22
2,17,1,4,0
2,18,4,0,23
2,19,4,0,0
2,20,4,0,4
2,21,5,4,6
2,22,5,0,23
2,23,5,0,14
2,24,5,0,16
2,25,5,0,20
2,26,5,0,8
2,27,5,0,23
2,28,5,0,19
2,29,5,0,19
2,30,5,0,1
2,31,5,0,17
2,32,5,4,18
2,33,4,0,13
2,34,4,0,21
2,35,4,0,20
2,36,4,0,10
2,37,4,0,7
2,38,5,4,8
2,39,5,4,8
2,40,5,4,8
2,41,5,4,22
2,42,5,4,20
2,43,5,4,20
2,44,5,0,24
2,45,5,0,7
2,46,5,0,11
2,47,5,0,9
2,48,5,0,15
2,49,5,0,1
3,0,5,0,19
3,1,5,0,22
3,2,5,0,4
3,3,5,0,10
3,4,5,0,15
3,5,5,0,18
3,6,5,0,23
3,7,5,0,10
3,8,5,4,18
3,9,4,0,17
3,10,4,0,15
3,11,4,6,4
3,12,4,0,18
3,13,1,4,9
3,14,1,0,17
3,15,1,0,16
3,16,1,0,19
3,17,1,4,18
3,18,4,0,10
3,19,4,0,0
3,20,4,0,1
3,21,5,4,24
3,22,5,0,21
3,23,5,0,7
3,24,5,0,23
3,25,5,0,17
3,26,5,0,12
3,27,5,0,9
3,28,5,0,20
3,29,5,0,7
3,30,5,0,2
3,31,5,4,5
3,32,4,0,2
3,33,4,0,22
3,34,4,0,7
3,35,5,4,16
3,36,5,4,16
3,37,4,0,22
3,38,4,0,8
3,39,4,0,24
3,40,4,0,22
3,41,5,4,8
3,42,5,4,8
3,43,5,4,7
3,44,5,0,5
3,45,5,0,14
3,46,5,0,18
3,47,5,0,6
3,48,5,0,12
3,49,5,0,11
4,0,5,0,11
4,1,5,0,7
4,2,5,0,2
4,3,5,0,24
4,4,5,0,16
4,5,5,0,7
4,6,5,0,18
4,7,5,4,0
4,8,4,0,7
4,9,4,0,6
4,10,4,0,6
4,11,4,0,11
4,12,1,4,6
4,13,1,0,18
4,14,1,0,16
4,15,1,0,20
4,16,1,4,15
4,17,4,0,13
4,18,4,0,5
4,19,4,0,5
4,20,5,4,9
4,21,5,0,22
4,22,5,0,9
4,23,5,0,20
4,24,5,0,16
4,25,5,0,23
4,26,5,0,2
4,27,5,0,13
4,28,5,0,14
4,29,5,0,10
4,30,5,4,10
4,31,4,0,11
4,32,4,0,17
4,33,4,0,10
4,34,5,4,11
4,35,5,4,4
4,36,5,4,3
4,37,4,0,19
4,38,4,0,8
4,39,4,0,3
4,40,4,0,17
4,41,4,0,17
4,42,4,0,16
4,43,5,4,21
4,44,5,0,3
4,45,5,0,2
4,46,5,0,18
4,47,5,0,0
4,48,5,0,5
4,49,5,0,20
5,0,5,0,1
5,1,5,0,16
5,2,5,0,12
5,3,5,0,3
5,4,5,0,6
5,5,5,0,16
5,6,5,0,19
5,7,5,4,18
5,8,4,0,14
5,9,4,0,1
5,10,4,0,12
5,11,4,0,12
5,12,1,4,24
5,13,1,0,16
5,14,1,0,17
5,15,1,4,15
5,16,4,0,22
5,17,4,0,13
5,18,4,0,21
5,19,5,4,6
5,20,5,0,6
5,21,5,0,17
5,22,5,0,14
5,23,5,0,14
5,24,5,0,20
5,25,5,0,21
5,26,5,0,23
5,27,5,0,4
5,28,5,0,6
5,29,5,4,0
5,30,4,0,17
5,31,4,0,15
5,32,4,0,17
5,33,5,4,14
5,34,5,0,9
5,35,5,0,16
5,36,5,4,18
5,37,4,0,18
5,38,4,0,8
5,39,4,0,20
5,40,4,0,8
5,41,4,0,8
5,42,4,0,3
5,43,5,4,21
5,44,5,0,1
5,45,5,0,22
5,46,5,0,15
5,47,5,0,7
5,48,5,0,9
5,49,5,0,6
6,0,5,0,22
6,1,5,0,5
6,2,5,0,13
6,3,5,0,7
6,4,5,0,0
6,5,5,0,18
6,6,5,4,10
6,7,4,0,3
6,8,4,0,19
6,9,4,0,21
6,10,4,0,2
6,11,1,4,6
6,12,1,0,12
6,13,1,0,13
6,14,1,4,5
6,15,4,0,3
6,16,4,0,21
6,17,4,0,1
6,18,4,0,24
6,19,5,4,24
6,20,5,0,0
6,21,5,0,5
6,22,5,0,19
6,23,5,0,17
6,24,5,0,10
6,25,5,0,3
6,26,5,0,12
6,27,5,0,3
6,28,5,0,20
6,29,5,4,18
6,30,4,0,22
6,31,4,0,17
6,32,5,4,14
6,33,5,0,21
6,34,5,0,16
6,35,5,4,0
6,36,4,0,24
6,37,4,0,14
6,38,4,0,19
6,39,4,0,0
6,40,4,0,23
6,41,4,0,6
6,42,4,0,22
6,43,5,4,24
6,44,5,0,13
6,45,5,0,10
6,46,5,0,0
6,47,5,0,20
6,48,5,0,22
6,49,5,0,15
7,0,5,0,6
7,1,5,0,2
7,2,5,0,2
7,3,5,0,17
7,4,5,0,19
7,5,5,4,0
7,6,4,0,12
7,7,4,0,5
7,8,4,0,16
7,9,4,0,12
7,10,4,0,24
7,11,1,4,24
7,12,1,0,8
7,13,1,4,0
7,14,4,0,19
7,15,4,0,22
7,16,4,0,20
7,17,4,0,7
7,18,5,4,6
7,19,5,0,4
7,20,5,0,20
7,21,5,0,12
7,22,5,0,4
7,23,5,0,14
7,24,5,0,4
7,25,5,0,18
7,26,5,0,15
7,27,5,0,7
7,28,5,4,0
7,29,4,0,22
7,30,4,0,0
7,31,5,4,14
7,32,5,0,12
7,33,5,0,5
7,34,5,0,20
7,35,5,4,18
7,36,4,0,22
7,37,4,0,22
7,38,4,0,6
7,39,4,0,6
7,40,4,0,22
7,41,4,0,17
7,42,5,4,6
7,43,5,0,12
7,44,5,0,10
7,45,5,0,17
7,46,5,0,17
7,47,5,0,14
7,48,5,0,22
7,49,5,0,8
8,0,5,0,3
8,1,5,0,3
8,2,5,0,10
8,3,5,0,0
8,4,5,0,15
8,5,5,4,18
8,6,4,0,5
8,7,4,0,22
8,8,4,0,1
8,9,4,0,0
8,10,1,4,6
8,11,1,0,6
8,12,1,0,14
8,13,1,4,18
8,14,4,0,13
8,15,4,0,6
8,16,4,0,16
8,17,4,0,15
8,18,5,4,24
8,19,5,0,10
8,20,5,0,3
8,21,5,0,19
8,22,5,0,4
8,23,5,0,3
8,24,5,0,7
8,25,5,0,7
8,26,5,0,10
8,27,5,0,4
8,28,5,4,3
8,29,5,4,16
8,30,5,4,19
8,31,5,0,8
8,32,5,0,15
8,33,5,0,15
8,34,5,4,0
8,35,4,0,9
8,36,4,0,13
8,37,4,0,17
8,38,4,0,4
8,39,4,0,3
8,40,4,0,5
8,41,4,0,2
8,42,5,4,22
8,43,5,4,20
8,44,5,0,14
8,45,5,0,15
8,46,5,0,3
8,47,5,0,6
8,48,5,0,4
8,49,5,0,12
9,0,5,0,0
9,1,5,0,1
9,2,5,0,11
9,3,5,0,6
9,4,5,4,15
9,5,4,0,14
9,6,4,0,17
9,7,4,0,0
9,8,4,0,23
9,9,4,0,3
9,10,1,4,24
9,11,1,0,2
9,12,1,4,0
9,13,4,0,14
9,14,4,0,11
9,15,4,0,9
9,16,4,0,18
9,17,5,4,6
9,18,5,0,3
9,19,5,0,23
9,20,5,0,1
9,21,5,0,0
9,22,5,0,1
9,23,5,0,10
9,24,5,0,18
9,25,5,0,0
9,26,5,0,12
9,27,5,0,7
9,28,5,4,4
9,29,5,4,4
9,30,5,0,11
9,31,5,0,4
9,32,5,0,24
9,33,5,0,0
9,34,5,4,18
9,35,4,0,23
9,36,4,0,21
9,37,4,0,12
9,38,4,0,1
9,39,4,0,18
9,40,4,0,0
9,41,4,0,12
9,42,5,4,8
9,43,5,4,7
9,44,5,0,3
9,45,5,0,8
9,46,5,0,16
9,47,5,0,5
9,48,5,0,8
9,49,5,0,3
10,0,5,0,9
10,1,5,0,3
10,2,5,0,1
10,3,5,4,0
10,4,4,0,2
10,5,4,0,1
10,6,4,0,17
10,7,4,0,8
10,8,4,0,11
10,9,1,4,6
10,10,1,0,7
10,11,1,0,17
10,12,1,4,18
10,13,4,0,9
10,14,4,0,19
10,15,4,0,24
10,16,4,0,21
10,17,5,4,23
10,18,5,0,5
10,19,5,0,15
10,20,5,0,22
10,21,5,0,0
10,22,5,0,12
10,23,5,0,11
10,24,5,0,22
10,25,5,0,0
10,26,5,0,7
10,27,5,0,12
10,28,5,0,1
10,29,5,0,23
10,30,5,0,4
10,31,5,0,9
10,32,5,0,20
10,33,5,4,13
10,34,4,0,11
10,35,4,0,8
10,36,4,0,24
10,37,4,0,16
10,38,4,0,15
10,39,4,0,8
10,40,4,0,5
10,41,4,0,14
10,42,4,0,10
10,43,5,4,23
10,44,5,0,0
10,45,5,0,5
10,46,5,0,18
10,47,5,0,12
10,48,5,0,23
10,49,5,0,22
11,0,5,0,5
11,1,5,0,7
11,2,5,0,2
11,3,5,4,2
11,4,5,4,16
11,5,5,4,16
11,6,4,0,19
11,7,4,0,16
11,8,4,0,21
11,9,1,4,24
11,10,1,0,14
11,11,1,4,0
11,12,1,4,16
11,13,4,0,3
11,14,4,0,22
11,15,4,0,13
11,16,4,0,1
11,17,5,4,21
11,18,5,0,0
11,19,5,0,16
11,20,5,0,1
11,21,5,0,19
11,22,5,0,1
11,23,5,0,21
11,24,5,0,18
11,25,5,0,7
11,26,5,0,16
11,27,5,0,12
11,28,5,0,19
11,29,5,0,23
11,30,5,0,10
11,31,5,0,12
11,32,5,4,0
11,33,4,0,10
11,34,4,0,15
11,35,4,0,11
11,36,4,0,1
11,37,4,0,2
11,38,1,4,16
11,39,4,0,12
11,40,4,0,4
11,41,4,0,24
11,42,4,0,3
11,43,5,4,24
11,44,5,0,0
11,45,5,0,2
11,46,5,0,11
11,47,5,0,18
11,48,5,0,14
11,49,5,0,21
12,0,5,0,7
12,1,5,0,21
12,2,5,0,23
12,3,5,4,4
12,4,5,4,4
12,5,5,4,3
12,6,4,0,14
12,7,4,0,15
12,8,1,4,6
12,9,1,0,16
12,10,1,0,4
12,11,1,4,4
12,12,1,4,3
12,13,1,4,16
12,14,1,4,16
12,15,4,0,10
12,16,4,0,15
12,17,5,4,23
12,18,5,0,3
12,19,5,0,6
12,20,5,0,14
12,21,5,0,2
12,22,5,0,18
12,23,5,0,20
12,24,5,0,13
12,25,5,0,24
12,26,5,0,7
12,27,5,0,3
12,28,5,0,20
12,29,5,0,15
12,30,5,0,24
12,31,5,0,24
12,32,5,4,18
12,33,4,0,8
12,34,4,0,19
12,35,4,0,7
12,36,4,0,14
12,37,1,4,9
12,38,1,4,17
12,39,4,0,7
12,40,4,0,0
12,41,4,0,19
12,42,5,4,6
12,43,5,0,1
12,44,5,0,15
12,45,5,0,21
12,46,5,0,8
12,47,5,0,0
12,48,5,0,2
12,49,5,0,19
13,0,5,0,20
13,1,5,0,20
13,2,5,0,11
13,3,5,0,10
13,4,5,0,23
13,5,5,4,17
13,6,4,0,18
13,7,4,0,0
13,8,1,4,22
13,9,1,0,23
13,10,1,0,14
13,11,1,0,2
13,12,1,4,4
13,13,1,4,4
13,14,1,4,17
13,15,4,0,7
13,16,4,0,12
13,17,5,4,7
13,18,5,0,17
13,19,5,0,6
13,20,5,0,3
13,21,5,0,9
13,22,5,0,5
13,23,5,4,20
13,24,5,4,20
13,25,5,4,20
13,26,5,0,0
13,27,5,0,2
13,28,5,0,15
13,29,5,0,23
13,30,5,0,3
13,31,5,4,0
13,32,4,0,1
13,33,4,0,18
13,34,4,0,10
13,35,4,0,7
13,36,1,4,6
13,37,1,0,22
13,38,1,4,17
13,39,4,0,21
13,40,4,0,6
13,41,4,0,2
13,42,5,4,21
13,43,5,0,13
13,44,5,0,5
13,45,5,0,14
13,46,5,0,6
13,47,5,0,4
13,48,5,0,6
13,49,5,0,15
14,0,5,0,4
14,1,5,0,21
14,2,5,0,5
14,3,5,0,21
14,4,5,0,19
14,5,5,4,1
14,6,5,4,16
14,7,4,0,18
14,8,1,4,7
14,9,1,0,6
14,10,1,0,7
14,11,1,0,5
14,12,1,0,5
14,13,1,0,4
14,14,1,4,2
14,15,4,0,18
14,16,4,0,8
14,17,5,4,21
14,18,5,0,2
14,19,5,0,18
14,20,5,0,12
14,21,5,0,1
14,22,5,4,13
14,23,5,4,8
14,24,5,4,8
14,25,5,4,21
14,26,5,0,2
14,27,5,0,23
14,28,5,0,7
14,29,5,0,19
14,30,5,0,21
14,31,5,4,18
14,32,4,0,2
14,33,4,0,12
14,34,4,0,14
14,35,4,0,20
14,36,1,4,24
14,37,1,0,13
14,38,1,4,3
14,39,4,0,2
14,40,4,0,20
14,41,4,0,6
14,42,5,4,7
14,43,5,4,20
14,44,5,0,5
14,45,5,0,10
14,46,5,0,12
14,47,5,0,13
14,48,5,0,9
14,49,5,0,6
15,0,5,0,4
15,1,5,0,8
15,2,5,0,0
15,3,5,0,18
15,4,5,0,8
15,5,5,4,4
15,6,5,4,18
15,7,4,0,14
15,8,1,4,7
15,9,1,0,18
15,10,1,0,10
15,11,1,0,9
15,12,1,0,18
15,13,1,0,6
15,14,1,4,17
15,15,4,0,17
15,16,4,0,11
15,17,5,4,21
15,18,5,0,10
15,19,5,0,0
15,20,5,0,9
15,21,5,4,13
15,22,4,0,5
15,23,4,0,20
15,24,4,0,14
15,25,5,4,7
15,26,5,0,3
15,27,5,0,20
15,28,5,0,0
15,29,5,0,15
15,30,5,4,0
15,31,4,0,18
15,32,4,0,16
15,33,4,0,19
15,34,4,0,14
15,35,1,4,6
15,36,1,0,17
15,37,1,0,7
15,38,1,4,3
15,39,4,0,2
15,40,4,0,13
15,41,4,0,24
15,42,5,4,8
15,43,5,4,7
15,44,5,0,13
15,45,5,0,8
15,46,5,0,4
15,47,5,0,20
15,48,5,0,0
15,49,5,0,0
16,0,5,0,1
16,1,5,0,0
16,2,5,0,15
16,3,5,0,23
16,4,5,0,0
16,5,5,4,0
16,6,4,0,3
16,7,4,0,1
16,8,1,4,22
16,9,1,0,2
16,10,1,0,17
16,11,1,0,20
16,12,1,0,3
16,13,1,0,24
16,14,1,4,18
16,15,4,0,22
16,16,4,0,12
16,17,5,4,23
16,18,5,0,16
16,19,5,0,7
16,20,5,4,10
16,21,4,0,15
16,22,4,0,2
16,23,4,0,10
16,24,4,0,11
16,25,5,4,23
16,26,5,0,7
16,27,5,0,23
16,28,5,0,8
16,29,5,0,15
16,30,5,4,18
16,31,4,0,21
16,32,4,0,4
16,33,4,0,2
16,34,1,4,16
16,35,1,4,24
16,36,1,0,12
16,37,1,0,6
16,38,1,4,18
16,39,4,0,8
16,40,4,0,3
16,41,4,0,18
16,42,4,0,1
16,43,5,4,22
16,44,5,0,1
16,45,5,0,19
16,46,5,0,17
16,47,5,0,20
16,48,5,0,21
16,49,5,0,13
17,0,5,0,11
17,1,5,0,7
17,2,5,0,4
17,3,5,0,16
17,4,5,0,1
17,5,5,4,2
17,6,4,0,5
17,7,4,0,14
17,8,1,4,23
17,9,1,4,20
17,10,1,0,12
17,11,1,0,17
17,12,1,0,3
17,13,1,4,0
17,14,4,0,21
17,15,4,0,16
17,16,4,0,11
17,17,5,4,21
17,18,5,0,19
17,19,5,4,0
17,20,4,0,23
17,21,4,0,19
17,22,4,0,1
17,23,4,0,11
17,24,4,0,10
17,25,5,4,22
17,26,5,0,13
17,27,5,0,9
17,28,5,0,20
17,29,5,4,0
17,30,4,0,5
17,31,4,0,2
17,32,4,0,23
17,33,1,4,11
17,34,1,4,4
17,35,1,0,18
17,36,1,0,17
17,37,1,4,0
17,38,4,0,17
17,39,4,0,24
17,40,4,0,15
17,41,4,0,21
17,42,4,0,22
17,43,5,4,23
17,44,5,0,22
17,45,5,0,21
17,46,5,0,17
17,47,5,0,21
17,48,5,0,11
17,49,5,0,19
18,0,5,0,13
18,1,5,0,1
18,2,5,0,11
18,3,5,0,6
18,4,5,0,17
18,5,5,4,2
18,6,5,4,16
18,7,4,0,4
18,8,1,4,8
18,9,1,4,23
18,10,1,4,20
18,11,1,4,20
18,12,1,0,15
18,13,1,4,1
18,14,4,0,6
18,15,4,0,22
18,16,4,0,17
18,17,5,4,24
18,18,5,0,6
18,19,5,4,18
18,20,4,0,17
18,21,4,0,12
18,22,4,0,11
18,23,4,0,15
18,24,4,0,11
18,25,5,4,24
18,26,5,0,0
18,27,5,0,20
18,28,5,0,8
18,29,5,4,18
18,30,4,0,21
18,31,4,0,16
18,32,1,4,6
18,33,1,0,7
18,34,1,0,9
18,35,1,0,19
18,36,1,0,7
18,37,1,4,2
18,38,4,0,20
18,39,4,0,6
18,40,4,0,8
18,41,4,0,5
18,42,4,0,4
18,43,5,4,24
18,44,5,0,2
18,45,5,0,18
18,46,5,0,9
18,47,5,0,15
18,48,5,0,15
18,49,5,0,16
19,0,5,0,18
19,1,5,0,17
19,2,5,0,15
19,3,5,0,9
19,4,5,0,12
19,5,5,4,4
19,6,5,4,2
19,7,4,0,17
19,8,4,0,20
19,9,1,4,8
19,10,1,4,8
19,11,1,4,24
19,12,1,0,9
19,13,1,4,18
19,14,4,0,17
19,15,4,0,18
19,16,5,4,6
19,17,5,0,4
19,18,5,4,0
19,19,4,0,15
19,20,4,0,21
19,21,4,0,17
19,22,4,0,24
19,23,4,0,18
19,24,5,4,6
19,25,5,0,13
19,26,5,0,4
19,27,5,0,3
19,28,5,4,10
19,29,4,0,18
19,30,4,0,22
19,31,4,0,19
19,32,1,4,7
19,33,1,0,18
19,34,1,0,1
19,35,1,0,21
19,36,1,0,12
19,37,1,4,3
19,38,4,0,7
19,39,4,0,8
19,40,4,0,19
19,41,4,0,6
19,42,5,4,6
19,43,5,0,5
19,44,5,0,0
19,45,5,0,17
19,46,5,0,14
19,47,5,0,4
19,48,5,0,7
19,49,5,0,19
20,0,5,0,19
20,1,5,0,17
20,2,5,0,9
20,3,5,0,18
20,4,5,0,9
20,5,5,0,22
20,6,5,4,3
20,7,4,0,15
20,8,4,0,17
20,9,4,0,9
20,10,5,4,6
20,11,1,0,1
20,12,1,4,15
20,13,4,0,10
20,14,4,0,3
20,15,4,0,16
20,16,5,4,24
20,17,5,0,3
20,18,5,4,18
20,19,4,0,5
20,20,4,0,13
20,21,4,0,0
20,22,4,0,7
20,23,4,0,5
20,24,5,4,24
20,25,5,0,11
20,26,5,0,6
20,27,5,4,0
20,28,4,0,1
20,29,4,0,2
20,30,4,0,13
20,31,4,0,22
20,32,1,4,24
20,33,1,0,2
20,34,1,0,1
20,35,1,0,0
20,36,1,0,19
20,37,1,4,18
20,38,4,0,15
20,39,4,0,15
20,40,4,0,10
20,41,4,0,21
20,42,5,4,24
20,43,5,0,13
20,44,5,0,3
20,45,5,0,22
20,46,5,0,8
20,47,5,0,11
20,48,5,0,5
20,49,5,0,7
21,0,5,0,0
21,1,5,0,13
21,2,5,0,11
21,3,5,0,18
21,4,5,0,10
21,5,5,0,0
21,6,5,4,1
21,7,5,4,16
21,8,4,0,23
21,9,4,0,22
21,10,1,4,22
21,11,1,4,10
21,12,4,0,16
21,13,4,0,20
21,14,4,0,6
21,15,5,4,14
21,16,5,0,20
21,17,5,4,0
21,18,4,0,14
21,19,4,0,6
21,20,4,0,8
21,21,4,0,21
21,22,4,0,6
21,23,5,4,14
21,24,5,0,5
21,25,5,0,12
21,26,5,0,12
21,27,5,4,18
21,28,4,0,23
21,29,4,0,23
21,30,4,0,20
21,31,1,4,6
21,32,1,0,11
21,33,1,0,16
21,34,1,0,9
21,35,1,0,13
21,36,1,4,0
21,37,4,0,0
21,38,4,0,19
21,39,4,0,24
21,40,4,0,15
21,41,5,4,6
21,42,5,0,9
21,43,5,0,0
21,44,5,0,3
21,45,5,0,20
21,46,5,0,6
21,47,5,0,11
21,48,5,0,21
21,49,5,0,14
22,0,5,0,15
22,1,5,0,16
22,2,5,0,14
22,3,5,0,20
22,4,5,0,8
22,5,5,0,20
22,6,5,4,4
22,7,5,4,18
22,8,4,0,21
22,9,4,0,18
22,10,1,4,8
22,11,4,0,24
22,12,4,0,12
22,13,4,0,19
22,14,5,4,6
22,15,5,0,5
22,16,5,0,18
22,17,5,4,18
22,18,4,0,5
22,19,4,0,11
22,20,4,0,7
22,21,4,0,8
22,22,5,4,19
22,23,5,0,0
22,24,5,0,16
22,25,5,4,20
22,26,5,4,5
22,27,4,0,22
22,28,4,0,21
22,29,4,0,22
22,30,4,0,24
22,31,1,4,24
22,32,1,0,11
22,33,1,0,15
22,34,1,0,13
22,35,1,0,0
22,36,1,4,18
22,37,4,0,8
22,38,4,0,6
22,39,4,0,16
22,40,4,0,2
22,41,5,4,22
22,42,5,0,16
22,43,5,0,22
22,44,5,0,12
22,45,5,0,17
22,46,5,0,19
22,47,5,0,17
22,48,5,0,0
22,49,5,0,9
23,0,5,0,12
23,1,5,0,3
23,2,5,0,15
23,3,5,0,12
23,4,5,0,8
23,5,5,0,3
23,6,5,4,0
23,7,4,0,10
23,8,4,0,19
23,9,4,0,9
23,10,4,0,21
23,11,4,0,0
23,12,4,0,7
23,13,4,0,17
23,14,5,4,24
23,15,5,0,23
23,16,5,4,0
23,17,4,0,17
23,18,4,0,24
23,19,4,0,9
23,20,4,0,13
23,21,5,4,11
23,22,5,0,10
23,23,5,0,15
23,24,5,4,13
23,25,5,4,8
23,26,4,0,13
23,27,4,0,1
23,28,4,0,6
23,29,4,0,5
23,30,1,4,9
23,31,1,0,8
23,32,1,0,21
23,33,1,0,2
23,34,1,0,1
23,35,1,4,0
23,36,1,4,16
23,37,4,0,14
23,38,4,0,15
23,39,4,0,22
23,40,4,0,9
23,41,5,4,24
23,42,5,0,17
23,43,5,0,5
23,44,5,0,22
23,45,5,0,13
23,46,5,0,11
23,47,5,0,11
23,48,5,0,19
23,49,5,0,10
24,0,5,0,18
24,1,5,0,9
24,2,5,0,7
24,3,5,0,21
24,4,5,0,7
24,5,5,0,23
24,6,5,4,1
24,7,4,0,18
24,8,4,0,0
24,9,4,0,24
24,10,4,0,5
24,11,4,0,22
24,12,4,0,15
24,13,5,4,14
24,14,5,0,5
24,15,5,0,11
24,16,5,4,17
24,17,5,4,16
24,18,4,0,23
24,19,4,0,20
24,20,5,4,11
24,21,5,0,23
24,22,5,4,20
24,23,5,4,5
24,24,4,0,5
24,25,4,0,12
24,26,4,0,9
24,27,4,0,22
24,28,4,0,17
24,29,1,4,6
24,30,1,0,1
24,31,1,0,2
24,32,1,0,13
24,33,1,0,6
24,34,1,0,0
24,35,1,4,4
24,36,1,4,17
24,37,4,0,24
24,38,4,0,17
24,39,4,0,15
24,40,5,4,6
24,41,5,0,1
24,42,5,0,17
24,43,5,0,22
24,44,5,0,0
24,45,5,0,15
24,46,5,0,19
24,47,5,0,7
24,48,5,0,1
24,49,5,0,5
25,0,5,0,17
25,1,5,0,14
25,2,5,0,11
25,3,5,0,15
25,4,5,0,22
25,5,5,0,16
25,6,5,4,2
25,7,4,0,5
25,8,4,0,20
25,9,4,0,22
25,10,4,0,14
25,11,4,0,21
25,12,5,4,6
25,13,5,0,9
25,14,5,0,14
25,15,5,0,12
25,16,5,4,4
25,17,5,4,3
25,18,5,4,16
25,19,5,4,14
25,20,5,0,5
25,21,5,4,13
25,22,5,4,8
25,23,4,0,13
25,24,4,0,6
25,25,4,0,15
25,26,4,0,22
25,27,4,0,18
25,28,4,0,14
25,29,1,4,24
25,30,1,0,11
25,31,1,0,4
25,32,1,0,3
25,33,1,0,0
25,34,1,0,23
25,35,1,0,12
25,36,1,4,18
25,37,4,0,5
25,38,4,0,11
25,39,4,0,3
25,40,5,4,24
25,41,5,0,20
25,42,5,0,18
25,43,5,0,13
25,44,5,0,18
25,45,5,0,20
25,46,5,0,23
25,47,5,0,5
25,48,5,0,18
25,49,5,0,13
26,0,5,0,3
26,1,5,0,5
26,2,5,0,12
26,3,5,0,3
26,4,5,0,24
26,5,5,0,16
26,6,5,4,1
26,7,4,0,23
26,8,4,0,21
26,9,4,0,11
26,10,4,0,18
26,11,4,0,15
26,12,5,4,24
26,13,5,0,0
26,14,5,0,10
26,15,5,0,10
26,16,5,0,19
26,17,5,4,4
26,18,5,4,4
26,19,5,0,20
26,20,5,4,13
26,21,4,0,19
26,22,4,0,4
26,23,4,0,11
26,24,4,0,15
26,25,4,0,7
26,26,4,0,16
26,27,4,0,2
26,28,1,4,9
26,29,1,0,23
26,30,1,0,8
26,31,1,0,8
26,32,1,0,4
26,33,1,0,17
26,34,1,0,18
26,35,1,4,0
26,36,4,0,9
26,37,4,0,23
26,38,4,0,22
26,39,5,4,6
26,40,5,0,9
26,41,5,0,12
26,42,5,0,11
26,43,5,0,10
26,44,5,0,7
26,45,5,0,19
26,46,5,0,4
26,47,5,0,0
26,48,5,0,12
26,49,5,0,8
27,0,5,0,5
27,1,5,0,3
27,2,5,0,5
27,3,5,0,3
27,4,5,0,18
27,5,5,0,18
27,6,5,4,3
27,7,4,0,22
27,8,4,0,14
27,9,4,0,15
27,10,4,0,4
27,11,5,4,14
27,12,5,0,22
27,13,5,0,3
27,14,5,0,2
27,15,5,0,16
27,16,5,0,7
27,17,5,0,15
27,18,5,0,5
27,19,5,4,13
27,20,4,0,3
27,21,4,0,10
27,22,4,0,14
27,23,4,0,3
27,24,4,0,5
27,25,4,0,18
27,26,4,0,7
27,27,1,4,9
27,28,1,0,16
27,29,1,0,7
27,30,1,0,9
27,31,1,0,8
27,32,1,0,3
27,33,1,0,7
27,34,1,0,10
27,35,1,4,18
27,36,4,0,3
27,37,4,0,23
27,38,4,0,14
27,39,5,4,24
27,40,5,0,6
27,41,5,0,0
27,42,5,0,5
27,43,5,0,2
27,44,5,0,22
27,45,5,0,6
27,46,5,0,15
27,47,5,0,18
27,48,5,0,6
27,49,5,0,13
28,0,5,0,23
28,1,5,0,16
28,2,5,0,24
28,3,5,0,23
28,4,5,0,15
28,5,5,0,10
28,6,5,4,18
28,7,4,0,0
28,8,4,0,18
28,9,4,0,22
28,10,5,4,14
28,11,5,0,5
28,12,5,0,23
28,13,5,0,24
28,14,5,0,6
28,15,5,0,20
28,16,5,4,20
28,17,5,4,20
28,18,5,4,13
28,19,4,0,8
28,20,4,0,16
28,21,4,0,5
28,22,4,0,0
28,23,4,0,17
28,24,4,0,9
28,25,4,0,18
28,26,1,4,19
28,27,1,0,16
28,28,1,0,10
28,29,1,0,21
28,30,1,0,7
28,31,1,0,8
28,32,1,0,10
28,33,1,0,4
28,34,1,4,0
28,35,4,0,2
28,36,4,0,15
28,37,4,0,1
28,38,5,4,6
28,39,5,0,1
28,40,5,0,14
28,41,5,0,17
28,42,5,0,0
28,43,5,0,8
28,44,5,0,18
28,45,5,0,1
28,46,5,0,3
28,47,5,0,14
28,48,5,0,22
28,49,5,0,20
29,0,5,0,1
29,1,5,0,8
29,2,5,0,9
29,3,5,0,9
29,4,5,0,21
29,5,5,4,0
29,6,4,0,19
29,7,4,0,11
29,8,4,0,6
29,9,5,4,9
29,10,5,0,1
29,11,5,0,3
29,12,5,0,14
29,13,5,0,10
29,14,5,4,20
29,15,5,4,5
29,16,5,4,8
29,17,5,4,8
29,18,4,0,10
29,19,4,0,3
29,20,4,0,24
29,21,4,0,1
29,22,4,0,19
29,23,4,0,20
29,24,1,4,16
29,25,1,4,19
29,26,1,0,24
29,27,1,0,24
29,28,1,0,7
29,29,1,0,22
29,30,1,0,10
29,31,1,0,10
29,32,1,0,5
29,33,1,0,8
29,34,1,4,18
29,35,4,0,5
29,36,4,0,23
29,37,4,0,18
29,38,5,4,24
29,39,5,0,10
29,40,5,0,10
29,41,5,0,22
29,42,5,0,5
29,43,5,0,24
29,44,5,0,24
29,45,5,0,11
29,46,5,0,8
29,47,5,0,7
29,48,5,0,11
29,49,5,0,2
30,0,5,0,24
30,1,5,0,2
30,2,5,0,7
30,3,5,0,21
30,4,5,0,19
30,5,5,4,17
30,6,4,0,1
30,7,4,0,22
30,8,5,4,9
30,9,5,0,12
30,10,5,0,1
30,11,5,0,13
30,12,5,0,23
30,13,5,4,5
30,14,5,4,8
30,15,4,0,5
30,16,4,0,14
30,17,4,0,11
30,18,4,0,5
30,19,4,0,8
30,20,4,0,2
30,21,4,0,13
30,22,4,0,9
30,23,1,4,19
30,24,1,4,4
30,25,1,0,17
30,26,1,0,6
30,27,1,0,6
30,28,1,0,22
30,29,1,0,8
30,30,1,0,16
30,31,1,0,1
30,32,1,0,22
30,33,1,4,0
30,34,4,0,1
30,35,4,0,20
30,36,4,0,4
30,37,5,4,11
30,38,5,0,21
30,39,5,0,22
30,40,5,0,12
30,41,5,0,13
30,42,5,0,6
30,43,5,0,22
30,44,5,0,13
30,45,5,0,15
30,46,5,0,24
30,47,5,0,11
30,48,5,0,14
30,49,5,0,13
31,0,5,0,4
31,1,5,0,17
31,2,5,0,24
31,3,5,0,8
31,4,5,0,18
31,5,5,4,3
31,6,5,4,16
31,7,5,4,11
31,8,5,0,15
31,9,5,0,0
31,10,5,0,9
31,11,5,0,15
31,12,5,4,5
31,13,4,0,18
31,14,4,0,16
31,15,4,0,20
31,16,4,0,13
31,17,4,0,4
31,18,4,0,23
31,19,4,0,23
31,20,4,0,0
31,21,4,0,9
31,22,1,4,9
31,23,1,0,7
31,24,1,0,21
31,25,1,0,16
31,26,1,0,7
31,27,1,0,3
31,28,1,0,5
31,29,1,0,10
31,30,1,0,6
31,31,1,0,2
31,32,1,0,7
31,33,1,4,18
31,34,4,0,6
31,35,4,0,2
31,36,5,4,6
31,37,5,0,6
31,38,5,0,19
31,39,5,0,15
31,40,5,0,9
31,41,5,0,22
31,42,5,0,8
31,43,5,0,5
31,44,5,0,11
31,45,5,0,7
31,46,5,0,8
31,47,5,0,8
31,48,5,0,15
32,0,5,0,21
32,1,5,0,19
32,2,5,0,1
32,3,5,0,24
32,4,5,0,5
32,5,5,4,4
32,6,5,4,4
32,7,5,0,11
32,8,5,0,7
32,9,5,0,15
32,10,5,0,6
32,11,5,4,13
32,12,4,0,16
32,13,4,0,19
32,14,4,0,3
32,15,4,0,18
32,16,4,0,9
32,17,4,0,7
32,18,1,4,16
32,19,1,4,16
32,20,1,4,16
32,21,1,4,14
32,22,1,0,3
32,23,1,0,14
32,24,1,0,9
32,25,1,0,0
32,26,1,0,11
32,27,1,0,3
32,28,1,0,0
32,29,1,0,10
32,30,1,0,19
32,31,1,0,24
32,32,1,4,15
32,33,4,0,19
32,34,4,0,7
32,35,4,0,24
32,36,5,4,24
32,37,5,0,14
32,38,5,0,3
32,39,5,0,19
32,40,5,0,4
32,41,5,0,23
32,42,5,0,5
32,43,5,0,24
32,44,5,0,14
32,45,5,0,17
32,46,5,0,4
32,47,5,0,21
32,48,5,0,16
33,0,5,0,20
33,1,5,0,19
33,2,5,0,22
33,3,5,0,10
33,4,5,0,21
33,5,5,0,24
33,6,5,0,1
33,7,5,0,5
33,8,5,0,22
33,9,5,0,18
33,10,5,4,10
33,11,4,0,23
33,12,4,0,3
33,13,4,0,7
33,14,4,0,1
33,15,4,0,1
33,16,1,4,16
33,17,1,4,9
33,18,1,4,4
33,19,1,4,4
33,20,1,4,4
33,21,1,0,2
33,22,1,0,22
33,23,1,0,21
33,24,1,0,24
33,25,1,0,15
33,26,1,0,3
33,27,1,0,18
33,28,1,0,2
33,29,1,0,17
33,30,1,0,19
33,31,1,4,5
33,32,4,0,0
33,33,4,0,16
33,34,4,0,24
33,35,5,4,11
33,36,5,0,20
33,37,5,0,21
33,38,5,0,21
33,39,5,0,12
33,40,5,0,5
33,41,5,0,11
33,42,5,0,4
33,43,5,0,2
33,44,5,0,2
33,45,5,0,22
33,46,5,0,10
33,47,5,0,24
33,48,5,0,7
34,0,5,0,6
34,1,5,0,11
34,2,5,0,18
34,3,5,0,1
34,4,5,0,22
34,5,5,0,12
34,6,5,0,3
34,7,5,0,19
34,8,5,0,19
34,9,5,4,15
34,10,4,0,19
34,11,4,0,6
34,12,4,0,4
34,13,4,0,14
34,14,1,4,16
34,15,1,4,14
34,16,1,4,4
34,17,1,0,14
34,18,1,0,3
34,19,1,0,18
34,20,1,0,2
34,21,1,0,21
34,22,1,0,7
34,23,1,0,17
34,24,1,0,11
34,25,1,0,6
34,26,1,0,24
34,27,1,0,20
34,28,1,0,18
34,29,1,4,20
34,30,1,4,13
34,31,4,0,11
34,32,4,0,23
34,33,4,0,8
34,34,5,4,11
34,35,5,0,4
34,36,5,0,13
34,37,5,0,15
34,38,5,0,2
34,39,5,0,18
34,40,5,0,16
34,41,5,0,3
34,42,5,0,5
34,43,5,0,2
34,44,5,0,9
34,45,5,0,7
34,46,5,0,7
34,47,5,0,11
34,48,5,0,0
35,0,5,0,18
35,1,5,0,13
35,2,5,0,8
35,3,5,0,20
35,4,5,0,21
35,5,5,0,7
35,6,5,0,18
35,7,5,0,6
35,8,5,4,15
35,9,4,0,13
35,10,4,0,18
35,11,4,0,14
35,12,4,0,10
35,13,1,4,11
35,14,1,4,4
35,15,1,0,12
35,16,1,0,16
35,17,1,0,1
35,18,1,0,21
35,19,1,0,20
35,20,1,0,12
35,21,1,0,2
35,22,1,0,19
35,23,1,0,19
35,24,1,0,15
35,25,1,0,23
35,26,1,0,4
35,27,1,4,20
35,28,1,4,15
35,29,1,4,8
35,30,4,0,18
35,31,4,0,23
35,32,4,0,5
35,33,5,4,6
35,34,5,0,2
35,35,5,0,0
35,36,5,0,4
35,37,5,0,7
35,38,5,0,2
35,39,5,0,17
35,40,5,0,22
35,41,5,0,4
35,42,5,0,6
35,43,5,0,9
35,44,5,0,14
35,45,5,0,24
35,46,5,0,0
35,47,5,0,6
35,48,5,0,19
36,0,5,0,2
36,1,5,0,6
36,2,5,0,15
36,3,5,0,4
36,4,5,0,1
36,5,5,0,10
36,6,5,0,23
36,7,5,4,15
36,8,4,0,14
36,9,4,0,3
36,10,4,0,6
36,11,4,0,14
36,12,1,4,9
36,13,1,0,18
36,14,1,0,13
36,15,1,0,19
36,16,1,0,23
36,17,1,0,18
36,18,1,0,4
36,19,1,0,23
36,20,1,0,12
36,21,1,0,19
36,22,1,0,10
36,23,1,0,5
36,24,1,0,0
36,25,1,0,17
36,26,1,4,13
36,27,1,4,8
36,28,4,0,22
36,29,4,0,8
36,30,4,0,13
36,31,4,0,16
36,32,4,0,23
36,33,5,4,24
36,34,5,0,3
36,35,5,0,14
36,36,5,0,11
36,37,5,0,20
36,38,5,0,9
36,39,5,0,14
36,40,5,0,8
36,41,5,0,2
36,42,5,0,17
36,43,5,0,7
36,44,5,0,6
36,45,5,0,13
36,46,5,0,24
36,47,5,0,5
36,48,5,0,1
37,0,5,0,8
37,1,5,0,1
37,2,5,0,12
37,3,5,0,18
37,4,5,0,9
37,5,5,0,17
37,6,5,4,0
37,7,4,0,3
37,8,4,0,0
37,9,4,0,2
37,10,4,0,3
37,11,1,4,6
37,12,1,0,10
37,13,1,0,5
37,14,1,0,0
37,15,1,0,4
37,16,1,0,24
37,17,1,0,24
37,18,1,0,6
37,19,1,0,21
37,20,1,0,6
37,21,1,0,4
37,22,1,0,4
37,23,1,0,12
37,24,1,0,0
37,25,1,4,5
37,26,4,0,0
37,27,4,0,6
37,28,4,0,22
37,29,4,0,12
37,30,4,0,17
37,31,5,4,16
37,32,5,4,11
37,33,5,0,16
37,34,5,0,21
37,35,5,0,20
37,36,5,0,11
37,37,5,0,11
37,38,5,0,5
37,39,5,0,0
37,40,5,0,6
37,41,5,0,4
37,42,5,0,13
37,43,5,0,12
37,44,5,0,13
37,45,5,0,23
37,46,5,0,18
37,47,5,0,2
37,48,5,0,4
38,0,5,0,23
38,1,5,0,23
38,2,5,0,15
38,3,5,0,3
38,4,5,0,7
38,5,5,0,15
38,6,5,4,2
38,7,4,0,22
38,8,4,0,21
38,9,4,0,4
38,10,4,0,4
38,11,1,4,7
38,12,1,0,9
38,13,1,0,10
38,14,1,0,0
38,15,1,0,2
38,16,1,0,24
38,17,1,0,10
38,18,1,0,11
38,19,1,0,18
38,20,1,0,21
38,21,1,0,12
38,22,1,0,17
38,23,1,0,15
38,24,1,4,0
38,25,4,0,4
38,26,4,0,8
38,27,4,0,22
38,28,4,0,15
38,29,4,0,10
38,30,5,4,6
38,31,5,4,4
38,32,5,0,11
38,33,5,0,2
38,34,5,0,19
38,35,5,0,15
38,36,5,0,20
38,37,5,0,21
38,38,5,0,13
38,39,5,0,6
38,40,5,0,15
38,41,5,0,9
38,42,5,0,0
38,43,5,0,15
38,44,5,0,24
38,45,5,0,9
38,46,5,0,12
38,47,5,0,9
38,48,5,0,22
39,0,5,0,13
39,1,5,0,0
39,2,5,0,7
39,3,5,0,13
39,4,5,0,15
39,5,5,0,2
39,6,5,4,18
39,7,4,0,10
39,8,4,0,18
39,9,4,0,12
39,10,4,0,18
39,11,1,4,24
39,12,1,0,2
39,13,1,0,20
39,14,1,0,16
39,15,1,0,0
39,16,1,0,14
39,17,1,0,16
39,18,1,0,21
39,19,1,0,7
39,20,1,0,7
39,21,1,0,22
39,22,1,0,3
39,23,1,0,10
39,24,1,4,18
39,25,4,0,12
39,26,4,0,24
39,27,4,0,19
39,28,4,0,21
39,29,4,0,24
39,30,5,4,24
39,31,5,0,7
39,32,5,0,9
39,33,5,0,13
39,34,5,0,20
39,35,5,0,6
39,36,5,0,14
39,37,5,0,4
39,38,5,0,15
39,39,5,0,21
39,40,5,0,21
39,41,5,0,2
39,42,5,0,7
39,43,5,0,22
39,44,5,0,4
39,45,5,0,14
39,46,5,0,18
39,47,5,0,7
39,48,5,0,22
40,0,5,0,6
40,1,5,0,9
40,2,5,0,7
40,3,5,0,19
40,4,5,0,4
40,5,5,4,0
40,6,4,0,12
40,7,4,0,21
40,8,4,0,14
40,9,4,0,13
40,10,1,4,6
40,11,1,0,0
40,12,1,0,21
40,13,1,0,6
40,14,1,0,23
40,15,1,0,18
40,16,1,0,17
40,17,1,0,2
40,18,1,0,6
40,19,1,0,14
40,20,1,0,11
40,21,1,0,1
40,22,1,4,20
40,23,1,4,15
40,24,4,0,24
40,25,4,0,16
40,26,4,0,17
40,27,4,0,2
40,28,4,0,18
40,29,5,4,14
40,30,5,0,24
40,31,5,0,18
40,32,5,0,13
40,33,5,0,17
40,34,5,0,13
40,35,5,0,10
40,36,5,0,5
40,37,5,0,24
40,38,5,0,17
40,39,5,0,1
40,40,5,0,1
40,41,5,0,5
40,42,5,0,12
40,43,5,0,6
40,44,5,0,16
40,45,5,0,21
40,46,5,0,4
40,47,5,0,15
40,48,5,0,2
41,0,5,0,24
41,1,5,0,7
41,2,5,0,4
41,3,5,0,1
41,4,5,0,12
41,5,5,4,3
41,6,5,4,16
41,7,4,0,16
41,8,4,0,4
41,9,4,0,23
41,10,1,4,21
41,11,1,4,20
41,12,1,0,11
41,13,1,0,13
41,14,1,0,0
41,15,1,0,24
41,16,1,0,2
41,17,1,0,15
41,18,1,0,11
41,19,1,0,16
41,20,1,0,0
41,21,1,4,5
41,22,1,4,8
41,23,4,0,5
41,24,4,0,13
41,25,4,0,7
41,26,4,0,4
41,27,4,0,13
41,28,5,4,11
41,29,5,0,9
41,30,5,0,5
41,31,5,0,24
41,32,5,0,17
41,33,5,0,13
41,34,5,0,11
41,35,5,0,1
41,36,5,0,22
41,37,5,0,23
41,38,5,0,0
41,39,5,0,5
41,40,5,0,21
41,41,5,0,16
41,42,5,0,16
41,43,5,0,2
41,44,5,0,7
41,45,5,0,9
41,46,5,0,16
41,47,5,0,12
41,48,5,0,5
42,0,5,0,11
42,1,5,0,20
42,2,5,0,0
42,3,5,0,4
42,4,5,0,16
42,5,5,4,4
42,6,5,4,18
42,7,4,0,5
42,8,4,0,4
42,9,4,0,2
42,10,1,4,8
42,11,1,4,24
42,12,1,0,14
42,13,1,0,10
42,14,1,0,18
42,15,1,0,9
42,16,1,0,3
42,17,1,0,24
42,18,1,0,20
42,19,1,0,12
42,20,1,4,13
42,21,4,6,20
42,22,4,0,10
42,23,4,0,3
42,24,4,0,7
42,25,4,0,5
42,26,4,0,16
42,27,5,4,19
42,28,5,0,6
42,29,5,0,23
42,30,5,0,5
42,31,5,0,12
42,32,5,0,0
42,33,5,0,19
42,34,5,0,23
42,35,5,0,21
42,36,5,0,9
42,37,5,0,20
42,38,5,0,22
42,39,5,0,19
42,40,5,0,2
42,41,5,0,10
42,42,5,0,2
42,43,5,0,15
42,44,5,0,18
42,45,5,0,3
42,46,5,0,18
42,47,5,0,20
42,48,5,0,17
43,0,5,0,19
43,1,5,0,10
43,2,5,0,17
43,3,5,0,8
43,4,5,0,12
43,5,5,4,0
43,6,4,0,4
43,7,4,0,24
43,8,4,0,8
43,9,4,0,15
43,10,1,4,6
43,11,1,0,23
43,12,1,0,1
43,13,1,0,8
43,14,1,0,12
43,15,1,0,16
43,16,1,0,5
43,17,1,0,6
43,18,1,0,3
43,19,1,4,10
43,20,4,6,13
43,21,4,6,23
43,22,4,0,0
43,23,4,0,13
43,24,4,0,5
43,25,4,0,12
43,26,5,4,11
43,27,5,0,10
43,28,5,0,23
43,29,5,0,14
43,30,5,0,14
43,31,5,0,20
43,32,5,0,10
43,33,5,0,5
43,34,5,0,13
43,35,5,0,21
43,36,5,0,12
43,37,5,0,10
43,38,5,0,15
43,39,5,0,17
43,40,5,0,15
43,41,5,0,2
43,42,5,0,9
43,43,5,0,0
43,44,5,0,2
43,45,5,0,2
43,46,5,0,20
43,47,5,0,16
43,48,5,0,5
44,0,5,0,13
44,1,5,0,16
44,2,5,0,20
44,3,5,0,15
44,4,5,0,2
44,5,5,4,2
44,6,4,0,2
44,7,4,0,2
44,8,4,0,20
44,9,4,0,2
44,10,1,4,21
44,11,1,4,20
44,12,1,4,20
44,13,1,4,20
44,14,1,0,24
44,15,1,0,5
44,16,1,0,7
44,17,1,0,11
44,18,1,4,13
44,19,4,6,0
44,20,6,0,1
44,21,4,6,24
44,22,4,0,21
44,23,4,0,6
44,24,5,4,16
44,25,5,4,19
44,26,5,0,18
44,27,5,0,5
44,28,5,0,9
44,29,5,0,14
44,30,5,0,19
44,31,5,0,11
44,32,5,0,5
44,33,5,0,9
44,34,5,0,3
44,35,5,0,3
44,36,5,0,1
44,37,5,0,22
44,38,5,0,6
44,39,5,0,7
44,40,5,0,7
44,41,5,0,3
44,42,5,0,1
44,43,5,0,14
44,44,5,0,22
44,45,5,0,19
44,46,5,0,2
44,47,5,0,8
44,48,5,0,15
45,0,5,0,15
45,1,5,0,23
45,2,5,0,16
45,3,5,0,8
45,4,5,0,7
45,5,5,4,1
45,6,4,0,12
45,7,4,0,20
45,8,4,0,6
45,9,4,0,18
45,10,1,4,8
45,11,1,4,8
45,12,1,4,8
45,13,1,4,23
45,14,1,0,1
45,15,1,0,5
45,16,1,0,1
45,17,1,4,10
45,18,4,0,16
45,19,4,6,17
45,20,4,6,19
45,21,4,0,0
45,22,4,0,10
45,23,5,4,9
45,24,5,4,4
45,25,5,0,23
45,26,5,0,23
45,27,5,0,22
45,28,5,0,24
45,29,5,0,16
45,30,5,0,23
45,31,5,0,4
45,32,5,0,0
45,33,5,0,3
45,34,5,0,20
45,35,5,0,4
45,36,5,0,4
45,37,5,0,14
45,38,5,0,14
45,39,5,0,2
45,40,5,0,11
45,41,5,0,16
45,42,5,0,16
45,43,5,0,11
45,44,5,0,5
45,45,5,0,22
45,46,5,0,22
45,47,5,0,2
45,48,5,0,19
46,0,5,0,12
46,1,5,0,17
46,2,5,0,4
46,3,5,0,13
46,4,5,0,18
46,5,5,4,2
46,6,5,4,16
46,7,4,0,19
46,8,4,0,21
46,9,4,0,21
46,10,4,0,3
46,11,4,0,13
46,12,4,0,6
46,13,1,4,23
46,14,1,0,9
46,15,1,0,11
46,16,1,4,0
46,17,4,0,6
46,18,4,0,10
46,19,4,6,4
46,20,4,0,22
46,21,4,0,19
46,22,5,4,6
46,23,5,0,14
46,24,5,0,22
46,25,5,0,3
46,26,5,0,12
46,27,5,0,9
46,28,5,0,6
46,29,5,0,23
46,30,5,0,12
46,31,5,0,0
46,32,5,0,14
46,33,5,0,13
46,34,5,0,0
46,35,5,0,0
46,36,5,0,11
46,37,5,0,11
46,38,5,0,18
46,39,5,0,22
46,40,5,0,16
46,41,5,0,9
46,42,5,0,1
46,43,5,0,19
46,44,5,0,21
46,45,5,0,22
46,46,5,0,16
46,47,5,0,24
46,48,5,0,2
47,0,5,0,18
47,1,5,0,23
47,2,5,0,24
47,3,5,0,20
47,4,5,0,9
47,5,5,4,4
47,6,5,4,1
47,7,4,0,12
47,8,4,0,24
47,9,4,0,2
47,10,4,0,17
47,11,4,0,22
47,12,4,0,11
47,13,1,4,7
47,14,1,0,5
47,15,1,0,21
47,16,1,4,18
47,17,4,0,7
47,18,4,0,22
47,19,4,0,6
47,20,4,0,8
47,21,4,0,18
47,22,5,4,24
47,23,5,0,10
47,24,5,0,20
47,25,5,0,10
47,26,5,0,9
47,27,5,0,11
47,28,5,0,13
47,29,5,0,10
47,30,5,0,22
47,31,5,0,7
47,32,5,0,11
47,33,5,0,24
47,34,5,0,24
47,35,5,0,18
47,36,5,0,0
47,37,5,0,15
47,38,5,0,1
47,39,5,0,20
47,40,5,0,21
47,41,5,0,1
47,42,5,0,23
47,43,5,0,18
47,44,5,0,11
47,45,5,0,15
47,46,5,0,23
47,47,5,0,19
47,48,5,0,16
48,0,5,0,21
48,1,5,0,4
48,2,5,0,13
48,3,5,0,24
48,4,5,0,20
48,5,5,0,7
48,6,5,4,1
48,7,4,0,15
48,8,4,0,12
48,9,4,0,11
48,10,4,0,13
48,11,4,0,3
48,12,4,0,13
48,13,1,4,24
48,14,1,0,7
48,15,1,4,5
48,16,4,0,1
48,17,4,0,17
48,18,4,0,23
48,19,4,0,5
48,20,4,0,15
48,21,5,4,19
48,22,5,0,8
48,23,5,0,2
48,24,5,0,1
48,25,5,0,11
48,26,5,0,0
48,27,5,0,18
48,28,5,0,7
48,29,5,0,6
48,30,5,0,2
48,31,5,0,13
48,32,5,0,7
48,33,5,0,15
48,34,5,0,5
48,35,5,0,8
48,36,5,0,23
48,37,5,0,10
48,38,5,0,0
48,39,5,0,3
48,40,5,0,18
48,41,5,0,8
48,42,5,0,10
48,43,5,0,14
48,44,5,0,6
48,45,5,0,4
48,46,5,0,17
48,47,5,0,18
48,48,5,0,3
49,0,5,0,18
49,1,5,0,16
49,2,5,0,11
49,3,5,0,5
49,4,5,0,9
49,5,5,0,16
49,6,5,4,3
49,7,4,0,13
49,8,4,0,12
49,9,4,0,1
49,10,4,0,23
49,11,4,0,5
49,12,1,4,6
49,13,1,4,20
49,14,1,4,13
49,15,4,0,24
49,16,4,0,5
49,17,4,0,17
49,18,4,0,10
49,19,4,0,1
49,20,5,4,9
49,21,5,0,9
49,22,5,0,1
49,23,5,0,16
49,24,5,0,6
49,25,5,0,19
49,26,5,0,16
49,27,5,0,10
49,28,5,0,16
49,29,5,0,19
49,30,5,0,23
49,31,5,0,7
49,32,5,0,13
49,33,5,0,17
49,34,5,0,12
49,35,5,0,2
49,36,5,0,15
49,37,5,0,1
49,38,5,0,5
49,39,5,0,11
49,40,5,0,11
49,41,5,0,16
49,42,5,0,9
49,43,5,0,23
49,44,5,0,7
49,45,5,0,16
49,46,5,0,20
49,47,5,0,17
49,48,5,0,15
50,0,5,0,1
50,1,5,0,21
50,2,5,0,0
50,3,5,0,3
50,4,5,0,20
50,5,5,0,17
50,6,5,4,2
50,7,4,0,7
50,8,4,0,6
50,9,4,0,21
50,10,4,0,8
50,11,4,0,10
50,12,1,4,8
50,13,1,4,8
50,14,4,0,10
50,15,4,0,24
50,16,4,0,11
50,17,4,0,1
50,18,4,0,8
50,19,5,4,19
50,20,5,0,11
50,21,5,0,17
50,22,5,0,14
50,23,5,0,7
50,24,5,0,14
50,25,5,0,8
50,26,5,0,2
50,27,5,0,15
50,28,5,0,5
50,29,5,0,15
50,30,5,0,8
50,31,5,0,6
50,32,5,0,0
50,33,5,0,12
50,34,5,0,9
50,35,5,0,5
50,36,5,0,17
50,37,5,0,6
50,38,5,0,11
50,39,5,0,23
50,40,5,0,7
50,41,5,0,22
50,42,5,0,24
50,43,5,0,20
50,44,5,0,11
50,45,5,0,22
50,46,5,0,4
50,47,5,0,2
50,48,5,0,16
51,0,5,0,6
51,1,5,0,11
51,2,5,0,2
51,3,5,0,18
51,4,5,0,7
51,5,5,0,0
51,6,5,4,1
51,7,4,0,23
51,8,4,0,24
51,9,4,0,5
51,10,4,0,8
51,11,4,0,12
51,12,4,0,23
51,13,4,0,16
51,14,4,0,12
51,15,4,0,22
51,16,4,0,5
51,17,4,0,19
51,18,5,4,11
51,19,5,0,7
51,20,5,0,2
51,21,5,0,2
51,22,5,0,3
51,23,5,0,3
51,24,5,0,21
51,25,5,0,17
51,26,5,0,19
51,27,5,0,4
51,28,5,0,18
51,29,5,0,17
51,30,5,0,9
51,31,5,0,24
51,32,5,0,11
51,33,5,0,2
51,34,5,0,18
51,35,5,0,19
51,36,5,0,6
51,37,5,0,1
51,38,5,0,7
51,39,5,0,4
51,40,5,0,4
51,41,5,0,15
51,42,5,0,7
51,43,5,0,23
51,44,5,0,2
51,45,5,0,22
51,46,5,0,13
51,47,5,0,6
51,48,5,0,14
52,0,5,0,23
52,1,5,0,20
52,2,5,0,7
52,3,5,0,16
52,4,5,0,1
52,5,5,0,12
52,6,5,4,3
52,7,4,0,8
52,8,4,0,5
52,9,4,0,11
52,10,4,0,22
52,11,4,0,6
52,12,4,0,0
52,13,4,0,10
52,14,4,0,23
52,15,5,4,16
52,16,5,4,16
52,17,5,4,14
52,18,5,0,19
52,19,5,0,8
52,20,5,0,13
52,21,5,0,9
52,22,5,0,8
52,23,5,0,5
52,24,5,0,11
52,25,5,0,15
52,26,5,0,12
52,27,5,0,7
52,28,5,0,17
52,29,5,0,10
52,30,5,0,9
52,31,5,0,9
52,32,5,0,14
52,33,5,0,18
52,34,5,0,3
52,35,5,0,7
52,36,5,0,16
52,37,5,0,3
52,38,5,0,0
52,39,5,0,7
52,40,5,0,6
52,41,5,0,9
52,42,5,0,23
52,43,5,0,10
52,44,5,0,3
52,45,5,0,13
52,46,5,0,6
52,47,5,0,22
52,48,5,0,20
53,0,5,0,21
53,1,5,0,6
53,2,5,0,21
53,3,5,0,0
53,4,5,0,1
53,5,5,0,1
53,6,5,4,17
53,7,4,0,15
53,8,4,0,7
53,9,4,0,19
53,10,4,0,22
53,11,4,0,20
53,12,4,0,6
53,13,4,0,8
53,14,5,4,6
53,15,5,4,4
53,16,5,4,4
53,17,5,0,17
53,18,5,0,12
53,19,5,0,5
53,20,5,0,13
53,21,5,0,24
53,22,5,0,14
53,23,5,0,18
53,24,5,0,19
53,25,5,0,23
53,26,5,0,9
53,27,5,0,16
53,28,5,0,24
53,29,5,0,0
53,30,5,0,10
53,31,5,0,3
53,32,5,0,20
53,33,5,0,14
53,34,5,0,10
53,35,5,0,11
53,36,5,0,24
53,37,5,0,18
53,38,5,4,20
53,39,5,4,20
53,40,5,0,13
53,41,5,0,4
53,42,5,0,0
53,43,5,0,7
53,44,5,0,15
53,45,5,0,11
53,46,5,0,1
53,47,5,0,8
53,48,5,0,9
54,0,5,0,11
54,1,5,0,24
54,2,5,0,6
54,3,5,0,15
54,4,5,0,2
54,5,5,0,4
54,6,5,4,2
54,7,4,0,11
54,8,4,0,0
54,9,4,0,23
54,10,4,0,8
54,11,4,0,14
54,12,4,0,23
54,13,4,0,3
54,14,5,4,24
54,15,5,0,1
54,16,5,0,21
54,17,5,0,14
54,18,5,0,10
54,19,5,0,5
54,20,5,0,22
54,21,5,0,23
54,22,5,0,20
54,23,5,0,18
54,24,5,0,8
54,25,5,0,0
54,26,5,0,22
54,27,5,0,14
54,28,5,0,19
54,29,5,0,13
54,30,5,0,1
54,31,5,0,13
54,32,5,0,21
54,33,5,0,18
54,34,5,0,21
54,35,5,0,9
54,36,5,4,20
54,37,5,4,5
54,38,5,4,8
54,39,5,4,21
54,40,5,4,20
54,41,5,4,20
54,42,5,0,15
54,43,5,0,8
54,44,5,0,17
54,45,5,0,2
54,46,5,0,22
54,47,5,0,20
54,48,5,0,11
55,0,5,0,1
55,1,5,0,1
55,2,5,0,19
55,3,5,0,22
55,4,5,0,18
55,5,5,0,20
55,6,5,4,2
55,7,4,0,10
55,8,4,0,11
55,9,4,0,23
55,10,4,0,23
55,11,4,0,13
55,12,4,0,20
55,13,5,4,14
55,14,5,0,8
55,15,5,0,1
55,16,5,0,18
55,17,5,0,13
55,18,5,0,23
55,19,5,0,21
55,20,5,0,9
55,21,5,0,1
55,22,5,0,3
55,23,5,0,13
55,24,5,0,8
55,25,5,0,16
55,26,5,0,20
55,27,5,0,9
55,28,5,0,21
55,29,5,0,16
55,30,5,0,11
55,31,5,0,21
55,32,5,0,6
55,33,5,0,3
55,34,5,0,23
55,35,5,4,15
55,36,5,4,8
55,37,4,0,0
55,38,4,0,10
55,39,5,4,8
55,40,5,4,8
55,41,5,4,21
55,42,5,4,20
55,43,5,0,18
55,44,5,0,0
55,45,5,0,23
55,46,5,0,3
55,47,5,0,3
55,48,5,0,3
56,0,5,0,18
56,1,5,0,3
56,2,5,0,5
56,3,5,0,21
56,4,5,0,7
56,5,5,0,0
56,6,5,4,2
56,7,4,0,12
56,8,4,0,23
56,9,4,0,22
56,10,5,4,16
56,11,5,4,16
56,12,5,4,14
56,13,5,0,0
56,14,5,0,3
56,15,5,0,23
56,16,5,0,19
56,17,5,0,7
56,18,5,0,17
56,19,5,0,23
56,20,5,0,18
56,21,5,0,12
56,22,5,0,8
56,23,5,0,9
56,24,5,0,8
56,25,5,0,5
56,26,5,0,18
56,27,5,0,11
56,28,5,0,5
56,29,5,0,2
56,30,5,0,9
56,31,5,0,1
56,32,5,0,15
56,33,5,0,5
56,34,5,4,15
56,35,4,0,11
56,36,4,0,14
56,37,4,0,7
56,38,4,0,21
56,39,4,0,17
56,40,4,0,1
56,41,5,4,8
56,42,5,4,21
56,43,5,0,24
56,44,5,0,16
56,45,5,0,20
56,46,5,0,14
56,47,5,0,20
56,48,5,0,3
57,0,5,0,4
57,1,5,0,23
57,2,5,0,12
57,3,5,0,10
57,4,5,0,12
57,5,5,0,20
57,6,5,4,17
57,7,5,4,16
57,8,5,4,16
57,9,5,4,19
57,10,5,4,4
57,11,5,4,4
57,12,5,0,18
57,13,5,0,22
57,14,5,0,7
57,15,5,0,13
57,16,5,0,20
57,17,5,0,5
57,18,5,0,18
57,19,5,0,3
57,20,5,0,9
57,21,5,0,13
57,22,5,0,3
57,23,5,0,5
57,24,5,0,10
57,25,5,0,14
57,26,5,0,8
57,27,5,0,3
57,28,5,0,1
57,29,5,0,5
57,30,5,0,5
57,31,5,0,14
57,32,5,0,18
57,33,5,4,13
57,34,4,0,18
57,35,4,0,17
57,36,4,0,12
57,37,4,0,11
57,38,4,0,19
57,39,4,0,19
57,40,4,0,1
57,41,4,0,15
57,42,5,4,23
57,43,5,0,11
57,44,5,0,12
57,45,5,0,14
57,46,5,0,3
57,47,5,0,1
57,48,5,0,12
58,0,5,0,20
58,1,5,0,20
58,2,5,0,12
58,3,5,0,14
58,4,5,0,12
58,5,5,0,9
58,6,5,4,4
58,7,5,4,4
58,8,5,4,4
58,9,5,0,23
58,10,5,0,24
58,11,5,0,23
58,12,5,0,3
58,13,5,0,21
58,14,5,0,2
58,15,5,0,3
58,16,5,0,6
58,17,5,0,19
58,18,5,0,16
58,19,5,0,8
58,20,5,0,23
58,21,5,0,19
58,22,5,0,15
58,23,5,0,22
58,24,5,0,18
58,25,5,0,14
58,26,5,0,17
58,27,5,0,22
58,28,5,0,4
58,29,5,0,20
58,30,5,0,8
58,31,5,0,2
58,32,5,4,13
58,33,4,0,6
58,34,4,0,16
58,35,4,0,16
58,36,4,0,9
58,37,4,0,10
58,38,4,0,24
58,39,4,0,1
58,40,4,0,1
58,41,4,0,3
58,42,5,4,24
58,43,5,0,17
58,44,5,0,0
58,45,5,0,5
58,46,5,0,7
58,47,5,0,5
58,48,5,0,22
59,0,5,0,20
59,1,5,0,20
59,2,5,0,19
59,3,5,0,14
59,4,5,0,8
59,5,5,0,5
59,6,5,0,3
59,7,5,0,2
59,8,5,0,4
59,9,5,0,1
59,10,5,0,7
59,11,5,0,17
59,12,5,0,17
59,13,5,0,19
59,14,5,0,18
59,15,5,0,15
59,16,5,0,3
59,17,5,0,13
59,18,5,0,24
59,19,5,0,9
59,20,5,0,7
59,21,5,0,20
59,22,5,0,7
59,23,5,0,0
59,24,5,0,7
59,25,5,0,4
59,26,5,0,4
59,27,5,0,1
59,28,5,0,21
59,29,5,0,6
59,30,5,4,20
59,31,5,4,15
59,32,4,0,0
59,33,4,0,18
59,34,4,0,7
59,35,4,0,11
59,36,1,4,16
59,37,4,0,22
59,38,4,0,12
59,39,4,0,15
59,40,4,0,11
59,41,5,4,6
59,42,5,4,20
59,43,5,0,16
59,44,5,0,1
59,45,5,0,4
59,46,5,0,1
59,47,5,0,12
59,48,5,0,1
60,0,5,0,19
60,1,5,0,16
60,2,5,0,21
60,3,5,0,2
60,4,5,0,20
60,5,5,0,4
60,6,5,0,21
60,7,5,0,12
60,8,5,0,3
60,9,5,0,8
60,10,5,0,9
60,11,5,0,22
60,12,5,0,21
60,13,5,0,5
60,14,5,0,2
60,15,5,0,22
60,16,5,0,2
60,17,5,0,20
60,18,5,0,16
60,19,5,0,19
60,20,5,0,4
60,21,5,0,2
60,22,5,0,6
60,23,5,0,12
60,24,5,0,22
60,25,5,0,11
60,26,5,0,18
60,27,5,0,11
60,28,5,0,15
60,29,5,4,10
60,30,5,4,8
60,31,4,0,3
60,32,4,0,6
60,33,4,0,24
60,34,4,0,13
60,35,1,4,14
60,36,1,4,3
60,37,1,4,16
60,38,4,0,0
60,39,4,0,24
60,40,4,0,5
60,41,5,4,8
60,42,5,4,21
60,43,5,0,19
60,44,5,0,2
60,45,5,0,14
60,46,5,0,4
60,47,5,0,8
60,48,5,0,13
61,0,5,0,19
61,1,5,0,4
61,2,5,0,17
61,3,5,0,8
61,4,5,0,16
61,5,5,0,12
61,6,5,0,22
61,7,5,0,12
61,8,5,0,14
61,9,5,0,23
61,10,5,0,11
61,11,5,0,17
61,12,5,0,3
61,13,5,0,12
61,14,5,0,2
61,15,5,0,16
61,16,5,0,11
61,17,5,0,15
61,18,5,0,6
61,19,5,0,24
61,20,5,0,22
61,21,5,0,7
61,22,5,0,6
61,23,5,0,4
61,24,5,0,7
61,25,5,0,24
61,26,5,0,16
61,27,5,0,17
61,28,5,4,15
61,29,4,0,17
61,30,4,0,16
61,31,4,0,14
61,32,4,0,6
61,33,4,0,10
61,34,1,4,11
61,35,1,0,4
61,36,1,4,4
61,37,1,4,17
61,38,1,4,16
61,39,4,0,7
61,40,4,0,3
61,41,4,0,18
61,42,5,4,21
61,43,5,0,7
61,44,5,0,7
61,45,5,0,20
61,46,5,0,21
61,47,5,0,17
61,48,5,0,17
62,0,5,0,7
62,1,5,0,4
62,2,5,0,2
62,3,5,0,3
62,4,5,0,20
62,5,5,0,12
62,6,5,0,11
62,7,5,0,15
62,8,5,0,7
62,9,5,0,12
62,10,5,0,14
62,11,5,0,1
62,12,5,0,17
62,13,5,0,20
62,14,5,0,14
62,15,5,0,11
62,16,5,0,0
62,17,5,0,20
62,18,5,0,14
62,19,5,0,7
62,20,5,0,21
62,21,5,0,16
62,22,5,0,8
62,23,5,0,6
62,24,5,0,14
62,25,5,0,12
62,26,5,0,22
62,27,5,4,13
62,28,4,0,11
62,29,4,0,15
62,30,4,0,24
62,31,4,0,17
62,32,4,0,22
62,33,1,4,14
62,34,1,0,5
62,35,1,0,5
62,36,1,0,21
62,37,1,4,4
62,38,1,4,17
62,39,4,0,1
62,40,4,0,21
62,41,4,0,23
62,42,5,4,24
62,43,5,0,21
62,44,5,0,3
62,45,5,0,18
62,46,5,0,8
62,47,5,0,1
62,48,5,0,21
63,0,5,0,15
63,1,5,0,10
63,2,5,0,3
63,3,5,0,15
63,4,5,0,7
63,5,5,0,8
63,6,5,0,1
63,7,5,0,4
63,8,5,0,1
63,9,5,0,20
63,10,5,0,13
63,11,5,0,10
63,12,5,0,2
63,13,5,0,2
63,14,5,0,8
63,15,5,0,17
63,16,5,0,13
63,17,5,0,5
63,18,5,0,19
63,19,5,0,21
63,20,5,0,17
63,21,5,0,17
63,22,5,0,23
63,23,5,0,9
63,24,5,0,2
63,25,5,0,10
63,26,5,4,15
63,27,4,0,3
63,28,4,0,3
63,29,4,0,19
63,30,4,0,22
63,31,4,0,19
63,32,1,4,19
63,33,1,0,5
63,34,1,0,4
63,35,1,0,21
63,36,1,0,19
63,37,1,0,15
63,38,1,4,1
63,39,4,0,11
63,40,4,0,14
63,41,5,4,6
63,42,5,0,18
63,43,5,0,24
63,44,5,0,0
63,45,5,0,17
63,46,5,0,23
63,47,5,0,8
63,48,5,0,19
64,0,5,0,15
64,1,5,0,6
64,2,5,0,18
64,3,5,0,10
64,4,5,0,11
64,5,5,0,9
64,6,5,0,11
64,7,5,0,4
64,8,5,0,18
64,9,5,0,3
64,10,5,0,13
64,11,5,0,0
64,12,5,0,13
64,13,5,0,17
64,14,5,0,11
64,15,5,0,12
64,16,5,0,6
64,17,5,0,24
64,18,5,0,0
64,19,5,0,13
64,20,5,0,13
64,21,5,0,21
64,22,5,0,5
64,23,5,0,11
64,24,5,4,20
64,25,5,4,13
64,26,4,0,15
64,27,4,0,5
64,28,4,0,7
64,29,4,0,9
64,30,4,0,22
64,31,1,4,19
64,32,1,0,13
64,33,1,0,9
64,34,1,0,0
64,35,1,0,23
64,36,1,0,11
64,37,1,0,13
64,38,1,4,1
64,39,4,0,6
64,40,4,0,19
64,41,5,4,22
64,42,5,4,20
64,43,5,0,18
64,44,5,0,3
64,45,5,0,21
64,46,5,0,22
64,47,5,0,19
64,48,5,0,19
65,0,5,0,1
65,1,5,0,24
65,2,5,0,22
65,3,5,0,3
65,4,5,0,5
65,5,5,0,22
65,6,5,0,24
65,7,5,0,16
65,8,5,0,10
65,9,5,0,21
65,10,5,0,16
65,11,5,0,7
65,12,5,0,1
65,13,5,0,3
65,14,5,0,17
65,15,5,0,24
65,16,5,0,11
65,17,5,0,5
65,18,5,0,4
65,19,5,0,5
65,20,5,0,14
65,21,5,0,21
65,22,5,0,16
65,23,5,4,15
65,24,5,4,8
65,25,4,0,16
65,26,4,0,24
65,27,4,0,20
65,28,4,0,18
65,29,4,0,2
65,30,1,4,11
65,31,1,0,12
65,32,1,4,20
65,33,1,4,20
65,34,1,0,16
65,35,1,0,20
65,36,1,0,5
65,37,1,0,5
65,38,1,4,17
65,39,4,0,6
65,40,4,0,21
65,41,5,4,8
65,42,5,4,7
65,43,5,0,23
65,44,5,0,11
65,45,5,0,9
65,46,5,0,5
65,47,5,0,17
65,48,5,0,19
66,0,5,0,4
66,1,5,0,20
66,2,5,0,16
66,3,5,0,2
66,4,5,0,8
66,5,5,0,12
66,6,5,0,21
66,7,5,0,24
66,8,5,0,3
66,9,5,0,1
66,10,5,0,14
66,11,5,0,1
66,12,5,0,13
66,13,5,0,5
66,14,5,0,18
66,15,5,0,17
66,16,5,0,5
66,17,5,0,17
66,18,5,0,0
66,19,5,0,16
66,20,5,0,2
66,21,5,0,20
66,22,5,4,5
66,23,4,0,6
66,24,4,0,2
66,25,4,0,11
66,26,4,0,17
66,27,4,0,12
66,28,4,0,3
66,29,1,4,9
66,30,1,0,8
66,31,1,4,15
66,32,1,4,8
66,33,1,4,7
66,34,1,0,2
66,35,1,0,22
66,36,1,0,1
66,37,1,0,5
66,38,1,4,18
66,39,4,0,4
66,40,4,0,21
66,41,4,0,21
66,42,5,4,21
66,43,5,0,5
66,44,5,0,15
66,45,5,0,2
66,46,5,0,18
66,47,5,0,14
66,48,5,0,23
67,0,5,0,4
67,1,5,0,9
67,2,5,0,14
67,3,5,0,14
67,4,5,0,19
67,5,5,0,16
67,6,5,0,8
67,7,5,0,6
67,8,5,0,7
67,9,5,0,18
67,10,5,0,4
67,11,5,0,11
67,12,5,0,3
67,13,5,0,19
67,14,5,0,8
67,15,5,0,22
67,16,5,0,3
67,17,5,0,5
67,18,5,0,18
67,19,5,0,20
67,20,5,0,23
67,21,5,4,10
67,22,4,0,9
67,23,4,0,18
67,24,4,0,18
67,25,4,0,5
67,26,4,0,6
67,27,4,0,20
67,28,1,4,14
67,29,1,0,11
67,30,1,4,5
67,31,4,0,12
67,32,4,0,1
67,33,1,4,21
67,34,1,4,20
67,35,1,0,14
67,36,1,0,15
67,37,1,4,0
67,38,4,0,2
67,39,4,0,23
67,40,4,0,8
67,41,4,0,23
67,42,5,4,24
67,43,5,0,10
67,44,5,0,13
67,45,5,0,4
67,46,5,0,4
67,47,5,0,4
67,48,5,0,2
68,0,5,0,14
68,1,5,0,5
68,2,5,0,10
68,3,5,0,21
68,4,5,0,10
68,5,5,0,1
68,6,5,0,0
68,7,5,0,10
68,8,5,0,3
68,9,5,0,0
68,10,5,0,17
68,11,5,0,13
68,12,5,0,12
68,13,5,0,23
68,14,5,0,24
68,15,5,0,14
68,16,5,0,5
68,17,5,0,6
68,18,5,0,20
68,19,5,0,1
68,20,5,4,15
68,21,4,0,24
68,22,4,0,9
68,23,4,0,20
68,24,4,0,17
68,25,4,0,13
68,26,4,0,0
68,27,1,4,19
68,28,1,0,3
68,29,1,4,5
68,30,4,0,9
68,31,4,0,20
68,32,4,0,9
68,33,1,4,8
68,34,1,4,22
68,35,1,0,8
68,36,1,0,4
68,37,1,4,18
68,38,4,0,16
68,39,4,0,14
68,40,4,0,19
68,41,5,4,6
68,42,5,0,14
68,43,5,0,13
68,44,5,0,8
68,45,5,0,4
68,46,5,0,1
68,47,5,0,7
68,48,5,0,17
69,0,5,0,15
69,1,5,0,17
69,2,5,0,21
69,3,5,0,10
69,4,5,0,18
69,5,5,0,5
69,6,5,0,11
69,7,5,0,0
69,8,5,0,3
69,9,5,0,3
69,10,5,0,11
69,11,5,0,4
69,12,5,0,0
69,13,5,0,8
69,14,5,0,2
69,15,5,0,6
69,16,5,0,21
69,17,5,0,21
69,18,5,0,7
69,19,5,4,13
69,20,4,0,14
69,21,4,0,21
69,22,4,0,20
69,23,4,0,10
69,24,4,0,23
69,25,4,0,12
69,26,1,4,14
69,27,1,0,16
69,28,1,4,5
69,29,4,0,11
69,30,4,0,10
69,31,4,0,1
69,32,4,0,18
69,33,4,0,0
69,34,1,4,21
69,35,1,0,24
69,36,1,4,13
69,37,4,0,18
69,38,4,0,14
69,39,4,0,5
69,40,4,0,9
69,41,5,4,24
69,42,5,0,5
69,43,5,0,13
69,44,5,0,2
69,45,5,0,8
69,46,5,0,6
69,47,5,0,15
69,48,5,0,1
70,0,5,0,5
70,1,5,0,21
70,2,5,0,23
70,3,5,0,23
70,4,5,0,16
70,5,5,0,13
70,6,5,0,17
70,7,5,0,3
70,8,5,0,13
70,9,5,0,23
70,10,5,0,2
70,11,5,0,4
70,12,5,0,19
70,13,5,0,18
70,14,5,0,16
70,15,5,0,2
70,16,5,0,19
70,17,5,0,18
70,18,5,4,0
70,19,4,0,18
70,20,4,0,0
70,21,4,0,19
70,22,4,0,18
70,23,1,4,16
70,24,1,4,16
70,25,1,4,14
70,26,1,0,9
70,27,1,4,13
70,28,4,0,14
70,29,4,0,22
70,30,4,0,21
70,31,4,0,4
70,32,4,0,13
70,33,4,0,1
70,34,1,4,23
70,35,1,4,13
70,36,4,0,1
70,37,4,0,9
70,38,4,0,15
70,39,4,0,14
70,40,5,4,6
70,41,5,0,15
70,42,5,0,1
70,43,5,0,12
70,44,5,0,20
70,45,5,0,3
70,46,5,0,15
70,47,5,0,23
70,48,5,0,7
71,0,5,0,20
71,1,5,0,8
71,2,5,0,4
71,3,5,0,4
71,4,5,0,17
71,5,5,0,12
71,6,5,0,12
71,7,5,0,17
71,8,5,0,2
71,9,5,0,14
71,10,5,0,23
71,11,5,0,2
71,12,5,0,14
71,13,5,0,19
71,14,5,0,13
71,15,5,0,10
71,16,5,0,9
71,17,5,0,23
71,18,5,4,18
71,19,4,0,14
71,20,4,0,19
71,21,1,4,16
71,22,1,4,9
71,23,1,4,4
71,24,1,4,4
71,25,1,0,15
71,26,1,4,15
71,27,4,0,12
71,28,4,0,6
71,29,4,0,1
71,30,4,0,10
71,31,4,0,0
71,32,4,0,5
71,33,4,0,6
71,34,1,4,8
71,35,4,0,10
71,36,4,0,2
71,37,4,0,6
71,38,4,0,19
71,39,4,0,10
71,40,5,4,23
71,41,5,0,6
71,42,5,0,23
71,43,5,0,9
71,44,5,0,22
71,45,5,0,1
71,46,5,0,14
71,47,5,0,5
71,48,5,0,11
72,0,5,0,22
72,1,5,0,0
72,2,5,0,13
72,3,5,0,0
72,4,5,0,19
72,5,5,0,21
72,6,5,0,11
72,7,5,0,23
72,8,5,0,24
72,9,5,0,22
72,10,5,0,3
72,11,5,0,15
72,12,5,0,21
72,13,5,0,17
72,14,5,0,13
72,15,5,0,7
72,16,5,0,23
72,17,5,4,13
72,18,4,0,11
72,19,1,4,16
72,20,1,4,9
72,21,1,4,4
72,22,1,0,20
72,23,1,0,13
72,24,1,0,15
72,25,1,4,10
72,26,4,0,2
72,27,4,0,16
72,28,4,0,24
72,29,4,0,2
72,30,4,0,6
72,31,4,0,23
72,32,4,0,8
72,33,4,0,14
72,34,4,0,14
72,35,4,0,20
72,36,4,0,11
72,37,4,0,14
72,38,4,0,4
72,39,4,0,21
72,40,5,4,24
72,41,5,0,0
72,42,5,0,18
72,43,5,0,16
72,44,5,0,4
72,45,5,0,12
72,46,5,0,10
72,47,5,0,2
72,48,5,0,14
73,0,5,0,1
73,1,5,0,15
73,2,5,0,12
73,3,5,0,20
73,4,5,0,18
73,5,5,0,15
73,6,5,0,13
73,7,5,0,13
73,8,5,0,15
73,9,5,0,16
73,10,5,0,0
73,11,5,0,7
73,12,5,0,4
73,13,5,0,24
73,14,5,4,20
73,15,5,4,20
73,16,5,4,5
73,17,4,0,9
73,18,1,4,11
73,19,1,4,4
73,20,1,0,22
73,21,1,0,15
73,22,1,0,17
73,23,1,0,18
73,24,1,4,10
73,25,4,0,4
73,26,4,0,2
73,27,4,0,24
73,28,4,0,18
73,29,4,0,2
73,30,4,0,8
73,31,4,0,11
73,32,4,0,24
73,33,4,0,10
73,34,4,0,12
73,35,4,0,13
73,36,4,0,12
73,37,4,0,9
73,38,4,0,19
73,39,5,4,6
73,40,5,0,7
73,41,5,0,20
73,42,5,0,12
73,43,5,0,8
73,44,5,0,7
73,45,5,0,17
73,46,5,0,24
73,47,5,0,0
73,48,5,0,24
74,0,5,0,5
74,1,5,0,6
74,2,5,0,22
74,3,5,0,17
74,4,5,0,24
74,5,5,0,24
74,6,5,0,16
74,7,5,0,16
74,8,5,0,13
74,9,5,0,19
74,10,5,0,8
74,11,5,0,13
74,12,5,0,14
74,13,5,4,5
74,14,5,4,8
74,15,5,4,8
74,16,4,0,5
74,17,1,4,6
74,18,1,0,4
74,19,1,0,7
74,20,1,0,18
74,21,1,0,10
74,22,1,0,8
74,23,1,4,10
74,24,4,0,12
74,25,4,0,17
74,26,4,0,7
74,27,4,0,22
74,28,4,0,8
74,29,4,0,11
74,30,4,0,23
74,31,4,0,22
74,32,4,0,18
74,33,4,0,8
74,34,4,0,19
74,35,4,0,3
74,36,4,0,20
74,37,4,0,17
74,38,5,4,6
74,39,5,4,24
74,40,5,0,7
74,41,5,0,11
74,42,5,0,20
74,43,5,0,13
74,44,5,0,22
74,45,5,0,2
74,46,5,0,16
74,47,5,0,16
74,48,5,0,22
75,0,5,0,8
75,1,5,0,9
75,2,5,0,8
75,3,5,0,9
75,4,5,0,8
75,5,5,0,14
75,6,5,0,14
75,7,5,0,13
75,8,5,0,24
75,9,5,0,7
75,10,5,0,9
75,11,5,0,2
75,12,5,4,5
75,13,4,0,6
75,14,4,0,24
75,15,4,0,19
75,16,4,0,8
75,17,1,4,24
75,18,1,0,4
75,19,1,0,1
75,20,1,0,18
75,21,1,0,15
75,22,1,4,0
75,23,4,0,23
75,24,4,0,10
75,25,4,0,8
75,26,4,0,4
75,27,4,0,18
75,28,4,0,8
75,29,5,4,16
75,30,5,4,16
75,31,4,0,8
75,32,4,0,6
75,33,4,0,14
75,34,4,0,0
75,35,4,0,7
75,36,4,0,15
75,37,4,0,23
75,38,5,4,24
75,39,5,0,3
75,40,5,0,14
75,41,5,0,23
75,42,5,0,18
75,43,5,0,19
75,44,5,0,14
75,45,5,0,18
75,46,5,0,11
75,47,5,0,13
75,48,5,0,9
76,0,5,0,13
76,1,5,0,4
76,2,5,0,15
76,3,5,0,16
76,4,5,0,15
76,5,5,0,23
76,6,5,0,12
76,7,5,0,17
76,8,5,0,13
76,9,5,0,4
76,10,5,0,9
76,11,5,4,0
76,12,4,0,3
76,13,4,0,11
76,14,4,0,20
76,15,4,0,10
76,16,1,4,6
76,17,1,0,2
76,18,1,0,8
76,19,1,0,17
76,20,1,0,0
76,21,1,0,13
76,22,1,4,18
76,23,4,0,10
76,24,4,0,7
76,25,4,0,2
76,26,5,4,16
76,27,5,4,16
76,28,5,4,11
76,29,5,4,4
76,30,5,4,17
76,31,5,4,16
76,32,4,0,3
76,33,4,0,17
76,34,4,0,16
76,35,4,0,16
76,36,4,0,3
76,37,5,4,6
76,38,5,0,0
76,39,5,0,23
76,40,5,0,0
76,41,5,0,13
76,42,5,0,5
76,43,5,0,11
76,44,5,0,14
76,45,5,0,21
76,46,5,0,1
76,47,5,0,20
76,48,5,0,19
77,0,5,0,20
77,1,5,0,13
77,2,5,0,24
77,3,5,0,3
77,4,5,0,7
77,5,5,0,5
77,6,5,0,23
77,7,5,0,8
77,8,5,0,13
77,9,5,0,5
77,10,5,0,10
77,11,5,4,18
77,12,4,0,10
77,13,4,0,5
77,14,4,0,22
77,15,4,0,16
77,16,1,4,24
77,17,1,0,11
77,18,1,0,9
77,19,1,0,18
77,20,1,0,14
77,21,1,4,5
77,22,4,0,18
77,23,4,0,14
77,24,4,0,5
77,25,5,4,9
77,26,5,4,4
77,27,5,4,4
77,28,5,0,14
77,29,5,0,15
77,30,5,4,4
77,31,5,4,3
77,32,4,0,19
77,33,4,0,17
77,34,4,0,21
77,35,4,0,22
77,36,4,0,10
77,37,5,4,23
77,38,5,4,20
77,39,5,4,20
77,40,5,0,10
77,41,5,0,0
77,42,5,0,20
77,43,5,0,13
77,44,5,0,11
77,45,5,0,8
77,46,5,0,16
77,47,5,0,5
77,48,5,0,13
78,0,5,0,22
78,1,5,0,9
78,2,5,0,10
78,3,5,0,5
78,4,5,0,12
78,5,5,0,20
78,6,5,0,0
78,7,5,0,0
78,8,5,0,11
78,9,5,0,9
78,10,5,4,0
78,11,4,0,11
78,12,4,0,18
78,13,4,0,21
78,14,4,0,22
78,15,1,4,9
78,16,1,0,3
78,17,1,0,21
78,18,1,0,3
78,19,1,0,19
78,20,1,4,15
78,21,4,0,10
78,22,4,0,11
78,23,4,0,2
78,24,5,4,9
78,25,5,0,9
78,26,5,0,17
78,27,5,0,8
78,28,5,0,22
78,29,5,0,16
78,30,5,0,0
78,31,5,4,3
78,32,5,4,16
78,33,5,4,16
78,34,4,0,11
78,35,4,0,1
78,36,4,0,9
78,37,5,4,8
78,38,5,4,8
78,39,5,4,24
78,40,5,0,23
78,41,5,0,17
78,42,5,0,22
78,43,5,0,19
78,44,5,0,4
78,45,5,0,24
78,46,5,0,17
78,47,5,0,2
78,48,5,0,7
79,0,5,0,23
79,1,5,0,19
79,2,5,0,6
79,3,5,0,4
79,4,5,0,10
79,5,5,0,21
79,6,5,0,5
79,7,5,0,22
79,8,5,0,1
79,9,5,0,15
79,10,5,4,18
79,11,4,0,5
79,12,4,0,8
79,13,4,0,14
79,14,1,4,6
79,15,1,0,6
79,16,1,0,4
79,17,1,0,14
79,18,1,0,17
79,19,1,4,10
79,20,4,0,13
79,21,4,0,6
79,22,4,0,9
79,23,5,4,19
79,24,5,0,0
79,25,5,0,16
79,26,5,0,10
79,27,5,0,18
79,28,5,0,21
79,29,5,0,23
79,30,5,0,9
79,31,5,4,4
79,32,5,4,4
79,33,5,4,18
79,34,4,0,5
79,35,4,0,11
79,36,4,0,2
79,37,4,0,5
79,38,5,4,6
79,39,5,0,21
79,40,5,0,4
79,41,5,0,23
79,42,5,0,11
79,43,5,0,8
79,44,5,0,19
79,45,5,0,14
79,46,5,0,5
79,47,5,0,2
79,48,5,0,20
80,0,5,0,13
80,1,5,0,24
80,2,5,0,1
80,3,5,0,18
80,4,5,0,5
80,5,5,0,16
80,6,5,0,8
80,7,5,0,13
80,8,5,0,10
80,9,5,4,13
80,10,4,0,12
80,11,4,0,9
80,12,4,6,20
80,13,4,0,11
80,14,1,4,24
80,15,1,0,10
80,16,1,0,6
80,17,1,0,22
80,18,1,4,0
80,19,4,0,3
80,20,4,0,7
80,21,4,0,12
80,22,5,4,9
80,23,5,0,19
80,24,5,0,20
80,25,5,0,10
80,26,5,0,23
80,27,5,0,12
80,28,5,0,22
80,29,5,0,0
80,30,5,0,1
80,31,5,0,24
80,32,5,4,0
80,33,4,0,12
80,34,4,0,21
80,35,4,0,2
80,36,4,0,6
80,37,4,0,11
80,38,5,4,24
80,39,5,0,8
80,40,5,0,1
80,41,5,0,0
80,42,5,0,17
80,43,5,0,4
80,44,5,0,2
80,45,5,0,10
80,46,5,0,3
80,47,5,0,0
80,48,5,0,17
