0,0,5,0,12
0,1,5,0,7
0,2,5,0,2
0,3,5,0,15
0,4,5,0,17
0,5,5,0,22
0,6,5,4,10
0,7,4,0,2
0,8,4,0,2
0,9,4,0,20
0,10,4,0,13
0,11,5,4,21
0,12,5,4,20
0,13,5,0,11
0,14,5,0,22
0,15,5,0,8
0,16,5,0,7
0,17,5,0,4
0,18,5,0,3
0,19,5,0,16
0,20,5,0,16
0,21,5,0,7
0,22,5,0,18
0,23,5,0,18
0,24,5,0,20
0,25,5,0,12
0,26,5,4,5
0,27,5,4,8
0,28,5,4,8
0,29,4,0,10
0,30,4,0,1
0,31,4,0,24
0,32,4,0,6
0,33,4,0,6
0,34,4,0,12
0,35,4,0,10
0,36,4,0,5
0,37,5,4,21
0,38,5,0,11
0,39,5,0,24
0,40,5,0,7
0,41,5,0,18
0,42,5,0,6
0,43,5,0,24
0,44,5,0,8
0,45,5,0,24
0,46,5,0,1
0,47,5,0,0
0,48,5,0,12
0,49,5,0,3
1,0,5,0,19
1,1,5,0,18
1,2,5,0,16
1,3,5,0,6
1,4,5,0,4
1,5,5,4,0
1,6,4,0,5
1,7,4,0,13
1,8,4,6,20
1,9,4,0,1
1,10,4,0,6
1,11,1,4,16
1,12,5,4,23
1,13,5,4,20
1,14,5,4,20
1,15,5,0,2
1,16,5,0,21
1,17,5,0,3
1,18,5,0,5
1,19,5,0,19
1,20,5,0,20
1,21,5,0,18
1,22,5,0,21
1,23,5,0,21
1,24,5,0,0
1,25,5,4,13
1,26,4,0,8
1,27,4,0,0
1,28,4,0,8
1,29,4,0,7
1,30,4,0,13
1,31,4,0,24
1,32,4,0,7
1,33,4,0,20
1,34,4,0,2
1,35,4,0,22
1,36,4,0,23
1,37,5,4,22
1,38,5,0,14
1,39,5,0,8
1,40,5,0,9
1,41,5,0,11
1,42,5,0,9
1,43,5,0,15
1,44,5,0,24
1,45,5,0,13
1,46,5,0,16
1,47,5,0,15
1,48,5,0,23
1,49,5,0,1
2,0,5,0,12
2,1,5,0,7
2,2,5,0,16
2,3,5,0,8
2,4,5,0,21
2,5,5,4,18
2,6,4,0,0
2,7,4,6,13
2,8,4,6,23
2,9,4,0,16
2,10,1,4,19
2,11,1,4,17
2,12,5,4,8
2,13,5,4,8
2,14,5,4,7
2,15,5,0,3
2,16,5,0,0
2,17,5,4,20
2,18,5,4,20
2,19,5,4,20
2,20,5,4,20
2,21,5,0,6
2,22,5,0,0
2,23,5,0,17
2,24,5,4,0
2,25,4,0,24
2,26,4,0,0
2,27,4,0,24
2,28,4,0,23
2,29,4,0,23
2,30,1,4,16
2,31,5,4,16
2,32,5,4,16
2,33,4,0,8
2,34,4,0,0
2,35,4,0,18
2,36,4,0,24
2,37,5,4,7
2,38,5,0,18
2,39,5,0,11
2,40,5,0,20
2,41,5,0,11
2,42,5,0,1
2,43,5,0,14
2,44,5,0,19
2,45,5,0,21
2,46,5,0,11
2,47,5,0,24
2,48,5,0,18
2,49,5,0,2
3,0,5,0,2
3,1,5,0,17
3,2,5,0,11
3,3,5,0,1
3,4,5,4,0
3,5,4,0,10
3,6,4,6,0
3,7,6,0,11
3,8,4,6,24
3,9,1,4,6
3,10,1,0,21
3,11,1,4,18
3,12,4,0,24
3,13,4,0,0
3,14,5,4,7
3,15,5,0,0
3,16,5,4,10
3,17,5,4,8
3,18,5,4,8
3,19,5,4,8
3,20,5,4,21
3,21,5,4,20
3,22,5,4,20
3,23,5,4,20
3,24,5,4,18
3,25,4,0,11
3,26,4,0,10
3,27,4,0,8
3,28,1,4,16
3,29,1,4,14
3,30,1,4,4
3,31,1,4,4
3,32,1,4,2
3,33,1,4,16
3,34,4,0,18
3,35,4,0,4
3,36,4,0,2
3,37,5,4,21
3,38,5,0,3
3,39,5,0,17
3,40,5,0,18
3,41,5,0,11
3,42,5,0,21
3,43,5,0,3
3,44,5,0,5
3,45,5,0,19
3,46,5,0,7
3,47,5,0,15
3,48,5,0,17
3,49,5,0,14
4,0,5,0,4
4,1,5,0,14
4,2,5,0,3
4,3,5,0,1
4,4,5,4,18
4,5,4,0,3
4,6,4,6,3
4,7,4,6,9
4,8,4,0,15
4,9,1,4,22
4,10,1,4,5
4,11,4,0,22
4,12,4,0,18
4,13,4,0,20
4,14,5,4,21
4,15,5,4,15
4,16,4,0,14
4,17,4,0,24
4,18,4,0,5
4,19,1,4,16
4,20,5,4,8
4,21,5,4,8
4,22,5,4,8
4,23,5,4,8
4,24,4,0,3
4,25,4,0,17
4,26,4,0,18
4,27,1,4,9
4,28,1,4,4
4,29,1,0,10
4,30,1,0,14
4,31,1,0,16
4,32,1,4,4
4,33,1,4,17
4,34,4,0,11
4,35,4,0,3
4,36,4,0,20
4,37,5,4,24
4,38,5,0,9
4,39,5,0,22
4,40,5,0,17
4,41,5,0,21
4,42,5,0,21
4,43,5,0,7
4,44,5,0,11
4,45,5,0,24
4,46,5,0,1
4,47,5,0,20
4,48,5,0,13
4,49,5,0,0
5,0,5,0,20
5,1,5,0,9
5,2,5,0,24
5,3,5,4,0
5,4,4,0,2
5,5,4,0,19
5,6,4,6,4
5,7,4,0,17
5,8,4,0,21
5,9,1,4,8
5,10,5,4,16
5,11,5,4,16
5,12,4,0,8
5,13,4,0,18
5,14,5,4,8
5,15,4,0,17
5,16,4,0,10
5,17,4,0,23
5,18,1,4,14
5,19,1,4,17
5,20,1,4,16
5,21,4,0,8
5,22,4,0,11
5,23,4,0,20
5,24,4,0,23
5,25,4,0,12
5,26,1,4,14
5,27,1,0,1
5,28,1,0,0
5,29,1,0,20
5,30,1,0,22
5,31,1,0,11
5,32,1,0,15
5,33,1,4,18
5,34,4,0,19
5,35,4,0,2
5,36,5,4,6
5,37,5,0,4
5,38,5,0,9
5,39,5,0,12
5,40,5,0,16
5,41,5,0,7
5,42,5,0,16
5,43,5,0,6
5,44,5,0,2
5,45,5,0,9
5,46,5,0,0
5,47,5,0,14
5,48,5,0,2
5,49,5,0,19
6,0,5,0,2
6,1,5,0,1
6,2,5,0,24
6,3,5,4,1
6,4,4,0,4
6,5,4,0,15
6,6,4,0,7
6,7,4,0,9
6,8,5,4,11
6,9,5,4,4
6,10,5,4,4
6,11,5,4,2
6,12,4,0,2
6,13,4,0,13
6,14,5,4,16
6,15,4,0,13
6,16,4,0,14
6,17,1,4,6
6,18,1,0,17
6,19,1,4,4
6,20,1,4,1
6,21,4,0,15
6,22,4,0,9
6,23,4,0,3
6,24,4,0,23
6,25,1,4,19
6,26,1,0,23
6,27,1,0,16
6,28,1,0,1
6,29,1,0,23
6,30,1,0,15
6,31,1,0,14
6,32,1,4,0
6,33,4,0,14
6,34,4,0,0
6,35,4,0,0
6,36,5,4,21
6,37,5,0,20
6,38,5,0,18
6,39,5,0,7
6,40,5,0,18
6,41,5,0,21
6,42,5,0,24
6,43,5,0,17
6,44,5,0,21
6,45,5,0,20
6,46,5,0,14
6,47,5,0,15
6,48,5,0,23
6,49,5,0,24
7,0,5,0,20
7,1,5,0,0
7,2,5,0,4
7,3,5,4,1
7,4,4,0,0
7,5,4,0,5
7,6,4,0,7
7,7,5,4,9
7,8,5,0,21
7,9,5,0,22
7,10,5,0,0
7,11,5,4,3
7,12,5,4,16
7,13,5,4,11
7,14,5,4,1
7,15,4,0,12
7,16,4,0,22
7,17,1,4,21
7,18,1,0,1
7,19,1,0,14
7,20,1,4,2
7,21,4,0,14
7,22,4,0,9
7,23,4,0,8
7,24,1,4,14
7,25,1,0,18
7,26,1,0,11
7,27,1,0,16
7,28,1,0,8
7,29,1,0,8
7,30,1,0,0
7,31,1,0,19
7,32,1,4,17
7,33,1,4,16
7,34,4,0,12
7,35,4,0,10
7,36,5,4,22
7,37,5,0,5
7,38,5,0,22
7,39,5,0,12
7,40,5,0,11
7,41,5,0,12
7,42,5,0,21
7,43,5,0,20
7,44,5,0,20
7,45,5,0,7
7,46,5,0,13
7,47,5,0,2
7,48,5,0,24
7,49,5,0,13
8,0,5,0,0
8,1,5,0,10
8,2,5,0,0
8,3,5,4,1
8,4,4,0,7
8,5,4,0,18
8,6,5,4,14
8,7,5,0,1
8,8,5,0,23
8,9,5,0,7
8,10,5,0,7
8,11,5,4,4
8,12,5,4,4
8,13,5,0,22
8,14,5,4,3
8,15,5,4,16
8,16,4,0,4
8,17,1,4,7
8,18,1,0,7
8,19,1,0,21
8,20,1,4,18
8,21,4,0,17
8,22,4,0,0
8,23,1,4,19
8,24,1,0,4
8,25,1,0,9
8,26,1,0,21
8,27,1,0,16
8,28,1,0,10
8,29,1,0,24
8,30,1,0,10
8,31,1,0,24
8,32,1,4,4
8,33,1,4,3
8,34,4,0,11
8,35,4,0,18
8,36,5,4,23
8,37,5,0,10
8,38,5,0,23
8,39,5,0,24
8,40,5,0,13
8,41,5,0,15
8,42,5,0,15
8,43,5,0,15
8,44,5,0,15
8,45,5,0,0
8,46,5,0,13
8,47,5,0,4
8,48,5,0,13
8,49,5,0,16
9,0,5,0,5
9,1,5,0,2
9,2,5,0,23
9,3,5,4,1
9,4,5,4,16
9,5,5,4,9
9,6,5,0,12
9,7,5,0,21
9,8,5,0,16
9,9,5,0,20
9,10,5,0,6
9,11,5,0,1
9,12,5,0,7
9,13,5,0,9
9,14,5,4,4
9,15,5,4,2
9,16,5,4,16
9,17,1,4,23
9,18,1,4,20
9,19,1,4,13
9,20,4,0,6
9,21,4,0,7
9,22,1,4,6
9,23,1,0,3
9,24,1,0,14
9,25,1,0,24
9,26,1,0,10
9,27,1,0,16
9,28,1,0,11
9,29,1,0,16
9,30,1,0,16
9,31,1,0,10
9,32,1,0,2
9,33,1,4,18
9,34,4,0,8
9,35,4,0,3
9,36,5,4,7
9,37,5,4,20
9,38,5,4,20
9,39,5,0,0
9,40,5,0,1
9,41,5,0,12
9,42,5,0,17
9,43,5,0,6
9,44,5,0,0
9,45,5,0,14
9,46,5,0,3
9,47,5,0,1
9,48,5,0,22
9,49,5,0,15
10,0,5,0,0
10,1,5,0,16
10,2,5,0,3
10,3,5,4,4
10,4,5,4,4
10,5,5,0,17
10,6,5,0,11
10,7,5,0,3
10,8,5,0,15
10,9,5,0,16
10,10,5,0,4
10,11,5,0,14
10,12,5,0,23
10,13,5,0,12
10,14,5,0,19
10,15,5,4,4
10,16,5,4,2
10,17,1,4,8
10,18,1,4,8
10,19,4,0,24
10,20,4,0,12
10,21,4,0,17
10,22,1,4,24
10,23,1,0,1
10,24,1,0,9
10,25,1,0,6
10,26,1,0,21
10,27,1,0,15
10,28,1,0,21
10,29,1,0,19
10,30,1,0,21
10,31,1,0,9
10,32,1,4,0
10,33,4,0,3
10,34,4,0,4
10,35,4,0,17
10,36,5,4,8
10,37,5,4,8
10,38,5,4,24
10,39,5,0,5
10,40,5,0,20
10,41,5,0,17
10,42,5,0,1
10,43,5,0,16
10,44,5,0,13
10,45,5,0,10
10,46,5,0,23
10,47,5,0,17
10,48,5,0,11
10,49,5,0,18
11,0,5,0,23
11,1,5,0,13
11,2,5,0,13
11,3,5,0,15
11,4,5,0,6
11,5,5,0,14
11,6,5,0,20
11,7,5,0,3
11,8,5,0,2
11,9,5,0,4
11,10,5,0,20
11,11,5,0,1
11,12,5,0,14
11,13,5,0,6
11,14,5,0,8
11,15,5,0,18
11,16,5,4,1
11,17,5,4,16
11,18,4,0,1
11,19,4,0,23
11,20,4,0,17
11,21,1,4,6
11,22,1,0,23
11,23,1,0,9
11,24,1,0,18
11,25,1,0,21
11,26,1,0,12
11,27,1,0,7
11,28,1,0,21
11,29,1,0,23
11,30,1,0,16
11,31,1,0,2
11,32,1,4,2
11,33,4,0,17
11,34,4,0,14
11,35,4,0,4
11,36,4,0,2
11,37,5,4,6
11,38,5,0,4
11,39,5,0,22
11,40,5,0,3
11,41,5,0,22
11,42,5,0,0
11,43,5,0,17
11,44,5,0,14
11,45,5,0,0
11,46,5,0,2
11,47,5,0,1
11,48,5,0,21
11,49,5,0,20
12,0,5,0,8
12,1,5,0,13
12,2,5,0,18
12,3,5,0,18
12,4,5,0,23
12,5,5,0,17
12,6,5,0,14
12,7,5,0,2
12,8,5,0,19
12,9,5,0,1
12,10,5,0,24
12,11,5,0,14
12,12,5,0,23
12,13,5,0,6
12,14,5,0,16
12,15,5,0,18
12,16,5,4,4
12,17,5,4,1
12,18,4,0,22
12,19,4,0,3
12,20,4,0,2
12,21,1,4,24
12,22,1,0,6
12,23,1,0,8
12,24,1,0,11
12,25,1,0,2
12,26,1,0,7
12,27,1,0,13
12,28,1,0,12
12,29,1,0,2
12,30,1,0,13
12,31,1,0,12
12,32,1,4,2
12,33,4,0,16
12,34,4,0,7
12,35,4,0,3
12,36,4,0,20
12,37,5,4,24
12,38,5,0,24
12,39,5,0,14
12,40,5,0,12
12,41,5,0,3
12,42,5,0,11
12,43,5,0,4
12,44,5,0,1
12,45,5,0,4
12,46,5,0,19
12,47,5,0,6
12,48,5,0,21
12,49,5,0,23
13,0,5,0,8
13,1,5,0,15
13,2,5,0,17
13,3,5,0,10
13,4,5,0,23
13,5,5,0,7
13,6,5,0,5
13,7,5,0,21
13,8,5,0,9
13,9,5,0,1
13,10,5,0,1
13,11,5,0,16
13,12,5,0,0
13,13,5,0,16
13,14,5,0,4
13,15,5,0,3
13,16,5,0,6
13,17,5,4,18
13,18,4,0,14
13,19,4,0,3
13,20,1,4,19
13,21,1,0,7
13,22,1,0,17
13,23,1,0,12
13,24,1,0,13
13,25,1,0,3
13,26,1,0,6
13,27,1,0,7
13,28,1,0,16
13,29,1,0,14
13,30,1,0,5
13,31,1,0,12
13,32,1,4,17
13,33,4,0,15
13,34,1,4,16
13,35,4,0,23
13,36,5,4,6
13,37,5,0,11
13,38,5,0,14
13,39,5,0,18
13,40,5,0,1
13,41,5,0,0
13,42,5,0,20
13,43,5,0,21
13,44,5,0,24
13,45,5,0,23
13,46,5,0,13
13,47,5,0,19
13,48,5,0,9
13,49,5,0,12
14,0,5,0,14
14,1,5,0,17
14,2,5,0,21
14,3,5,0,12
14,4,5,0,15
14,5,5,0,1
14,6,5,0,6
14,7,5,0,21
14,8,5,0,14
14,9,5,0,13
14,10,5,0,4
14,11,5,0,18
14,12,5,0,2
14,13,5,0,8
14,14,5,0,17
14,15,5,0,14
14,16,5,4,0
14,17,4,0,13
14,18,4,0,19
14,19,1,4,6
14,20,1,0,21
14,21,1,0,8
14,22,1,0,18
14,23,1,0,21
14,24,1,0,5
14,25,1,0,17
14,26,1,0,6
14,27,1,0,12
14,28,1,0,14
14,29,1,0,9
14,30,1,0,8
14,31,1,0,18
14,32,1,4,18
14,33,1,4,11
14,34,1,4,2
14,35,4,0,12
14,36,5,4,22
14,37,5,4,20
14,38,5,4,20
14,39,5,0,21
14,40,5,0,18
14,41,5,0,0
14,42,5,0,8
14,43,5,0,14
14,44,5,0,19
14,45,5,0,4
14,46,5,0,12
14,47,5,0,7
14,48,5,0,24
14,49,5,0,23
15,0,5,0,6
15,1,5,0,0
15,2,5,0,12
15,3,5,0,21
15,4,5,0,4
15,5,5,0,17
15,6,5,0,13
15,7,5,0,22
15,8,5,0,14
15,9,5,0,9
15,10,5,0,11
15,11,5,0,4
15,12,5,0,20
15,13,5,0,10
15,14,5,0,11
15,15,5,0,3
15,16,5,4,18
15,17,4,0,19
15,18,4,0,5
15,19,1,4,24
15,20,1,0,21
15,21,1,0,0
15,22,1,0,3
15,23,1,0,18
15,24,1,0,8
15,25,1,0,2
15,26,1,0,15
15,27,1,0,20
15,28,1,0,13
15,29,1,0,23
15,30,1,0,22
15,31,1,4,13
15,32,1,4,6
15,33,1,0,8
15,34,1,4,18
15,35,4,0,19
15,36,5,4,8
15,37,5,4,8
15,38,5,4,22
15,39,5,4,20
15,40,5,0,8
15,41,5,0,4
15,42,5,0,1
15,43,5,0,17
15,44,5,0,19
15,45,5,0,18
15,46,5,0,18
15,47,5,0,21
15,48,5,0,23
15,49,5,0,12
16,0,5,0,17
16,1,5,0,0
16,2,5,0,7
16,3,5,0,3
16,4,5,0,1
16,5,5,0,11
16,6,5,0,6
16,7,5,0,19
16,8,5,0,1
16,9,5,0,5
16,10,5,0,8
16,11,5,0,2
16,12,5,0,2
16,13,5,0,22
16,14,5,0,8
16,15,5,4,0
16,16,4,0,23
16,17,4,0,21
16,18,1,4,19
16,19,1,0,19
16,20,1,0,4
16,21,1,0,10
16,22,1,0,2
16,23,1,0,19
16,24,1,0,16
16,25,1,0,3
16,26,1,0,15
16,27,1,0,6
16,28,1,0,1
16,29,1,0,13
16,30,1,4,15
16,31,4,0,17
16,32,1,4,7
16,33,1,4,13
16,34,4,0,5
16,35,4,0,16
16,36,4,0,5
16,37,4,0,9
16,38,5,4,8
16,39,5,4,21
16,40,5,4,20
16,41,5,4,20
16,42,5,4,20
16,43,5,0,22
16,44,5,0,9
16,45,5,0,18
16,46,5,0,12
16,47,5,0,11
16,48,5,0,9
16,49,5,0,22
17,0,5,0,1
17,1,5,0,7
17,2,5,0,12
17,3,5,0,3
17,4,5,0,18
17,5,5,0,0
17,6,5,0,16
17,7,5,0,24
17,8,5,0,2
17,9,5,0,19
17,10,5,0,20
17,11,5,0,14
17,12,5,0,0
17,13,5,0,17
17,14,5,0,13
17,15,5,4,17
17,16,4,0,5
17,17,1,4,6
17,18,1,0,16
17,19,1,0,24
17,20,1,0,19
17,21,1,0,14
17,22,1,0,14
17,23,1,0,18
17,24,1,0,0
17,25,1,0,7
17,26,1,0,1
17,27,1,0,14
17,28,1,0,17
17,29,1,4,13
17,30,4,0,5
17,31,4,0,0
17,32,1,4,8
17,33,4,0,6
17,34,4,0,15
17,35,4,0,0
17,36,4,0,5
17,37,4,0,2
17,38,1,4,16
17,39,1,4,16
17,40,5,4,8
17,41,5,4,8
17,42,5,4,7
17,43,5,0,5
17,44,5,0,11
17,45,5,0,5
17,46,5,0,0
17,47,5,0,7
17,48,5,0,8
17,49,5,0,13
18,0,5,0,2
18,1,5,0,19
18,2,5,0,18
18,3,5,0,10
18,4,5,0,12
18,5,5,0,20
18,6,5,0,0
18,7,5,0,3
18,8,5,0,22
18,9,5,0,12
18,10,5,0,16
18,11,5,0,22
18,12,5,0,11
18,13,5,0,10
18,14,5,0,3
18,15,5,4,18
18,16,4,0,12
18,17,1,4,7
18,18,1,0,6
18,19,1,0,6
18,20,1,0,12
18,21,1,0,7
18,22,1,0,5
18,23,1,0,10
18,24,1,0,3
18,25,1,0,14
18,26,1,0,5
18,27,1,0,11
18,28,1,4,0
18,29,4,0,9
18,30,4,0,12
18,31,4,0,13
18,32,5,4,16
18,33,5,4,16
18,34,4,0,12
18,35,4,0,4
18,36,4,0,15
18,37,1,4,19
18,38,1,4,4
18,39,1,4,17
18,40,4,0,20
18,41,4,0,24
18,42,5,4,7
18,43,5,4,20
18,44,5,0,7
18,45,5,0,4
18,46,5,0,1
18,47,5,0,17
18,48,5,0,7
18,49,5,0,20
19,0,5,0,14
19,1,5,0,17
19,2,5,0,12
19,3,5,0,24
19,4,5,0,20
19,5,5,0,23
19,6,5,0,11
19,7,5,0,24
19,8,5,0,17
19,9,5,0,3
19,10,5,0,14
19,11,5,0,22
19,12,5,0,16
19,13,5,0,18
19,14,5,4,0
19,15,4,0,7
19,16,4,0,17
19,17,1,4,23
19,18,1,0,24
19,19,1,0,3
19,20,1,0,12
19,21,1,0,20
19,22,1,0,9
19,23,1,0,12
19,24,1,0,8
19,25,1,0,22
19,26,1,0,22
19,27,1,0,8
19,28,1,4,18
19,29,4,0,12
19,30,4,0,3
19,31,5,4,6
19,32,5,4,4
19,33,5,4,1
19,34,5,4,16
19,35,4,0,21
19,36,1,4,6
19,37,1,0,3
19,38,1,0,18
19,39,1,4,18
19,40,4,0,1
19,41,4,0,15
19,42,1,4,16
19,43,5,4,7
19,44,5,0,12
19,45,5,0,11
19,46,5,0,0
19,47,5,0,17
19,48,5,0,15
19,49,5,0,18
20,0,5,0,19
20,1,5,0,3
20,2,5,0,19
20,3,5,0,5
20,4,5,0,13
20,5,5,0,1
20,6,5,0,7
20,7,5,0,0
20,8,5,0,21
20,9,5,0,1
20,10,5,0,10
20,11,5,0,21
20,12,5,0,19
20,13,5,0,7
20,14,5,4,1
20,15,4,0,22
20,16,4,0,12
20,17,1,4,23
20,18,1,4,20
20,19,1,0,19
20,20,1,0,9
20,21,1,0,23
20,22,1,0,16
20,23,1,0,23
20,24,1,0,8
20,25,1,0,1
20,26,1,0,21
20,27,1,4,0
20,28,4,0,20
20,29,4,0,2
20,30,4,0,6
20,31,5,4,24
20,32,5,0,18
20,33,5,4,4
20,34,5,4,17
20,35,4,0,17
20,36,1,4,21
20,37,1,0,10
20,38,1,4,15
20,39,4,0,22
20,40,4,0,21
20,41,1,4,11
20,42,1,4,3
20,43,5,4,22
20,44,5,4,20
20,45,5,4,20
20,46,5,4,20
20,47,5,0,24
20,48,5,0,23
20,49,5,0,13
21,0,5,0,8
21,1,5,0,5
21,2,5,0,13
21,3,5,0,17
21,4,5,0,0
21,5,5,0,5
21,6,5,0,24
21,7,5,0,15
21,8,5,0,12
21,9,5,0,7
21,10,5,0,13
21,11,5,0,2
21,12,5,0,6
21,13,5,0,8
21,14,5,4,18
21,15,4,0,2
21,16,4,0,4
21,17,1,4,8
21,18,1,4,22
21,19,1,0,18
21,20,1,0,4
21,21,1,0,24
21,22,1,0,21
21,23,1,0,9
21,24,1,0,0
21,25,1,0,2
21,26,1,0,24
21,27,1,4,18
21,28,4,0,12
21,29,4,0,22
21,30,5,4,19
21,31,5,0,3
21,32,5,0,12
21,33,5,0,19
21,34,5,4,2
21,35,4,0,18
21,36,1,4,21
21,37,1,4,10
21,38,4,0,2
21,39,4,0,13
21,40,1,4,11
21,41,1,0,21
21,42,1,4,3
21,43,5,4,8
21,44,5,4,8
21,45,5,4,8
21,46,5,4,22
21,47,5,0,17
21,48,5,0,14
21,49,5,0,15
22,0,5,0,15
22,1,5,0,10
22,2,5,0,4
22,3,5,0,10
22,4,5,0,0
22,5,5,0,3
22,6,5,0,4
22,7,5,0,23
22,8,5,0,20
22,9,5,0,6
22,10,5,0,11
22,11,5,0,5
22,12,5,0,6
22,13,5,4,0
22,14,4,0,10
22,15,4,0,21
22,16,4,0,18
22,17,4,0,16
22,18,1,4,22
22,19,1,0,4
22,20,1,0,17
22,21,1,0,18
22,22,1,0,21
22,23,1,0,20
22,24,1,0,7
22,25,1,4,20
22,26,1,4,10
22,27,4,0,9
22,28,4,0,18
22,29,5,4,9
22,30,5,0,11
22,31,5,0,15
22,32,5,0,2
22,33,5,0,16
22,34,5,4,18
22,35,4,0,14
22,36,1,4,8
22,37,5,4,16
22,38,5,4,16
22,39,1,4,6
22,40,1,0,14
22,41,1,0,6
22,42,1,4,18
22,43,4,0,13
22,44,4,0,0
22,45,4,0,19
22,46,5,4,23
22,47,5,0,7
22,48,5,0,1
22,49,5,0,11
23,0,5,0,8
23,1,5,0,20
23,2,5,0,7
23,3,5,0,0
23,4,5,0,2
23,5,5,0,10
23,6,5,0,10
23,7,5,0,7
23,8,5,0,16
23,9,5,0,17
23,10,5,0,8
23,11,5,0,11
23,12,5,0,6
23,13,5,4,18
23,14,4,0,24
23,15,4,0,12
23,16,4,0,10
23,17,4,0,2
23,18,1,4,23
23,19,1,4,20
23,20,1,4,20
23,21,1,0,14
23,22,1,0,13
23,23,1,4,20
23,24,1,4,10
23,25,1,4,8
23,26,4,0,19
23,27,4,0,0
23,28,5,4,19
23,29,5,0,12
23,30,5,0,4
23,31,5,0,9
23,32,5,0,7
23,33,5,4,0
23,34,5,4,16
23,35,5,4,11
23,36,5,4,4
23,37,5,4,4
23,38,5,4,17
23,39,1,4,7
23,40,1,4,20
23,41,1,4,10
23,42,4,0,10
23,43,4,0,4
23,44,4,0,8
23,45,4,0,4
23,46,5,4,22
23,47,5,0,17
23,48,5,0,4
23,49,5,0,4
24,0,5,0,10
24,1,5,0,18
24,2,5,0,14
24,3,5,0,10
24,4,5,0,3
24,5,5,0,24
24,6,5,0,2
24,7,5,0,4
24,8,5,0,15
24,9,5,0,15
24,10,5,0,7
24,11,5,0,19
24,12,5,4,5
24,13,4,0,15
24,14,4,0,14
24,15,4,0,11
24,16,4,0,16
24,17,4,0,14
24,18,1,4,8
24,19,1,4,8
24,20,1,4,21
24,21,1,4,20
24,22,1,4,13
24,23,1,4,8
24,24,4,0,13
24,25,4,0,20
24,26,4,0,3
24,27,5,4,9
24,28,5,0,3
24,29,5,0,6
24,30,5,0,23
24,31,5,0,3
24,32,5,0,0
24,33,5,4,4
24,34,5,4,4
24,35,5,0,7
24,36,5,0,5
24,37,5,0,3
24,38,5,4,17
24,39,1,4,8
24,40,1,4,8
24,41,4,0,15
24,42,4,0,14
24,43,4,6,20
24,44,4,0,12
24,45,4,0,20
24,46,5,4,23
24,47,5,0,6
24,48,5,0,5
24,49,5,0,18
25,0,5,0,19
25,1,5,0,23
25,2,5,0,15
25,3,5,0,3
25,4,5,0,17
25,5,5,0,12
25,6,5,0,12
25,7,5,0,0
25,8,5,0,3
25,9,5,0,2
25,10,5,0,20
25,11,5,4,0
25,12,4,0,20
25,13,4,0,6
25,14,4,0,9
25,15,4,0,7
25,16,4,0,3
25,17,4,0,16
25,18,4,0,15
25,19,4,0,23
25,20,5,4,8
25,21,1,4,8
25,22,1,4,16
25,23,4,0,16
25,24,4,0,12
25,25,5,4,16
25,26,5,4,11
25,27,5,0,2
25,28,5,0,22
25,29,5,0,2
25,30,5,0,19
25,31,5,0,20
25,32,5,0,15
25,33,5,0,22
25,34,5,0,11
25,35,5,0,19
25,36,5,0,9
25,37,5,0,13
25,38,5,4,3
25,39,4,0,22
25,40,4,0,3
25,41,4,0,12
25,42,4,6,10
25,43,4,6,22
25,44,4,0,18
25,45,4,0,20
25,46,5,4,24
25,47,5,0,13
25,48,5,0,7
25,49,5,0,8
26,0,5,0,10
26,1,5,0,7
26,2,5,0,6
26,3,5,0,17
26,4,5,0,19
26,5,5,0,3
26,6,5,0,18
26,7,5,0,23
26,8,5,0,3
26,9,5,0,22
26,10,5,0,4
26,11,5,4,2
26,12,5,4,16
26,13,5,4,16
26,14,4,0,19
26,15,4,0,17
26,16,4,0,6
26,17,4,0,21
26,18,4,0,5
26,19,4,0,21
26,20,4,0,17
26,21,1,4,11
26,22,1,4,3
26,23,4,0,23
26,24,5,4,11
26,25,5,4,4
26,26,5,0,6
26,27,5,0,4
26,28,5,0,5
26,29,5,0,17
26,30,5,0,23
26,31,5,0,16
26,32,5,0,22
26,33,5,0,19
26,34,5,0,19
26,35,5,0,21
26,36,5,0,20
26,37,5,0,5
26,38,5,4,18
26,39,4,0,2
26,40,4,0,6
26,41,4,6,0
26,42,6,0,10
26,43,4,6,24
26,44,4,0,24
26,45,5,4,6
26,46,5,0,0
26,47,5,0,5
26,48,5,0,17
26,49,5,0,21
27,0,5,0,0
27,1,5,0,6
27,2,5,0,23
27,3,5,0,7
27,4,5,0,15
27,5,5,0,14
27,6,5,0,3
27,7,5,0,19
27,8,5,0,14
27,9,5,0,8
27,10,5,0,4
27,11,5,4,4
27,12,5,4,4
27,13,5,4,3
27,14,4,0,7
27,15,4,0,21
27,16,4,0,20
27,17,4,0,24
27,18,4,0,21
27,19,4,0,17
27,20,1,4,19
27,21,1,0,6
27,22,1,4,18
27,23,5,4,6
27,24,5,0,22
27,25,5,0,9
27,26,5,0,3
27,27,5,0,12
27,28,5,0,12
27,29,5,0,6
27,30,5,0,7
27,31,5,0,17
27,32,5,0,19
27,33,5,0,2
27,34,5,0,15
27,35,5,0,8
27,36,5,0,5
27,37,5,4,0
27,38,4,0,13
27,39,4,0,4
27,40,4,0,17
27,41,4,6,2
27,42,4,6,9
27,43,4,0,13
27,44,4,0,5
27,45,5,4,24
27,46,5,0,13
27,47,5,0,22
27,48,5,0,0
27,49,5,0,21
28,0,5,0,24
28,1,5,0,14
28,2,5,0,9
28,3,5,0,13
28,4,5,0,9
28,5,5,0,18
28,6,5,0,7
28,7,5,0,10
28,8,5,0,2
28,9,5,0,12
28,10,5,0,5
28,11,5,0,21
28,12,5,0,13
28,13,5,4,17
28,14,4,0,19
28,15,4,0,3
28,16,4,0,0
28,17,4,0,2
28,18,4,0,14
28,19,1,4,6
28,20,1,0,10
28,21,1,4,0
28,22,4,0,21
28,23,5,4,24
28,24,5,0,7
28,25,5,0,21
28,26,5,0,9
28,27,5,0,19
28,28,5,0,13
28,29,5,0,14
28,30,5,0,14
28,31,5,0,2
28,32,5,0,13
28,33,5,0,18
28,34,5,0,8
28,35,5,0,12
28,36,5,0,4
28,37,5,4,2
28,38,5,4,16
28,39,4,0,3
28,40,4,0,2
28,41,4,6,4
28,42,4,0,22
28,43,4,0,8
28,44,5,4,14
28,45,5,0,7
28,46,5,0,6
28,47,5,0,16
28,48,5,0,13
28,49,5,0,10
29,0,5,0,15
29,1,5,0,6
29,2,5,0,11
29,3,5,0,22
29,4,5,0,21
29,5,5,0,24
29,6,5,0,24
29,7,5,0,5
29,8,5,0,15
29,9,5,0,13
29,10,5,0,20
29,11,5,0,10
29,12,5,0,22
29,13,5,4,1
29,14,4,0,7
29,15,4,0,5
29,16,4,0,15
29,17,4,0,17
29,18,4,0,17
29,19,1,4,7
29,20,1,0,7
29,21,1,4,2
29,22,5,4,6
29,23,5,0,21
29,24,5,0,10
29,25,5,0,1
29,26,5,0,1
29,27,5,0,15
29,28,5,0,15
29,29,5,0,22
29,30,5,0,5
29,31,5,0,22
29,32,5,0,6
29,33,5,0,3
29,34,5,0,14
29,35,5,0,17
29,36,5,0,2
29,37,5,4,4
29,38,5,4,17
29,39,4,0,15
29,40,4,0,24
29,41,4,0,8
29,42,4,0,15
29,43,5,4,9
29,44,5,0,16
29,45,5,0,1
29,46,5,0,9
29,47,5,0,5
29,48,5,0,9
29,49,5,0,5
30,0,5,0,8
30,1,5,0,24
30,2,5,0,24
30,3,5,0,12
30,4,5,0,5
30,5,5,0,21
30,6,5,0,15
30,7,5,0,15
30,8,5,0,0
30,9,5,0,11
30,10,5,0,10
30,11,5,0,1
30,12,5,0,19
30,13,5,4,3
30,14,4,0,7
30,15,4,0,12
30,16,5,4,16
30,17,5,4,16
30,18,4,0,10
30,19,1,4,24
30,20,1,0,4
30,21,1,4,18
30,22,5,4,24
30,23,5,0,21
30,24,5,0,23
30,25,5,0,22
30,26,5,0,7
30,27,5,0,11
30,28,5,0,24
30,29,5,0,18
30,30,5,0,0
30,31,5,0,6
30,32,5,0,1
30,33,5,0,0
30,34,5,0,21
30,35,5,0,8
30,36,5,0,0
30,37,5,0,13
30,38,5,4,17
30,39,4,0,24
30,40,4,0,4
30,41,5,4,16
30,42,5,4,9
30,43,5,0,14
30,44,5,0,16
30,45,5,0,17
30,46,5,0,18
30,47,5,0,5
30,48,5,0,2
30,49,5,0,16
31,0,5,0,14
31,1,5,0,11
31,2,5,0,18
31,3,5,0,5
31,4,5,0,14
31,5,5,0,1
31,6,5,0,14
31,7,5,0,0
31,8,5,0,7
31,9,5,0,7
31,10,5,0,11
31,11,5,0,12
31,12,5,0,12
31,13,5,4,17
31,14,5,4,16
31,15,5,4,19
31,16,5,4,4
31,17,5,4,3
31,18,1,4,6
31,19,1,0,15
31,20,1,4,13
31,21,5,4,11
31,22,5,0,6
31,23,5,0,7
31,24,5,0,21
31,25,5,0,10
31,26,5,0,4
31,27,5,0,1
31,28,5,0,5
31,29,5,0,17
31,30,5,0,19
31,31,5,0,10
31,32,5,0,9
31,33,5,0,9
31,34,5,0,8
31,35,5,0,17
31,36,5,0,16
31,37,5,0,2
31,38,5,4,17
31,39,5,4,16
31,40,5,4,19
31,41,5,4,4
31,42,5,0,5
31,43,5,0,8
31,44,5,0,5
31,45,5,0,21
31,46,5,0,24
31,47,5,0,7
31,48,5,0,0
32,0,5,0,2
32,1,5,0,17
32,2,5,0,10
32,3,5,0,18
32,4,5,0,8
32,5,5,0,14
32,6,5,0,20
32,7,5,0,24
32,8,5,0,23
32,9,5,0,6
32,10,5,0,19
32,11,5,0,16
32,12,5,0,12
32,13,5,4,4
32,14,5,4,4
32,15,5,0,5
32,16,5,0,10
32,17,5,4,18
32,18,1,4,24
32,19,1,4,0
32,20,5,4,6
32,21,5,0,15
32,22,5,0,10
32,23,5,0,13
32,24,5,0,19
32,25,5,0,19
32,26,5,0,12
32,27,5,0,6
32,28,5,0,19
32,29,5,0,22
32,30,5,0,13
32,31,5,0,6
32,32,5,0,2
32,33,5,0,3
32,34,5,0,2
32,35,5,0,2
32,36,5,0,16
32,37,5,0,13
32,38,5,4,4
32,39,5,4,4
32,40,5,0,21
32,41,5,0,13
32,42,5,0,10
32,43,5,0,11
32,44,5,0,10
32,45,5,0,17
32,46,5,0,2
32,47,5,0,3
32,48,5,0,23
33,0,5,0,9
33,1,5,0,0
33,2,5,0,21
33,3,5,0,6
33,4,5,0,15
33,5,5,0,18
33,6,5,0,24
33,7,5,0,2
33,8,5,0,11
33,9,5,0,24
33,10,5,0,23
33,11,5,0,5
33,12,5,0,23
33,13,5,0,11
33,14,5,0,17
33,15,5,0,21
33,16,5,4,0
33,17,1,4,6
33,18,1,0,9
33,19,1,4,18
33,20,5,4,24
33,21,5,0,16
33,22,5,0,12
33,23,5,0,4
33,24,5,0,9
33,25,5,0,15
33,26,5,0,8
33,27,5,0,24
33,28,5,0,17
33,29,5,0,18
33,30,5,0,4
33,31,5,0,21
33,32,5,0,19
33,33,5,0,13
33,34,5,0,12
33,35,5,0,14
33,36,5,0,7
33,37,5,0,4
33,38,5,0,13
33,39,5,0,22
33,40,5,0,17
33,41,5,0,5
33,42,5,0,0
33,43,5,0,6
33,44,5,0,11
33,45,5,0,20
33,46,5,0,15
33,47,5,0,24
33,48,5,0,24
34,0,5,0,9
34,1,5,0,13
34,2,5,0,17
34,3,5,0,19
34,4,5,0,2
34,5,5,0,23
34,6,5,0,15
34,7,5,0,4
34,8,5,0,7
34,9,5,0,22
34,10,5,0,2
34,11,5,0,21
34,12,5,0,6
34,13,5,0,19
34,14,5,0,0
34,15,5,0,10
34,16,5,4,18
34,17,1,4,24
34,18,1,4,0
34,19,5,4,6
34,20,5,0,8
34,21,5,0,5
34,22,5,0,10
34,23,5,0,0
34,24,5,0,17
34,25,5,0,2
34,26,5,0,5
34,27,5,0,5
34,28,5,0,7
34,29,5,0,17
34,30,5,0,11
34,31,5,0,7
34,32,5,0,8
34,33,5,0,8
34,34,5,0,14
34,35,5,0,9
34,36,5,0,17
34,37,5,0,1
34,38,5,0,14
34,39,5,0,16
34,40,5,0,0
34,41,5,0,10
34,42,5,0,3
34,43,5,0,7
34,44,5,0,19
34,45,5,0,24
34,46,5,0,0
34,47,5,0,2
34,48,5,0,14
35,0,5,0,8
35,1,5,0,9
35,2,5,0,4
35,3,5,0,4
35,4,5,0,8
35,5,5,0,6
35,6,5,0,10
35,7,5,0,3
35,8,5,0,2
35,9,5,0,24
35,10,5,0,11
35,11,5,0,4
35,12,5,0,0
35,13,5,0,16
35,14,5,0,6
35,15,5,4,10
35,16,1,4,9
35,17,1,0,14
35,18,1,4,18
35,19,5,4,24
35,20,5,0,9
35,21,5,0,8
35,22,5,0,19
35,23,5,0,1
35,24,5,0,1
35,25,5,0,6
35,26,5,0,13
35,27,5,0,12
35,28,5,0,10
35,29,5,0,17
35,30,5,0,21
35,31,5,0,19
35,32,5,0,5
35,33,5,0,14
35,34,5,0,23
35,35,5,0,5
35,36,5,0,2
35,37,5,0,17
35,38,5,0,14
35,39,5,0,3
35,40,5,0,5
35,41,5,0,23
35,42,5,0,7
35,43,5,0,6
35,44,5,0,20
35,45,5,0,20
35,46,5,0,22
35,47,5,0,14
35,48,5,0,13
36,0,5,0,5
36,1,5,0,20
36,2,5,0,8
36,3,5,0,20
36,4,5,0,22
36,5,5,0,7
36,6,5,0,20
36,7,5,0,2
36,8,5,0,16
36,9,5,0,19
36,10,5,0,11
36,11,5,0,23
36,12,5,0,15
36,13,5,0,12
36,14,5,4,15
36,15,1,4,6
36,16,1,0,4
36,17,1,4,0
36,18,5,4,11
36,19,5,0,11
36,20,5,0,19
36,21,5,0,17
36,22,5,0,1
36,23,5,0,19
36,24,5,0,22
36,25,5,0,17
36,26,5,0,18
36,27,5,0,21
36,28,5,0,9
36,29,5,0,10
36,30,5,0,4
36,31,5,0,17
36,32,5,0,6
36,33,5,0,0
36,34,5,0,24
36,35,5,0,6
36,36,5,0,1
36,37,5,0,11
36,38,5,0,23
36,39,5,0,1
36,40,5,0,10
36,41,5,0,12
36,42,5,0,15
36,43,5,0,16
36,44,5,0,5
36,45,5,0,11
36,46,5,0,1
36,47,5,0,7
36,48,5,0,10
37,0,5,0,19
37,1,5,0,21
37,2,5,0,21
37,3,5,0,8
37,4,5,0,20
37,5,5,0,15
37,6,5,0,12
37,7,5,0,23
37,8,5,0,21
37,9,5,0,11
37,10,5,0,4
37,11,5,0,18
37,12,5,0,3
37,13,5,4,15
37,14,4,0,6
37,15,1,4,24
37,16,1,0,21
37,17,1,4,18
37,18,5,0,1
37,19,5,0,11
37,20,5,0,21
37,21,5,0,24
37,22,5,0,21
37,23,5,0,24
37,24,5,0,18
37,25,5,0,7
37,26,5,0,15
37,27,5,0,8
37,28,5,0,3
37,29,5,0,21
37,30,5,0,8
37,31,5,0,13
37,32,5,0,15
37,33,5,0,7
37,34,5,0,1
37,35,5,0,12
37,36,5,0,9
37,37,5,0,17
37,38,5,0,10
37,39,5,0,9
37,40,5,0,0
37,41,5,0,3
37,42,5,0,1
37,43,5,0,0
37,44,5,0,20
37,45,5,0,8
37,46,5,0,20
37,47,5,0,15
37,48,5,0,4
38,0,5,0,2
38,1,5,0,2
38,2,5,0,8
38,3,5,0,2
38,4,5,0,20
38,5,5,0,20
38,6,5,0,16
38,7,5,0,21
38,8,5,0,12
38,9,5,0,5
38,10,5,0,19
38,11,5,0,6
38,12,5,4,0
38,13,5,4,16
38,14,1,4,6
38,15,1,0,15
38,16,1,4,5
38,17,5,4,24
38,18,5,0,7
38,19,5,0,8
38,20,5,0,2
38,21,5,0,20
38,22,5,0,8
38,23,5,0,19
38,24,5,0,11
38,25,5,0,6
38,26,5,0,10
38,27,5,0,24
38,28,5,0,3
38,29,5,0,17
38,30,5,0,5
38,31,5,0,22
38,32,5,0,14
38,33,5,0,2
38,34,5,0,19
38,35,5,0,10
38,36,5,0,17
38,37,5,0,23
38,38,5,0,17
38,39,5,0,21
38,40,5,0,3
38,41,5,0,15
38,42,5,0,1
38,43,5,0,1
38,44,5,0,17
38,45,5,0,15
38,46,5,0,2
38,47,5,0,24
38,48,5,0,22
39,0,5,0,2
39,1,5,0,19
39,2,5,0,4
39,3,5,0,19
39,4,5,0,16
39,5,5,0,14
39,6,5,0,18
39,7,5,0,20
39,8,5,0,16
39,9,5,0,14
39,10,5,0,24
39,11,5,0,14
39,12,5,4,4
39,13,5,4,3
39,14,1,4,23
39,15,1,4,10
39,16,5,4,6
39,17,5,0,0
39,18,5,0,3
39,19,5,0,19
39,20,5,0,6
39,21,5,0,17
39,22,5,0,21
39,23,5,0,14
39,24,5,0,7
39,25,5,0,8
39,26,5,0,1
39,27,5,0,8
39,28,5,0,9
39,29,5,0,1
39,30,5,0,21
39,31,5,0,0
39,32,5,0,23
39,33,5,0,18
39,34,5,0,15
39,35,5,0,8
39,36,5,0,2
39,37,5,0,3
39,38,5,0,3
39,39,5,0,22
39,40,5,0,22
39,41,5,0,3
39,42,5,0,6
39,43,5,0,12
39,44,5,0,6
39,45,5,0,16
39,46,5,0,22
39,47,5,0,10
39,48,5,0,3
40,0,5,0,11
40,1,5,0,2
40,2,5,0,20
40,3,5,0,13
40,4,5,0,14
40,5,5,0,14
40,6,5,0,20
40,7,5,0,2
40,8,5,0,23
40,9,5,0,6
40,10,5,0,0
40,11,5,0,21
40,12,5,0,21
40,13,5,4,2
40,14,1,4,8
40,15,4,0,13
40,16,5,4,24
40,17,5,0,9
40,18,5,0,7
40,19,5,0,18
40,20,5,0,24
40,21,5,0,1
40,22,5,0,23
40,23,5,0,9
40,24,5,0,0
40,25,5,0,11
40,26,5,0,18
40,27,5,0,22
40,28,5,0,22
40,29,5,0,13
40,30,5,0,24
40,31,5,0,2
40,32,5,0,5
40,33,5,0,0
40,34,5,0,20
40,35,5,0,12
40,36,5,0,12
40,37,5,0,21
40,38,5,0,19
40,39,5,0,11
40,40,5,0,1
40,41,5,0,10
40,42,5,0,1
40,43,5,0,8
40,44,5,0,2
40,45,5,0,0
40,46,5,0,17
40,47,5,0,21
40,48,5,0,18
41,0,5,0,24
41,1,5,0,5
41,2,5,0,0
41,3,5,0,10
41,4,5,0,12
41,5,5,0,19
41,6,5,0,0
41,7,5,0,18
41,8,5,0,5
41,9,5,0,14
41,10,5,0,6
41,11,5,0,3
41,12,5,0,19
41,13,5,4,18
41,14,4,0,19
41,15,5,4,14
41,16,5,0,2
41,17,5,0,0
41,18,5,0,19
41,19,5,0,22
41,20,5,0,9
41,21,5,0,20
41,22,5,0,24
41,23,5,0,4
41,24,5,0,5
41,25,5,0,16
41,26,5,0,20
41,27,5,0,13
41,28,5,0,1
41,29,5,0,19
41,30,5,0,4
41,31,5,0,0
41,32,5,0,18
41,33,5,0,13
41,34,5,0,17
41,35,5,0,16
41,36,5,0,3
41,37,5,0,2
41,38,5,0,20
41,39,5,0,16
41,40,5,0,16
41,41,5,0,15
41,42,5,0,10
41,43,5,0,6
41,44,5,0,10
41,45,5,0,2
41,46,5,0,21
41,47,5,0,17
41,48,5,0,5
42,0,5,0,8
42,1,5,0,17
42,2,5,0,23
42,3,5,0,12
42,4,5,0,24
42,5,5,0,1
42,6,5,0,17
42,7,5,0,23
42,8,5,0,14
42,9,5,0,14
42,10,5,0,15
42,11,5,0,17
42,12,5,4,0
42,13,4,0,9
42,14,5,4,6
42,15,5,0,9
42,16,5,0,4
42,17,5,0,23
42,18,5,0,8
42,19,5,0,23
42,20,5,0,15
42,21,5,0,17
42,22,5,0,17
42,23,5,0,8
42,24,5,0,11
42,25,5,0,17
42,26,5,0,20
42,27,5,0,11
42,28,5,0,18
42,29,5,0,18
42,30,5,0,22
42,31,5,0,20
42,32,5,0,19
42,33,5,0,6
42,34,5,0,8
42,35,5,0,0
42,36,5,0,3
42,37,5,0,14
42,38,5,0,18
42,39,5,0,0
42,40,5,0,14
42,41,5,0,1
42,42,5,0,22
42,43,5,0,3
42,44,5,0,22
42,45,5,0,15
42,46,5,0,10
42,47,5,0,18
42,48,5,0,17
43,0,5,0,3
43,1,5,0,23
43,2,5,0,16
43,3,5,0,19
43,4,5,0,19
43,5,5,0,16
43,6,5,0,10
43,7,5,0,7
43,8,5,0,8
43,9,5,0,1
43,10,5,0,7
43,11,5,0,10
43,12,5,4,18
43,13,4,0,11
43,14,5,4,24
43,15,5,0,4
43,16,5,0,21
43,17,5,0,2
43,18,5,0,20
43,19,5,0,14
43,20,5,0,2
43,21,5,0,9
43,22,5,0,24
43,23,5,0,10
43,24,5,0,3
43,25,5,0,13
43,26,5,0,19
43,27,5,0,3
43,28,5,0,8
43,29,5,0,18
43,30,5,0,7
43,31,5,0,21
43,32,5,0,18
43,33,5,0,10
43,34,5,0,13
43,35,5,0,4
43,36,5,0,7
43,37,5,0,1
43,38,5,0,13
43,39,5,0,5
43,40,5,0,20
43,41,5,0,22
43,42,5,0,6
43,43,5,0,11
43,44,5,0,19
43,45,5,0,16
43,46,5,0,22
43,47,5,0,7
43,48,5,0,1
44,0,5,0,5
44,1,5,0,1
44,2,5,0,11
44,3,5,0,16
44,4,5,0,11
44,5,5,0,19
44,6,5,0,1
44,7,5,0,3
44,8,5,0,8
44,9,5,0,16
44,10,5,0,9
44,11,5,4,0
44,12,4,0,24
44,13,5,4,6
44,14,5,0,6
44,15,5,0,0
44,16,5,0,23
44,17,5,0,0
44,18,5,0,1
44,19,5,0,18
44,20,5,0,24
44,21,5,0,4
44,22,5,0,20
44,23,5,0,16
44,24,5,0,12
44,25,5,0,3
44,26,5,0,7
44,27,5,0,13
44,28,5,0,7
44,29,5,0,7
44,30,5,0,1
44,31,5,0,18
44,32,5,0,17
44,33,5,0,19
44,34,5,0,15
44,35,5,0,13
44,36,5,0,13
44,37,5,0,8
44,38,5,0,20
44,39,5,0,6
44,40,5,0,0
44,41,5,0,21
44,42,5,0,0
44,43,5,0,21
44,44,5,0,8
44,45,5,0,18
44,46,5,0,1
44,47,5,0,14
44,48,5,0,5
45,0,5,0,18
45,1,5,0,9
45,2,5,0,8
45,3,5,0,21
45,4,5,0,1
45,5,5,0,5
45,6,5,0,11
45,7,5,0,5
45,8,5,0,20
45,9,5,0,5
45,10,5,0,16
45,11,5,4,18
45,12,4,0,1
45,13,5,4,22
45,14,5,0,1
45,15,5,0,18
45,16,5,0,15
45,17,5,0,8
45,18,5,0,4
45,19,5,0,9
45,20,5,0,24
45,21,5,0,0
45,22,5,0,21
45,23,5,0,13
45,24,5,0,13
45,25,5,0,14
45,26,5,0,21
45,27,5,0,11
45,28,5,0,19
45,29,5,0,18
45,30,5,0,19
45,31,5,0,24
45,32,5,0,19
45,33,5,0,17
45,34,5,0,21
45,35,5,0,22
45,36,5,0,10
45,37,5,0,17
45,38,5,0,23
45,39,5,0,2
45,40,5,0,23
45,41,5,0,22
45,42,5,0,10
45,43,5,0,5
45,44,5,0,7
45,45,5,0,6
45,46,5,0,7
45,47,5,0,10
45,48,5,0,10
46,0,5,0,19
46,1,5,0,9
46,2,5,0,18
46,3,5,0,8
46,4,5,0,0
46,5,5,0,23
46,6,5,0,13
46,7,5,0,21
46,8,5,0,5
46,9,5,0,4
46,10,5,4,0
46,11,4,0,3
46,12,4,0,23
46,13,5,4,21
46,14,5,0,7
46,15,5,0,17
46,16,5,0,18
46,17,5,0,24
46,18,5,0,8
46,19,5,0,10
46,20,5,0,7
46,21,5,0,7
46,22,5,0,11
46,23,5,0,2
46,24,5,0,5
46,25,5,0,23
46,26,5,0,24
46,27,5,0,22
46,28,5,0,5
46,29,5,0,10
46,30,5,0,2
46,31,5,0,16
46,32,5,0,19
46,33,5,0,20
46,34,5,0,24
46,35,5,0,22
46,36,5,0,5
46,37,5,0,9
46,38,5,0,23
46,39,5,0,15
46,40,5,0,12
46,41,5,0,0
46,42,5,0,2
46,43,5,0,17
46,44,5,0,7
46,45,5,0,16
46,46,5,0,21
46,47,5,0,9
46,48,5,0,3
47,0,5,0,7
47,1,5,0,22
47,2,5,0,16
47,3,5,0,20
47,4,5,0,3
47,5,5,0,1
47,6,5,0,22
47,7,5,0,17
47,8,5,0,19
47,9,5,0,15
47,10,5,4,17
47,11,4,0,5
47,12,4,0,20
47,13,5,4,24
47,14,5,0,8
47,15,5,0,14
47,16,5,0,17
47,17,5,0,17
47,18,5,0,15
47,19,5,0,0
47,20,5,0,12
47,21,5,0,1
47,22,5,0,20
47,23,5,0,14
47,24,5,0,7
47,25,5,0,16
47,26,5,0,17
47,27,5,0,18
47,28,5,0,5
47,29,5,0,20
47,30,5,0,10
47,31,5,0,3
47,32,5,0,0
47,33,5,0,15
47,34,5,0,19
47,35,5,0,16
47,36,5,0,5
47,37,5,0,9
47,38,5,0,24
47,39,5,0,0
47,40,5,0,6
47,41,5,0,19
47,42,5,0,24
47,43,5,0,10
47,44,5,0,7
47,45,5,0,7
47,46,5,0,4
47,47,5,0,21
47,48,5,0,15
48,0,5,0,2
48,1,5,0,2
48,2,5,0,23
48,3,5,0,13
48,4,5,0,16
48,5,5,0,22
48,6,5,0,24
48,7,5,0,2
48,8,5,0,5
48,9,5,0,22
48,10,5,4,18
48,11,1,4,16
48,12,5,4,6
48,13,5,0,14
48,14,5,0,4
48,15,5,0,23
48,16,5,0,7
48,17,5,0,15
48,18,5,0,10
48,19,5,0,1
48,20,5,0,3
48,21,5,0,19
48,22,5,0,23
48,23,5,0,13
48,24,5,0,8
48,25,5,0,5
48,26,5,0,17
48,27,5,0,19
48,28,5,0,0
48,29,5,0,4
48,30,5,0,2
48,31,5,0,23
48,32,5,0,14
48,33,5,0,4
48,34,5,0,8
48,35,5,0,24
48,36,5,0,5
48,37,5,0,0
48,38,5,0,21
48,39,5,0,16
48,40,5,0,2
48,41,5,0,3
48,42,5,0,23
48,43,5,0,18
48,44,5,0,15
48,45,5,0,22
48,46,5,0,22
48,47,5,0,1
48,48,5,0,0
49,0,5,0,17
49,1,5,0,16
49,2,5,0,20
49,3,5,0,3
49,4,5,0,24
49,5,5,0,8
49,6,5,0,17
49,7,5,0,21
49,8,5,0,18
49,9,5,4,0
49,10,1,4,14
49,11,1,4,1
49,12,5,4,21
49,13,5,0,20
49,14,5,0,5
49,15,5,0,22
49,16,5,0,11
49,17,5,0,22
49,18,5,0,13
49,19,5,0,13
49,20,5,0,2
49,21,5,0,16
49,22,5,0,4
49,23,5,0,20
49,24,5,0,12
49,25,5,0,8
49,26,5,0,16
49,27,5,0,11
49,28,5,0,24
49,29,5,0,0
49,30,5,0,5
49,31,5,0,17
49,32,5,0,3
49,33,5,0,14
49,34,5,0,6
49,35,5,0,5
49,36,5,0,20
49,37,5,0,7
49,38,5,0,20
49,39,5,0,22
49,40,5,4,20
49,41,5,0,4
49,42,5,0,13
49,43,5,0,13
49,44,5,0,15
49,45,5,0,16
49,46,5,0,15
49,47,5,0,21
49,48,5,0,9
50,0,5,0,8
50,1,5,0,11
50,2,5,0,6
50,3,5,0,4
50,4,5,0,2
50,5,5,0,2
50,6,5,0,8
50,7,5,0,15
50,8,5,0,10
50,9,1,4,6
50,10,1,0,3
50,11,1,4,17
50,12,5,4,23
50,13,5,0,3
50,14,5,0,8
50,15,5,0,5
50,16,5,0,17
50,17,5,0,11
50,18,5,0,2
50,19,5,0,19
50,20,5,0,0
50,21,5,0,19
50,22,5,0,23
50,23,5,0,16
50,24,5,0,0
50,25,5,0,9
50,26,5,0,24
50,27,5,0,21
50,28,5,0,2
50,29,5,0,9
50,30,5,0,20
50,31,5,0,18
50,32,5,0,16
50,33,5,0,14
50,34,5,0,6
50,35,5,0,11
50,36,5,0,15
50,37,5,0,6
50,38,5,0,23
50,39,5,4,10
50,40,5,4,21
50,41,5,0,8
50,42,5,0,23
50,43,5,0,9
50,44,5,0,10
50,45,5,0,22
50,46,5,0,2
50,47,5,0,6
50,48,5,0,21
51,0,5,0,1
51,1,5,0,22
51,2,5,0,15
51,3,5,0,15
51,4,5,0,22
51,5,5,0,13
51,6,5,0,15
51,7,5,0,23
51,8,5,4,13
51,9,1,4,22
51,10,1,0,11
51,11,1,4,2
51,12,5,4,24
51,13,5,0,9
51,14,5,0,23
51,15,5,0,3
51,16,5,0,11
51,17,5,0,14
51,18,5,0,22
51,19,5,0,8
51,20,5,0,22
51,21,5,0,12
51,22,5,0,18
51,23,5,0,0
51,24,5,0,13
51,25,5,0,8
51,26,5,0,21
51,27,5,0,19
51,28,5,0,0
51,29,5,0,17
51,30,5,0,24
51,31,5,0,22
51,32,5,0,12
51,33,5,0,3
51,34,5,0,24
51,35,5,0,4
51,36,5,0,14
51,37,5,0,1
51,38,5,4,15
51,39,4,0,2
51,40,5,4,22
51,41,5,0,15
51,42,5,0,6
51,43,5,0,11
51,44,5,0,12
51,45,5,0,12
51,46,5,0,18
51,47,5,0,20
51,48,5,0,13
52,0,5,0,20
52,1,5,0,7
52,2,5,0,4
52,3,5,0,15
52,4,5,0,4
52,5,5,0,19
52,6,5,0,3
52,7,5,4,0
52,8,4,0,16
52,9,1,4,24
52,10,1,0,6
52,11,1,4,18
52,12,5,0,23
52,13,5,0,18
52,14,5,0,14
52,15,5,0,1
52,16,5,0,19
52,17,5,0,12
52,18,5,0,22
52,19,5,0,3
52,20,5,0,7
52,21,5,0,20
52,22,5,0,16
52,23,5,0,17
52,24,5,0,10
52,25,5,0,3
52,26,5,0,6
52,27,5,0,16
52,28,5,0,5
52,29,5,0,0
52,30,5,0,16
52,31,5,0,14
52,32,5,0,16
52,33,5,0,11
52,34,5,0,7
52,35,5,0,7
52,36,5,0,1
52,37,5,4,10
52,38,4,0,10
52,39,4,6,20
52,40,5,4,21
52,41,5,0,8
52,42,5,0,3
52,43,5,0,23
52,44,5,0,22
52,45,5,0,23
52,46,5,0,22
52,47,5,0,24
52,48,5,0,13
53,0,5,0,6
53,1,5,0,1
53,2,5,0,21
53,3,5,0,3
53,4,5,0,4
53,5,5,0,5
53,6,5,0,19
53,7,5,4,18
53,8,1,4,6
53,9,1,0,7
53,10,1,4,13
53,11,5,4,22
53,12,5,4,20
53,13,5,0,6
53,14,5,0,19
53,15,5,0,14
53,16,5,0,17
53,17,5,0,1
53,18,5,0,0
53,19,5,0,3
53,20,5,0,22
53,21,5,0,7
53,22,5,0,9
53,23,5,0,0
53,24,5,0,16
53,25,5,0,23
53,26,5,0,22
53,27,5,0,2
53,28,5,0,20
53,29,5,0,4
53,30,5,0,11
53,31,5,0,15
53,32,5,0,24
53,33,5,0,5
53,34,5,0,0
53,35,5,0,19
53,36,5,4,5
53,37,4,0,17
53,38,4,6,15
53,39,4,6,7
53,40,5,4,22
53,41,5,0,18
53,42,5,0,19
53,43,5,0,2
53,44,5,0,21
53,45,5,0,11
53,46,5,0,12
53,47,5,0,19
53,48,5,0,16
54,0,5,0,15
54,1,5,0,4
54,2,5,0,5
54,3,5,0,21
54,4,5,0,12
54,5,5,0,15
54,6,5,4,0
54,7,4,0,0
54,8,1,4,23
54,9,1,4,13
54,10,4,0,15
54,11,5,4,8
54,12,5,4,22
54,13,5,0,6
54,14,5,0,18
54,15,5,0,13
54,16,5,0,3
54,17,5,0,3
54,18,5,0,21
54,19,5,0,2
54,20,5,0,4
54,21,5,0,4
54,22,5,0,23
54,23,5,0,14
54,24,5,0,2
54,25,5,0,6
54,26,5,0,6
54,27,5,0,13
54,28,5,0,20
54,29,5,0,14
54,30,5,0,21
54,31,5,0,14
54,32,5,0,8
54,33,5,0,8
54,34,5,0,0
54,35,5,4,0
54,36,4,0,6
54,37,4,6,0
54,38,6,0,9
54,39,4,6,24
54,40,5,4,24
54,41,5,0,14
54,42,5,0,22
54,43,5,0,14
54,44,5,0,20
54,45,5,0,16
54,46,5,0,24
54,47,5,0,15
54,48,5,0,14
55,0,5,0,3
55,1,5,0,4
55,2,5,0,22
55,3,5,0,9
55,4,5,0,23
55,5,5,0,18
55,6,5,4,18
55,7,4,0,12
55,8,1,4,8
55,9,4,0,10
55,10,4,0,24
55,11,4,0,19
55,12,5,4,24
55,13,5,0,2
55,14,5,0,0
55,15,5,0,10
55,16,5,0,1
55,17,5,0,7
55,18,5,0,11
55,19,5,0,16
55,20,5,0,16
55,21,5,0,24
55,22,5,0,21
55,23,5,0,0
55,24,5,0,8
55,25,5,0,10
55,26,5,0,3
55,27,5,0,22
55,28,5,0,15
55,29,5,0,4
55,30,5,0,7
55,31,5,0,22
55,32,5,0,17
55,33,5,0,13
55,34,5,0,21
55,35,5,4,1
55,36,5,4,16
55,37,4,6,1
55,38,4,6,11
55,39,5,4,6
55,40,5,0,22
55,41,5,0,2
55,42,5,0,4
55,43,5,0,5
55,44,5,0,1
55,45,5,0,24
55,46,5,0,5
55,47,5,0,17
55,48,5,0,13
56,0,5,0,22
56,1,5,0,9
56,2,5,0,2
56,3,5,0,6
56,4,5,0,10
56,5,5,4,0
56,6,4,0,8
56,7,4,0,0
56,8,4,6,20
56,9,4,0,14
56,10,4,0,5
56,11,5,4,6
56,12,5,0,11
56,13,5,0,7
56,14,5,0,4
56,15,5,0,8
56,16,5,0,4
56,17,5,0,1
56,18,5,0,0
56,19,5,0,9
56,20,5,0,23
56,21,5,0,15
56,22,5,0,2
56,23,5,0,17
56,24,5,0,10
56,25,5,0,19
56,26,5,0,17
56,27,5,0,1
56,28,5,0,9
56,29,5,0,6
56,30,5,0,6
56,31,5,0,19
56,32,5,0,5
56,33,5,0,19
56,34,5,0,13
56,35,5,4,4
56,36,5,4,18
56,37,4,6,4
56,38,4,0,7
56,39,5,4,24
56,40,5,0,13
56,41,5,0,17
56,42,5,0,1
56,43,5,0,4
56,44,5,0,14
56,45,5,0,12
56,46,5,0,2
56,47,5,0,4
56,48,5,0,15
57,0,5,0,8
57,1,5,0,23
57,2,5,0,5
57,3,5,0,18
57,4,5,0,22
57,5,5,4,2
57,6,4,0,24
57,7,4,6,15
57,8,4,6,22
57,9,4,0,4
57,10,5,4,16
57,11,5,4,24
57,12,5,0,9
57,13,5,0,20
57,14,5,0,12
57,15,5,0,10
57,16,5,0,23
57,17,5,0,14
57,18,5,0,22
57,19,5,0,17
57,20,5,0,22
57,21,5,0,13
57,22,5,0,21
57,23,5,0,2
57,24,5,0,11
57,25,5,0,14
57,26,5,0,12
57,27,5,0,6
57,28,5,0,11
57,29,5,0,18
57,30,5,0,2
57,31,5,0,21
57,32,5,0,4
57,33,5,0,21
57,34,5,0,8
57,35,5,4,0
57,36,4,0,9
57,37,4,0,18
57,38,5,4,9
57,39,5,0,1
57,40,5,0,5
57,41,5,0,15
57,42,5,0,16
57,43,5,0,13
57,44,5,0,14
57,45,5,0,2
57,46,5,0,10
57,47,5,0,14
57,48,5,0,5
58,0,5,0,7
58,1,5,0,7
58,2,5,0,15
58,3,5,0,14
58,4,5,0,24
58,5,5,4,18
58,6,4,6,0
58,7,6,0,22
58,8,4,6,24
58,9,5,4,14
58,10,5,4,4
58,11,5,0,8
58,12,5,0,14
58,13,5,0,3
58,14,5,0,18
58,15,5,0,5
58,16,5,0,17
58,17,5,0,20
58,18,5,0,0
58,19,5,0,20
58,20,5,0,18
58,21,5,0,10
58,22,5,0,6
58,23,5,0,6
58,24,5,0,19
58,25,5,0,11
58,26,5,0,17
58,27,5,0,24
58,28,5,0,15
58,29,5,0,5
58,30,5,0,5
58,31,5,0,3
58,32,5,0,17
58,33,5,0,22
58,34,5,0,4
58,35,5,4,3
58,36,4,0,17
58,37,5,4,6
58,38,5,0,10
58,39,5,0,20
58,40,5,0,4
58,41,5,0,0
58,42,5,0,18
58,43,5,0,11
58,44,5,0,24
58,45,5,0,21
58,46,5,0,8
58,47,5,0,5
58,48,5,0,5
59,0,5,0,1
59,1,5,0,19
59,2,5,0,12
59,3,5,0,10
59,4,5,4,0
59,5,4,0,19
59,6,4,6,2
59,7,4,6,19
59,8,5,4,11
59,9,5,0,16
59,10,5,0,6
59,11,5,0,19
59,12,5,0,20
59,13,5,0,0
59,14,5,0,21
59,15,5,0,15
59,16,5,0,15
59,17,5,0,17
59,18,5,0,9
59,19,5,0,24
59,20,5,0,24
59,21,5,0,17
59,22,5,0,6
59,23,5,0,17
59,24,5,0,14
59,25,5,0,11
59,26,5,0,23
59,27,5,0,4
59,28,5,0,17
59,29,5,0,5
59,30,5,0,17
59,31,5,0,9
59,32,5,0,11
59,33,5,0,6
59,34,5,0,20
59,35,5,4,18
59,36,4,0,22
59,37,5,4,21
59,38,5,0,12
59,39,5,0,2
59,40,5,0,20
59,41,5,0,24
59,42,5,0,6
59,43,5,0,1
59,44,5,0,2
59,45,5,0,16
59,46,5,0,21
59,47,5,0,8
59,48,5,0,0
60,0,5,0,1
60,1,5,0,20
60,2,5,0,9
60,3,5,0,20
60,4,5,4,1
60,5,4,0,3
60,6,4,6,4
60,7,5,4,6
60,8,5,0,3
60,9,5,0,3
60,10,5,0,19
60,11,5,0,2
60,12,5,0,0
60,13,5,0,0
60,14,5,0,17
60,15,5,0,23
60,16,5,0,14
60,17,5,0,15
60,18,5,0,14
60,19,5,0,0
60,20,5,0,6
60,21,5,0,12
60,22,5,0,13
60,23,5,0,8
60,24,5,0,8
60,25,5,0,8
60,26,5,0,20
60,27,5,0,2
60,28,5,0,13
60,29,5,0,24
60,30,5,0,6
60,31,5,0,14
60,32,5,0,23
60,33,5,0,12
60,34,5,4,0
60,35,4,0,8
60,36,4,0,0
60,37,5,4,21
60,38,5,0,17
60,39,5,0,16
60,40,5,0,1
60,41,5,0,24
60,42,5,0,15
60,43,5,0,16
60,44,5,0,10
60,45,5,0,6
60,46,5,0,22
60,47,5,0,17
60,48,5,0,6
61,0,5,0,13
61,1,5,0,3
61,2,5,0,16
61,3,5,0,12
61,4,5,4,18
61,5,4,0,15
61,6,4,0,3
61,7,5,4,24
61,8,5,0,2
61,9,5,0,21
61,10,5,0,13
61,11,5,0,14
61,12,5,0,17
61,13,5,0,6
61,14,5,0,6
61,15,5,0,11
61,16,5,0,17
61,17,5,0,20
61,18,5,0,3
61,19,5,0,17
61,20,5,0,1
61,21,5,0,18
61,22,5,0,9
61,23,5,0,4
61,24,5,0,6
61,25,5,0,20
61,26,5,0,0
61,27,5,0,2
61,28,5,0,24
61,29,5,0,14
61,30,5,0,20
61,31,5,0,0
61,32,5,0,23
61,33,5,0,16
61,34,5,4,18
61,35,4,0,20
61,36,4,0,12
61,37,5,4,24
61,38,5,0,2
61,39,5,0,19
61,40,5,0,18
61,41,5,0,1
61,42,5,0,2
61,43,5,0,8
61,44,5,0,11
61,45,5,0,5
61,46,5,0,24
61,47,5,0,21
61,48,5,0,18
62,0,5,0,0
62,1,5,0,20
62,2,5,0,7
62,3,5,4,0
62,4,5,4,16
62,5,4,0,16
62,6,5,4,6
62,7,5,0,5
62,8,5,0,8
62,9,5,0,17
62,10,5,0,13
62,11,5,0,24
62,12,5,0,14
62,13,5,0,6
62,14,5,0,4
62,15,5,0,14
62,16,5,0,1
62,17,5,0,22
62,18,5,0,21
62,19,5,0,24
62,20,5,0,12
62,21,5,0,5
62,22,5,0,19
62,23,5,0,18
62,24,5,0,11
62,25,5,0,24
62,26,5,0,16
62,27,5,0,19
62,28,5,0,17
62,29,5,0,19
62,30,5,0,8
62,31,5,0,4
62,32,5,0,18
62,33,5,4,0
62,34,4,0,19
62,35,4,0,22
62,36,5,4,6
62,37,5,0,16
62,38,5,0,24
62,39,5,0,14
62,40,5,0,15
62,41,5,0,0
62,42,5,0,8
62,43,5,0,12
62,44,5,0,15
62,45,5,0,10
62,46,5,0,0
62,47,5,0,3
62,48,5,0,7
63,0,5,0,23
63,1,5,0,12
63,2,5,0,4
63,3,5,4,4
63,4,5,4,3
63,5,5,4,16
63,6,5,4,24
63,7,5,0,12
63,8,5,0,3
63,9,5,0,16
63,10,5,0,23
63,11,5,0,24
63,12,5,0,9
63,13,5,0,13
63,14,5,0,10
63,15,5,0,14
63,16,5,0,22
63,17,5,0,14
63,18,5,0,8
63,19,5,0,5
63,20,5,0,9
63,21,5,0,24
63,22,5,0,22
63,23,5,0,1
63,24,5,0,13
63,25,5,0,1
63,26,5,0,11
63,27,5,0,23
63,28,5,0,24
63,29,5,0,15
63,30,5,0,6
63,31,5,0,21
63,32,5,0,10
63,33,5,4,18
63,34,4,0,17
63,35,4,0,11
63,36,5,4,23
63,37,5,4,20
63,38,5,0,13
63,39,5,0,16
63,40,5,0,23
63,41,5,0,3
63,42,5,0,12
63,43,5,0,10
63,44,5,0,14
63,45,5,0,12
63,46,5,0,24
63,47,5,0,1
63,48,5,0,10
64,0,5,0,23
64,1,5,0,9
64,2,5,0,1
64,3,5,0,15
64,4,5,4,4
64,5,5,4,4
64,6,5,0,17
64,7,5,0,11
64,8,5,0,19
64,9,5,0,15
64,10,5,0,19
64,11,5,0,6
64,12,5,0,7
64,13,5,0,4
64,14,5,0,17
64,15,5,0,16
64,16,5,0,16
64,17,5,0,4
64,18,5,0,4
64,19,5,0,12
64,20,5,0,14
64,21,5,0,18
64,22,5,0,23
64,23,5,0,6
64,24,5,0,1
64,25,5,0,2
64,26,5,0,14
64,27,5,0,24
64,28,5,0,19
64,29,5,0,6
64,30,5,0,8
64,31,5,0,22
64,32,5,4,0
64,33,5,4,16
64,34,4,0,19
64,35,4,0,11
64,36,5,4,8
64,37,5,4,24
64,38,5,0,10
64,39,5,0,11
64,40,5,0,14
64,41,5,0,12
64,42,5,0,23
64,43,5,0,0
64,44,5,0,2
64,45,5,0,10
64,46,5,0,7
64,47,5,0,14
64,48,5,0,18
65,0,5,0,10
65,1,5,0,13
65,2,5,0,5
65,3,5,0,18
65,4,5,0,23
65,5,5,0,5
65,6,5,0,4
65,7,5,0,17
65,8,5,0,2
65,9,5,0,7
65,10,5,0,11
65,11,5,0,9
65,12,5,0,0
65,13,5,0,18
65,14,5,0,18
65,15,5,0,22
65,16,5,0,14
65,17,5,0,16
65,18,5,0,3
65,19,5,0,9
65,20,5,0,8
65,21,5,0,11
65,22,5,0,19
65,23,5,0,13
65,24,5,0,17
65,25,5,0,23
65,26,5,0,9
65,27,5,0,14
65,28,5,0,6
65,29,5,0,12
65,30,5,0,13
65,31,5,0,9
65,32,5,4,4
65,33,5,4,1
65,34,4,0,20
65,35,1,4,16
65,36,5,4,6
65,37,5,0,7
65,38,5,0,2
65,39,5,0,12
65,40,5,0,13
65,41,5,0,11
65,42,5,0,7
65,43,5,0,18
65,44,5,0,10
65,45,5,0,8
65,46,5,0,9
65,47,5,0,0
65,48,5,0,23
66,0,5,0,9
66,1,5,0,6
66,2,5,0,19
66,3,5,0,4
66,4,5,0,10
66,5,5,0,21
66,6,5,0,6
66,7,5,0,10
66,8,5,0,20
66,9,5,0,12
66,10,5,0,11
66,11,5,0,22
66,12,5,0,0
66,13,5,0,17
66,14,5,0,2
66,15,5,0,15
66,16,5,0,0
66,17,5,0,19
66,18,5,0,4
66,19,5,0,20
66,20,5,0,21
66,21,5,0,13
66,22,5,0,6
66,23,5,0,9
66,24,5,0,8
66,25,5,0,18
66,26,5,0,20
66,27,5,0,8
66,28,5,0,16
66,29,5,0,21
66,30,5,0,21
66,31,5,0,23
66,32,5,0,8
66,33,5,4,2
66,34,1,4,14
66,35,1,4,3
66,36,5,4,24
66,37,5,0,11
66,38,5,0,17
66,39,5,0,17
66,40,5,0,7
66,41,5,0,24
66,42,5,0,2
66,43,5,0,3
66,44,5,0,12
66,45,5,0,11
66,46,5,0,6
66,47,5,0,15
66,48,5,0,4
67,0,5,0,8
67,1,5,0,19
67,2,5,0,21
67,3,5,0,13
67,4,5,0,1
67,5,5,0,6
67,6,5,0,17
67,7,5,0,17
67,8,5,0,24
67,9,5,0,11
67,10,5,0,24
67,11,5,0,20
67,12,5,0,3
67,13,5,0,1
67,14,5,0,8
67,15,5,0,13
67,16,5,0,1
67,17,5,0,19
67,18,5,0,3
67,19,5,0,11
67,20,5,0,4
67,21,5,0,1
67,22,5,0,3
67,23,5,0,2
67,24,5,0,14
67,25,5,0,8
67,26,5,0,12
67,27,5,0,2
67,28,5,0,12
67,29,5,0,13
67,30,5,0,20
67,31,5,0,6
67,32,5,0,7
67,33,1,4,6
67,34,1,0,1
67,35,1,4,18
67,36,5,0,1
67,37,5,0,24
67,38,5,0,0
67,39,5,0,20
67,40,5,0,16
67,41,5,0,2
67,42,5,0,13
67,43,5,0,1
67,44,5,0,8
67,45,5,0,7
67,46,5,0,3
67,47,5,0,15
67,48,5,0,4
68,0,5,0,13
68,1,5,0,0
68,2,5,0,23
68,3,5,0,10
68,4,5,0,12
68,5,5,0,22
68,6,5,0,5
68,7,5,0,11
68,8,5,0,3
68,9,5,0,6
68,10,5,0,12
68,11,5,0,14
68,12,5,0,16
68,13,5,0,20
68,14,5,0,13
68,15,5,0,13
68,16,5,0,1
68,17,5,0,11
68,18,5,0,16
68,19,5,0,6
68,20,5,0,19
68,21,5,0,3
68,22,5,0,13
68,23,5,0,11
68,24,5,0,24
68,25,5,0,20
68,26,5,0,5
68,27,5,0,24
68,28,5,0,5
68,29,5,0,9
68,30,5,0,7
68,31,5,0,13
68,32,5,4,0
68,33,1,4,22
68,34,1,4,5
68,35,5,4,22
68,36,5,0,3
68,37,5,0,15
68,38,5,0,7
68,39,5,0,20
68,40,5,0,12
68,41,5,0,19
68,42,5,0,8
68,43,5,0,15
68,44,5,0,24
68,45,5,0,12
68,46,5,0,3
68,47,5,0,7
68,48,5,0,7
69,0,5,0,19
69,1,5,0,22
69,2,5,0,9
69,3,5,0,19
69,4,5,0,4
69,5,5,0,17
69,6,5,0,11
69,7,5,0,8
69,8,5,0,21
69,9,5,0,8
69,10,5,0,15
69,11,5,0,16
69,12,5,0,2
69,13,5,0,9
69,14,5,0,18
69,15,5,0,20
69,16,5,0,19
69,17,5,0,16
69,18,5,0,8
69,19,5,0,3
69,20,5,0,8
69,21,5,0,23
69,22,5,0,0
69,23,5,0,11
69,24,5,0,9
69,25,5,0,5
69,26,5,0,22
69,27,5,0,17
69,28,5,0,17
69,29,5,0,20
69,30,5,0,21
69,31,5,0,14
69,32,5,4,3
69,33,1,4,8
69,34,4,0,8
69,35,5,4,7
69,36,5,0,12
69,37,5,0,0
69,38,5,0,2
69,39,5,0,3
69,40,5,0,21
69,41,5,0,15
69,42,5,0,19
69,43,5,0,2
69,44,5,0,19
69,45,5,0,1
69,46,5,0,1
69,47,5,0,17
69,48,5,0,3
70,0,5,0,19
70,1,5,0,14
70,2,5,0,23
70,3,5,0,13
70,4,5,0,11
70,5,5,0,14
70,6,5,0,21
70,7,5,0,18
70,8,5,0,16
70,9,5,0,19
70,10,5,0,21
70,11,5,0,5
70,12,5,0,7
70,13,5,0,5
70,14,5,0,19
70,15,5,0,4
70,16,5,0,20
70,17,5,0,24
70,18,5,0,1
70,19,5,0,21
70,20,5,0,15
70,21,5,0,18
70,22,5,0,17
70,23,5,0,6
70,24,5,0,12
70,25,5,0,18
70,26,5,0,19
70,27,5,0,20
70,28,5,0,2
70,29,5,0,20
70,30,5,0,18
70,31,5,0,12
70,32,5,4,2
70,33,4,0,3
70,34,4,0,10
70,35,5,4,24
70,36,5,0,8
70,37,5,0,1
70,38,5,0,19
70,39,5,0,21
70,40,5,0,7
70,41,5,0,12
70,42,5,0,12
70,43,5,0,1
70,44,5,0,15
70,45,5,0,1
70,46,5,0,0
70,47,5,0,1
70,48,5,0,8
71,0,5,0,14
71,1,5,0,19
71,2,5,0,2
71,3,5,0,19
71,4,5,0,9
71,5,5,0,12
71,6,5,0,2
71,7,5,0,18
71,8,5,0,16
71,9,5,0,3
71,10,5,0,8
71,11,5,0,15
71,12,5,0,14
71,13,5,0,21
71,14,5,0,18
71,15,5,0,11
71,16,5,0,17
71,17,5,0,7
71,18,5,0,19
71,19,5,0,22
71,20,5,0,5
71,21,5,0,10
71,22,5,0,12
71,23,5,0,7
71,24,5,0,3
71,25,5,0,6
71,26,5,0,20
71,27,5,0,12
71,28,5,0,24
71,29,5,0,17
71,30,5,0,21
71,31,5,0,14
71,32,5,4,18
71,33,4,0,4
71,34,5,4,6
71,35,5,0,13
71,36,5,0,5
71,37,5,0,6
71,38,5,0,20
71,39,5,0,15
71,40,5,0,6
71,41,5,0,22
71,42,5,0,9
71,43,5,0,5
71,44,5,0,22
71,45,5,0,1
71,46,5,0,8
71,47,5,0,6
71,48,5,0,22
72,0,5,0,2
72,1,5,0,21
72,2,5,0,0
72,3,5,0,11
72,4,5,0,2
72,5,5,0,22
72,6,5,0,23
72,7,5,0,20
72,8,5,0,6
72,9,5,0,10
72,10,5,0,17
72,11,5,0,9
72,12,5,0,20
72,13,5,0,12
72,14,5,0,22
72,15,5,0,2
72,16,5,0,16
72,17,5,0,2
72,18,5,0,2
72,19,5,0,1
72,20,5,0,12
72,21,5,0,3
72,22,5,0,24
72,23,5,0,16
72,24,5,0,24
72,25,5,0,18
72,26,5,0,7
72,27,5,0,22
72,28,5,0,5
72,29,5,0,22
72,30,5,0,18
72,31,5,4,0
72,32,4,0,1
72,33,1,4,16
72,34,5,4,23
72,35,5,0,4
72,36,5,0,10
72,37,5,0,21
72,38,5,0,23
72,39,5,0,15
72,40,5,0,5
72,41,5,0,20
72,42,5,0,3
72,43,5,0,1
72,44,5,0,16
72,45,5,0,2
72,46,5,0,3
72,47,5,0,5
72,48,5,0,13
73,0,5,0,23
73,1,5,0,11
73,2,5,0,7
73,3,5,0,11
73,4,5,0,5
73,5,5,0,14
73,6,5,0,20
73,7,5,0,0
73,8,5,0,13
73,9,5,0,20
73,10,5,0,4
73,11,5,0,12
73,12,5,0,12
73,13,5,0,10
73,14,5,0,19
73,15,5,0,23
73,16,5,0,22
73,17,5,0,13
73,18,5,0,18
73,19,5,0,18
73,20,5,0,7
73,21,5,0,21
73,22,5,0,20
73,23,5,0,19
73,24,5,0,16
73,25,5,0,19
73,26,5,0,4
73,27,5,0,3
73,28,5,0,18
73,29,5,0,12
73,30,5,0,21
73,31,5,4,18
73,32,1,4,9
73,33,1,4,3
73,34,5,4,24
73,35,5,0,1
73,36,5,0,24
73,37,5,0,12
73,38,5,0,5
73,39,5,0,4
73,40,5,0,11
73,41,5,0,17
73,42,5,0,3
73,43,5,0,14
73,44,5,0,8
73,45,5,0,7
73,46,5,0,21
73,47,5,0,0
73,48,5,0,21
74,0,5,0,10
74,1,5,0,12
74,2,5,0,9
74,3,5,0,3
74,4,5,0,23
74,5,5,0,4
74,6,5,0,6
74,7,5,0,20
74,8,5,0,8
74,9,5,0,12
74,10,5,0,17
74,11,5,0,21
74,12,5,0,9
74,13,5,0,5
74,14,5,0,0
74,15,5,0,7
74,16,5,0,12
74,17,5,0,21
74,18,5,0,22
74,19,5,0,24
74,20,5,0,5
74,21,5,0,4
74,22,5,0,10
74,23,5,0,15
74,24,5,0,8
74,25,5,0,8
74,26,5,0,7
74,27,5,0,9
74,28,5,0,3
74,29,5,0,2
74,30,5,4,0
74,31,1,4,6
74,32,1,0,15
74,33,1,4,18
74,34,5,0,24
74,35,5,0,7
74,36,5,0,17
74,37,5,0,13
74,38,5,0,16
74,39,5,0,7
74,40,5,0,5
74,41,5,0,17
74,42,5,0,16
74,43,5,0,4
74,44,5,0,3
74,45,5,0,8
74,46,5,0,12
74,47,5,0,20
74,48,5,0,23
75,0,5,0,15
75,1,5,0,16
75,2,5,0,18
75,3,5,0,8
75,4,5,0,12
75,5,5,0,19
75,6,5,0,6
75,7,5,0,12
75,8,5,0,24
75,9,5,0,5
75,10,5,0,15
75,11,5,0,0
75,12,5,0,0
75,13,5,0,16
75,14,5,0,7
75,15,5,0,7
75,16,5,0,24
75,17,5,0,21
75,18,5,0,7
75,19,5,0,10
75,20,5,0,8
75,21,5,0,18
75,22,5,0,17
75,23,5,0,5
75,24,5,0,23
75,25,5,0,12
75,26,5,0,22
75,27,5,0,24
75,28,5,0,2
75,29,5,0,18
75,30,5,4,2
75,31,1,4,22
75,32,1,4,5
75,33,5,4,24
75,34,5,0,20
75,35,5,0,20
75,36,5,0,3
75,37,5,0,11
75,38,5,0,11
75,39,5,0,24
75,40,5,0,7
75,41,5,0,18
75,42,5,0,15
75,43,5,0,22
75,44,5,0,6
75,45,5,0,21
75,46,5,0,19
75,47,5,0,14
75,48,5,0,13
76,0,5,0,4
76,1,5,0,0
76,2,5,0,1
76,3,5,0,9
76,4,5,0,10
76,5,5,0,23
76,6,5,0,15
76,7,5,0,2
76,8,5,0,21
76,9,5,0,20
76,10,5,0,18
76,11,5,0,19
76,12,5,0,17
76,13,5,0,24
76,14,5,0,6
76,15,5,0,16
76,16,5,0,10
76,17,5,0,6
76,18,5,0,17
76,19,5,0,21
76,20,5,0,13
76,21,5,0,24
76,22,5,0,18
76,23,5,0,14
76,24,5,0,12
76,25,5,0,9
76,26,5,0,7
76,27,5,0,10
76,28,5,0,8
76,29,5,0,10
76,30,5,4,18
76,31,1,4,8
76,32,5,4,6
76,33,5,4,20
76,34,5,4,20
76,35,5,4,20
76,36,5,0,9
76,37,5,0,24
76,38,5,0,7
76,39,5,0,13
76,40,5,0,15
76,41,5,0,19
76,42,5,0,21
76,43,5,0,3
76,44,5,0,22
76,45,5,0,19
76,46,5,0,5
76,47,5,0,15
76,48,5,0,4
77,0,5,0,2
77,1,5,0,12
77,2,5,0,7
77,3,5,0,24
77,4,5,0,23
77,5,5,0,2
77,6,5,0,12
77,7,5,0,11
77,8,5,0,13
77,9,5,4,20
77,10,5,4,20
77,11,5,0,23
77,12,5,0,10
77,13,5,0,18
77,14,5,0,12
77,15,5,0,8
77,16,5,0,24
77,17,5,0,10
77,18,5,0,7
77,19,5,0,16
77,20,5,0,11
77,21,5,0,5
77,22,5,0,19
77,23,5,0,4
77,24,5,0,22
77,25,5,0,12
77,26,5,0,16
77,27,5,0,4
77,28,5,0,24
77,29,5,4,0
77,30,4,0,7
77,31,4,0,13
77,32,5,4,8
77,33,5,4,8
77,34,5,4,8
77,35,5,4,7
77,36,5,0,23
77,37,5,0,13
77,38,5,0,22
77,39,5,0,1
77,40,5,0,17
77,41,5,0,10
77,42,5,0,14
77,43,5,0,9
77,44,5,0,22
77,45,5,0,3
77,46,5,0,0
77,47,5,0,19
77,48,5,0,17
78,0,5,0,22
78,1,5,0,22
78,2,5,0,5
78,3,5,0,8
78,4,5,0,3
78,5,5,0,16
78,6,5,0,21
78,7,5,0,21
78,8,5,4,5
78,9,5,4,8
78,10,5,4,7
78,11,5,0,15
78,12,5,0,24
78,13,5,0,0
78,14,5,0,12
78,15,5,0,12
78,16,5,0,22
78,17,5,0,4
78,18,5,0,21
78,19,5,0,7
78,20,5,0,0
78,21,5,0,3
78,22,5,0,8
78,23,5,0,11
78,24,5,0,20
78,25,5,0,8
78,26,5,0,0
78,27,5,0,9
78,28,5,0,5
78,29,5,4,2
78,30,4,0,17
78,31,4,0,11
78,32,4,0,17
78,33,4,0,13
78,34,4,0,21
78,35,5,4,21
78,36,5,4,20
78,37,5,0,0
78,38,5,0,24
78,39,5,0,11
78,40,5,0,21
78,41,5,0,2
78,42,5,0,3
78,43,5,0,4
78,44,5,0,17
78,45,5,0,7
78,46,5,0,11
78,47,5,0,23
78,48,5,0,2
79,0,5,0,16
79,1,5,0,0
79,2,5,0,3
79,3,5,0,2
79,4,5,0,5
79,5,5,0,19
79,6,5,0,20
79,7,5,4,13
79,8,4,0,5
79,9,4,0,6
79,10,5,4,22
79,11,5,0,7
79,12,5,0,19
79,13,5,0,16
79,14,5,0,21
79,15,5,0,10
79,16,5,0,2
79,17,5,0,0
79,18,5,0,11
79,19,5,0,9
79,20,5,0,4
79,21,5,0,18
79,22,5,0,4
79,23,5,0,14
79,24,5,0,0
79,25,5,0,17
79,26,5,0,18
79,27,5,0,20
79,28,5,0,22
79,29,5,4,18
79,30,4,0,13
79,31,4,0,14
79,32,4,0,1
79,33,4,0,0
79,34,4,0,9
79,35,5,4,8
79,36,5,4,21
79,37,5,0,1
79,38,5,0,2
79,39,5,0,11
79,40,5,0,7
79,41,5,0,0
79,42,5,0,18
79,43,5,0,5
79,44,5,0,0
79,45,5,0,2
79,46,5,0,12
79,47,5,0,3
79,48,5,0,7
80,0,5,0,4
80,1,5,0,10
80,2,5,0,8
80,3,5,0,16
80,4,5,0,3
80,5,5,0,12
80,6,5,4,13
80,7,4,0,7
80,8,4,0,24
80,9,4,0,19
80,10,5,4,7
80,11,5,0,9
80,12,5,0,16
80,13,5,0,4
80,14,5,0,7
80,15,5,0,15
80,16,5,0,22
80,17,5,0,2
80,18,5,0,16
80,19,5,0,12
80,20,5,0,6
80,21,5,0,2
80,22,5,0,2
80,23,5,0,7
80,24,5,0,0
80,25,5,0,2
80,26,5,4,20
80,27,5,4,20
80,28,5,4,15
80,29,4,0,4
80,30,4,0,23
80,31,4,0,16
80,32,4,0,13
80,33,4,0,24
80,34,4,0,15
80,35,4,0,18
80,36,5,4,7
80,37,5,0,16
80,38,5,0,14
80,39,5,0,18
80,40,5,0,20
80,41,5,0,13
80,42,5,0,23
80,43,5,0,18
80,44,5,0,11
80,45,5,0,12
80,46,5,0,0
80,47,5,0,10
80,48,5,0,6
