0,0,5,0,23
0,1,5,0,22
0,2,5,0,10
0,3,5,0,19
0,4,5,0,23
0,5,5,0,16
0,6,5,0,9
0,7,5,4,18
0,8,4,0,2
0,9,4,0,23
0,10,4,0,2
0,11,4,0,21
0,12,4,0,2
0,13,4,0,15
0,14,4,0,19
0,15,1,4,6
0,16,1,0,8
0,17,10,1,7
0,18,10,0,9
0,19,10,0,16
0,20,10,0,20
0,21,10,0,15
0,22,10,0,10
0,23,10,0,12
0,24,10,0,21
0,25,10,0,22
0,26,10,0,10
0,27,10,0,2
0,28,10,0,12
0,29,10,0,20
0,30,10,0,5
0,31,10,0,3
0,32,10,0,14
0,33,10,1,3
0,34,1,0,20
0,35,1,4,3
0,36,1,4,16
0,37,1,4,16
0,38,4,0,19
0,39,4,0,1
0,40,5,4,11
0,41,5,0,4
0,42,5,0,17
0,43,5,0,24
0,44,5,0,12
0,45,5,0,5
0,46,5,0,23
0,47,5,0,12
0,48,5,0,24
0,49,5,0,5
1,0,5,0,7
1,1,5,0,18
1,2,5,0,18
1,3,5,0,21
1,4,5,0,15
1,5,5,0,9
1,6,5,4,0
1,7,4,0,20
1,8,4,0,10
1,9,4,0,0
1,10,4,0,7
1,11,4,6,20
1,12,4,0,3
1,13,4,0,23
1,14,4,0,18
1,15,1,4,23
1,16,1,0,9
1,17,10,1,24
1,18,10,0,19
1,19,10,0,7
1,20,10,0,10
1,21,10,0,8
1,22,10,0,20
1,23,10,0,24
1,24,10,0,5
1,25,10,0,23
1,26,10,0,20
1,27,10,0,0
1,28,10,0,24
1,29,10,0,20
1,30,10,0,20
1,31,10,0,20
1,32,10,0,23
1,33,10,1,2
1,34,1,0,6
1,35,1,4,4
1,36,1,4,4
1,37,1,4,2
1,38,4,0,2
1,39,5,4,6
1,40,5,0,2
1,41,5,0,17
1,42,5,0,9
1,43,5,0,16
1,44,5,0,9
1,45,5,0,21
1,46,5,0,20
1,47,5,0,17
1,48,5,0,0
1,49,5,0,19
2,0,5,0,0
2,1,5,0,10
2,2,5,0,24
2,3,5,0,2
2,4,5,0,21
2,5,5,0,17
2,6,5,4,18
2,7,4,0,21
2,8,4,0,4
2,9,4,0,21
2,10,4,6,13
2,11,4,6,7
2,12,4,0,4
2,13,4,0,7
2,14,4,0,7
2,15,1,4,24
2,16,10,1,6
2,17,10,0,17
2,18,10,0,11
2,19,10,0,10
2,20,10,0,23
2,21,10,0,6
2,22,10,0,12
2,23,10,0,10
2,24,10,0,11
2,25,10,0,8
2,26,10,0,7
2,27,10,0,20
2,28,10,0,19
2,29,10,0,0
2,30,10,0,16
2,31,10,0,15
2,32,10,0,1
2,33,10,1,3
2,34,1,0,2
2,35,1,0,23
2,36,1,0,10
2,37,1,4,18
2,38,4,0,8
2,39,5,4,7
2,40,5,0,16
2,41,5,0,13
2,42,5,0,13
2,43,5,0,19
2,44,5,0,18
2,45,5,0,12
2,46,5,0,23
2,47,5,0,4
2,48,5,0,13
2,49,5,0,12
3,0,5,0,1
3,1,5,0,20
3,2,5,0,24
3,3,5,0,22
3,4,5,0,14
3,5,5,4,0
3,6,4,0,24
3,7,4,0,17
3,8,4,0,19
3,9,4,6,0
3,10,6,0,7
3,11,4,6,24
3,12,4,0,4
3,13,4,0,2
3,14,1,4,14
3,15,1,0,0
3,16,10,1,24
3,17,10,0,22
3,18,10,0,9
3,19,10,0,6
3,20,10,0,4
3,21,10,0,0
3,22,10,0,6
3,23,10,0,0
3,24,10,0,24
3,25,10,0,24
3,26,10,0,5
3,27,10,0,4
3,28,10,0,3
3,29,10,0,14
3,30,10,0,16
3,31,10,0,24
3,32,10,0,17
3,33,10,1,17
3,34,1,0,12
3,35,1,0,11
3,36,1,4,0
3,37,4,0,22
3,38,4,0,24
3,39,5,4,24
3,40,5,0,20
3,41,5,0,17
3,42,5,0,5
3,43,5,0,14
3,44,5,0,21
3,45,5,0,6
3,46,5,0,13
3,47,5,0,24
3,48,5,0,21
3,49,5,0,16
4,0,5,0,22
4,1,5,0,0
4,2,5,0,14
4,3,5,0,8
4,4,5,0,5
4,5,5,4,18
4,6,4,0,14
4,7,4,0,10
4,8,4,0,21
4,9,4,6,18
4,10,4,6,6
4,11,4,0,17
4,12,4,0,22
4,13,1,4,6
4,14,1,0,15
4,15,10,1,6
4,16,10,0,2
4,17,10,0,4
4,18,10,0,10
4,19,10,0,20
4,20,10,0,2
4,21,10,0,14
4,22,10,0,19
4,23,10,0,1
4,24,10,0,13
4,25,10,0,24
4,26,10,0,1
4,27,10,0,10
4,28,10,0,5
4,29,10,0,21
4,30,10,0,12
4,31,10,0,10
4,32,10,0,13
4,33,10,1,18
4,34,1,0,19
4,35,1,0,9
4,36,1,4,3
4,37,4,0,12
4,38,5,4,6
4,39,5,0,13
4,40,5,0,16
4,41,5,0,13
4,42,5,0,11
4,43,5,0,5
4,44,5,0,6
4,45,5,0,22
4,46,5,0,3
4,47,5,0,15
4,48,5,0,4
4,49,5,0,18
5,0,5,0,0
5,1,5,0,22
5,2,5,0,5
5,3,5,0,16
5,4,5,4,0
5,5,4,0,23
5,6,4,0,1
5,7,5,4,16
5,8,4,6,0
5,9,6,0,22
5,10,4,6,24
5,11,4,0,5
5,12,4,0,7
5,13,1,4,24
5,14,1,0,6
5,15,10,1,24
5,16,10,0,14
5,17,10,0,10
5,18,10,0,13
5,19,10,0,6
5,20,10,0,5
5,21,10,0,17
5,22,10,0,22
5,23,10,0,15
5,24,10,0,21
5,25,10,0,12
5,26,10,0,4
5,27,10,0,2
5,28,10,0,1
5,29,10,0,16
5,30,10,0,4
5,31,10,0,4
5,32,10,1,0
5,33,1,0,8
5,34,1,0,13
5,35,1,0,17
5,36,1,4,2
5,37,4,0,8
5,38,5,4,23
5,39,5,4,20
5,40,5,0,12
5,41,5,0,11
5,42,5,0,20
5,43,5,0,10
5,44,5,0,1
5,45,5,0,2
5,46,5,0,1
5,47,5,0,22
5,48,5,0,23
5,49,5,0,7
6,0,5,0,24
6,1,5,0,14
6,2,5,0,4
6,3,5,0,18
6,4,5,4,3
6,5,5,4,16
6,6,5,4,19
6,7,5,4,3
6,8,4,6,3
6,9,4,6,19
6,10,4,0,15
6,11,4,0,13
6,12,1,4,9
6,13,1,0,11
6,14,10,1,6
6,15,10,0,10
6,16,10,0,8
6,17,10,0,16
6,18,10,0,2
6,19,10,0,23
6,20,10,0,22
6,21,10,0,19
6,22,10,0,18
6,23,10,0,18
6,24,10,0,14
6,25,10,0,19
6,26,10,0,19
6,27,10,0,1
6,28,10,0,13
6,29,10,0,9
6,30,10,0,13
6,31,10,0,17
6,32,10,1,1
6,33,10,1,16
6,34,1,0,1
6,35,1,0,21
6,36,1,4,3
6,37,4,0,10
6,38,5,4,8
6,39,5,4,24
6,40,5,0,16
6,41,5,0,1
6,42,5,0,9
6,43,5,0,20
6,44,5,0,21
6,45,5,0,12
6,46,5,0,8
6,47,5,0,14
6,48,5,0,16
6,49,5,0,13
7,0,5,0,17
7,1,5,0,7
7,2,5,0,21
7,3,5,0,5
7,4,5,4,4
7,5,5,4,4
7,6,5,0,5
7,7,5,4,1
7,8,4,6,4
7,9,4,0,17
7,10,4,0,20
7,11,1,4,9
7,12,1,0,24
7,13,1,0,7
7,14,10,1,22
7,15,10,0,6
7,16,10,0,11
7,17,10,0,4
7,18,10,0,14
7,19,10,0,10
7,20,10,0,1
7,21,10,0,11
7,22,10,0,10
7,23,10,0,7
7,24,10,0,12
7,25,10,0,20
7,26,10,0,16
7,27,10,0,5
7,28,10,0,6
7,29,10,0,4
7,30,10,0,23
7,31,10,0,16
7,32,10,1,4
7,33,10,1,2
7,34,1,0,6
7,35,1,0,24
7,36,1,4,18
7,37,4,0,3
7,38,5,4,6
7,39,5,0,1
7,40,5,0,5
7,41,5,0,17
7,42,5,0,1
7,43,5,0,14
7,44,5,0,5
7,45,5,0,2
7,46,5,0,12
7,47,5,0,3
7,48,5,0,2
7,49,5,0,15
8,0,5,0,16
8,1,5,0,18
8,2,5,0,7
8,3,5,0,6
8,4,5,0,21
8,5,5,0,0
8,6,5,0,7
8,7,5,4,2
8,8,4,0,24
8,9,1,4,16
8,10,1,4,14
8,11,1,0,4
8,12,1,0,10
8,13,1,0,17
8,14,10,1,7
8,15,10,0,6
8,16,10,0,0
8,17,10,0,23
8,18,10,0,7
8,19,10,0,0
8,20,10,0,8
8,21,10,0,16
8,22,10,0,18
8,23,10,0,16
8,24,10,0,20
8,25,10,0,17
8,26,10,0,19
8,27,10,0,4
8,28,10,0,16
8,29,10,0,2
8,30,10,0,12
8,31,10,0,13
8,32,10,0,15
8,33,10,1,18
8,34,1,0,7
8,35,1,4,0
8,36,1,4,16
8,37,4,0,15
8,38,5,4,23
8,39,5,0,15
8,40,5,0,22
8,41,5,0,12
8,42,5,0,6
8,43,5,0,15
8,44,5,0,17
8,45,5,0,13
8,46,5,0,19
8,47,5,0,7
8,48,5,0,12
8,49,5,0,21
9,0,5,0,6
9,1,5,0,2
9,2,5,0,2
9,3,5,0,16
9,4,5,0,23
9,5,5,0,16
9,6,5,0,24
9,7,5,4,18
9,8,1,4,6
9,9,1,4,4
9,10,1,0,8
9,11,1,0,3
9,12,1,0,17
9,13,1,0,7
9,14,10,1,21
9,15,10,0,6
9,16,10,0,20
9,17,10,0,16
9,18,10,0,23
9,19,10,0,23
9,20,10,0,8
9,21,10,0,0
9,22,10,0,13
9,23,10,0,7
9,24,10,0,23
9,25,10,0,6
9,26,10,0,10
9,27,10,0,13
9,28,10,0,1
9,29,10,0,22
9,30,10,0,19
9,31,10,0,22
9,32,10,1,0
9,33,1,0,2
9,34,1,0,3
9,35,1,4,4
9,36,1,4,1
9,37,4,0,20
9,38,5,4,22
9,39,5,0,13
9,40,5,0,0
9,41,5,0,24
9,42,5,0,22
9,43,5,0,19
9,44,5,0,10
9,45,5,0,16
9,46,5,0,9
9,47,5,0,16
9,48,5,0,6
9,49,5,0,20
10,0,5,0,16
10,1,5,0,12
10,2,5,0,2
10,3,5,0,20
10,4,5,0,14
10,5,5,0,22
10,6,5,4,0
10,7,4,0,0
10,8,1,4,24
10,9,1,0,20
10,10,1,0,1
10,11,1,0,10
10,12,1,0,14
10,13,1,0,4
10,14,10,1,24
10,15,10,0,2
10,16,10,0,13
10,17,10,0,4
10,18,10,0,21
10,19,10,0,5
10,20,10,0,3
10,21,10,0,12
10,22,10,0,20
10,23,10,0,5
10,24,10,0,16
10,25,10,0,7
10,26,10,0,9
10,27,10,0,14
10,28,10,0,23
10,29,10,0,19
10,30,10,0,23
10,31,10,0,9
10,32,10,1,1
10,33,1,0,22
10,34,1,0,5
10,35,1,0,22
10,36,1,4,1
10,37,4,0,7
10,38,5,4,7
10,39,5,0,10
10,40,5,0,20
10,41,5,0,11
10,42,5,0,20
10,43,5,0,0
10,44,5,0,20
10,45,5,0,17
10,46,5,0,16
10,47,5,0,15
10,48,5,0,4
10,49,5,0,20
11,0,5,0,20
11,1,5,0,18
11,2,5,0,12
11,3,5,0,3
11,4,5,0,17
11,5,5,0,19
11,6,5,4,18
11,7,1,4,6
11,8,1,0,21
11,9,1,0,17
11,10,1,0,16
11,11,1,0,1
11,12,1,0,21
11,13,10,1,6
11,14,10,0,12
11,15,10,0,23
11,16,10,0,1
11,17,10,0,15
11,18,10,0,3
11,19,10,0,4
11,20,10,0,21
11,21,10,0,24
11,22,10,0,9
11,23,10,0,3
11,24,10,0,2
11,25,10,0,19
11,26,10,0,12
11,27,10,0,15
11,28,10,0,23
11,29,10,0,8
11,30,10,0,10
11,31,10,0,7
11,32,10,1,17
11,33,1,0,17
11,34,1,0,24
11,35,1,0,7
11,36,1,4,18
11,37,4,0,12
11,38,5,4,24
11,39,5,0,19
11,40,5,0,14
11,41,5,0,9
11,42,5,0,4
11,43,5,0,8
11,44,5,0,13
11,45,5,0,2
11,46,5,0,20
11,47,5,0,9
11,48,5,0,24
11,49,5,0,6
12,0,5,0,3
12,1,5,0,18
12,2,5,0,8
12,3,5,0,15
12,4,5,0,14
12,5,5,4,0
12,6,4,0,7
12,7,1,4,23
12,8,1,0,17
12,9,1,0,4
12,10,1,0,21
12,11,1,0,21
12,12,1,0,17
12,13,10,1,24
12,14,10,0,0
12,15,10,0,21
12,16,10,0,20
12,17,10,0,23
12,18,10,0,5
12,19,10,0,22
12,20,10,0,8
12,21,10,0,5
12,22,10,0,18
12,23,10,0,5
12,24,10,0,6
12,25,10,0,15
12,26,10,0,0
12,27,10,0,12
12,28,10,0,14
12,29,10,0,15
12,30,10,0,20
12,31,10,0,12
12,32,10,1,1
12,33,1,0,10
12,34,1,0,19
12,35,1,4,0
12,36,4,0,22
12,37,5,4,6
12,38,5,0,24
12,39,5,0,13
12,40,5,0,2
12,41,5,0,16
12,42,5,0,6
12,43,5,0,5
12,44,5,0,12
12,45,5,0,15
12,46,5,0,11
12,47,5,0,6
12,48,5,0,15
12,49,5,0,24
13,0,5,0,9
13,1,5,0,7
13,2,5,0,0
13,3,5,0,9
13,4,5,0,19
13,5,5,4,18
13,6,4,0,0
13,7,1,4,22
13,8,1,4,20
13,9,1,4,20
13,10,1,0,9
13,11,1,0,24
13,12,10,1,6
13,13,10,0,20
13,14,10,0,22
13,15,10,0,24
13,16,10,0,8
13,17,10,0,7
13,18,10,0,22
13,19,10,0,10
13,20,10,0,13
13,21,10,0,12
13,22,10,0,22
13,23,10,0,8
13,24,10,0,17
13,25,10,0,6
13,26,10,0,20
13,27,10,0,7
13,28,10,0,19
13,29,10,0,0
13,30,10,0,24
13,31,10,0,3
13,32,10,1,17
13,33,10,1,16
13,34,1,0,22
13,35,1,4,17
13,36,4,0,22
13,37,5,4,24
13,38,5,0,18
13,39,5,0,12
13,40,5,0,6
13,41,5,0,17
13,42,5,0,2
13,43,5,0,11
13,44,5,0,22
13,45,5,0,11
13,46,5,0,0
13,47,5,0,24
13,48,5,0,17
13,49,5,0,17
14,0,5,0,2
14,1,5,0,4
14,2,5,0,20
14,3,5,0,1
14,4,5,4,0
14,5,4,0,18
14,6,4,0,20
14,7,1,4,8
14,8,1,4,8
14,9,1,4,23
14,10,1,0,11
14,11,1,0,22
14,12,10,1,21
14,13,10,0,13
14,14,10,0,17
14,15,10,0,6
14,16,10,0,12
14,17,10,0,6
14,18,10,0,20
14,19,10,0,3
14,20,10,0,11
14,21,10,0,11
14,22,10,0,17
14,23,10,0,16
14,24,10,0,8
14,25,10,0,5
14,26,10,0,0
14,27,10,0,19
14,28,10,0,24
14,29,10,1,20
14,30,10,1,20
14,31,10,0,14
14,32,10,1,4
14,33,10,1,17
14,34,1,0,11
14,35,1,4,3
14,36,5,4,6
14,37,5,0,9
14,38,5,0,3
14,39,5,0,20
14,40,5,0,16
14,41,5,0,9
14,42,5,0,12
14,43,5,0,9
14,44,5,0,11
14,45,5,0,14
14,46,5,0,23
14,47,5,0,3
14,48,5,0,24
14,49,5,0,17
15,0,5,0,10
15,1,5,0,9
15,2,5,0,21
15,3,5,0,10
15,4,5,4,1
15,5,4,0,3
15,6,4,0,17
15,7,4,0,18
15,8,4,0,11
15,9,1,4,22
15,10,1,0,2
15,11,1,0,17
15,12,10,1,24
15,13,10,0,12
15,14,10,0,11
15,15,10,0,22
15,16,10,0,5
15,17,10,0,2
15,18,10,0,21
15,19,10,0,18
15,20,10,0,6
15,21,10,0,19
15,22,10,0,5
15,23,10,0,8
15,24,10,0,23
15,25,10,0,7
15,26,10,0,9
15,27,10,0,19
15,28,10,1,0
15,29,10,1,8
15,30,10,1,24
15,31,10,0,5
15,32,10,0,23
15,33,10,1,18
15,34,1,0,20
15,35,1,4,18
15,36,5,4,23
15,37,5,4,20
15,38,5,0,4
15,39,5,0,5
15,40,5,0,12
15,41,5,0,4
15,42,5,0,23
15,43,5,0,13
15,44,5,0,4
15,45,5,0,1
15,46,5,0,3
15,47,5,0,20
15,48,5,0,23
15,49,5,0,23
16,0,5,0,16
16,1,5,0,0
16,2,5,0,17
16,3,5,0,2
16,4,5,4,3
16,5,4,0,15
16,6,4,0,8
16,7,4,0,14
16,8,4,0,3
16,9,1,4,22
16,10,1,0,23
16,11,10,1,6
16,12,10,0,0
16,13,10,0,18
16,14,10,0,12
16,15,10,0,2
16,16,10,0,20
16,17,10,0,12
16,18,10,0,8
16,19,10,0,13
16,20,10,0,6
16,21,10,0,6
16,22,10,0,7
16,23,10,0,8
16,24,10,0,17
16,25,10,0,10
16,26,10,0,11
16,27,10,0,23
16,28,10,1,18
16,29,10,1,6
16,30,10,0,13
16,31,10,0,10
16,32,10,1,5
16,33,1,0,12
16,34,1,4,0
16,35,4,0,11
16,36,5,4,8
16,37,5,4,7
16,38,5,0,11
16,39,5,0,17
16,40,5,0,2
16,41,5,0,10
16,42,5,0,18
16,43,5,0,4
16,44,5,0,22
16,45,5,0,12
16,46,5,0,6
16,47,5,0,23
16,48,5,0,9
16,49,5,0,15
17,0,5,0,7
17,1,5,0,12
17,2,5,0,7
17,3,5,0,23
17,4,5,4,3
17,5,4,0,15
17,6,4,0,13
17,7,5,4,16
17,8,4,0,24
17,9,1,4,7
17,10,1,0,20
17,11,10,1,22
17,12,10,0,23
17,13,10,0,10
17,14,10,0,6
17,15,10,0,13
17,16,10,0,21
17,17,10,0,9
17,18,10,0,17
17,19,10,0,14
17,20,10,0,13
17,21,10,0,8
17,22,10,0,18
17,23,10,0,20
17,24,10,0,16
17,25,10,0,1
17,26,10,0,11
17,27,10,1,0
17,28,1,0,9
17,29,10,1,22
17,30,10,0,23
17,31,10,1,15
17,32,1,0,17
17,33,1,0,14
17,34,1,4,18
17,35,4,0,2
17,36,4,0,10
17,37,5,4,24
17,38,5,0,7
17,39,5,0,20
17,40,5,0,13
17,41,5,0,3
17,42,5,0,22
17,43,5,0,1
17,44,5,0,1
17,45,5,0,8
17,46,5,0,0
17,47,5,0,24
17,48,5,0,7
17,49,5,0,23
18,0,5,0,23
18,1,5,0,7
18,2,5,0,15
18,3,5,0,7
18,4,5,4,2
18,5,5,4,16
18,6,5,4,11
18,7,5,4,1
18,8,4,0,8
18,9,1,4,23
18,10,1,0,6
18,11,10,1,24
18,12,10,0,16
18,13,10,0,24
18,14,10,0,19
18,15,10,0,19
18,16,10,0,22
18,17,10,0,23
18,18,10,0,10
18,19,10,0,21
18,20,10,0,12
18,21,10,0,10
18,22,10,0,5
18,23,10,0,24
18,24,10,0,17
18,25,10,0,18
18,26,10,0,12
18,27,10,1,17
18,28,10,1,16
18,29,10,1,23
18,30,10,1,13
18,31,1,0,7
18,32,1,0,11
18,33,1,4,0
18,34,4,0,7
18,35,4,0,24
18,36,5,4,11
18,37,5,0,15
18,38,5,0,22
18,39,5,0,4
18,40,5,0,20
18,41,5,0,15
18,42,5,0,1
18,43,5,0,15
18,44,5,0,3
18,45,5,0,13
18,46,5,0,8
18,47,5,0,10
18,48,5,0,10
18,49,5,0,18
19,0,5,0,10
19,1,5,0,12
19,2,5,0,18
19,3,5,0,4
19,4,5,4,4
19,5,5,4,4
19,6,5,0,7
19,7,5,4,2
19,8,4,0,22
19,9,1,4,24
19,10,10,1,6
19,11,10,0,9
19,12,10,0,13
19,13,10,0,4
19,14,10,0,1
19,15,10,0,24
19,16,10,0,17
19,17,10,0,6
19,18,10,0,2
19,19,10,0,20
19,20,10,0,18
19,21,10,0,10
19,22,10,0,4
19,23,10,0,9
19,24,10,0,4
19,25,10,0,6
19,26,10,0,17
19,27,10,1,4
19,28,10,1,1
19,29,10,1,8
19,30,1,0,2
19,31,1,0,24
19,32,1,0,3
19,33,1,4,18
19,34,4,0,12
19,35,5,4,6
19,36,5,0,24
19,37,5,0,22
19,38,5,0,2
19,39,5,0,19
19,40,5,0,17
19,41,5,0,11
19,42,5,0,24
19,43,5,0,19
19,44,5,0,18
19,45,5,0,24
19,46,5,0,19
19,47,5,0,22
19,48,5,0,3
19,49,5,0,9
20,0,5,0,6
20,1,5,0,0
20,2,5,0,16
20,3,5,0,11
20,4,5,0,6
20,5,5,0,19
20,6,5,0,1
20,7,5,4,1
20,8,1,4,19
20,9,1,0,3
20,10,10,1,24
20,11,10,0,7
20,12,10,0,6
20,13,10,0,12
20,14,10,0,15
20,15,10,0,4
20,16,10,0,17
20,17,10,0,0
20,18,10,0,9
20,19,10,0,24
20,20,10,0,0
20,21,10,0,0
20,22,10,0,4
20,23,10,0,24
20,24,10,0,22
20,25,10,0,6
20,26,10,0,1
20,27,10,0,20
20,28,10,1,17
20,29,1,0,21
20,30,1,0,5
20,31,1,0,9
20,32,1,4,0
20,33,4,0,22
20,34,4,0,9
20,35,5,4,24
20,36,5,0,8
20,37,5,0,4
20,38,5,0,3
20,39,5,0,9
20,40,5,0,20
20,41,5,0,23
20,42,5,0,6
20,43,5,0,24
20,44,5,0,12
20,45,5,0,5
20,46,5,0,11
20,47,5,0,18
20,48,5,0,2
20,49,5,0,9
21,0,5,0,22
21,1,5,0,24
21,2,5,0,21
21,3,5,0,16
21,4,5,0,13
21,5,5,0,16
21,6,5,0,17
21,7,5,4,17
21,8,1,0,2
21,9,10,1,6
21,10,10,0,14
21,11,10,0,14
21,12,10,0,23
21,13,10,0,23
21,14,10,0,18
21,15,10,0,6
21,16,10,0,11
21,17,10,0,5
21,18,10,0,11
21,19,10,0,13
21,20,10,0,9
21,21,10,0,5
21,22,10,0,13
21,23,10,0,22
21,24,10,0,12
21,25,10,0,7
21,26,10,0,16
21,27,10,0,4
21,28,10,1,18
21,29,1,0,6
21,30,1,0,7
21,31,1,0,13
21,32,1,4,18
21,33,4,0,22
21,34,5,4,11
21,35,5,0,20
21,36,5,0,4
21,37,5,0,22
21,38,5,0,1
21,39,5,0,18
21,40,5,0,8
21,41,5,0,15
21,42,5,0,13
21,43,5,0,11
21,44,5,0,13
21,45,5,0,5
21,46,5,0,22
21,47,5,0,6
21,48,5,0,1
21,49,5,0,21
22,0,5,0,6
22,1,5,0,14
22,2,5,0,18
22,3,5,0,9
22,4,5,0,13
22,5,5,0,0
22,6,5,0,12
22,7,5,4,18
22,8,1,0,16
22,9,10,1,22
22,10,10,0,17
22,11,10,0,3
22,12,10,0,0
22,13,10,0,18
22,14,10,0,14
22,15,10,0,6
22,16,10,0,10
22,17,10,0,12
22,18,10,0,14
22,19,10,0,0
22,20,10,0,12
22,21,10,0,3
22,22,10,0,20
22,23,10,0,4
22,24,10,0,17
22,25,10,0,1
22,26,10,0,0
22,27,10,1,10
22,28,1,0,3
22,29,1,4,20
22,30,1,4,20
22,31,1,4,5
22,32,4,0,11
22,33,5,4,6
22,34,5,0,22
22,35,5,0,23
22,36,5,0,5
22,37,5,0,0
22,38,5,0,18
22,39,5,0,0
22,40,5,0,0
22,41,5,0,18
22,42,5,0,9
22,43,5,0,14
22,44,5,0,4
22,45,5,0,23
22,46,5,0,11
22,47,5,0,15
22,48,5,0,10
22,49,5,0,8
23,0,5,0,1
23,1,5,0,0
23,2,5,0,4
23,3,5,0,18
23,4,5,0,18
23,5,5,0,11
23,6,5,4,0
23,7,1,4,22
23,8,1,4,20
23,9,10,1,7
23,10,10,0,24
23,11,10,0,21
23,12,10,0,9
23,13,10,0,3
23,14,10,0,3
23,15,10,0,1
23,16,10,0,10
23,17,10,0,17
23,18,10,0,19
23,19,10,0,2
23,20,10,0,1
23,21,10,0,7
23,22,10,0,5
23,23,10,0,8
23,24,10,0,9
23,25,10,0,5
23,26,10,1,5
23,27,1,0,23
23,28,1,4,0
23,29,1,4,8
23,30,1,4,8
23,31,4,0,3
23,32,4,0,23
23,33,5,4,24
23,34,5,0,6
23,35,5,0,1
23,36,5,0,13
23,37,5,0,10
23,38,5,0,18
23,39,5,0,10
23,40,5,0,22
23,41,5,0,21
23,42,5,0,2
23,43,5,0,10
23,44,5,0,2
23,45,5,0,6
23,46,5,0,20
23,47,5,0,0
23,48,5,0,2
23,49,5,0,18
24,0,5,0,3
24,1,5,0,16
24,2,5,0,8
24,3,5,0,2
24,4,5,0,13
24,5,5,0,1
24,6,5,4,18
24,7,1,4,8
24,8,1,4,24
24,9,10,1,7
24,10,10,0,13
24,11,10,0,2
24,12,10,0,13
24,13,10,0,24
24,14,10,0,4
24,15,10,0,12
24,16,10,1,20
24,17,10,0,11
24,18,10,0,1
24,19,10,0,16
24,20,10,0,20
24,21,10,0,7
24,22,10,0,7
24,23,10,0,23
24,24,10,0,7
24,25,10,1,13
24,26,1,0,18
24,27,1,0,6
24,28,1,4,18
24,29,4,0,1
24,30,4,0,24
24,31,4,0,4
24,32,5,4,11
24,33,5,0,24
24,34,5,0,13
24,35,5,0,23
24,36,5,0,7
24,37,5,0,8
24,38,5,0,23
24,39,5,0,8
24,40,5,0,11
24,41,5,0,23
24,42,5,0,24
24,43,5,0,19
24,44,5,0,4
24,45,5,0,12
24,46,5,0,17
24,47,5,0,3
24,48,5,0,9
24,49,5,0,17
25,0,5,0,17
25,1,5,0,9
25,2,5,0,12
25,3,5,0,9
25,4,5,0,19
25,5,5,4,0
25,6,4,0,22
25,7,1,4,6
25,8,1,0,18
25,9,10,1,7
25,10,10,0,2
25,11,10,0,9
25,12,10,0,14
25,13,10,0,21
25,14,10,0,1
25,15,10,1,5
25,16,10,1,23
25,17,10,1,20
25,18,10,0,6
25,19,10,0,24
25,20,10,0,8
25,21,10,0,14
25,22,10,0,0
25,23,10,0,20
25,24,10,1,13
25,25,1,0,13
25,26,1,0,0
25,27,1,4,15
25,28,4,0,19
25,29,4,0,1
25,30,4,0,6
25,31,5,4,6
25,32,5,0,21
25,33,5,0,18
25,34,5,0,13
25,35,5,0,24
25,36,5,0,14
25,37,5,0,15
25,38,5,0,9
25,39,5,0,18
25,40,5,0,23
25,41,5,0,24
25,42,5,0,5
25,43,5,0,20
25,44,5,0,11
25,45,5,0,14
25,46,5,0,17
25,47,5,0,15
25,48,5,0,10
25,49,5,0,24
26,0,5,0,23
26,1,5,0,4
26,2,5,0,12
26,3,5,0,18
26,4,5,0,10
26,5,5,4,1
26,6,4,0,13
26,7,1,4,21
26,8,1,0,19
26,9,10,1,23
26,10,10,1,20
26,11,10,0,19
26,12,10,0,3
26,13,10,0,10
26,14,10,1,0
26,15,1,0,21
26,16,10,1,8
26,17,10,1,7
26,18,10,0,8
26,19,10,0,2
26,20,10,0,7
26,21,10,0,24
26,22,10,0,9
26,23,10,1,15
26,24,1,0,11
26,25,1,0,1
26,26,1,4,5
26,27,4,0,6
26,28,4,0,10
26,29,4,0,15
26,30,4,0,13
26,31,5,4,24
26,32,5,0,16
26,33,5,0,17
26,34,5,0,0
26,35,5,0,8
26,36,5,0,12
26,37,5,0,7
26,38,5,0,6
26,39,5,0,21
26,40,5,0,11
26,41,5,0,19
26,42,5,0,17
26,43,5,0,13
26,44,5,0,16
26,45,5,0,4
26,46,5,0,1
26,47,5,0,21
26,48,5,0,0
26,49,5,0,21
27,0,5,0,12
27,1,5,0,11
27,2,5,0,18
27,3,5,0,18
27,4,5,0,4
27,5,5,4,17
27,6,4,0,16
27,7,1,4,24
27,8,1,0,9
27,9,10,1,8
27,10,10,1,21
27,11,10,0,1
27,12,10,0,22
27,13,10,0,4
27,14,10,1,18
27,15,1,0,23
27,16,1,0,15
27,17,10,1,21
27,18,10,0,10
27,19,10,0,12
27,20,10,0,2
27,21,10,0,13
27,22,10,1,5
27,23,1,0,13
27,24,1,0,15
27,25,1,4,0
27,26,4,0,5
27,27,4,0,3
27,28,4,0,11
27,29,4,0,1
27,30,5,4,6
27,31,5,0,10
27,32,5,0,16
27,33,5,0,23
27,34,5,0,10
27,35,5,0,17
27,36,5,0,11
27,37,5,0,13
27,38,5,0,13
27,39,5,0,11
27,40,5,0,18
27,41,5,0,10
27,42,5,0,12
27,43,5,0,1
27,44,5,0,22
27,45,5,0,6
27,46,5,0,19
27,47,5,0,9
27,48,5,0,2
27,49,5,0,9
28,0,5,0,21
28,1,5,0,13
28,2,5,0,2
28,3,5,0,17
28,4,5,0,23
28,5,5,4,18
28,6,1,4,6
28,7,1,0,7
28,8,1,0,21
28,9,1,0,2
28,10,10,1,23
28,11,10,0,20
28,12,10,0,2
28,13,10,1,10
28,14,1,0,2
28,15,1,0,24
28,16,1,0,22
28,17,10,1,7
28,18,10,0,6
28,19,10,0,17
28,20,10,0,21
28,21,10,1,0
28,22,1,0,20
28,23,1,0,2
28,24,1,0,8
28,25,1,4,18
28,26,4,0,7
28,27,4,0,4
28,28,4,0,14
28,29,4,0,19
28,30,5,4,24
28,31,5,0,19
28,32,5,0,9
28,33,5,0,15
28,34,5,0,6
28,35,5,0,2
28,36,5,0,5
28,37,5,0,19
28,38,5,0,1
28,39,5,0,11
28,40,5,0,13
28,41,5,0,4
28,42,5,0,19
28,43,5,0,1
28,44,5,0,19
28,45,5,0,1
28,46,5,0,2
28,47,5,0,24
28,48,5,0,20
28,49,5,0,9
29,0,5,0,1
29,1,5,0,11
29,2,5,0,5
29,3,5,0,12
29,4,5,4,0
29,5,4,0,1
29,6,1,4,23
29,7,1,0,22
29,8,1,0,21
29,9,1,0,6
29,10,10,1,21
29,11,10,0,11
29,12,10,1,13
29,13,1,0,22
29,14,1,0,15
29,15,1,0,5
29,16,1,0,23
29,17,10,1,24
29,18,10,0,2
29,19,10,0,21
29,20,10,0,16
29,21,10,1,18
29,22,1,0,18
29,23,1,0,2
29,24,1,4,15
29,25,4,0,22
29,26,4,0,1
29,27,4,0,15
29,28,4,0,13
29,29,5,4,14
29,30,5,0,9
29,31,5,0,20
29,32,5,0,19
29,33,5,0,6
29,34,5,0,15
29,35,5,0,20
29,36,5,0,10
29,37,5,0,7
29,38,5,0,5
29,39,5,0,15
29,40,5,0,10
29,41,5,0,23
29,42,5,0,2
29,43,5,0,4
29,44,5,0,10
29,45,5,0,6
29,46,5,0,18
29,47,5,0,16
29,48,5,0,6
29,49,5,0,3
30,0,5,0,24
30,1,5,0,1
30,2,5,0,8
30,3,5,0,2
30,4,5,4,17
30,5,4,0,2
30,6,1,4,7
30,7,1,4,20
30,8,1,4,20
30,9,1,0,3
30,10,10,1,24
30,11,10,1,0
30,12,1,0,12
30,13,1,0,19
30,14,1,0,24
30,15,1,0,19
30,16,10,1,6
30,17,10,0,15
30,18,10,0,3
30,19,10,0,1
30,20,10,1,5
30,21,1,0,21
30,22,1,0,2
30,23,1,4,0
30,24,4,0,2
30,25,4,0,9
30,26,4,0,19
30,27,4,0,14
30,28,5,4,11
30,29,5,0,17
30,30,5,0,21
30,31,5,0,15
30,32,5,0,17
30,33,5,0,6
30,34,5,0,23
30,35,5,0,6
30,36,5,0,7
30,37,5,0,7
30,38,5,0,6
30,39,5,0,24
30,40,5,0,14
30,41,5,0,6
30,42,5,0,24
30,43,5,0,19
30,44,5,0,23
30,45,5,0,20
30,46,5,0,13
30,47,5,0,22
30,48,5,0,16
30,49,5,4,0
31,0,5,0,12
31,1,5,0,1
31,2,5,0,0
31,3,5,0,15
31,4,5,4,2
31,5,4,0,4
31,6,1,4,8
31,7,1,4,8
31,8,1,4,24
31,9,10,1,6
31,10,10,1,20
31,11,10,1,18
31,12,1,0,19
31,13,1,0,19
31,14,1,0,10
31,15,1,0,9
31,16,10,1,22
31,17,10,1,20
31,18,10,1,20
31,19,10,1,10
31,20,1,0,20
31,21,1,0,22
31,22,1,0,14
31,23,1,4,18
31,24,4,0,12
31,25,4,0,14
31,26,4,0,16
31,27,5,4,6
31,28,5,0,3
31,29,5,0,2
31,30,5,0,1
31,31,5,0,17
31,32,5,0,8
31,33,5,0,1
31,34,5,0,2
31,35,5,0,1
31,36,5,0,1
31,37,5,0,23
31,38,5,0,17
31,39,5,0,18
31,40,5,0,21
31,41,5,0,20
31,42,5,0,22
31,43,5,0,3
31,44,5,0,10
31,45,5,0,24
31,46,5,0,2
31,47,5,0,19
31,48,5,0,4
32,0,5,0,5
32,1,5,0,22
32,2,5,0,9
32,3,5,0,19
32,4,5,4,2
32,5,4,0,8
32,6,4,0,2
32,7,1,4,6
32,8,1,0,22
32,9,10,1,8
32,10,10,1,8
32,11,1,0,23
32,12,1,0,3
32,13,1,0,16
32,14,1,0,23
32,15,1,0,4
32,16,10,1,8
32,17,10,1,8
32,18,10,1,8
32,19,1,0,22
32,20,1,4,20
32,21,1,4,20
32,22,1,4,5
32,23,4,0,17
32,24,4,0,15
32,25,4,0,14
32,26,4,0,15
32,27,5,4,24
32,28,5,0,0
32,29,5,0,21
32,30,5,0,7
32,31,5,0,5
32,32,5,0,20
32,33,5,0,18
32,34,5,0,16
32,35,5,0,20
32,36,5,0,6
32,37,5,0,9
32,38,5,0,13
32,39,5,0,5
32,40,5,0,5
32,41,5,0,14
32,42,5,0,0
32,43,5,0,22
32,44,5,0,14
32,45,5,0,17
32,46,5,0,13
32,47,5,0,23
32,48,5,0,12
33,0,5,0,12
33,1,5,0,14
33,2,5,0,16
33,3,5,0,21
33,4,5,4,1
33,5,4,0,10
33,6,4,0,17
33,7,1,4,22
33,8,1,0,10
33,9,1,0,11
33,10,1,0,14
33,11,1,4,20
33,12,1,4,20
33,13,1,4,20
33,14,1,0,21
33,15,1,0,6
33,16,1,0,3
33,17,1,0,22
33,18,1,0,10
33,19,1,4,0
33,20,1,4,8
33,21,1,4,8
33,22,4,0,8
33,23,4,0,10
33,24,4,0,6
33,25,5,4,16
33,26,5,4,9
33,27,5,0,6
33,28,5,0,21
33,29,5,0,14
33,30,5,0,4
33,31,5,0,18
33,32,5,0,0
33,33,5,0,4
33,34,5,0,21
33,35,5,0,19
33,36,5,0,21
33,37,5,0,24
33,38,5,0,17
33,39,5,0,18
33,40,5,0,15
33,41,5,0,13
33,42,5,0,14
33,43,5,0,20
33,44,5,0,12
33,45,5,0,1
33,46,5,4,20
33,47,5,0,5
33,48,5,0,14
34,0,5,0,6
34,1,5,0,18
34,2,5,0,14
34,3,5,0,6
34,4,5,4,3
34,5,4,0,17
34,6,4,0,18
34,7,1,4,7
34,8,1,0,17
34,9,1,0,0
34,10,1,4,15
34,11,1,4,8
34,12,1,4,8
34,13,1,4,23
34,14,1,4,20
34,15,1,0,3
34,16,1,0,21
34,17,1,0,17
34,18,1,0,18
34,19,1,4,18
34,20,4,0,11
34,21,4,0,16
34,22,4,0,14
34,23,4,0,9
34,24,5,4,6
34,25,5,4,4
34,26,5,0,8
34,27,5,0,21
34,28,5,0,14
34,29,5,0,13
34,30,5,0,10
34,31,5,0,18
34,32,5,0,16
34,33,5,0,12
34,34,5,0,2
34,35,5,0,23
34,36,5,0,3
34,37,5,0,12
34,38,5,0,24
34,39,5,0,22
34,40,5,0,20
34,41,5,0,18
34,42,5,0,8
34,43,5,0,7
34,44,5,0,8
34,45,5,4,15
34,46,5,0,19
34,47,5,0,10
34,48,5,0,20
35,0,5,0,6
35,1,5,0,9
35,2,5,0,4
35,3,5,0,10
35,4,5,4,1
35,5,4,0,14
35,6,4,0,14
35,7,1,4,7
35,8,1,4,20
35,9,1,4,13
35,10,4,0,3
35,11,4,0,0
35,12,4,0,15
35,13,1,4,8
35,14,1,4,21
35,15,1,4,20
35,16,1,0,0
35,17,1,0,10
35,18,1,4,5
35,19,4,0,6
35,20,4,0,1
35,21,4,0,16
35,22,4,0,21
35,23,4,0,8
35,24,5,4,24
35,25,5,0,20
35,26,5,0,16
35,27,5,0,8
35,28,5,0,15
35,29,5,0,10
35,30,5,0,18
35,31,5,0,3
35,32,5,0,0
35,33,5,0,17
35,34,5,0,10
35,35,5,0,2
35,36,5,0,1
35,37,5,0,10
35,38,5,0,4
35,39,5,0,23
35,40,5,0,18
35,41,5,0,16
35,42,5,0,23
35,43,5,0,11
35,44,5,4,0
35,45,5,0,17
35,46,5,0,22
35,47,5,0,6
35,48,5,0,23
36,0,5,0,18
36,1,5,0,18
36,2,5,0,5
36,3,5,0,23
36,4,5,4,3
36,5,4,0,18
36,6,4,0,11
36,7,1,4,8
36,8,1,4,8
36,9,4,0,23
36,10,4,0,9
36,11,4,0,7
36,12,4,0,2
36,13,4,0,13
36,14,1,4,8
36,15,1,4,22
36,16,1,0,16
36,17,1,4,0
36,18,4,0,0
36,19,4,0,19
36,20,4,0,5
36,21,4,0,10
36,22,4,0,6
36,23,5,4,9
36,24,5,0,6
36,25,5,0,1
36,26,5,0,24
36,27,5,0,17
36,28,5,0,6
36,29,5,0,19
36,30,5,0,19
36,31,5,0,20
36,32,5,0,6
36,33,5,0,3
36,34,5,0,22
36,35,5,0,15
36,36,5,0,18
36,37,5,0,7
36,38,5,0,22
36,39,5,0,20
36,40,5,0,8
36,41,5,0,4
36,42,5,0,12
36,43,5,0,21
36,44,5,0,14
36,45,5,0,21
36,46,5,0,19
36,47,5,0,9
36,48,5,0,24
37,0,5,0,21
37,1,5,0,8
37,2,5,0,18
37,3,5,0,1
37,4,5,4,1
37,5,4,0,2
37,6,4,0,5
37,7,4,0,3
37,8,4,0,10
37,9,4,0,21
37,10,4,0,6
37,11,4,0,1
37,12,4,0,13
37,13,4,6,20
37,14,4,0,2
37,15,1,4,24
37,16,1,0,9
37,17,1,4,18
37,18,4,0,3
37,19,4,0,20
37,20,4,0,23
37,21,4,0,15
37,22,5,4,19
37,23,5,0,6
37,24,5,0,22
37,25,5,0,13
37,26,5,0,3
37,27,5,0,12
37,28,5,0,18
37,29,5,0,13
37,30,5,0,3
37,31,5,0,5
37,32,5,0,21
37,33,5,0,15
37,34,5,0,11
37,35,5,0,9
37,36,5,0,0
37,37,5,0,20
37,38,5,0,9
37,39,5,0,24
37,40,5,0,22
37,41,5,0,13
37,42,5,0,16
37,43,5,0,24
37,44,5,0,1
37,45,5,0,9
37,46,5,0,2
37,47,5,0,23
37,48,5,0,6
38,0,5,0,20
38,1,5,0,3
38,2,5,0,19
38,3,5,0,9
38,4,5,4,17
38,5,4,0,23
38,6,4,0,18
38,7,4,0,9
38,8,4,0,12
38,9,4,0,21
38,10,4,0,19
38,11,4,0,3
38,12,4,6,15
38,13,4,6,21
38,14,1,4,6
38,15,1,4,20
38,16,1,4,10
38,17,4,0,12
38,18,4,0,0
38,19,5,4,16
38,20,4,0,11
38,21,5,4,6
38,22,5,0,9
38,23,5,0,24
38,24,5,0,2
38,25,5,0,5
38,26,5,0,18
38,27,5,0,8
38,28,5,0,13
38,29,5,0,8
38,30,5,0,5
38,31,5,0,10
38,32,5,0,7
38,33,5,0,24
38,34,5,0,24
38,35,5,0,5
38,36,5,0,18
38,37,5,0,16
38,38,5,0,3
38,39,5,0,21
38,40,5,0,15
38,41,5,0,8
38,42,5,0,10
38,43,5,0,9
38,44,5,0,4
38,45,5,0,11
38,46,5,0,18
38,47,5,0,11
38,48,5,0,12
39,0,5,0,8
39,1,5,0,13
39,2,5,0,11
39,3,5,0,6
39,4,5,4,17
39,5,4,0,21
39,6,4,0,15
39,7,4,0,9
39,8,4,0,9
39,9,4,0,21
39,10,4,0,4
39,11,4,6,15
39,12,6,0,3
39,13,4,6,24
39,14,1,4,8
39,15,1,4,8
39,16,4,0,3
39,17,4,0,9
39,18,5,4,11
39,19,5,4,3
39,20,5,4,16
39,21,5,4,24
39,22,5,0,3
39,23,5,0,17
39,24,5,0,6
39,25,5,0,13
39,26,5,0,12
39,27,5,0,20
39,28,5,0,16
39,29,5,0,20
39,30,5,0,16
39,31,5,0,1
39,32,5,0,11
39,33,5,0,2
39,34,5,0,17
39,35,5,0,17
39,36,5,0,0
39,37,5,0,8
39,38,5,0,21
39,39,5,0,19
39,40,5,0,7
39,41,5,0,12
39,42,5,0,14
39,43,5,0,4
39,44,5,0,18
39,45,5,0,23
39,46,5,0,10
39,47,5,0,10
39,48,5,0,7
40,0,5,0,24
40,1,5,0,12
40,2,5,0,21
40,3,5,0,18
40,4,5,4,17
40,5,4,0,24
40,6,4,0,14
40,7,4,0,2
40,8,4,0,20
40,9,4,0,12
40,10,4,6,0
40,11,6,0,11
40,12,4,6,11
40,13,4,0,0
40,14,4,0,11
40,15,4,0,8
40,16,4,0,11
40,17,5,4,9
40,18,5,0,23
40,19,5,4,4
40,20,5,4,4
40,21,5,0,4
40,22,5,0,9
40,23,5,0,14
40,24,5,0,11
40,25,5,0,23
40,26,5,0,10
40,27,5,0,12
40,28,5,0,13
40,29,5,0,9
40,30,5,0,22
40,31,5,0,4
40,32,5,0,6
40,33,5,0,5
40,34,5,0,20
40,35,5,0,19
40,36,5,0,4
40,37,5,0,19
40,38,5,0,2
40,39,5,0,21
40,40,5,0,19
40,41,5,0,12
40,42,5,0,13
40,43,5,0,6
40,44,5,0,2
40,45,5,0,0
40,46,5,0,2
40,47,5,0,13
40,48,5,0,17
41,0,5,0,6
41,1,5,0,22
41,2,5,0,11
41,3,5,0,21
41,4,5,4,1
41,5,4,0,2
41,6,4,0,9
41,7,4,0,6
41,8,4,0,21
41,9,4,0,15
41,10,4,6,18
41,11,4,6,6
41,12,4,0,15
41,13,4,0,18
41,14,4,0,12
41,15,4,0,20
41,16,5,4,6
41,17,5,0,17
41,18,5,0,17
41,19,5,0,21
41,20,5,0,21
41,21,5,0,5
41,22,5,0,11
41,23,5,0,1
41,24,5,0,13
41,25,5,0,11
41,26,5,0,2
41,27,5,0,24
41,28,5,0,9
41,29,5,0,22
41,30,5,0,12
41,31,5,0,1
41,32,5,0,15
41,33,5,0,2
41,34,5,0,4
41,35,5,0,4
41,36,5,0,9
41,37,5,0,16
41,38,5,0,6
41,39,5,0,20
41,40,5,0,22
41,41,5,0,5
41,42,5,0,8
41,43,5,0,19
41,44,5,0,1
41,45,5,0,17
41,46,5,0,22
41,47,5,0,17
41,48,5,0,19
42,0,5,0,11
42,1,5,0,11
42,2,5,0,21
42,3,5,0,6
42,4,5,4,17
42,5,4,0,12
42,6,4,0,17
42,7,4,0,1
42,8,4,0,15
42,9,4,6,0
42,10,6,0,17
42,11,4,6,24
42,12,4,0,7
42,13,4,0,20
42,14,4,0,1
42,15,4,0,1
42,16,5,4,24
42,17,5,0,16
42,18,5,0,24
42,19,5,0,1
42,20,5,0,7
42,21,5,0,6
42,22,5,0,22
42,23,5,0,1
42,24,5,0,23
42,25,5,0,20
42,26,5,0,17
42,27,5,0,11
42,28,5,0,3
42,29,5,0,16
42,30,5,0,0
42,31,5,0,18
42,32,5,0,16
42,33,5,0,15
42,34,5,0,24
42,35,5,0,12
42,36,5,0,12
42,37,5,0,21
42,38,5,0,3
42,39,5,0,16
42,40,5,0,7
42,41,5,0,7
42,42,5,0,14
42,43,5,0,7
42,44,5,0,5
42,45,5,0,16
42,46,5,0,11
42,47,5,0,10
42,48,5,0,15
43,0,5,0,1
43,1,5,0,15
43,2,5,0,21
43,3,5,0,12
43,4,5,4,3
43,5,4,0,18
43,6,4,0,24
43,7,4,0,20
43,8,4,0,6
43,9,4,6,17
43,10,4,6,14
43,11,4,0,5
43,12,4,0,18
43,13,4,0,17
43,14,4,0,7
43,15,5,4,6
43,16,5,0,11
43,17,5,0,0
43,18,5,0,14
43,19,5,0,16
43,20,5,0,6
43,21,5,0,13
43,22,5,0,8
43,23,5,0,24
43,24,5,0,23
43,25,5,0,5
43,26,5,0,11
43,27,5,0,16
43,28,5,0,1
43,29,5,0,19
43,30,5,0,9
43,31,5,0,12
43,32,5,0,9
43,33,5,0,1
43,34,5,0,23
43,35,5,0,17
43,36,5,0,23
43,37,5,0,9
43,38,5,0,14
43,39,5,0,22
43,40,5,0,10
43,41,5,0,1
43,42,5,0,15
43,43,5,0,17
43,44,5,0,3
43,45,5,0,13
43,46,5,0,11
43,47,5,0,22
43,48,5,0,20
44,0,5,0,17
44,1,5,0,19
44,2,5,0,11
44,3,5,0,14
44,4,5,4,3
44,5,5,4,16
44,6,5,4,16
44,7,4,0,5
44,8,4,0,11
44,9,4,6,4
44,10,4,0,14
44,11,4,0,11
44,12,4,0,7
44,13,4,0,3
44,14,4,0,17
44,15,5,4,24
44,16,5,0,12
44,17,5,0,5
44,18,5,0,10
44,19,5,0,19
44,20,5,0,13
44,21,5,0,5
44,22,5,0,15
44,23,5,0,20
44,24,5,0,4
44,25,5,0,4
44,26,5,0,13
44,27,5,0,24
44,28,5,0,20
44,29,5,0,8
44,30,5,0,18
44,31,5,0,18
44,32,5,0,0
44,33,5,0,12
44,34,5,0,7
44,35,5,0,21
44,36,5,0,0
44,37,5,0,11
44,38,5,0,1
44,39,5,0,0
44,40,5,0,18
44,41,5,0,19
44,42,5,0,6
44,43,5,0,15
44,44,5,0,12
44,45,5,0,17
44,46,5,0,1
44,47,5,0,21
44,48,5,0,16
45,0,5,0,21
45,1,5,0,1
45,2,5,0,3
45,3,5,0,20
45,4,5,4,4
45,5,5,4,4
45,6,5,4,1
45,7,4,0,14
45,8,4,0,4
45,9,4,0,9
45,10,4,0,8
45,11,4,0,10
45,12,4,0,10
45,13,4,0,20
45,14,5,4,19
45,15,5,0,1
45,16,5,0,19
45,17,5,0,13
45,18,5,0,3
45,19,5,0,11
45,20,5,0,11
45,21,5,0,22
45,22,5,0,18
45,23,5,0,1
45,24,5,0,10
45,25,5,0,21
45,26,5,0,17
45,27,5,0,19
45,28,5,0,10
45,29,5,0,9
45,30,5,0,0
45,31,5,0,10
45,32,5,0,0
45,33,5,0,9
45,34,5,0,22
45,35,5,0,17
45,36,5,0,2
45,37,5,0,20
45,38,5,0,11
45,39,5,0,5
45,40,5,0,15
45,41,5,0,23
45,42,5,0,11
45,43,5,0,23
45,44,5,0,24
45,45,5,0,1
45,46,5,0,2
45,47,5,0,18
45,48,5,0,10
46,0,5,0,8
46,1,5,0,20
46,2,5,0,24
46,3,5,0,22
46,4,5,0,22
46,5,5,0,23
46,6,5,4,3
46,7,4,0,10
46,8,4,0,19
46,9,4,0,17
46,10,4,0,17
46,11,4,0,23
46,12,4,0,24
46,13,5,4,19
46,14,5,0,4
46,15,5,0,2
46,16,5,0,4
46,17,5,0,16
46,18,5,0,21
46,19,5,0,21
46,20,5,0,22
46,21,5,0,24
46,22,5,0,11
46,23,5,0,0
46,24,5,0,15
46,25,5,0,14
46,26,5,0,3
46,27,5,0,11
46,28,5,0,13
46,29,5,0,14
46,30,5,0,20
46,31,5,0,6
46,32,5,0,24
46,33,5,0,10
46,34,5,0,23
46,35,5,0,8
46,36,5,0,5
46,37,5,0,0
46,38,5,0,0
46,39,5,0,23
46,40,5,0,20
46,41,5,0,24
46,42,5,0,9
46,43,5,0,2
46,44,5,0,0
46,45,5,0,21
46,46,5,0,4
46,47,5,0,11
46,48,5,0,7
47,0,5,0,22
47,1,5,0,24
47,2,5,0,16
47,3,5,0,8
47,4,5,0,9
47,5,5,0,3
47,6,5,4,1
47,7,5,4,16
47,8,5,4,16
47,9,5,4,16
47,10,5,4,16
47,11,4,0,4
47,12,5,4,6
47,13,5,0,12
47,14,5,0,24
47,15,5,0,8
47,16,5,0,15
47,17,5,0,8
47,18,5,0,7
47,19,5,0,17
47,20,5,0,22
47,21,5,0,23
47,22,5,0,19
47,23,5,0,23
47,24,5,0,21
47,25,5,0,12
47,26,5,0,6
47,27,5,0,6
47,28,5,0,17
47,29,5,0,19
47,30,5,0,2
47,31,5,0,5
47,32,5,0,16
47,33,5,0,7
47,34,5,0,24
47,35,5,0,9
47,36,5,0,0
47,37,5,0,18
47,38,5,0,13
47,39,5,0,23
47,40,5,0,10
47,41,5,0,10
47,42,5,0,21
47,43,5,0,0
47,44,5,0,11
47,45,5,0,11
47,46,5,0,17
47,47,5,0,24
47,48,5,0,24
48,0,5,0,9
48,1,5,0,4
48,2,5,0,6
48,3,5,0,23
48,4,5,0,16
48,5,5,0,1
48,6,5,4,4
48,7,5,4,4
48,8,5,4,4
48,9,5,4,4
48,10,5,4,2
48,11,4,0,20
48,12,5,4,24
48,13,5,0,5
48,14,5,0,3
48,15,5,0,8
48,16,5,0,10
48,17,5,0,14
48,18,5,0,8
48,19,5,0,20
48,20,5,0,1
48,21,5,0,12
48,22,5,0,21
48,23,5,0,23
48,24,5,0,11
48,25,5,0,16
48,26,5,0,15
48,27,5,0,16
48,28,5,0,21
48,29,5,0,8
48,30,5,0,2
48,31,5,0,23
48,32,5,0,8
48,33,5,0,19
48,34,5,0,9
48,35,5,0,18
48,36,5,0,23
48,37,5,0,7
48,38,5,0,8
48,39,5,0,4
48,40,5,0,14
48,41,5,0,2
48,42,5,0,1
48,43,5,0,5
48,44,5,0,5
48,45,5,0,24
48,46,5,0,13
48,47,5,0,20
48,48,5,0,19
49,0,5,0,6
49,1,5,0,18
49,2,5,0,22
49,3,5,0,3
49,4,5,0,1
49,5,5,0,19
49,6,5,0,17
49,7,5,0,16
49,8,5,0,3
49,9,5,0,0
49,10,5,4,17
49,11,5,4,19
49,12,5,0,15
49,13,5,0,14
49,14,5,0,4
49,15,5,0,16
49,16,5,0,11
49,17,5,0,22
49,18,5,0,0
49,19,5,0,10
49,20,5,0,24
49,21,5,0,10
49,22,5,0,2
49,23,5,0,12
49,24,5,0,10
49,25,5,0,16
49,26,5,0,21
49,27,5,0,16
49,28,5,0,18
49,29,5,0,17
49,30,5,0,15
49,31,5,0,16
49,32,5,0,16
49,33,5,0,4
49,34,5,0,13
49,35,5,0,4
49,36,5,0,23
49,37,5,0,2
49,38,5,0,12
49,39,5,0,11
49,40,5,0,15
49,41,5,0,6
49,42,5,0,9
49,43,5,0,0
49,44,5,0,1
49,45,5,0,0
49,46,5,0,1
49,47,5,0,1
49,48,5,0,9
50,0,5,0,19
50,1,5,0,16
50,2,5,0,2
50,3,5,0,7
50,4,5,0,23
50,5,5,0,1
50,6,5,0,22
50,7,5,0,20
50,8,5,0,20
50,9,5,0,13
50,10,5,4,4
50,11,5,0,1
50,12,5,0,18
50,13,5,0,10
50,14,5,0,16
50,15,5,0,19
50,16,5,0,9
50,17,5,0,20
50,18,5,0,13
50,19,5,0,2
50,20,5,0,18
50,21,5,0,16
50,22,5,0,6
50,23,5,0,9
50,24,5,0,11
50,25,5,0,13
50,26,5,0,17
50,27,5,0,4
50,28,5,0,2
50,29,5,0,0
50,30,5,0,19
50,31,5,0,8
50,32,5,0,23
50,33,5,0,17
50,34,5,0,0
50,35,5,0,8
50,36,5,0,7
50,37,5,0,18
50,38,5,0,14
50,39,5,0,5
50,40,5,0,17
50,41,5,0,8
50,42,5,0,9
50,43,5,0,20
50,44,5,0,12
50,45,5,0,24
50,46,5,0,14
50,47,5,0,14
50,48,5,0,10
51,0,5,0,10
51,1,5,0,2
51,2,5,0,12
51,3,5,0,24
51,4,5,0,11
51,5,5,0,2
51,6,5,0,19
51,7,5,0,22
51,8,5,0,6
51,9,5,0,14
51,10,5,0,6
51,11,5,0,17
51,12,5,0,8
51,13,5,0,23
51,14,5,0,9
51,15,5,0,23
51,16,5,0,13
51,17,5,0,24
51,18,5,0,15
51,19,5,0,20
51,20,5,0,22
51,21,5,0,6
51,22,5,0,9
51,23,5,0,1
51,24,5,0,0
51,25,5,0,13
51,26,5,0,10
51,27,5,0,8
51,28,5,0,9
51,29,5,0,7
51,30,5,0,17
51,31,5,0,16
51,32,5,0,13
51,33,5,0,24
51,34,5,0,6
51,35,5,0,0
51,36,5,0,4
51,37,5,0,14
51,38,5,0,18
51,39,5,0,9
51,40,5,0,9
51,41,5,0,22
51,42,5,0,0
51,43,5,0,0
51,44,5,0,23
51,45,5,0,24
51,46,5,0,17
51,47,5,0,4
51,48,5,0,4
52,0,5,0,18
52,1,5,0,14
52,2,5,0,23
52,3,5,0,5
52,4,5,0,19
52,5,5,0,21
52,6,5,0,9
52,7,5,0,14
52,8,5,0,2
52,9,5,0,2
52,10,5,0,12
52,11,5,0,7
52,12,5,0,2
52,13,5,0,1
52,14,5,0,14
52,15,5,0,11
52,16,5,0,7
52,17,5,0,8
52,18,5,0,19
52,19,5,0,3
52,20,5,0,2
52,21,5,0,4
52,22,5,0,13
52,23,5,0,15
52,24,5,0,19
52,25,5,0,7
52,26,5,0,12
52,27,5,0,1
52,28,5,0,18
52,29,5,0,12
52,30,5,0,11
52,31,5,0,8
52,32,5,0,17
52,33,5,0,14
52,34,5,0,6
52,35,5,0,3
52,36,5,0,23
52,37,5,0,23
52,38,5,0,9
52,39,5,0,20
52,40,5,0,2
52,41,5,0,12
52,42,5,0,16
52,43,5,0,5
52,44,5,0,19
52,45,5,0,16
52,46,5,0,15
52,47,5,0,0
52,48,5,0,7
53,0,5,0,7
53,1,5,0,21
53,2,5,0,15
53,3,5,0,11
53,4,5,0,22
53,5,5,0,7
53,6,5,0,22
53,7,5,0,4
53,8,5,0,10
53,9,5,0,6
53,10,5,0,14
53,11,5,0,17
53,12,5,0,14
53,13,5,0,9
53,14,5,0,23
53,15,5,0,2
53,16,5,0,2
53,17,5,0,16
53,18,5,0,18
53,19,5,0,7
53,20,5,0,15
53,21,5,0,23
53,22,5,0,17
53,23,5,0,23
53,24,5,0,15
53,25,5,0,16
53,26,5,0,9
53,27,5,0,17
53,28,5,0,14
53,29,5,0,8
53,30,5,0,12
53,31,5,0,17
53,32,5,0,1
53,33,5,0,3
53,34,5,0,24
53,35,5,0,6
53,36,5,0,17
53,37,5,0,18
53,38,5,0,23
53,39,5,0,14
53,40,5,0,2
53,41,5,0,12
53,42,5,0,3
53,43,5,0,13
53,44,5,0,4
53,45,5,0,19
53,46,5,0,5
53,47,5,0,13
53,48,5,0,21
54,0,5,0,21
54,1,5,0,24
54,2,5,0,18
54,3,5,0,17
54,4,5,0,18
54,5,5,0,11
54,6,5,0,9
54,7,5,0,23
54,8,5,0,24
54,9,5,0,13
54,10,5,0,6
54,11,5,0,20
54,12,5,0,10
54,13,5,0,7
54,14,5,0,22
54,15,5,0,17
54,16,5,0,12
54,17,5,0,24
54,18,5,0,10
54,19,5,0,13
54,20,5,0,9
54,21,5,0,12
54,22,5,0,14
54,23,5,0,4
54,24,5,0,20
54,25,5,0,16
54,26,5,0,17
54,27,5,0,18
54,28,5,0,10
54,29,5,0,6
54,30,5,0,13
54,31,5,0,13
54,32,5,0,17
54,33,5,0,23
54,34,5,0,2
54,35,5,0,20
54,36,5,0,14
54,37,5,0,1
54,38,5,0,21
54,39,5,0,13
54,40,5,0,13
54,41,5,0,0
54,42,5,0,21
54,43,5,0,3
54,44,5,0,18
54,45,5,0,4
54,46,5,0,3
54,47,5,0,8
54,48,5,0,0
55,0,5,0,15
55,1,5,0,5
55,2,5,0,1
55,3,5,0,17
55,4,5,0,15
55,5,5,0,5
55,6,5,0,12
55,7,5,0,17
55,8,5,0,10
55,9,5,0,9
55,10,5,0,14
55,11,5,0,18
55,12,5,0,20
55,13,5,0,7
55,14,5,0,24
55,15,5,0,9
55,16,5,0,3
55,17,5,0,2
55,18,5,0,16
55,19,5,0,21
55,20,5,0,8
55,21,5,0,7
55,22,5,0,21
55,23,5,0,2
55,24,5,0,4
55,25,5,0,9
55,26,5,0,19
55,27,5,0,18
55,28,5,0,23
55,29,5,0,19
55,30,5,0,19
55,31,5,0,0
55,32,5,0,9
55,33,5,0,0
55,34,5,0,1
55,35,5,0,23
55,36,5,0,13
55,37,5,0,14
55,38,5,0,18
55,39,5,0,22
55,40,5,0,4
55,41,5,0,6
55,42,5,0,7
55,43,5,0,13
55,44,5,0,3
55,45,5,0,17
55,46,5,0,6
55,47,5,0,7
55,48,5,0,17
56,0,5,0,10
56,1,5,0,19
56,2,5,0,8
56,3,5,0,16
56,4,5,0,7
56,5,5,0,24
56,6,5,0,14
56,7,5,0,15
56,8,5,0,15
56,9,5,0,15
56,10,5,0,9
56,11,5,0,19
56,12,5,0,20
56,13,5,0,17
56,14,5,0,8
56,15,5,0,14
56,16,5,0,19
56,17,5,0,22
56,18,5,0,11
56,19,5,0,14
56,20,5,0,16
56,21,5,0,9
56,22,5,0,13
56,23,5,0,6
56,24,5,0,5
56,25,5,0,13
56,26,5,0,8
56,27,5,0,21
56,28,5,0,0
56,29,5,0,16
56,30,5,0,2
56,31,5,0,15
56,32,5,4,20
56,33,5,4,20
56,34,5,0,22
56,35,5,0,16
56,36,5,0,5
56,37,5,0,11
56,38,5,0,15
56,39,5,0,22
56,40,5,0,7
56,41,5,0,12
56,42,5,0,6
56,43,5,0,12
56,44,5,0,19
56,45,5,0,10
56,46,5,0,14
56,47,5,0,5
56,48,5,0,9
57,0,5,0,17
57,1,5,0,15
57,2,5,0,23
57,3,5,0,3
57,4,5,0,2
57,5,5,0,15
57,6,5,0,8
57,7,5,0,13
57,8,5,0,20
57,9,5,0,10
57,10,5,0,14
57,11,5,0,1
57,12,5,0,18
57,13,5,0,12
57,14,5,0,14
57,15,5,0,3
57,16,5,0,0
57,17,5,0,5
57,18,5,0,13
57,19,5,0,5
57,20,5,0,15
57,21,5,0,4
57,22,5,0,5
57,23,5,0,20
57,24,5,0,20
57,25,5,0,7
57,26,5,0,9
57,27,5,0,19
57,28,5,0,23
57,29,5,0,2
57,30,5,0,22
57,31,5,4,0
57,32,5,4,8
57,33,5,4,21
57,34,5,0,18
57,35,5,0,9
57,36,5,0,12
57,37,5,0,19
57,38,5,0,13
57,39,5,0,14
57,40,5,0,13
57,41,5,0,24
57,42,5,0,12
57,43,5,0,22
57,44,5,0,16
57,45,5,0,21
57,46,5,0,18
57,47,5,0,19
57,48,5,0,2
58,0,5,0,17
58,1,5,0,17
58,2,5,0,8
58,3,5,0,18
58,4,5,0,21
58,5,5,0,0
58,6,5,0,17
58,7,5,0,24
58,8,5,0,24
58,9,5,0,11
58,10,5,0,14
58,11,5,0,21
58,12,5,0,22
58,13,5,0,11
58,14,5,0,16
58,15,5,0,21
58,16,5,0,6
58,17,5,0,11
58,18,5,0,12
58,19,5,0,8
58,20,5,0,3
58,21,5,0,9
58,22,5,0,17
58,23,5,0,11
58,24,5,0,17
58,25,5,0,18
58,26,5,0,16
58,27,5,0,12
58,28,5,0,24
58,29,5,0,15
58,30,5,0,22
58,31,5,4,18
58,32,4,0,19
58,33,5,4,7
58,34,5,4,20
58,35,5,4,20
58,36,5,4,20
58,37,5,0,9
58,38,5,0,15
58,39,5,0,6
58,40,5,0,18
58,41,5,0,11
58,42,5,0,15
58,43,5,0,18
58,44,5,0,7
58,45,5,0,14
58,46,5,0,13
58,47,5,0,17
58,48,5,0,6
59,0,5,0,7
59,1,5,0,11
59,2,5,0,17
59,3,5,0,10
59,4,5,0,22
59,5,5,0,16
59,6,5,0,21
59,7,5,0,0
59,8,5,0,18
59,9,5,0,22
59,10,5,0,21
59,11,5,0,13
59,12,5,0,14
59,13,5,0,23
59,14,5,0,4
59,15,5,0,15
59,16,5,0,17
59,17,5,0,3
59,18,5,0,9
59,19,5,0,11
59,20,5,0,0
59,21,5,0,12
59,22,5,0,5
59,23,5,0,14
59,24,5,0,6
59,25,5,0,3
59,26,5,0,1
59,27,5,0,22
59,28,5,0,1
59,29,5,0,19
59,30,5,4,0
59,31,4,0,20
59,32,4,0,24
59,33,5,4,8
59,34,5,4,8
59,35,5,4,8
59,36,5,4,22
59,37,5,4,20
59,38,5,0,10
59,39,5,0,15
59,40,5,0,18
59,41,5,0,13
59,42,5,0,13
59,43,5,0,22
59,44,5,0,1
59,45,5,0,5
59,46,5,0,17
59,47,5,0,18
59,48,5,0,10
60,0,5,0,1
60,1,5,0,18
60,2,5,0,7
60,3,5,0,6
60,4,5,0,24
60,5,5,0,7
60,6,5,0,17
60,7,5,0,19
60,8,5,0,16
60,9,5,0,15
60,10,5,0,14
60,11,5,0,4
60,12,5,0,13
60,13,5,0,20
60,14,5,0,8
60,15,5,0,13
60,16,5,0,15
60,17,5,0,14
60,18,5,0,4
60,19,5,0,12
60,20,5,0,18
60,21,5,0,23
60,22,5,0,24
60,23,5,0,7
60,24,5,0,22
60,25,5,0,12
60,26,5,0,20
60,27,5,0,12
60,28,5,0,13
60,29,5,0,0
60,30,5,4,18
60,31,4,0,19
60,32,4,0,15
60,33,4,0,18
60,34,4,0,11
60,35,4,0,22
60,36,5,4,8
60,37,5,4,23
60,38,5,0,16
60,39,5,0,14
60,40,5,0,5
60,41,5,0,20
60,42,5,0,18
60,43,5,0,12
60,44,5,0,10
60,45,5,0,20
60,46,5,0,20
60,47,5,0,10
60,48,5,0,2
61,0,5,0,18
61,1,5,0,15
61,2,5,0,12
61,3,5,0,5
61,4,5,0,4
61,5,5,0,0
61,6,5,0,20
61,7,5,0,8
61,8,5,0,22
61,9,5,0,0
61,10,5,0,15
61,11,5,0,24
61,12,5,0,15
61,13,5,0,12
61,14,5,0,9
61,15,5,0,13
61,16,5,0,17
61,17,5,0,8
61,18,5,0,2
61,19,5,0,24
61,20,5,0,11
61,21,5,0,0
61,22,5,0,3
61,23,5,0,10
61,24,5,0,15
61,25,5,0,22
61,26,5,0,7
61,27,5,0,19
61,28,5,0,5
61,29,5,4,5
61,30,4,0,19
61,31,4,0,12
61,32,1,4,16
61,33,4,0,24
61,34,4,0,5
61,35,4,0,2
61,36,4,0,11
61,37,5,4,23
61,38,5,4,20
61,39,5,0,5
61,40,5,0,9
61,41,5,4,20
61,42,5,0,4
61,43,5,0,15
61,44,5,0,24
61,45,5,0,12
61,46,5,0,8
61,47,5,0,21
61,48,5,0,12
62,0,5,0,10
62,1,5,0,21
62,2,5,0,23
62,3,5,0,5
62,4,5,0,1
62,5,5,0,6
62,6,5,0,14
62,7,5,0,12
62,8,5,0,22
62,9,5,0,4
62,10,5,0,22
62,11,5,0,9
62,12,5,0,4
62,13,5,0,10
62,14,5,0,11
62,15,5,0,15
62,16,5,0,2
62,17,5,0,3
62,18,5,0,19
62,19,5,0,13
62,20,5,0,18
62,21,5,0,3
62,22,5,0,7
62,23,5,0,5
62,24,5,0,3
62,25,5,0,19
62,26,5,4,20
62,27,5,4,20
62,28,5,4,13
62,29,4,0,7
62,30,4,0,17
62,31,1,4,11
62,32,1,4,17
62,33,1,4,16
62,34,1,4,16
62,35,1,4,16
62,36,4,0,11
62,37,5,4,8
62,38,5,4,7
62,39,5,4,20
62,40,5,4,5
62,41,5,4,21
62,42,5,4,20
62,43,5,0,21
62,44,5,0,22
62,45,5,0,12
62,46,5,0,15
62,47,5,0,20
62,48,5,0,7
63,0,5,0,17
63,1,5,0,18
63,2,5,0,6
63,3,5,0,21
63,4,5,0,8
63,5,5,0,21
63,6,5,0,7
63,7,5,0,9
63,8,5,0,5
63,9,5,0,20
63,10,5,0,21
63,11,5,0,10
63,12,5,0,0
63,13,5,0,23
63,14,5,0,1
63,15,5,0,10
63,16,5,0,22
63,17,5,0,18
63,18,5,0,0
63,19,5,0,4
63,20,5,0,12
63,21,5,0,1
63,22,5,0,3
63,23,5,0,16
63,24,5,0,4
63,25,5,4,15
63,26,5,4,8
63,27,5,4,8
63,28,4,0,16
63,29,1,4,16
63,30,1,4,9
63,31,1,0,6
63,32,1,4,4
63,33,1,4,4
63,34,1,4,4
63,35,1,4,1
63,36,4,0,22
63,37,4,0,9
63,38,5,4,8
63,39,5,4,8
63,40,4,0,14
63,41,5,4,8
63,42,5,4,21
63,43,5,0,1
63,44,5,0,5
63,45,5,0,22
63,46,5,0,15
63,47,5,0,22
63,48,5,0,3
64,0,5,0,3
64,1,5,0,2
64,2,5,0,13
64,3,5,0,10
64,4,5,0,19
64,5,5,0,1
64,6,5,0,10
64,7,5,0,0
64,8,5,0,7
64,9,5,0,23
64,10,5,0,6
64,11,5,0,13
64,12,5,0,14
64,13,5,0,22
64,14,5,0,10
64,15,5,0,19
64,16,5,0,8
64,17,5,0,17
64,18,5,0,10
64,19,5,0,16
64,20,5,0,8
64,21,5,0,3
64,22,5,0,11
64,23,5,0,22
64,24,5,4,15
64,25,4,0,5
64,26,4,0,18
64,27,4,0,3
64,28,1,4,9
64,29,1,4,4
64,30,1,0,4
64,31,1,0,4
64,32,1,0,21
64,33,1,0,20
64,34,1,0,18
64,35,1,4,18
64,36,4,0,17
64,37,4,0,3
64,38,4,0,19
64,39,4,0,22
64,40,4,0,4
64,41,4,0,7
64,42,5,4,7
64,43,5,0,20
64,44,5,0,7
64,45,5,0,17
64,46,5,0,16
64,47,5,0,2
64,48,5,0,15
65,0,5,0,15
65,1,5,0,2
65,2,5,0,18
65,3,5,0,23
65,4,5,0,14
65,5,5,0,3
65,6,5,0,21
65,7,5,0,22
65,8,5,0,10
65,9,5,0,20
65,10,5,0,5
65,11,5,0,21
65,12,5,0,23
65,13,5,0,3
65,14,5,0,0
65,15,5,0,5
65,16,5,0,10
65,17,5,0,13
65,18,5,0,21
65,19,5,0,15
65,20,5,0,1
65,21,5,0,15
65,22,5,4,20
65,23,5,4,5
65,24,1,4,16
65,25,4,0,17
65,26,4,0,1
65,27,1,4,19
65,28,1,0,9
65,29,1,0,0
65,30,1,0,5
65,31,1,0,2
65,32,1,0,22
65,33,1,0,14
65,34,1,4,0
65,35,1,4,16
65,36,4,0,2
65,37,4,0,18
65,38,4,0,18
65,39,4,0,5
65,40,4,0,11
65,41,4,0,22
65,42,5,4,24
65,43,5,0,9
65,44,5,0,21
65,45,5,0,16
65,46,5,0,0
65,47,5,0,11
65,48,5,0,19
66,0,5,0,16
66,1,5,0,17
66,2,5,0,21
66,3,5,0,17
66,4,5,0,14
66,5,5,0,3
66,6,5,0,4
66,7,5,0,2
66,8,5,0,2
66,9,5,0,9
66,10,5,0,10
66,11,5,0,24
66,12,5,0,15
66,13,5,0,23
66,14,5,0,23
66,15,5,0,24
66,16,5,0,14
66,17,5,0,10
66,18,5,0,12
66,19,5,0,18
66,20,5,0,5
66,21,5,4,5
66,22,1,4,16
66,23,1,4,11
66,24,1,4,3
66,25,4,0,19
66,26,1,4,11
66,27,1,0,0
66,28,1,0,21
66,29,1,0,23
66,30,10,1,16
66,31,10,1,16
66,32,1,0,23
66,33,1,0,21
66,34,1,4,4
66,35,1,4,1
66,36,4,0,8
66,37,4,0,10
66,38,4,0,2
66,39,4,0,16
66,40,4,0,18
66,41,5,4,6
66,42,5,0,16
66,43,5,0,23
66,44,5,0,24
66,45,5,0,4
66,46,5,0,6
66,47,5,0,17
66,48,5,0,14
67,0,5,0,14
67,1,5,0,2
67,2,5,0,6
67,3,5,0,20
67,4,5,0,1
67,5,5,0,18
67,6,5,0,19
67,7,5,0,4
67,8,5,0,9
67,9,5,0,20
67,10,5,0,21
67,11,5,0,24
67,12,5,0,21
67,13,5,0,0
67,14,5,0,4
67,15,5,0,14
67,16,5,0,16
67,17,5,4,20
67,18,5,4,20
67,19,5,4,20
67,20,5,4,15
67,21,1,4,11
67,22,1,4,4
67,23,1,0,6
67,24,1,4,2
67,25,1,4,9
67,26,1,0,2
67,27,10,1,16
67,28,10,1,16
67,29,10,1,11
67,30,10,1,4
67,31,10,1,3
67,32,10,1,16
67,33,1,0,5
67,34,1,0,23
67,35,1,4,2
67,36,4,0,5
67,37,4,0,10
67,38,4,0,17
67,39,4,0,13
67,40,4,0,24
67,41,5,4,23
67,42,5,4,20
67,43,5,0,16
67,44,5,0,23
67,45,5,0,15
67,46,5,0,3
67,47,5,0,19
67,48,5,0,3
68,0,5,0,5
68,1,5,0,24
68,2,5,0,23
68,3,5,0,0
68,4,5,0,2
68,5,5,0,7
68,6,5,0,4
68,7,5,0,12
68,8,5,0,13
68,9,5,0,8
68,10,5,4,20
68,11,5,4,20
68,12,5,0,0
68,13,5,0,20
68,14,5,0,16
68,15,5,0,22
68,16,5,4,5
68,17,5,4,8
68,18,5,4,8
68,19,5,4,8
68,20,1,4,6
68,21,1,0,21
68,22,1,0,0
68,23,10,1,16
68,24,10,1,16
68,25,10,1,16
68,26,10,1,14
68,27,10,1,4
68,28,10,1,4
68,29,10,0,7
68,30,10,0,14
68,31,10,1,4
68,32,10,1,17
68,33,1,0,11
68,34,1,0,15
68,35,1,4,1
68,36,1,4,16
68,37,4,0,10
68,38,4,0,11
68,39,4,0,4
68,40,4,0,5
68,41,5,4,8
68,42,5,4,23
68,43,5,4,20
68,44,5,4,20
68,45,5,0,24
68,46,5,0,12
68,47,5,0,7
68,48,5,0,17
69,0,5,0,19
69,1,5,0,23
69,2,5,0,8
69,3,5,0,21
69,4,5,0,10
69,5,5,0,2
69,6,5,0,1
69,7,5,0,6
69,8,5,0,7
69,9,5,4,10
69,10,5,4,8
69,11,5,0,13
69,12,5,0,18
69,13,5,0,20
69,14,5,0,11
69,15,5,4,0
69,16,4,0,7
69,17,4,0,5
69,18,4,0,12
69,19,4,0,10
69,20,1,4,22
69,21,1,0,3
69,22,10,1,14
69,23,10,1,4
69,24,10,1,4
69,25,10,1,4
69,26,10,0,12
69,27,10,0,16
69,28,10,0,21
69,29,10,0,23
69,30,10,0,22
69,31,10,0,22
69,32,10,1,3
69,33,1,0,10
69,34,1,0,11
69,35,1,4,4
69,36,1,4,2
69,37,4,0,12
69,38,4,0,20
69,39,4,0,14
69,40,4,0,19
69,41,4,0,9
69,42,5,4,8
69,43,5,4,8
69,44,5,4,24
69,45,5,0,21
69,46,5,0,5
69,47,5,0,6
69,48,5,0,24
70,0,5,0,23
70,1,5,0,6
70,2,5,0,13
70,3,5,0,0
70,4,5,0,0
70,5,5,0,9
70,6,5,0,10
70,7,5,0,12
70,8,5,4,0
70,9,10,0,19
70,10,5,0,3
70,11,5,0,19
70,12,5,0,4
70,13,5,0,15
70,14,5,4,20
70,15,5,4,18
70,16,4,0,4
70,17,4,0,10
70,18,4,0,1
70,19,4,0,15
70,20,1,4,24
70,21,10,1,6
70,22,10,0,14
70,23,10,0,5
70,24,10,0,8
70,25,10,0,5
70,26,10,0,24
70,27,10,0,21
70,28,10,0,2
70,29,10,0,23
70,30,10,0,24
70,31,10,0,18
70,32,10,1,17
70,33,1,0,13
70,34,1,0,12
70,35,1,0,2
70,36,1,4,2
70,37,4,0,5
70,38,4,0,10
70,39,4,6,20
70,40,4,0,12
70,41,4,0,15
70,42,4,0,18
70,43,5,4,6
70,44,5,0,21
70,45,5,0,5
70,46,5,0,24
70,47,5,0,2
70,48,5,0,18
71,0,5,0,3
71,1,5,0,17
71,2,5,0,21
71,3,5,0,24
71,4,5,0,18
71,5,5,0,17
71,6,5,0,19
71,7,5,0,4
71,8,5,4,18
71,9,5,0,9
71,10,5,0,17
71,11,5,0,19
71,12,5,0,18
71,13,5,4,10
71,14,5,4,8
71,15,4,0,21
71,16,4,0,20
71,17,4,0,19
71,18,4,0,20
71,19,1,4,6
71,20,1,0,19
71,21,10,1,24
71,22,10,0,6
71,23,10,0,1
71,24,10,0,3
71,25,10,0,9
71,26,10,0,1
71,27,10,0,3
71,28,10,0,0
71,29,10,0,1
71,30,10,0,3
71,31,10,0,17
71,32,10,1,17
71,33,10,1,16
71,34,1,0,17
71,35,1,0,6
71,36,1,4,2
71,37,4,0,8
71,38,4,6,5
71,39,4,6,21
71,40,4,0,17
71,41,4,0,24
71,42,4,0,16
71,43,5,4,24
71,44,5,0,15
71,45,5,0,10
71,46,5,0,14
71,47,5,0,10
71,48,5,0,6
72,0,5,0,24
72,1,5,0,20
72,2,5,0,2
72,3,5,0,12
72,4,5,0,14
72,5,5,0,23
72,6,5,0,18
72,7,5,4,0
72,8,5,0,19
72,9,5,0,7
72,10,5,0,16
72,11,5,0,2
72,12,5,4,0
72,13,4,0,18
72,14,4,0,9
72,15,4,0,24
72,16,4,0,3
72,17,4,0,24
72,18,4,0,13
72,19,1,4,24
72,20,10,1,6
72,21,10,0,21
72,22,10,0,3
72,23,10,0,17
72,24,10,0,10
72,25,10,0,7
72,26,10,0,2
72,27,10,0,11
72,28,10,0,14
72,29,10,0,18
72,30,10,0,6
72,31,10,0,4
72,32,10,1,4
72,33,10,1,17
72,34,1,0,1
72,35,1,0,11
72,36,1,4,18
72,37,4,6,13
72,38,6,0,16
72,39,4,6,24
72,40,4,0,14
72,41,4,0,1
72,42,5,4,6
72,43,5,0,17
72,44,5,0,3
72,45,5,0,4
72,46,5,0,13
72,47,5,0,12
72,48,5,0,24
73,0,5,0,15
73,1,5,0,9
73,2,5,0,23
73,3,5,0,15
73,4,5,0,19
73,5,5,0,12
73,6,5,0,0
73,7,5,0,23
73,8,5,0,11
73,9,5,0,22
73,10,5,0,24
73,11,5,0,16
73,12,5,4,18
73,13,4,0,18
73,14,4,0,6
73,15,4,0,17
73,16,4,0,22
73,17,4,0,22
73,18,1,4,6
73,19,1,0,10
73,20,10,1,24
73,21,10,0,16
73,22,10,0,2
73,23,10,0,17
73,24,10,0,10
73,25,10,0,0
73,26,10,0,13
73,27,10,0,5
73,28,10,0,11
73,29,10,0,22
73,30,10,0,8
73,31,10,0,14
73,32,10,0,10
73,33,10,1,18
73,34,1,0,24
73,35,1,4,0
73,36,4,6,13
73,37,6,0,21
73,38,4,6,14
73,39,4,0,2
73,40,4,0,20
73,41,4,0,13
73,42,5,4,23
73,43,5,0,16
73,44,5,0,17
73,45,5,0,2
73,46,5,0,22
73,47,5,0,9
73,48,5,0,0
74,0,5,0,22
74,1,5,0,8
74,2,5,0,11
74,3,5,0,3
74,4,5,0,14
74,5,5,0,17
74,6,5,0,10
74,7,5,0,23
74,8,5,0,14
74,9,5,0,18
74,10,5,0,14
74,11,5,4,0
74,12,4,0,0
74,13,1,4,16
74,14,1,4,16
74,15,4,0,10
74,16,4,0,22
74,17,4,0,13
74,18,1,4,24
74,19,10,1,19
74,20,10,0,16
74,21,10,0,18
74,22,10,0,19
74,23,10,0,3
74,24,10,0,0
74,25,10,0,15
74,26,10,0,10
74,27,10,0,0
74,28,10,0,16
74,29,10,0,20
74,30,10,0,14
74,31,10,0,4
74,32,10,1,0
74,33,1,0,11
74,34,1,0,22
74,35,4,6,0
74,36,6,0,20
74,37,4,6,11
74,38,4,0,3
74,39,4,0,21
74,40,4,0,20
74,41,4,0,7
74,42,5,4,22
74,43,5,0,0
74,44,5,0,6
74,45,5,0,20
74,46,5,0,0
74,47,5,0,19
74,48,5,0,18
75,0,5,0,2
75,1,5,0,14
75,2,5,0,20
75,3,5,0,24
75,4,5,0,22
75,5,5,0,19
75,6,5,0,13
75,7,5,0,18
75,8,5,0,17
75,9,5,0,3
75,10,5,0,24
75,11,5,4,18
75,12,1,4,9
75,13,1,4,4
75,14,1,4,18
75,15,4,0,17
75,16,4,0,5
75,17,1,4,6
75,18,10,1,6
75,19,10,0,6
75,20,10,0,22
75,21,10,0,4
75,22,10,0,9
75,23,10,0,2
75,24,10,0,24
75,25,10,0,21
75,26,10,0,6
75,27,10,0,15
75,28,10,0,23
75,29,10,0,12
75,30,10,0,7
75,31,10,0,3
75,32,10,1,18
75,33,1,0,15
75,34,1,4,0
75,35,4,6,2
75,36,4,6,9
75,37,4,0,6
75,38,4,0,23
75,39,4,0,2
75,40,4,0,9
75,41,4,0,13
75,42,5,4,24
75,43,5,0,24
75,44,5,0,12
75,45,5,0,10
75,46,5,0,3
75,47,5,0,10
75,48,5,0,18
76,0,5,0,14
76,1,5,0,15
76,2,5,0,20
76,3,5,0,23
76,4,5,0,15
76,5,5,0,3
76,6,5,0,11
76,7,5,0,4
76,8,5,0,23
76,9,5,0,17
76,10,5,4,0
76,11,1,4,6
76,12,1,0,6
76,13,1,4,0
76,14,4,0,8
76,15,4,0,18
76,16,4,0,24
76,17,1,4,24
76,18,10,1,24
76,19,10,0,22
76,20,10,0,11
76,21,10,0,21
76,22,10,0,8
76,23,10,0,23
76,24,10,0,0
76,25,10,0,24
76,26,10,0,19
76,27,10,0,0
76,28,10,0,22
76,29,10,0,14
76,30,10,0,21
76,31,10,1,0
76,32,1,0,4
76,33,1,0,13
76,34,1,4,1
76,35,4,6,4
76,36,4,0,24
76,37,4,0,21
76,38,4,0,10
76,39,4,0,10
76,40,4,0,24
76,41,5,4,6
76,42,5,4,20
76,43,5,0,8
76,44,5,0,2
76,45,5,0,20
76,46,5,0,17
76,47,5,0,23
76,48,5,0,7
77,0,5,0,9
77,1,5,0,2
77,2,5,0,2
77,3,5,0,10
77,4,5,0,12
77,5,5,0,19
77,6,5,0,10
77,7,5,0,13
77,8,5,0,2
77,9,5,0,2
77,10,5,4,18
77,11,1,4,21
77,12,1,4,20
77,13,1,4,18
77,14,4,0,12
77,15,4,0,15
77,16,1,4,6
77,17,10,1,6
77,18,10,0,0
77,19,10,0,6
77,20,10,0,11
77,21,10,0,21
77,22,10,0,20
77,23,10,0,12
77,24,10,0,1
77,25,10,0,6
77,26,10,0,8
77,27,10,0,8
77,28,10,0,20
77,29,10,0,6
77,30,10,0,1
77,31,10,1,17
77,32,1,0,6
77,33,1,0,3
77,34,1,4,3
77,35,4,0,21
77,36,4,0,11
77,37,4,0,21
77,38,4,0,18
77,39,4,0,13
77,40,4,0,14
77,41,5,4,8
77,42,5,4,24
77,43,5,0,17
77,44,5,0,17
77,45,5,0,14
77,46,5,0,1
77,47,5,0,11
77,48,5,0,16
78,0,5,0,23
78,1,5,0,16
78,2,5,0,19
78,3,5,0,10
78,4,5,0,19
78,5,5,0,19
78,6,5,0,11
78,7,5,0,24
78,8,5,4,20
78,9,5,4,15
78,10,4,0,7
78,11,1,4,8
78,12,1,4,8
78,13,4,0,19
78,14,4,0,14
78,15,4,0,19
78,16,1,4,24
78,17,10,1,24
78,18,10,0,1
78,19,10,0,24
78,20,10,0,15
78,21,10,0,22
78,22,10,0,21
78,23,10,0,5
78,24,10,0,2
78,25,10,0,6
78,26,10,0,10
78,27,10,0,22
78,28,10,0,8
78,29,10,0,16
78,30,10,0,2
78,31,10,1,2
78,32,10,1,16
78,33,1,0,10
78,34,1,4,2
78,35,4,0,13
78,36,4,0,11
78,37,4,0,15
78,38,4,0,17
78,39,4,0,0
78,40,4,0,12
78,41,5,4,6
78,42,5,0,18
78,43,5,0,13
78,44,5,0,3
78,45,5,0,10
78,46,5,0,11
78,47,5,0,0
78,48,5,0,24
79,0,5,0,0
79,1,5,0,7
79,2,5,0,19
79,3,5,0,12
79,4,5,0,15
79,5,5,0,7
79,6,5,0,4
79,7,5,4,10
79,8,5,4,8
79,9,4,0,22
79,10,4,0,9
79,11,4,0,20
79,12,4,0,22
79,13,4,0,11
79,14,4,0,19
79,15,1,4,6
79,16,10,1,6
79,17,10,0,11
79,18,10,0,5
79,19,10,0,19
79,20,10,0,13
79,21,10,0,16
79,22,10,0,8
79,23,10,0,8
79,24,10,0,0
79,25,10,0,15
79,26,10,0,13
79,27,10,0,4
79,28,10,0,20
79,29,10,0,15
79,30,10,0,11
79,31,10,1,4
79,32,10,1,1
79,33,1,0,11
79,34,1,4,3
79,35,4,0,6
79,36,4,0,10
79,37,4,0,2
79,38,4,0,8
79,39,4,0,8
79,40,4,0,14
79,41,5,4,24
79,42,5,0,5
79,43,5,0,12
79,44,5,0,8
79,45,5,0,23
79,46,5,0,8
79,47,5,0,13
79,48,5,0,16
80,0,5,0,12
80,1,5,0,8
80,2,5,0,0
80,3,5,0,3
80,4,5,0,14
80,5,5,0,11
80,6,5,4,0
80,7,4,0,23
80,8,4,0,16
80,9,4,0,12
80,10,4,0,9
80,11,4,0,3
80,12,4,0,19
80,13,4,0,19
80,14,4,0,14
80,15,1,4,24
80,16,10,1,7
80,17,10,0,24
80,18,10,0,8
80,19,10,0,0
80,20,10,0,11
80,21,10,0,5
80,22,10,0,2
80,23,10,0,0
80,24,10,0,14
80,25,10,0,15
80,26,10,0,21
80,27,10,0,21
80,28,10,0,5
80,29,10,0,14
80,30,10,0,22
80,31,10,0,18
80,32,10,1,1
80,33,1,0,9
80,34,1,4,1
80,35,4,0,10
80,36,4,0,7
80,37,4,0,5
80,38,4,0,1
80,39,4,0,24
80,40,5,4,9
80,41,5,0,11
80,42,5,0,16
80,43,5,0,1
80,44,5,0,10
80,45,5,0,12
80,46,5,0,20
80,47,5,0,5
80,48,5,0,6
