0,0,5,0,21
0,1,5,0,5
0,2,5,0,22
0,3,5,0,4
0,4,5,0,2
0,5,5,0,19
0,6,5,0,19
0,7,5,0,21
0,8,5,0,1
0,9,5,0,14
0,10,5,0,13
0,11,5,0,13
0,12,5,0,6
0,13,5,0,22
0,14,5,0,4
0,15,5,0,24
0,16,5,0,9
0,17,5,0,15
0,18,5,0,22
0,19,5,0,16
0,20,5,0,1
0,21,5,4,0
0,22,4,0,23
0,23,4,0,20
0,24,4,0,1
0,25,4,0,5
0,26,4,0,16
0,27,5,4,8
0,28,5,4,22
0,29,5,0,19
0,30,5,0,0
0,31,5,1,17
0,32,1,0,9
0,33,1,0,11
0,34,1,0,11
0,35,5,1,6
0,36,1,4,22
0,37,10,1,23
0,38,10,0,20
0,39,4,10,16
0,40,4,10,19
0,41,4,0,8
0,42,4,10,1
0,43,10,0,7
0,44,10,1,18
0,45,1,4,0
0,46,4,0,16
0,47,1,4,6
0,48,1,0,13
0,49,1,0,3
0,50,5,1,6
0,51,5,0,13
0,52,5,0,17
0,53,5,0,7
0,54,5,0,24
0,55,5,4,13
0,56,4,0,21
0,57,4,0,24
0,58,4,0,12
0,59,4,0,6
0,60,5,4,14
0,61,5,0,6
0,62,5,0,17
0,63,5,0,11
0,64,5,0,2
0,65,5,0,8
0,66,5,0,8
0,67,5,0,12
0,68,5,0,11
0,69,5,0,11
0,70,5,0,23
0,71,5,0,10
0,72,5,0,3
0,73,5,0,23
0,74,5,0,11
0,75,5,0,13
0,76,5,0,20
0,77,5,0,17
0,78,5,0,21
0,79,5,0,24
1,0,5,0,15
1,1,5,0,17
1,2,5,0,21
1,3,5,0,0
1,4,5,0,19
1,5,5,0,10
1,6,5,0,13
1,7,5,0,18
1,8,5,0,18
1,9,5,0,1
1,10,5,0,17
1,11,5,0,4
1,12,5,0,2
1,13,5,0,14
1,14,5,0,12
1,15,5,0,19
1,16,5,0,24
1,17,5,0,4
1,18,5,0,24
1,19,5,0,1
1,20,5,0,23
1,21,5,4,18
1,22,4,0,12
1,23,4,0,18
1,24,4,0,0
1,25,4,0,15
1,26,4,0,0
1,27,4,0,7
1,28,5,4,7
1,29,5,4,20
1,30,5,0,23
1,31,5,1,17
1,32,1,0,8
1,33,1,0,21
1,34,1,0,7
1,35,5,1,24
1,36,1,4,24
1,37,10,1,24
1,38,4,10,19
1,39,4,10,4
1,40,4,0,20
1,41,4,0,17
1,42,4,10,18
1,43,10,1,0
1,44,1,0,3
1,45,1,4,18
1,46,4,0,10
1,47,1,4,24
1,48,1,0,4
1,49,1,0,4
1,50,5,1,24
1,51,5,0,5
1,52,5,0,12
1,53,5,0,17
1,54,5,4,0
1,55,4,0,14
1,56,4,0,15
1,57,4,0,19
1,58,4,0,2
1,59,5,4,9
1,60,5,0,23
1,61,5,0,2
1,62,5,0,11
1,63,5,0,20
1,64,5,0,5
1,65,5,0,3
1,66,5,0,0
1,67,5,0,16
1,68,5,0,6
1,69,5,0,3
1,70,5,0,16
1,71,5,0,17
1,72,5,0,23
1,73,5,0,17
1,74,5,0,21
1,75,5,0,15
1,76,5,0,13
1,77,5,0,23
1,78,5,0,17
2,0,5,0,16
2,1,5,0,1
2,2,5,0,5
2,3,5,0,2
2,4,5,0,3
2,5,5,0,11
2,6,5,0,11
2,7,5,0,17
2,8,5,0,9
2,9,5,0,8
2,10,5,0,9
2,11,5,0,13
2,12,5,0,20
2,13,5,0,0
2,14,5,0,2
2,15,5,0,16
2,16,5,0,15
2,17,5,0,20
2,18,5,0,17
2,19,5,0,8
2,20,5,4,15
2,21,4,0,2
2,22,4,0,12
2,23,4,0,4
2,24,4,0,24
2,25,4,0,17
2,26,4,0,3
2,27,4,0,1
2,28,5,4,8
2,29,5,4,22
2,30,5,0,8
2,31,5,1,18
2,32,1,0,17
2,33,1,0,8
2,34,5,1,6
2,35,1,4,19
2,36,10,1,6
2,37,4,10,6
2,38,4,0,6
2,39,4,0,8
2,40,4,0,4
2,41,4,10,0
2,42,10,0,0
2,43,10,1,2
2,44,1,4,0
2,45,4,0,11
2,46,1,4,6
2,47,1,0,0
2,48,1,0,20
2,49,5,1,19
2,50,5,0,16
2,51,5,0,3
2,52,5,0,6
2,53,5,0,23
2,54,5,4,18
2,55,4,0,9
2,56,4,0,11
2,57,4,0,18
2,58,5,4,11
2,59,5,0,9
2,60,5,0,24
2,61,5,0,12
2,62,5,0,9
2,63,5,0,3
2,64,5,0,16
2,65,5,0,19
2,66,5,0,20
2,67,5,0,18
2,68,5,0,5
2,69,5,0,3
2,70,5,0,5
2,71,5,0,8
2,72,5,0,17
2,73,5,0,23
2,74,5,0,21
2,75,5,0,11
2,76,5,0,3
2,77,5,0,22
2,78,5,0,21
3,0,5,0,20
3,1,5,0,1
3,2,5,0,5
3,3,5,0,19
3,4,5,0,17
3,5,5,0,11
3,6,5,0,1
3,7,5,0,5
3,8,5,0,14
3,9,5,0,4
3,10,5,0,19
3,11,5,0,18
3,12,5,0,16
3,13,5,0,16
3,14,5,0,4
3,15,5,0,0
3,16,5,0,8
3,17,5,0,5
3,18,5,0,1
3,19,5,4,15
3,20,4,0,15
3,21,4,0,17
3,22,4,0,6
3,23,4,0,13
3,24,4,0,3
3,25,4,0,11
3,26,4,0,11
3,27,4,0,9
3,28,4,0,3
3,29,5,4,24
3,30,5,1,0
3,31,1,0,19
3,32,1,0,7
3,33,1,0,10
3,34,1,4,4
3,35,1,0,17
3,36,10,1,24
3,37,4,10,22
3,38,4,10,20
3,39,4,10,20
3,40,4,0,4
3,41,4,10,18
3,42,10,0,4
3,43,10,1,18
3,44,1,4,18
3,45,4,0,13
3,46,1,4,24
3,47,5,1,16
3,48,5,1,19
3,49,5,4,20
3,50,5,0,18
3,51,5,0,11
3,52,5,4,20
3,53,5,4,5
3,54,4,0,20
3,55,4,0,8
3,56,4,0,6
3,57,5,4,6
3,58,5,0,2
3,59,5,0,3
3,60,5,0,15
3,61,5,0,3
3,62,5,0,14
3,63,5,0,16
3,64,5,0,21
3,65,5,0,7
3,66,5,0,9
3,67,5,0,0
3,68,5,0,22
3,69,5,0,0
3,70,5,0,17
3,71,5,0,8
3,72,5,0,19
3,73,5,0,21
3,74,5,0,0
3,75,5,0,8
3,76,5,0,17
3,77,5,0,5
3,78,5,0,18
4,0,5,0,20
4,1,5,0,18
4,2,5,0,4
4,3,5,0,7
4,4,5,0,3
4,5,5,0,7
4,6,5,0,11
4,7,5,0,11
4,8,5,0,22
4,9,5,0,8
4,10,5,0,3
4,11,5,0,11
4,12,5,0,18
4,13,5,0,2
4,14,5,0,6
4,15,5,0,13
4,16,5,0,23
4,17,5,0,15
4,18,5,4,15
4,19,4,0,3
4,20,4,0,15
4,21,4,0,18
4,22,4,0,2
4,23,4,0,9
4,24,4,0,15
4,25,4,0,20
4,26,4,0,15
4,27,5,4,16
4,28,5,4,11
4,29,5,0,20
4,30,5,1,18
4,31,1,0,7
4,32,1,0,2
4,33,1,4,20
4,34,1,0,20
4,35,10,1,6
4,36,10,0,22
4,37,4,10,8
4,38,4,10,8
4,39,4,10,22
4,40,4,10,10
4,41,10,0,14
4,42,10,1,0
4,43,1,4,0
4,44,4,0,23
4,45,1,4,9
4,46,5,1,11
4,47,5,1,4
4,48,5,4,10
4,49,5,4,23
4,50,5,0,2
4,51,5,4,10
4,52,5,4,8
4,53,4,0,13
4,54,4,0,6
4,55,4,0,18
4,56,4,0,1
4,57,5,4,24
4,58,5,0,8
4,59,5,0,22
4,60,5,0,8
4,61,5,0,3
4,62,5,0,0
4,63,5,0,8
4,64,5,0,8
4,65,5,0,19
4,66,5,0,8
4,67,5,0,1
4,68,5,0,8
4,69,5,0,15
4,70,5,0,9
4,71,5,0,13
4,72,5,0,24
4,73,5,0,20
4,74,5,0,7
4,75,5,0,3
4,76,5,0,6
4,77,5,0,13
4,78,5,0,20
5,0,5,0,5
5,1,5,0,2
5,2,5,0,9
5,3,5,0,18
5,4,5,0,1
5,5,5,0,22
5,6,5,0,0
5,7,5,0,21
5,8,5,0,20
5,9,5,0,20
5,10,5,0,11
5,11,5,0,16
5,12,5,0,24
5,13,5,0,1
5,14,5,0,12
5,15,5,0,5
5,16,5,0,15
5,17,5,4,0
5,18,4,0,17
5,19,4,0,15
5,20,4,0,6
5,21,4,0,12
5,22,4,0,13
5,23,4,0,24
5,24,4,0,16
5,25,4,0,2
5,26,5,4,19
5,27,5,4,4
5,28,5,0,20
5,29,5,1,15
5,30,1,0,8
5,31,1,0,21
5,32,1,4,5
5,33,1,4,21
5,34,1,0,3
5,35,10,1,24
5,36,10,0,6
5,37,10,0,8
5,38,10,0,5
5,39,4,10,8
5,40,10,0,8
5,41,10,0,14
5,42,10,1,18
5,43,1,4,3
5,44,1,4,11
5,45,5,1,6
5,46,5,0,11
5,47,5,4,0
5,48,4,0,3
5,49,5,4,24
5,50,5,4,5
5,51,4,0,4
5,52,4,0,2
5,53,4,0,1
5,54,4,0,4
5,55,4,0,24
5,56,5,4,6
5,57,5,0,11
5,58,5,0,9
5,59,5,0,8
5,60,5,0,9
5,61,5,0,12
5,62,5,0,5
5,63,5,0,8
5,64,5,0,12
5,65,5,0,24
5,66,5,0,15
5,67,5,0,12
5,68,5,0,15
5,69,5,0,16
5,70,5,0,4
5,71,5,0,11
5,72,5,0,8
5,73,5,0,20
5,74,5,0,6
5,75,5,0,9
5,76,5,0,8
5,77,5,0,21
5,78,5,0,6
6,0,5,0,8
6,1,5,0,22
6,2,5,0,14
6,3,5,0,21
6,4,5,0,8
6,5,5,0,8
6,6,5,0,9
6,7,5,0,18
6,8,5,0,15
6,9,5,0,19
6,10,5,0,18
6,11,5,0,9
6,12,5,0,7
6,13,5,0,6
6,14,5,0,9
6,15,5,0,14
6,16,5,0,2
6,17,5,4,18
6,18,4,0,24
6,19,4,0,8
6,20,4,0,13
6,21,5,4,16
6,22,5,4,16
6,23,5,4,16
6,24,5,4,16
6,25,5,4,9
6,26,5,0,2
6,27,5,0,24
6,28,5,1,10
6,29,1,0,12
6,30,1,0,24
6,31,1,4,10
6,32,4,0,4
6,33,1,4,24
6,34,10,1,11
6,35,10,0,21
6,36,10,1,20
6,37,10,1,20
6,38,10,0,9
6,39,10,0,24
6,40,10,0,17
6,41,10,1,0
6,42,1,0,18
6,43,1,4,4
6,44,1,0,3
6,45,5,1,24
6,46,5,0,23
6,47,5,4,17
6,48,5,4,19
6,49,5,4,0
6,50,4,0,9
6,51,4,0,0
6,52,4,0,12
6,53,4,0,17
6,54,4,0,23
6,55,4,0,18
6,56,5,4,24
6,57,5,0,2
6,58,5,0,10
6,59,5,0,20
6,60,5,0,22
6,61,5,0,14
6,62,5,0,13
6,63,5,0,2
6,64,5,0,19
6,65,5,0,16
6,66,5,0,22
6,67,5,0,7
6,68,5,0,24
6,69,5,0,21
6,70,5,0,17
6,71,5,0,5
6,72,5,0,19
6,73,5,0,4
6,74,5,0,22
6,75,5,0,18
6,76,5,0,11
6,77,5,0,0
6,78,5,0,5
7,0,5,0,0
7,1,5,0,0
7,2,5,0,6
7,3,5,0,14
7,4,5,0,12
7,5,5,0,18
7,6,5,0,18
7,7,5,0,8
7,8,5,0,10
7,9,5,0,7
7,10,5,0,22
7,11,5,0,18
7,12,5,0,22
7,13,5,0,16
7,14,5,0,2
7,15,5,0,2
7,16,5,4,0
7,17,4,0,0
7,18,4,0,14
7,19,4,0,1
7,20,5,4,14
7,21,5,4,4
7,22,5,4,4
7,23,5,4,4
7,24,5,4,4
7,25,5,0,7
7,26,5,0,22
7,27,5,1,10
7,28,1,0,21
7,29,1,0,21
7,30,1,4,13
7,31,4,0,1
7,32,1,4,14
7,33,10,1,6
7,34,10,0,9
7,35,10,1,13
7,36,10,1,8
7,37,10,1,22
7,38,10,1,20
7,39,10,0,21
7,40,10,0,8
7,41,10,1,18
7,42,1,0,13
7,43,1,0,17
7,44,5,1,6
7,45,5,0,17
7,46,5,0,4
7,47,5,4,4
7,48,5,0,11
7,49,5,4,18
7,50,4,0,21
7,51,4,0,10
7,52,4,0,7
7,53,4,0,7
7,54,4,0,7
7,55,5,4,6
7,56,5,0,4
7,57,5,0,23
7,58,5,0,2
7,59,5,0,2
7,60,5,0,13
7,61,5,0,7
7,62,5,0,3
7,63,5,0,13
7,64,5,0,6
7,65,5,0,18
7,66,5,0,4
7,67,5,0,4
7,68,5,0,13
7,69,5,0,24
7,70,5,0,24
7,71,5,0,23
7,72,5,0,22
7,73,5,0,1
7,74,5,0,5
7,75,5,0,11
7,76,5,0,12
7,77,5,0,23
7,78,5,0,8
8,0,5,0,8
8,1,5,0,21
8,2,5,0,11
8,3,5,0,12
8,4,5,0,7
8,5,5,0,7
8,6,5,0,19
8,7,5,0,11
8,8,5,0,15
8,9,5,0,1
8,10,5,0,5
8,11,5,0,12
8,12,5,0,10
8,13,5,0,18
8,14,5,0,9
8,15,5,0,10
8,16,5,4,18
8,17,4,0,12
8,18,4,0,19
8,19,5,4,6
8,20,5,0,23
8,21,5,0,21
8,22,5,4,20
8,23,5,0,13
8,24,5,0,23
8,25,5,1,20
8,26,5,1,13
8,27,1,0,12
8,28,1,0,17
8,29,1,4,5
8,30,4,0,20
8,31,1,4,6
8,32,1,0,13
8,33,10,1,24
8,34,10,1,0
8,35,1,0,19
8,36,1,4,20
8,37,10,1,8
8,38,10,1,24
8,39,10,0,7
8,40,10,1,0
8,41,1,0,5
8,42,1,0,1
8,43,1,4,20
8,44,5,1,21
8,45,5,0,3
8,46,5,0,10
8,47,5,0,21
8,48,5,4,15
8,49,4,0,5
8,50,4,0,15
8,51,4,0,3
8,52,4,0,7
8,53,4,0,24
8,54,4,0,6
8,55,5,4,22
8,56,5,0,3
8,57,5,0,18
8,58,5,0,21
8,59,5,0,1
8,60,5,0,22
8,61,5,0,4
8,62,5,0,2
8,63,5,0,11
8,64,5,0,10
8,65,5,0,21
8,66,5,0,1
8,67,5,0,9
8,68,5,0,13
8,69,5,0,4
8,70,5,0,3
8,71,5,0,13
8,72,5,0,4
8,73,5,0,10
8,74,5,0,17
8,75,5,0,20
8,76,5,0,13
8,77,5,0,7
8,78,5,0,4
9,0,5,0,4
9,1,5,0,18
9,2,5,0,12
9,3,5,0,7
9,4,5,0,1
9,5,5,0,19
9,6,5,0,24
9,7,5,0,1
9,8,5,0,11
9,9,5,0,14
9,10,5,0,3
9,11,5,0,24
9,12,5,0,0
9,13,5,0,19
9,14,5,0,21
9,15,5,4,0
9,16,4,0,17
9,17,4,0,15
9,18,4,0,3
9,19,5,4,24
9,20,5,0,8
9,21,5,4,10
9,22,5,4,21
9,23,5,0,11
9,24,5,1,5
9,25,5,1,8
9,26,1,0,10
9,27,1,0,22
9,28,1,4,0
9,29,4,0,6
9,30,4,0,10
9,31,1,4,24
9,32,10,1,9
9,33,10,0,10
9,34,10,1,18
9,35,1,4,15
9,36,1,4,23
9,37,10,1,6
9,38,10,0,12
9,39,10,0,14
9,40,10,1,2
9,41,1,0,1
9,42,1,4,5
9,43,1,4,7
9,44,5,1,21
9,45,5,0,12
9,46,5,0,13
9,47,5,4,0
9,48,4,0,16
9,49,4,0,23
9,50,5,4,16
9,51,5,4,16
9,52,4,0,8
9,53,4,0,1
9,54,4,0,13
9,55,5,4,24
9,56,5,0,8
9,57,5,0,24
9,58,5,0,7
9,59,5,0,16
9,60,5,0,19
9,61,5,0,5
9,62,5,0,8
9,63,5,0,5
9,64,5,0,21
9,65,5,0,10
9,66,5,0,9
9,67,5,0,20
9,68,5,0,10
9,69,5,0,4
9,70,5,0,2
9,71,5,0,16
9,72,5,0,22
9,73,5,0,23
9,74,5,0,0
9,75,5,0,8
9,76,5,0,23
9,77,5,0,1
9,78,5,0,14
10,0,5,0,7
10,1,5,0,12
10,2,5,0,2
10,3,5,0,12
10,4,5,0,2
10,5,5,0,0
10,6,5,0,21
10,7,5,0,15
10,8,5,0,14
10,9,5,0,19
10,10,5,0,15
10,11,5,0,14
10,12,5,0,3
10,13,5,0,17
10,14,5,0,7
10,15,5,4,2
10,16,4,0,8
10,17,4,0,14
10,18,5,4,6
10,19,5,0,2
10,20,5,4,0
10,21,4,0,14
10,22,5,4,24
10,23,5,1,0
10,24,1,0,5
10,25,1,0,18
10,26,1,0,18
10,27,1,0,11
10,28,1,4,17
10,29,4,0,5
10,30,1,4,6
10,31,10,1,6
10,32,10,0,8
10,33,10,1,0
10,34,1,4,0
10,35,4,0,21
10,36,1,4,23
10,37,10,1,23
10,38,10,0,24
10,39,10,0,12
10,40,10,1,1
10,41,1,4,0
10,42,4,0,3
10,43,1,4,22
10,44,5,1,23
10,45,5,0,14
10,46,5,0,15
10,47,5,4,2
10,48,4,0,3
10,49,5,4,14
10,50,5,4,4
10,51,5,4,3
10,52,4,0,19
10,53,4,0,24
10,54,5,4,11
10,55,5,0,9
10,56,5,0,8
10,57,5,0,7
10,58,5,0,22
10,59,5,0,13
10,60,5,0,17
10,61,5,0,23
10,62,5,0,11
10,63,5,0,20
10,64,5,0,1
10,65,5,0,16
10,66,5,0,0
10,67,5,0,5
10,68,5,0,22
10,69,5,0,17
10,70,5,0,17
10,71,5,0,3
10,72,5,0,0
10,73,5,0,4
10,74,5,0,14
10,75,5,0,19
10,76,5,0,18
10,77,5,0,8
10,78,5,0,19
11,0,5,0,13
11,1,5,0,0
11,2,5,0,6
11,3,5,0,15
11,4,5,0,16
11,5,5,0,10
11,6,5,0,3
11,7,5,0,1
11,8,5,0,15
11,9,5,0,16
11,10,5,0,22
11,11,5,0,4
11,12,5,0,23
11,13,5,0,4
11,14,5,0,4
11,15,5,4,18
11,16,4,0,8
11,17,4,0,13
11,18,5,4,23
11,19,5,0,13
11,20,5,4,17
11,21,5,4,11
11,22,5,0,8
11,23,5,1,18
11,24,1,0,12
11,25,1,0,13
11,26,1,0,14
11,27,1,0,10
11,28,1,4,1
11,29,4,0,8
11,30,1,4,24
11,31,10,1,24
11,32,10,0,10
11,33,10,1,18
11,34,1,4,18
11,35,4,0,11
11,36,1,4,24
11,37,10,1,23
11,38,10,0,4
11,39,10,0,3
11,40,10,1,18
11,41,1,4,18
11,42,4,0,6
11,43,1,4,24
11,44,5,1,7
11,45,5,1,20
11,46,5,1,20
11,47,5,4,17
11,48,5,4,9
11,49,5,0,12
11,50,5,0,9
11,51,5,4,1
11,52,4,0,0
11,53,5,4,6
11,54,5,0,12
11,55,5,0,17
11,56,5,0,2
11,57,5,0,22
11,58,5,0,24
11,59,5,0,11
11,60,5,0,8
11,61,5,0,10
11,62,5,0,5
11,63,5,0,20
11,64,5,0,5
11,65,5,0,13
11,66,5,0,4
11,67,5,0,0
11,68,5,0,8
11,69,5,0,17
11,70,5,0,20
11,71,5,0,19
11,72,5,0,8
11,73,5,0,16
11,74,5,0,9
11,75,5,0,24
11,76,5,0,22
11,77,5,0,12
11,78,5,0,22
12,0,5,0,8
12,1,5,0,20
12,2,5,0,2
12,3,5,0,23
12,4,5,0,0
12,5,5,0,14
12,6,5,0,20
12,7,5,0,15
12,8,5,0,10
12,9,5,0,15
12,10,5,0,20
12,11,5,0,17
12,12,5,0,6
12,13,5,0,13
12,14,5,4,0
12,15,4,0,9
12,16,4,0,16
12,17,4,0,21
12,18,5,4,24
12,19,5,0,24
12,20,5,4,4
12,21,5,0,11
12,22,5,1,0
12,23,1,0,18
12,24,1,0,14
12,25,10,1,16
12,26,10,1,16
12,27,1,0,18
12,28,1,4,2
12,29,1,4,9
12,30,10,1,14
12,31,10,0,1
12,32,10,1,5
12,33,1,4,0
12,34,4,0,3
12,35,1,4,6
12,36,1,0,10
12,37,10,1,21
12,38,10,0,21
12,39,10,1,0
12,40,1,4,0
12,41,4,0,24
12,42,1,4,6
12,43,1,0,0
12,44,5,1,8
12,45,5,1,8
12,46,5,1,22
12,47,5,4,4
12,48,5,0,7
12,49,5,0,3
12,50,5,0,10
12,51,5,4,2
12,52,4,0,13
12,53,5,4,24
12,54,5,0,21
12,55,5,0,18
12,56,5,0,0
12,57,5,0,16
12,58,5,0,4
12,59,5,0,15
12,60,5,0,11
12,61,5,0,16
12,62,5,0,12
12,63,5,0,3
12,64,5,0,15
12,65,5,0,20
12,66,5,0,11
12,67,5,0,4
12,68,5,0,23
12,69,5,0,9
12,70,5,0,24
12,71,5,0,14
12,72,5,0,21
12,73,5,0,7
12,74,5,0,16
12,75,5,0,5
12,76,5,0,1
12,77,5,0,21
12,78,5,0,23
13,0,5,0,20
13,1,5,0,10
13,2,5,0,24
13,3,5,0,23
13,4,5,0,12
13,5,5,0,17
13,6,5,0,21
13,7,5,0,5
13,8,5,0,5
13,9,5,0,19
13,10,5,0,24
13,11,5,0,23
13,12,5,0,10
13,13,5,0,23
13,14,5,4,18
13,15,4,0,10
13,16,4,0,23
13,17,5,4,6
13,18,5,0,8
13,19,5,0,23
13,20,5,0,16
13,21,5,0,9
13,22,5,1,18
13,23,1,0,5
13,24,10,1,14
13,25,10,1,4
13,26,10,1,2
13,27,1,0,0
13,28,1,4,4
13,29,10,1,6
13,30,10,0,12
13,31,10,1,0
13,32,1,0,0
13,33,1,4,18
13,34,4,0,14
13,35,1,4,7
13,36,1,0,13
13,37,10,1,21
13,38,10,0,8
13,39,10,1,1
13,40,1,4,1
13,41,4,0,3
13,42,1,4,22
13,43,1,0,2
13,44,1,0,9
13,45,1,0,10
13,46,5,1,24
13,47,5,0,9
13,48,5,4,20
13,49,5,0,22
13,50,5,0,1
13,51,5,4,17
13,52,5,4,11
13,53,5,0,17
13,54,5,0,8
13,55,5,0,14
13,56,5,0,4
13,57,5,0,19
13,58,5,0,20
13,59,5,0,21
13,60,5,0,16
13,61,5,0,23
13,62,5,0,12
13,63,5,0,15
13,64,5,0,19
13,65,5,0,24
13,66,5,0,4
13,67,5,0,17
13,68,5,0,12
13,69,5,0,11
13,70,5,0,24
13,71,5,0,11
13,72,5,0,3
13,73,5,0,13
13,74,5,0,10
13,75,5,0,18
13,76,5,0,6
13,77,5,0,20
13,78,5,0,11
14,0,5,0,7
14,1,5,0,18
14,2,5,0,12
14,3,5,0,10
14,4,5,0,11
14,5,5,0,11
14,6,5,0,9
14,7,5,0,8
14,8,5,0,23
14,9,5,0,23
14,10,5,0,11
14,11,5,0,9
14,12,5,0,8
14,13,5,4,10
14,14,4,0,4
14,15,4,0,15
14,16,4,0,8
14,17,5,4,7
14,18,5,0,6
14,19,5,0,14
14,20,5,0,17
14,21,5,1,0
14,22,1,0,18
14,23,10,1,6
14,24,10,0,3
14,25,10,0,0
14,26,10,1,2
14,27,1,0,22
14,28,1,0,0
14,29,10,1,24
14,30,10,0,7
14,31,10,1,18
14,32,1,4,13
14,33,4,0,18
14,34,4,0,2
14,35,1,4,24
14,36,1,0,19
14,37,10,1,23
14,38,10,0,7
14,39,10,1,3
14,40,1,4,3
14,41,4,0,16
14,42,1,4,24
14,43,1,0,15
14,44,1,0,9
14,45,5,1,6
14,46,5,0,24
14,47,5,4,13
14,48,5,4,22
14,49,5,0,5
14,50,5,0,4
14,51,5,4,4
14,52,5,0,23
14,53,5,0,23
14,54,5,0,21
14,55,5,0,1
14,56,5,0,0
14,57,5,0,0
14,58,5,0,23
14,59,5,0,21
14,60,5,0,22
14,61,5,0,8
14,62,5,0,20
14,63,5,0,13
14,64,5,0,10
14,65,5,0,11
14,66,5,0,8
14,67,5,0,16
14,68,5,0,1
14,69,5,0,13
14,70,5,0,20
14,71,5,0,10
14,72,5,0,12
14,73,5,0,14
14,74,5,0,21
14,75,5,0,15
14,76,5,0,9
14,77,5,0,15
14,78,5,0,11
15,0,5,0,9
15,1,5,0,1
15,2,5,0,23
15,3,5,0,24
15,4,5,0,10
15,5,5,0,5
15,6,5,0,11
15,7,5,0,1
15,8,5,0,13
15,9,5,0,4
15,10,5,0,24
15,11,5,0,17
15,12,5,4,13
15,13,4,0,4
15,14,4,0,9
15,15,4,0,23
15,16,4,0,17
15,17,5,4,24
15,18,5,0,18
15,19,5,0,0
15,20,5,0,3
15,21,5,1,1
15,22,1,0,7
15,23,10,1,22
15,24,10,0,23
15,25,10,0,14
15,26,10,1,17
15,27,10,1,16
15,28,10,1,11
15,29,10,0,6
15,30,10,1,13
15,31,1,4,13
15,32,4,0,13
15,33,1,4,16
15,34,1,4,11
15,35,1,0,14
15,36,1,0,16
15,37,10,1,21
15,38,10,0,24
15,39,10,1,17
15,40,1,4,1
15,41,1,4,9
15,42,1,0,7
15,43,1,0,8
15,44,1,0,6
15,45,5,1,24
15,46,5,4,0
15,47,4,0,7
15,48,5,4,24
15,49,5,0,5
15,50,5,0,17
15,51,5,0,12
15,52,5,4,20
15,53,5,0,3
15,54,5,0,21
15,55,5,0,17
15,56,5,0,5
15,57,5,0,0
15,58,5,0,19
15,59,5,0,6
15,60,5,0,18
15,61,5,0,13
15,62,5,0,17
15,63,5,0,14
15,64,5,0,1
15,65,5,0,4
15,66,5,0,11
15,67,5,0,13
15,68,5,0,9
15,69,5,0,5
15,70,5,0,18
15,71,5,0,7
15,72,5,0,18
15,73,5,0,18
15,74,5,0,13
15,75,5,0,10
15,76,5,0,1
15,77,5,0,12
15,78,5,0,16
16,0,5,0,22
16,1,5,0,15
16,2,5,0,0
16,3,5,0,20
16,4,5,0,24
16,5,5,0,6
16,6,5,0,0
16,7,5,0,22
16,8,5,0,9
16,9,5,0,19
16,10,5,0,20
16,11,5,4,15
16,12,4,0,19
16,13,4,0,21
16,14,4,0,17
16,15,4,0,20
16,16,5,4,6
16,17,5,0,17
16,18,5,0,2
16,19,5,1,20
16,20,5,0,17
16,21,5,1,1
16,22,1,0,18
16,23,10,1,21
16,24,10,0,11
16,25,10,0,2
16,26,10,1,4
16,27,10,1,4
16,28,10,0,23
16,29,10,1,15
16,30,1,4,0
16,31,4,0,23
16,32,1,4,9
16,33,1,4,4
16,34,1,0,17
16,35,1,0,18
16,36,1,4,20
16,37,10,1,21
16,38,10,0,13
16,39,10,1,17
16,40,1,4,4
16,41,1,0,23
16,42,1,0,2
16,43,1,0,20
16,44,5,1,6
16,45,5,0,3
16,46,5,4,3
16,47,5,4,11
16,48,5,0,12
16,49,5,0,12
16,50,5,4,20
16,51,5,4,5
16,52,5,4,23
16,53,5,0,5
16,54,5,0,16
16,55,5,0,14
16,56,5,0,9
16,57,5,0,24
16,58,5,0,18
16,59,5,0,19
16,60,5,0,3
16,61,5,0,19
16,62,5,0,6
16,63,5,0,1
16,64,5,0,12
16,65,5,0,11
16,66,5,0,17
16,67,5,0,13
16,68,5,0,0
16,69,5,0,15
16,70,5,0,18
16,71,5,0,24
16,72,5,0,17
16,73,5,0,14
16,74,5,0,19
16,75,5,0,20
16,76,5,0,23
16,77,5,0,24
16,78,5,0,20
17,0,5,0,0
17,1,5,0,10
17,2,5,0,17
17,3,5,0,1
17,4,5,0,4
17,5,5,0,14
17,6,5,0,2
17,7,5,0,9
17,8,5,0,9
17,9,5,0,12
17,10,5,4,0
17,11,4,0,6
17,12,4,0,14
17,13,4,0,11
17,14,4,0,16
17,15,4,0,16
17,16,5,4,7
17,17,5,0,20
17,18,5,1,10
17,19,5,1,23
17,20,5,0,9
17,21,5,1,3
17,22,1,0,17
17,23,10,1,21
17,24,10,0,17
17,25,10,0,18
17,26,10,0,16
17,27,10,0,17
17,28,10,1,0
17,29,1,0,24
17,30,1,4,17
17,31,1,4,9
17,32,1,0,19
17,33,1,0,22
17,34,1,0,5
17,35,1,4,10
17,36,1,4,23
17,37,10,1,23
17,38,10,0,9
17,39,10,1,1
17,40,10,1,16
17,41,1,0,11
17,42,1,0,2
17,43,1,0,5
17,44,5,1,7
17,45,5,0,0
17,46,5,4,4
17,47,5,0,6
17,48,5,0,18
17,49,5,4,10
17,50,5,4,8
17,51,4,0,2
17,52,5,4,22
17,53,5,0,17
17,54,5,0,2
17,55,5,0,9
17,56,5,0,1
17,57,5,0,6
17,58,5,0,12
17,59,5,0,21
17,60,5,0,10
17,61,5,0,6
17,62,5,0,12
17,63,5,0,14
17,64,5,0,4
17,65,5,0,10
17,66,5,0,1
17,67,5,0,11
17,68,5,0,16
17,69,5,0,16
17,70,5,0,8
17,71,5,0,1
17,72,5,0,7
17,73,5,0,6
17,74,5,0,24
17,75,5,0,0
17,76,5,0,8
17,77,5,0,8
17,78,5,0,6
18,0,5,0,0
18,1,5,0,4
18,2,5,0,18
18,3,5,0,21
18,4,5,0,13
18,5,5,0,3
18,6,5,0,12
18,7,5,0,6
18,8,5,0,14
18,9,5,0,19
18,10,5,4,3
18,11,5,4,16
18,12,4,0,0
18,13,4,0,7
18,14,4,0,15
18,15,4,0,7
18,16,5,4,24
18,17,5,1,5
18,18,10,1,16
18,19,5,1,23
18,20,5,0,1
18,21,5,1,2
18,22,1,0,0
18,23,10,1,21
18,24,10,0,2
18,25,10,0,2
18,26,10,0,21
18,27,10,0,20
18,28,10,1,18
18,29,1,0,23
18,30,1,4,4
18,31,1,0,13
18,32,5,1,16
18,33,5,1,16
18,34,1,4,0
18,35,4,0,14
18,36,1,4,7
18,37,10,1,22
18,38,10,0,21
18,39,10,1,4
18,40,10,1,17
18,41,10,1,16
18,42,10,1,16
18,43,1,0,23
18,44,5,1,22
18,45,5,0,18
18,46,5,0,23
18,47,5,0,24
18,48,5,4,15
18,49,4,0,12
18,50,4,0,10
18,51,4,0,15
18,52,5,4,22
18,53,5,0,21
18,54,5,0,7
18,55,5,0,12
18,56,5,0,13
18,57,5,0,23
18,58,5,0,1
18,59,5,0,3
18,60,5,0,10
18,61,5,0,11
18,62,5,0,20
18,63,5,0,6
18,64,5,0,12
18,65,5,0,1
18,66,5,0,23
18,67,5,0,10
18,68,5,0,21
18,69,5,0,21
18,70,5,0,2
18,71,5,0,5
18,72,5,0,17
18,73,5,0,14
18,74,5,0,2
18,75,5,0,10
18,76,5,0,23
18,77,5,0,19
18,78,5,0,11
19,0,5,0,7
19,1,5,0,7
19,2,5,0,20
19,3,5,0,18
19,4,5,0,3
19,5,5,0,1
19,6,5,0,1
19,7,5,0,21
19,8,5,0,20
19,9,5,0,4
19,10,5,4,4
19,11,5,4,18
19,12,4,0,18
19,13,4,0,14
19,14,5,4,16
19,15,5,4,9
19,16,5,1,15
19,17,10,1,14
19,18,10,1,1
19,19,5,1,7
19,20,5,0,12
19,21,5,1,1
19,22,1,0,21
19,23,10,1,22
19,24,10,0,18
19,25,10,0,17
19,26,10,0,9
19,27,10,1,0
19,28,1,0,17
19,29,1,0,16
19,30,1,0,17
19,31,5,1,11
19,32,5,1,4
19,33,5,1,1
19,34,1,4,1
19,35,4,0,0
19,36,1,4,22
19,37,10,1,22
19,38,10,0,16
19,39,10,0,5
19,40,10,1,4
19,41,10,1,4
19,42,10,1,17
19,43,1,0,13
19,44,5,1,22
19,45,5,0,18
19,46,5,0,19
19,47,5,4,5
19,48,4,0,0
19,49,4,0,24
19,50,4,0,21
19,51,4,0,7
19,52,5,4,24
19,53,5,0,12
19,54,5,0,23
19,55,5,0,10
19,56,5,0,4
19,57,5,0,0
19,58,5,0,11
19,59,5,0,13
19,60,5,0,0
19,61,5,0,11
19,62,5,0,5
19,63,5,0,17
19,64,5,0,13
19,65,5,0,16
19,66,5,0,10
19,67,5,0,4
19,68,5,0,16
19,69,5,0,3
19,70,5,0,24
19,71,5,0,22
19,72,5,0,16
19,73,5,0,12
19,74,5,0,17
19,75,5,0,9
19,76,5,0,7
19,77,5,0,19
19,78,5,0,8
20,0,5,0,2
20,1,5,0,15
20,2,5,0,0
20,3,5,0,2
20,4,5,0,8
20,5,5,0,7
20,6,5,0,3
20,7,5,0,16
20,8,5,0,6
20,9,5,0,20
20,10,5,4,0
20,11,4,0,2
20,12,4,0,19
20,13,5,4,6
20,14,5,4,4
20,15,5,1,5
20,16,10,1,11
20,17,10,0,6
20,18,10,1,2
20,19,5,1,7
20,20,5,0,17
20,21,5,1,1
20,22,1,0,23
20,23,10,1,22
20,24,10,0,14
20,25,10,0,17
20,26,10,0,21
20,27,10,1,18
20,28,1,0,10
20,29,1,0,20
20,30,5,1,9
20,31,5,0,13
20,32,5,0,3
20,33,5,1,2
20,34,1,4,1
20,35,4,0,21
20,36,1,4,21
20,37,10,1,23
20,38,10,1,20
20,39,10,0,1
20,40,10,0,15
20,41,10,0,24
20,42,10,1,2
20,43,1,0,18
20,44,5,1,24
20,45,5,1,20
20,46,5,4,0
20,47,4,0,22
20,48,4,0,4
20,49,4,0,20
20,50,4,0,12
20,51,5,4,9
20,52,5,0,5
20,53,5,0,22
20,54,5,0,19
20,55,5,0,8
20,56,5,0,2
20,57,5,0,0
20,58,5,0,11
20,59,5,0,4
20,60,5,0,21
20,61,5,0,14
20,62,5,0,21
20,63,5,0,15
20,64,5,0,1
20,65,5,0,6
20,66,5,0,10
20,67,5,0,18
20,68,5,0,12
20,69,5,0,2
20,70,5,0,16
20,71,5,0,8
20,72,5,0,11
20,73,5,0,18
20,74,5,0,12
20,75,5,0,23
20,76,5,0,7
20,77,5,0,18
20,78,5,0,13
21,0,5,0,22
21,1,5,0,3
21,2,5,0,3
21,3,5,0,16
21,4,5,0,14
21,5,5,0,6
21,6,5,0,9
21,7,5,0,12
21,8,5,0,3
21,9,5,0,17
21,10,5,4,18
21,11,4,0,13
21,12,4,0,9
21,13,5,4,24
21,14,5,1,15
21,15,10,1,14
21,16,10,0,10
21,17,10,0,17
21,18,10,1,2
21,19,5,1,22
21,20,5,0,22
21,21,5,1,17
21,22,1,0,20
21,23,10,1,22
21,24,10,0,9
21,25,10,0,7
21,26,10,1,15
21,27,1,0,19
21,28,1,0,11
21,29,5,1,6
21,30,5,0,3
21,31,5,0,16
21,32,5,0,24
21,33,5,1,3
21,34,1,4,17
21,35,4,0,22
21,36,1,4,7
21,37,10,1,8
21,38,10,1,24
21,39,10,0,20
21,40,10,0,8
21,41,10,0,10
21,42,10,1,18
21,43,5,1,11
21,44,5,1,13
21,45,5,1,24
21,46,5,4,17
21,47,4,0,6
21,48,4,0,2
21,49,4,0,24
21,50,5,4,11
21,51,5,0,20
21,52,5,0,24
21,53,5,0,8
21,54,5,0,9
21,55,5,0,14
21,56,5,0,8
21,57,5,0,24
21,58,5,0,2
21,59,5,0,7
21,60,5,0,24
21,61,5,0,20
21,62,5,0,8
21,63,5,0,8
21,64,5,0,12
21,65,5,0,9
21,66,5,0,6
21,67,5,0,13
21,68,5,0,3
21,69,5,0,19
21,70,5,0,15
21,71,5,0,9
21,72,5,0,3
21,73,5,0,2
21,74,5,0,18
21,75,5,0,9
21,76,5,0,13
21,77,5,0,6
21,78,5,0,21
22,0,5,0,23
22,1,5,0,8
22,2,5,0,9
22,3,5,0,9
22,4,5,0,0
22,5,5,0,0
22,6,5,0,4
22,7,5,0,13
22,8,5,0,15
22,9,5,4,15
22,10,4,0,4
22,11,4,0,0
22,12,5,4,6
22,13,5,1,0
22,14,10,1,6
22,15,10,0,6
22,16,10,0,24
22,17,10,0,7
22,18,10,1,17
22,19,5,1,22
22,20,5,0,14
22,21,5,1,1
22,22,1,0,13
22,23,10,1,23
22,24,10,0,23
22,25,10,1,10
22,26,1,0,24
22,27,1,0,4
22,28,1,0,9
22,29,5,1,24
22,30,5,4,20
22,31,5,0,0
22,32,5,0,13
22,33,5,1,1
22,34,1,4,3
22,35,4,0,17
22,36,1,4,24
22,37,10,1,6
22,38,10,0,1
22,39,10,0,18
22,40,10,0,24
22,41,10,1,10
22,42,5,1,11
22,43,5,1,13
22,44,5,1,22
22,45,5,0,24
22,46,5,4,2
22,47,4,0,7
22,48,4,0,16
22,49,5,4,9
22,50,5,0,15
22,51,5,0,17
22,52,5,0,23
22,53,5,0,10
22,54,5,0,18
22,55,5,0,0
22,56,5,0,21
22,57,5,0,18
22,58,5,0,2
22,59,5,0,23
22,60,5,0,9
22,61,5,0,18
22,62,5,0,22
22,63,5,0,17
22,64,5,0,21
22,65,5,0,4
22,66,5,0,12
22,67,5,0,16
22,68,5,0,2
22,69,5,0,15
22,70,5,0,12
22,71,5,0,11
22,72,5,0,24
22,73,5,0,18
22,74,5,0,6
22,75,5,0,8
22,76,5,0,14
22,77,5,0,9
22,78,5,0,17
23,0,5,0,16
23,1,5,0,18
23,2,5,0,9
23,3,5,0,5
23,4,5,0,17
23,5,5,0,15
23,6,5,0,13
23,7,5,0,10
23,8,5,4,0
23,9,4,0,1
23,10,4,0,10
23,11,4,0,13
23,12,5,4,24
23,13,5,1,17
23,14,10,1,21
23,15,10,0,8
23,16,10,0,23
23,17,10,0,15
23,18,10,1,1
23,19,5,1,22
23,20,5,0,10
23,21,5,1,1
23,22,1,0,24
23,23,10,1,22
23,24,10,1,13
23,25,1,0,9
23,26,1,0,13
23,27,5,1,16
23,28,5,1,9
23,29,5,4,10
23,30,5,4,21
23,31,5,0,1
23,32,5,0,20
23,33,5,1,20
23,34,5,1,20
23,35,1,4,14
23,36,1,0,0
23,37,10,1,24
23,38,10,0,16
23,39,10,0,1
23,40,10,1,5
23,41,5,1,19
23,42,5,1,10
23,43,10,1,16
23,44,5,1,21
23,45,5,0,11
23,46,5,4,18
23,47,4,0,6
23,48,5,4,6
23,49,5,0,22
23,50,5,0,15
23,51,5,0,10
23,52,5,0,13
23,53,5,0,24
23,54,5,0,14
23,55,5,0,24
23,56,5,0,5
23,57,5,0,14
23,58,5,0,0
23,59,5,0,7
23,60,5,0,22
23,61,5,0,24
23,62,5,0,10
23,63,5,0,17
23,64,5,0,14
23,65,5,0,17
23,66,5,0,5
23,67,5,0,10
23,68,5,0,9
23,69,5,0,4
23,70,5,0,6
23,71,5,0,24
23,72,5,0,0
23,73,5,0,8
23,74,5,0,16
23,75,5,0,8
23,76,5,0,17
23,77,5,0,15
23,78,5,0,21
24,0,5,0,3
24,1,5,0,1
24,2,5,0,17
24,3,5,0,10
24,4,5,0,4
24,5,5,0,18
24,6,5,0,21
24,7,5,0,21
24,8,5,4,18
24,9,4,0,2
24,10,4,0,7
24,11,5,4,6
24,12,5,0,15
24,13,5,1,1
24,14,10,1,22
24,15,10,0,17
24,16,10,0,12
24,17,10,0,13
24,18,10,1,2
24,19,5,1,23
24,20,5,0,6
24,21,5,1,17
24,22,1,0,8
24,23,10,1,8
24,24,1,0,6
24,25,1,0,3
24,26,5,1,6
24,27,5,1,4
24,28,5,4,0
24,29,4,0,9
24,30,5,4,24
24,31,5,0,14
24,32,5,1,15
24,33,5,1,8
24,34,5,1,8
24,35,1,0,7
24,36,10,1,19
24,37,10,0,17
24,38,10,0,12
24,39,10,1,10
24,40,5,1,11
24,41,5,1,10
24,42,10,1,11
24,43,10,1,1
24,44,5,1,7
24,45,5,4,0
24,46,4,0,16
24,47,4,0,21
24,48,5,4,24
24,49,5,0,8
24,50,5,0,13
24,51,5,0,18
24,52,5,0,12
24,53,5,0,14
24,54,5,0,3
24,55,5,0,14
24,56,5,0,0
24,57,5,0,20
24,58,5,0,11
24,59,5,0,22
24,60,5,0,23
24,61,5,0,5
24,62,5,0,17
24,63,5,0,14
24,64,5,0,12
24,65,5,0,10
24,66,5,0,13
24,67,5,0,24
24,68,5,0,17
24,69,5,0,1
24,70,5,0,22
24,71,5,0,16
24,72,5,0,21
24,73,5,0,2
24,74,5,0,7
24,75,5,0,22
24,76,5,0,17
24,77,5,0,8
24,78,5,0,15
25,0,5,0,24
25,1,5,0,6
25,2,5,0,6
25,3,5,0,2
25,4,5,0,17
25,5,5,0,20
25,6,5,0,16
25,7,5,4,10
25,8,4,0,16
25,9,4,0,4
25,10,4,0,6
25,11,5,4,22
25,12,5,0,16
25,13,5,1,1
25,14,10,1,22
25,15,10,0,1
25,16,10,0,18
25,17,10,0,16
25,18,10,1,17
25,19,5,1,23
25,20,5,0,16
25,21,5,1,2
25,22,1,0,3
25,23,1,0,23
25,24,1,0,12
25,25,1,0,19
25,26,5,1,24
25,27,5,0,18
25,28,5,4,3
25,29,5,4,11
25,30,5,0,14
25,31,5,1,0
25,32,1,0,5
25,33,1,0,8
25,34,1,0,20
25,35,10,1,6
25,36,10,0,9
25,37,10,0,1
25,38,10,1,5
25,39,5,1,9
25,40,5,1,10
25,41,10,1,19
25,42,10,0,24
25,43,10,1,18
25,44,5,1,24
25,45,5,4,18
25,46,4,0,24
25,47,5,4,11
25,48,5,0,10
25,49,5,0,4
25,50,5,0,3
25,51,5,0,18
25,52,5,0,14
25,53,5,0,3
25,54,5,0,22
25,55,5,0,20
25,56,5,0,21
25,57,5,0,16
25,58,5,0,19
25,59,5,0,1
25,60,5,0,17
25,61,5,0,17
25,62,5,0,4
25,63,5,0,4
25,64,5,0,19
25,65,5,0,7
25,66,5,0,10
25,67,5,0,10
25,68,5,0,12
25,69,5,0,13
25,70,5,0,17
25,71,5,0,4
25,72,5,0,3
25,73,5,0,7
25,74,5,0,1
25,75,5,0,6
25,76,5,0,23
25,77,5,0,18
25,78,5,0,3
26,0,5,0,16
26,1,5,0,8
26,2,5,0,18
26,3,5,0,24
26,4,5,0,2
26,5,5,0,18
26,6,5,4,0
26,7,4,0,17
26,8,4,0,24
26,9,4,0,2
26,10,4,0,3
26,11,5,4,23
26,12,5,0,22
26,13,5,1,3
26,14,10,1,22
26,15,10,0,14
26,16,10,0,12
26,17,10,0,17
26,18,10,1,1
26,19,5,1,21
26,20,5,0,11
26,21,5,1,1
26,22,1,0,18
26,23,1,0,5
26,24,1,0,17
26,25,5,1,14
26,26,5,0,7
26,27,5,0,2
26,28,5,4,4
26,29,5,0,24
26,30,5,0,24
26,31,5,1,3
26,32,5,1,16
26,33,1,0,15
26,34,1,0,19
26,35,10,1,21
26,36,10,0,14
26,37,10,1,10
26,38,5,1,11
26,39,5,1,15
26,40,10,1,19
26,41,10,0,10
26,42,10,1,5
26,43,5,1,11
26,44,5,4,0
26,45,4,0,22
26,46,5,4,6
26,47,5,0,10
26,48,5,0,3
26,49,5,0,20
26,50,5,0,22
26,51,5,0,4
26,52,5,0,19
26,53,5,0,6
26,54,5,0,4
26,55,5,0,17
26,56,5,0,17
26,57,5,0,15
26,58,5,0,17
26,59,5,0,8
26,60,5,0,11
26,61,5,0,12
26,62,5,0,1
26,63,5,0,22
26,64,5,0,12
26,65,5,0,21
26,66,5,0,14
26,67,5,0,1
26,68,5,0,18
26,69,5,0,5
26,70,5,0,14
26,71,5,0,11
26,72,5,0,3
26,73,5,0,6
26,74,5,0,14
26,75,5,0,4
26,76,5,0,24
26,77,5,0,17
26,78,5,0,8
27,0,5,0,15
27,1,5,0,10
27,2,5,0,2
27,3,5,0,11
27,4,5,0,4
27,5,5,0,17
27,6,5,4,2
27,7,4,0,12
27,8,4,0,10
27,9,4,0,16
27,10,4,0,18
27,11,5,4,22
27,12,5,0,7
27,13,5,1,1
27,14,10,1,22
27,15,10,0,22
27,16,10,0,2
27,17,10,0,23
27,18,10,1,3
27,19,5,1,22
27,20,5,0,3
27,21,5,1,3
27,22,1,0,20
27,23,5,1,16
27,24,5,1,9
27,25,5,0,15
27,26,5,0,22
27,27,5,0,7
27,28,5,0,19
27,29,5,4,20
27,30,5,0,19
27,31,5,1,4
27,32,5,1,3
27,33,1,0,24
27,34,1,0,2
27,35,10,1,23
27,36,10,1,10
27,37,5,1,9
27,38,5,1,5
27,39,10,1,19
27,40,10,0,15
27,41,10,1,10
27,42,5,1,11
27,43,5,4,20
27,44,5,4,18
27,45,4,0,5
27,46,5,4,24
27,47,5,0,4
27,48,5,0,18
27,49,5,0,8
27,50,5,0,23
27,51,5,0,21
27,52,5,0,16
27,53,5,0,12
27,54,5,0,23
27,55,5,0,8
27,56,5,0,11
27,57,5,0,3
27,58,5,0,19
27,59,5,0,20
27,60,5,0,13
27,61,5,0,10
27,62,5,0,7
27,63,5,0,23
27,64,5,0,6
27,65,5,0,13
27,66,5,0,9
27,67,5,0,6
27,68,5,0,6
27,69,5,0,9
27,70,5,0,13
27,71,5,0,16
27,72,5,0,11
27,73,5,0,0
27,74,5,0,17
27,75,5,0,3
27,76,5,0,16
27,77,5,0,22
27,78,5,0,14
28,0,5,0,11
28,1,5,0,16
28,2,5,0,19
28,3,5,0,0
28,4,5,0,6
28,5,5,0,6
28,6,5,4,2
28,7,4,0,5
28,8,4,0,11
28,9,4,0,14
28,10,4,0,11
28,11,5,4,7
28,12,5,0,21
28,13,5,1,1
28,14,10,1,22
28,15,10,0,6
28,16,10,0,1
28,17,10,0,19
28,18,10,1,3
28,19,5,1,7
28,20,5,0,24
28,21,5,1,3
28,22,5,1,11
28,23,5,1,4
28,24,5,0,0
28,25,5,0,19
28,26,5,4,20
28,27,5,4,20
28,28,5,4,10
28,29,5,4,21
28,30,5,0,6
28,31,5,0,11
28,32,5,1,17
28,33,5,1,16
28,34,1,0,17
28,35,10,1,8
28,36,5,1,14
28,37,5,1,5
28,38,10,1,19
28,39,10,0,17
28,40,10,1,15
28,41,5,1,9
28,42,5,4,13
28,43,5,4,8
28,44,4,0,15
28,45,5,4,9
28,46,5,0,3
28,47,5,0,1
28,48,5,0,10
28,49,5,0,9
28,50,5,0,6
28,51,5,0,5
28,52,5,0,1
28,53,5,0,3
28,54,5,0,12
28,55,5,0,8
28,56,5,0,17
28,57,5,0,12
28,58,5,0,14
28,59,5,0,10
28,60,5,0,15
28,61,5,0,14
28,62,5,0,11
28,63,5,0,18
28,64,5,4,20
28,65,5,4,20
28,66,5,0,24
28,67,5,0,22
28,68,5,0,22
28,69,5,0,23
28,70,5,0,16
28,71,5,0,21
28,72,5,0,21
28,73,5,0,24
28,74,5,0,0
28,75,5,0,0
28,76,5,0,9
28,77,5,0,0
28,78,5,0,2
29,0,5,0,6
29,1,5,0,20
29,2,5,0,8
29,3,5,0,21
29,4,5,0,23
29,5,5,0,1
29,6,5,4,2
29,7,4,0,20
29,8,4,0,2
29,9,4,0,5
29,10,4,0,11
29,11,5,4,7
29,12,5,0,7
29,13,5,1,2
29,14,10,1,7
29,15,10,0,0
29,16,10,0,9
29,17,10,0,2
29,18,10,1,2
29,19,5,1,23
29,20,5,0,24
29,21,5,1,4
29,22,5,0,21
29,23,5,0,18
29,24,5,0,5
29,25,5,4,5
29,26,5,4,8
29,27,5,4,8
29,28,4,0,9
29,29,5,4,24
29,30,5,0,14
29,31,5,4,20
29,32,5,1,4
29,33,5,1,3
29,34,1,0,5
29,35,5,1,9
29,36,5,1,10
29,37,10,1,9
29,38,10,0,18
29,39,10,1,5
29,40,5,1,9
29,41,5,4,10
29,42,4,0,15
29,43,4,0,11
29,44,5,4,9
29,45,5,0,20
29,46,5,0,20
29,47,5,0,8
29,48,5,0,2
29,49,5,0,18
29,50,5,0,24
29,51,5,0,3
29,52,5,0,20
29,53,5,0,22
29,54,5,0,10
29,55,5,0,16
29,56,5,0,4
29,57,5,0,15
29,58,5,0,4
29,59,5,0,24
29,60,5,0,6
29,61,5,0,20
29,62,5,0,9
29,63,5,4,13
29,64,5,4,8
29,65,5,4,22
29,66,5,0,4
29,67,5,0,11
29,68,5,0,7
29,69,5,0,23
29,70,5,0,10
29,71,5,0,10
29,72,5,0,16
29,73,5,0,11
29,74,5,0,22
29,75,5,0,2
29,76,5,0,10
29,77,5,0,4
29,78,5,0,12
30,0,5,0,11
30,1,5,0,3
30,2,5,0,22
30,3,5,0,7
30,4,5,0,16
30,5,5,0,14
30,6,5,4,17
30,7,5,4,16
30,8,5,4,16
30,9,4,0,5
30,10,4,0,17
30,11,5,4,24
30,12,5,0,19
30,13,5,1,17
30,14,10,1,7
30,15,10,0,10
30,16,10,0,1
30,17,10,0,19
30,18,10,1,1
30,19,5,1,22
30,20,5,0,24
30,21,5,0,22
30,22,5,4,20
30,23,5,0,20
30,24,5,4,15
30,25,4,0,10
30,26,4,0,8
30,27,4,0,5
30,28,5,4,6
30,29,5,0,7
30,30,5,4,5
30,31,5,4,23
30,32,5,0,10
30,33,5,1,17
30,34,5,1,14
30,35,5,1,10
30,36,10,1,9
30,37,10,0,18
30,38,10,1,15
30,39,5,1,19
30,40,5,4,10
30,41,4,0,2
30,42,4,0,23
30,43,5,4,14
30,44,5,0,2
30,45,5,0,1
30,46,5,0,12
30,47,5,0,16
30,48,5,0,2
30,49,5,0,0
30,50,5,0,2
30,51,5,0,14
30,52,5,0,10
30,53,5,0,16
30,54,5,0,9
30,55,5,0,6
30,56,5,0,16
30,57,5,0,21
30,58,5,0,19
30,59,5,0,23
30,60,5,0,22
30,61,5,4,20
30,62,5,4,5
30,63,4,0,5
30,64,4,0,4
30,65,5,4,7
30,66,5,4,20
30,67,5,0,2
30,68,5,0,7
30,69,5,0,5
30,70,5,0,0
30,71,5,0,6
30,72,5,0,6
30,73,5,0,8
30,74,5,0,8
30,75,5,0,7
30,76,5,0,14
30,77,5,0,14
30,78,5,0,24
31,0,5,0,14
31,1,5,0,14
31,2,5,0,23
31,3,5,0,7
31,4,5,0,6
31,5,5,0,13
31,6,5,4,4
31,7,5,4,4
31,8,5,4,2
31,9,4,0,19
31,10,5,4,6
31,11,5,4,20
31,12,5,4,20
31,13,5,1,2
31,14,10,1,21
31,15,10,0,14
31,16,10,0,10
31,17,10,0,11
31,18,10,1,18
31,19,5,1,24
31,20,5,0,4
31,21,5,4,10
31,22,5,4,7
31,23,5,4,0
31,24,4,0,14
31,25,4,0,6
31,26,4,0,13
31,27,4,0,7
31,28,5,4,24
31,29,5,4,0
31,30,4,0,10
31,31,5,4,24
31,32,5,0,24
31,33,5,1,4
31,34,5,1,15
31,35,10,1,9
31,36,10,0,20
31,37,10,1,13
31,38,5,1,11
31,39,5,4,5
31,40,4,0,15
31,41,4,0,10
31,42,5,4,14
31,43,5,0,17
31,44,5,0,21
31,45,5,0,5
31,46,5,0,15
31,47,5,0,5
31,48,5,0,9
31,49,5,0,5
31,50,5,0,23
31,51,5,0,20
31,52,5,0,3
31,53,5,0,4
31,54,5,0,10
31,55,5,0,13
31,56,5,0,13
31,57,5,0,7
31,58,5,0,4
31,59,5,0,12
31,60,5,4,5
31,61,5,4,8
31,62,4,0,0
31,63,4,0,6
31,64,4,0,24
31,65,5,4,8
31,66,5,4,23
31,67,5,0,15
31,68,5,0,8
31,69,5,0,24
31,70,5,0,7
31,71,5,0,5
31,72,5,0,9
31,73,5,0,12
31,74,5,0,7
31,75,5,0,2
31,76,5,0,3
31,77,5,0,2
31,78,5,0,23
32,0,5,0,7
32,1,5,0,8
32,2,5,0,17
32,3,5,0,17
32,4,5,0,13
32,5,5,0,1
32,6,5,0,8
32,7,5,0,13
32,8,5,4,18
32,9,4,0,17
32,10,5,4,8
32,11,5,4,8
32,12,5,4,23
32,13,5,1,3
32,14,10,1,21
32,15,10,0,17
32,16,10,0,13
32,17,10,1,13
32,18,5,1,19
32,19,5,0,18
32,20,5,4,0
32,21,4,0,19
32,22,5,4,24
32,23,5,4,18
32,24,4,0,15
32,25,4,0,20
32,26,4,0,3
32,27,5,4,14
32,28,5,0,22
32,29,5,4,2
32,30,5,4,11
32,31,5,0,16
32,32,5,0,24
32,33,5,1,13
32,34,10,1,6
32,35,10,0,24
32,36,10,1,15
32,37,5,1,11
32,38,5,4,0
32,39,4,0,5
32,40,4,0,5
32,41,5,4,6
32,42,5,0,12
32,43,5,0,7
32,44,5,0,18
32,45,5,0,12
32,46,5,0,20
32,47,5,0,3
32,48,5,0,21
32,49,5,0,13
32,50,5,0,24
32,51,5,0,24
32,52,5,0,7
32,53,5,0,3
32,54,5,0,2
32,55,5,0,7
32,56,5,0,23
32,57,5,0,12
32,58,5,0,9
32,59,5,4,10
32,60,4,0,7
32,61,4,0,8
32,62,5,4,16
32,63,5,4,16
32,64,4,0,11
32,65,4,0,8
32,66,5,4,22
32,67,5,4,20
32,68,5,0,14
32,69,5,0,10
32,70,5,0,4
32,71,5,0,2
32,72,5,0,20
32,73,5,0,23
32,74,5,0,14
32,75,5,0,5
32,76,5,0,13
32,77,5,0,20
32,78,5,0,24
33,0,5,0,3
33,1,5,0,18
33,2,5,0,24
33,3,5,0,8
33,4,5,0,17
33,5,5,0,24
33,6,5,0,4
33,7,5,4,0
33,8,4,0,13
33,9,4,0,5
33,10,4,0,10
33,11,4,0,7
33,12,5,4,22
33,13,5,1,2
33,14,10,1,22
33,15,10,0,22
33,16,10,1,15
33,17,5,1,14
33,18,5,4,20
33,19,5,0,16
33,20,5,4,1
33,21,5,4,19
33,22,5,4,0
33,23,4,0,18
33,24,4,0,17
33,25,4,0,14
33,26,5,4,6
33,27,5,0,7
33,28,5,0,0
33,29,5,4,4
33,30,5,0,7
33,31,5,4,20
33,32,5,1,0
33,33,5,1,3
33,34,10,1,21
33,35,10,1,5
33,36,5,1,11
33,37,5,4,20
33,38,5,4,18
33,39,4,0,15
33,40,4,0,1
33,41,5,4,24
33,42,5,0,9
33,43,5,0,10
33,44,5,0,22
33,45,5,0,19
33,46,5,0,8
33,47,5,0,7
33,48,5,0,21
33,49,5,0,15
33,50,5,0,4
33,51,5,0,3
33,52,5,0,24
33,53,5,0,3
33,54,5,4,20
33,55,5,0,23
33,56,5,0,13
33,57,5,0,10
33,58,5,4,5
33,59,4,0,14
33,60,4,0,19
33,61,5,4,14
33,62,5,4,4
33,63,5,4,1
33,64,5,4,16
33,65,4,0,5
33,66,5,4,8
33,67,5,4,7
33,68,5,0,3
33,69,5,0,23
33,70,5,4,20
33,71,5,0,15
33,72,5,0,19
33,73,5,0,21
33,74,5,0,20
33,75,5,0,13
33,76,5,0,9
33,77,5,0,4
33,78,5,0,18
34,0,5,0,4
34,1,5,0,2
34,2,5,0,6
34,3,5,0,21
34,4,5,0,15
34,5,5,0,13
34,6,5,0,8
34,7,5,4,1
34,8,4,0,12
34,9,4,0,9
34,10,4,0,0
34,11,4,0,19
34,12,5,4,22
34,13,5,1,1
34,14,10,1,23
34,15,10,1,5
34,16,5,1,9
34,17,5,4,13
34,18,5,4,23
34,19,5,0,4
34,20,5,4,4
34,21,5,0,18
34,22,5,4,18
34,23,4,0,17
34,24,4,0,11
34,25,4,0,22
34,26,5,4,24
34,27,5,0,4
34,28,5,0,13
34,29,5,0,24
34,30,5,4,10
34,31,5,4,7
34,32,5,1,4
34,33,5,1,3
34,34,10,1,8
34,35,5,1,14
34,36,5,4,15
34,37,5,4,8
34,38,4,0,24
34,39,4,0,14
34,40,5,4,19
34,41,5,0,5
34,42,5,0,14
34,43,5,0,10
34,44,5,0,22
34,45,5,0,1
34,46,5,0,20
34,47,5,0,12
34,48,5,0,15
34,49,5,0,21
34,50,5,0,23
34,51,5,0,13
34,52,5,0,11
34,53,5,4,5
34,54,5,4,22
34,55,5,4,20
34,56,5,4,20
34,57,5,4,10
34,58,4,0,22
34,59,5,4,16
34,60,5,4,9
34,61,5,0,16
34,62,5,0,17
34,63,5,4,4
34,64,5,4,18
34,65,4,0,7
34,66,4,0,0
34,67,5,4,7
34,68,5,4,20
34,69,5,4,15
34,70,5,4,7
34,71,5,0,9
34,72,5,0,16
34,73,5,0,1
34,74,5,0,11
34,75,5,0,4
34,76,5,0,10
34,77,5,0,20
34,78,5,0,16
35,0,5,0,4
35,1,5,0,16
35,2,5,0,24
35,3,5,0,2
35,4,5,0,18
35,5,5,0,17
35,6,5,0,0
35,7,5,4,3
35,8,5,4,16
35,9,5,4,16
35,10,4,0,5
35,11,4,0,15
35,12,5,4,24
35,13,5,1,3
35,14,10,1,8
35,15,5,1,14
35,16,5,4,13
35,17,4,0,12
35,18,5,4,7
35,19,5,0,6
35,20,5,0,5
35,21,5,4,0
35,22,4,0,9
35,23,4,0,13
35,24,4,0,7
35,25,5,4,6
35,26,5,0,15
35,27,5,0,4
35,28,5,0,17
35,29,5,4,5
35,30,4,0,8
35,31,5,4,7
35,32,5,0,22
35,33,5,1,2
35,34,5,1,9
35,35,5,4,5
35,36,4,0,10
35,37,4,0,13
35,38,4,0,1
35,39,5,4,11
35,40,5,0,21
35,41,5,0,12
35,42,5,0,13
35,43,5,0,24
35,44,5,0,8
35,45,5,0,19
35,46,5,0,1
35,47,5,0,18
35,48,5,0,0
35,49,5,0,1
35,50,5,0,9
35,51,5,0,21
35,52,5,4,0
35,53,4,0,8
35,54,5,4,8
35,55,5,4,8
35,56,5,4,8
35,57,4,0,11
35,58,5,4,11
35,59,5,4,4
35,60,5,0,5
35,61,5,4,20
35,62,5,0,20
35,63,5,4,0
35,64,4,0,8
35,65,4,0,12
35,66,4,0,17
35,67,5,4,8
35,68,5,4,8
35,69,4,0,23
35,70,5,4,21
35,71,5,0,22
35,72,5,0,0
35,73,5,0,14
35,74,5,0,19
35,75,5,0,10
35,76,5,0,17
35,77,5,0,22
35,78,5,0,23
36,0,5,0,20
36,1,5,0,17
36,2,5,0,4
36,3,5,0,20
36,4,5,0,3
36,5,5,0,20
36,6,5,0,3
36,7,5,4,4
36,8,5,4,4
36,9,5,4,1
36,10,4,0,4
36,11,5,4,6
36,12,5,0,0
36,13,5,1,2
36,14,5,1,14
36,15,5,4,5
36,16,4,0,14
36,17,4,0,11
36,18,5,4,24
36,19,5,0,17
36,20,5,0,21
36,21,5,4,18
36,22,4,0,16
36,23,4,0,16
36,24,4,0,13
36,25,5,4,23
36,26,5,4,20
36,27,5,4,20
36,28,5,4,15
36,29,4,0,14
36,30,4,0,22
36,31,5,4,7
36,32,5,0,20
36,33,5,1,4
36,34,5,4,5
36,35,4,0,2
36,36,4,0,17
36,37,4,0,1
36,38,5,4,14
36,39,5,0,9
36,40,5,0,13
36,41,5,0,22
36,42,5,0,21
36,43,5,0,6
36,44,5,0,12
36,45,5,0,0
36,46,5,0,21
36,47,5,0,19
36,48,5,0,20
36,49,5,0,1
36,50,5,0,5
36,51,5,0,5
36,52,5,4,18
36,53,4,0,6
36,54,4,0,9
36,55,4,0,18
36,56,4,0,16
36,57,5,4,9
36,58,5,0,6
36,59,5,4,20
36,60,5,4,10
36,61,5,4,21
36,62,5,4,20
36,63,5,4,18
36,64,4,0,21
36,65,4,0,15
36,66,4,0,4
36,67,4,0,4
36,68,4,0,2
36,69,4,0,3
36,70,5,4,24
36,71,5,0,18
36,72,5,0,5
36,73,5,0,19
36,74,5,0,1
36,75,5,0,9
36,76,5,0,1
36,77,5,0,21
36,78,5,0,19
37,0,5,0,13
37,1,5,0,17
37,2,5,0,19
37,3,5,0,24
37,4,5,0,10
37,5,5,0,2
37,6,5,0,16
37,7,5,0,16
37,8,5,0,1
37,9,5,4,18
37,10,4,0,1
37,11,5,4,22
37,12,5,4,20
37,13,5,4,20
37,14,5,4,10
37,15,4,0,13
37,16,4,0,24
37,17,5,4,6
37,18,5,4,20
37,19,5,4,20
37,20,5,4,13
37,21,4,0,15
37,22,4,0,0
37,23,4,0,0
37,24,4,0,15
37,25,5,4,8
37,26,5,4,8
37,27,5,4,8
37,28,4,0,11
37,29,4,0,18
37,30,4,0,23
37,31,5,4,7
37,32,5,4,20
37,33,5,4,10
37,34,4,0,5
37,35,5,4,16
37,36,5,4,16
37,37,5,4,9
37,38,5,0,20
37,39,5,0,24
37,40,5,0,0
37,41,5,0,7
37,42,5,0,22
37,43,5,0,6
37,44,5,0,0
37,45,5,0,18
37,46,5,0,4
37,47,5,0,11
37,48,5,0,2
37,49,5,0,6
37,50,5,0,5
37,51,5,4,13
37,52,4,0,14
37,53,4,0,0
37,54,4,0,17
37,55,5,4,16
37,56,5,4,14
37,57,5,0,1
37,58,5,4,10
37,59,5,4,8
37,60,4,0,2
37,61,5,4,8
37,62,5,4,8
37,63,4,0,11
37,64,4,0,10
37,65,4,0,6
37,66,4,0,7
37,67,4,0,24
37,68,4,0,9
37,69,5,4,6
37,70,5,0,5
37,71,5,0,18
37,72,5,0,17
37,73,5,0,3
37,74,5,0,0
37,75,5,0,12
37,76,5,0,20
37,77,5,0,24
37,78,5,0,15
38,0,5,0,12
38,1,5,0,19
38,2,5,0,13
38,3,5,0,9
38,4,5,0,15
38,5,5,0,19
38,6,5,0,0
38,7,5,0,13
38,8,5,4,0
38,9,4,0,13
38,10,4,0,7
38,11,5,4,8
38,12,5,4,8
38,13,5,4,8
38,14,4,0,16
38,15,4,0,3
38,16,4,0,20
38,17,5,4,8
38,18,5,4,8
38,19,5,4,8
38,20,4,0,5
38,21,5,4,16
38,22,5,4,16
38,23,4,0,8
38,24,4,0,22
38,25,4,0,1
38,26,4,0,2
38,27,4,0,15
38,28,4,0,13
38,29,4,0,4
38,30,4,0,11
38,31,5,4,8
38,32,5,4,8
38,33,4,0,20
38,34,5,4,6
38,35,5,4,4
38,36,5,4,4
38,37,5,0,6
38,38,5,0,2
38,39,5,0,11
38,40,5,0,3
38,41,5,0,7
38,42,5,0,9
38,43,5,0,13
38,44,5,0,5
38,45,5,0,6
38,46,5,0,9
38,47,5,0,3
38,48,5,0,21
38,49,5,0,17
38,50,5,4,10
38,51,4,0,10
38,52,4,0,21
38,53,4,0,8
38,54,5,4,6
38,55,5,4,4
38,56,5,0,3
38,57,5,4,10
38,58,4,0,12
38,59,4,0,22
38,60,4,0,13
38,61,4,0,12
38,62,4,0,14
38,63,4,0,15
38,64,4,0,5
38,65,4,0,11
38,66,4,0,23
38,67,4,0,16
38,68,4,0,24
38,69,5,4,22
38,70,5,0,9
38,71,5,0,2
38,72,5,0,10
38,73,5,0,14
38,74,5,0,12
38,75,5,0,11
38,76,5,0,1
38,77,5,0,0
38,78,5,0,17
39,0,5,0,20
39,1,5,0,3
39,2,5,0,6
39,3,5,0,11
39,4,5,0,7
39,5,5,0,9
39,6,5,0,11
39,7,5,0,18
39,8,5,4,18
39,9,4,0,1
39,10,4,0,24
39,11,4,0,3
39,12,4,0,20
39,13,4,0,7
39,14,4,0,13
39,15,4,0,0
39,16,4,0,18
39,17,4,0,1
39,18,4,0,9
39,19,4,0,8
39,20,5,4,19
39,21,5,4,4
39,22,5,4,18
39,23,4,0,18
39,24,4,0,19
39,25,4,0,18
39,26,4,0,14
39,27,4,0,2
39,28,4,0,23
39,29,4,0,10
39,30,4,0,20
39,31,4,0,17
39,32,4,0,24
39,33,4,0,14
39,34,5,4,24
39,35,5,0,2
39,36,5,0,19
39,37,5,0,7
39,38,5,0,20
39,39,5,0,5
39,40,5,0,13
39,41,5,0,4
39,42,5,0,5
39,43,5,0,2
39,44,5,0,2
39,45,5,4,20
39,46,5,4,20
39,47,5,0,20
39,48,5,0,16
39,49,5,4,10
39,50,4,0,7
39,51,4,0,17
39,52,4,0,18
39,53,4,0,24
39,54,5,4,24
39,55,5,0,8
39,56,5,4,15
39,57,4,0,14
39,58,4,0,6
39,59,4,0,9
39,60,4,0,11
39,61,4,0,13
39,62,4,0,20
39,63,4,0,20
39,64,4,0,18
39,65,4,0,5
39,66,4,0,13
39,67,4,0,21
39,68,4,0,24
39,69,5,4,24
39,70,5,0,14
39,71,5,0,20
39,72,5,0,4
39,73,5,0,9
39,74,5,0,5
39,75,5,0,19
39,76,5,0,13
39,77,5,0,16
39,78,5,0,10
40,0,5,0,1
40,1,5,0,15
40,2,5,0,10
40,3,5,0,8
40,4,5,0,23
40,5,5,0,11
40,6,5,0,23
40,7,5,4,0
40,8,4,0,8
40,9,4,0,11
40,10,4,0,12
40,11,4,0,3
40,12,4,0,18
40,13,4,0,18
40,14,4,0,22
40,15,4,0,19
40,16,4,0,7
40,17,4,0,24
40,18,4,0,17
40,19,5,4,14
40,20,5,0,23
40,21,5,4,0
40,22,4,0,23
40,23,4,0,21
40,24,4,0,2
40,25,4,0,22
40,26,4,0,5
40,27,4,0,8
40,28,4,0,6
40,29,4,0,24
40,30,4,0,23
40,31,4,0,18
40,32,4,0,2
40,33,5,4,6
40,34,5,0,13
40,35,5,0,9
40,36,5,0,20
40,37,5,0,14
40,38,5,0,8
40,39,5,0,16
40,40,5,0,24
40,41,5,0,14
40,42,5,0,4
40,43,5,4,20
40,44,5,4,13
40,45,5,4,8
40,46,5,4,23
40,47,5,4,20
40,48,5,4,13
40,49,4,0,20
40,50,5,4,16
40,51,5,4,16
40,52,4,0,18
40,53,5,4,6
40,54,5,4,20
40,55,5,4,10
40,56,4,0,2
40,57,4,0,17
40,58,4,0,11
40,59,4,0,6
40,60,4,0,17
40,61,4,0,13
40,62,4,0,23
40,63,4,0,5
40,64,4,0,5
40,65,4,0,13
40,66,4,0,5
40,67,4,0,8
40,68,5,4,6
40,69,5,0,17
40,70,5,0,0
40,71,5,0,22
40,72,5,0,11
40,73,5,0,19
40,74,5,0,0
40,75,5,0,6
40,76,5,0,7
40,77,5,0,18
40,78,5,0,11
41,0,5,0,0
41,1,5,0,9
41,2,5,0,23
41,3,5,0,2
41,4,5,0,0
41,5,5,0,21
41,6,5,0,19
41,7,5,4,1
41,8,4,0,18
41,9,4,0,11
41,10,4,0,9
41,11,4,0,7
41,12,4,0,7
41,13,4,0,7
41,14,4,0,3
41,15,4,0,19
41,16,4,0,16
41,17,5,4,16
41,18,5,4,14
41,19,5,4,20
41,20,5,4,20
41,21,5,4,18
41,22,4,0,10
41,23,4,0,12
41,24,5,4,16
41,25,5,4,16
41,26,4,0,11
41,27,4,0,6
41,28,4,0,18
41,29,5,4,16
41,30,5,4,16
41,31,5,4,16
41,32,4,0,22
41,33,5,4,24
41,34,5,0,4
41,35,5,0,24
41,36,5,0,10
41,37,5,0,6
41,38,5,0,18
41,39,5,0,1
41,40,5,0,5
41,41,5,0,7
41,42,5,4,5
41,43,5,4,8
41,44,4,0,14
41,45,4,0,0
41,46,5,4,8
41,47,5,4,8
41,48,4,0,11
41,49,5,4,6
41,50,5,4,4
41,51,5,4,2
41,52,4,0,5
41,53,5,4,8
41,54,5,4,8
41,55,4,0,10
41,56,4,0,20
41,57,4,0,14
41,58,5,4,16
41,59,5,4,16
41,60,4,0,10
41,61,4,0,8
41,62,4,0,23
41,63,4,0,4
41,64,4,0,6
41,65,4,0,20
41,66,4,0,18
41,67,4,0,7
41,68,5,4,23
41,69,5,4,20
41,70,5,4,20
41,71,5,4,20
41,72,5,4,20
41,73,5,0,13
41,74,5,0,5
41,75,5,0,23
41,76,5,0,22
41,77,5,0,19
41,78,5,0,16
42,0,5,0,3
42,1,5,0,3
42,2,5,0,2
42,3,5,0,17
42,4,5,0,6
42,5,5,0,24
42,6,5,0,14
42,7,5,4,18
42,8,4,0,21
42,9,5,4,16
42,10,5,4,16
42,11,4,0,19
42,12,4,0,0
42,13,4,0,22
42,14,4,0,21
42,15,5,4,16
42,16,5,4,14
42,17,5,4,4
42,18,5,4,5
42,19,5,4,8
42,20,5,4,8
42,21,4,0,11
42,22,4,0,6
42,23,5,4,6
42,24,5,4,4
42,25,5,4,1
42,26,5,4,16
42,27,5,4,16
42,28,5,4,11
42,29,5,4,4
42,30,5,4,4
42,31,5,4,3
42,32,5,4,14
42,33,5,0,5
42,34,5,0,2
42,35,5,0,20
42,36,5,0,21
42,37,5,0,21
42,38,5,0,18
42,39,5,0,16
42,40,5,0,6
42,41,5,4,0
42,42,4,0,16
42,43,4,0,1
42,44,4,0,21
42,45,4,0,3
42,46,4,0,22
42,47,4,0,22
42,48,4,0,9
42,49,5,4,24
42,50,5,0,0
42,51,5,4,18
42,52,4,0,16
42,53,4,0,3
42,54,4,0,20
42,55,4,0,2
42,56,4,0,14
42,57,5,4,19
42,58,5,4,4
42,59,5,4,3
42,60,5,4,16
42,61,4,0,24
42,62,4,0,12
42,63,4,0,5
42,64,4,0,12
42,65,4,0,6
42,66,4,0,16
42,67,4,0,0
42,68,5,4,8
42,69,5,4,8
42,70,5,4,8
42,71,5,4,8
42,72,5,4,7
42,73,5,0,13
42,74,5,0,22
42,75,5,0,10
42,76,5,0,18
42,77,5,0,23
42,78,5,0,12
43,0,5,0,1
43,1,5,0,8
43,2,5,0,3
43,3,5,0,23
43,4,5,0,13
43,5,5,0,5
43,6,5,4,0
43,7,4,0,13
43,8,5,4,6
43,9,5,4,4
43,10,5,4,18
43,11,4,0,22
43,12,4,0,1
43,13,4,0,20
43,14,5,4,6
43,15,5,4,4
43,16,5,0,15
43,17,5,4,0
43,18,4,0,12
43,19,4,0,14
43,20,4,0,3
43,21,4,0,16
43,22,4,0,16
43,23,5,4,24
43,24,5,0,22
43,25,5,4,4
43,26,5,4,4
43,27,5,4,4
43,28,5,0,8
43,29,5,0,13
43,30,5,0,11
43,31,5,4,4
43,32,5,0,14
43,33,5,0,12
43,34,5,0,8
43,35,5,0,22
43,36,5,0,0
43,37,5,0,9
43,38,5,0,12
43,39,5,0,22
43,40,5,0,7
43,41,5,4,1
43,42,4,0,7
43,43,4,0,8
43,44,4,0,18
43,45,4,0,23
43,46,4,0,14
43,47,4,0,8
43,48,5,4,6
43,49,5,0,5
43,50,5,4,0
43,51,4,0,10
43,52,4,0,4
43,53,4,0,15
43,54,4,0,5
43,55,4,0,5
43,56,5,4,14
43,57,5,0,4
43,58,5,0,17
43,59,5,4,4
43,60,5,4,1
43,61,4,0,9
43,62,4,0,0
43,63,4,0,1
43,64,4,0,0
43,65,4,0,18
43,66,4,0,9
43,67,4,0,1
43,68,4,0,3
43,69,4,0,0
43,70,4,0,12
43,71,4,0,18
43,72,5,4,7
43,73,5,0,13
43,74,5,0,23
43,75,5,0,5
43,76,5,0,12
43,77,5,0,22
43,78,5,0,18
44,0,5,0,1
44,1,5,0,21
44,2,5,0,20
44,3,5,0,12
44,4,5,0,13
44,5,5,0,19
44,6,5,4,1
44,7,4,0,21
44,8,5,4,24
44,9,5,4,0
44,10,4,0,17
44,11,4,0,17
44,12,4,0,24
44,13,4,0,17
44,14,5,4,24
44,15,5,0,17
44,16,5,0,3
44,17,5,4,18
44,18,4,0,5
44,19,4,0,10
44,20,4,0,0
44,21,4,0,1
44,22,5,4,14
44,23,5,0,10
44,24,5,0,8
44,25,5,0,0
44,26,5,0,22
44,27,5,0,4
44,28,5,0,10
44,29,5,0,24
44,30,5,0,5
44,31,5,0,6
44,32,5,0,12
44,33,5,0,14
44,34,5,0,6
44,35,5,0,8
44,36,5,0,5
44,37,5,0,6
44,38,5,0,24
44,39,5,0,22
44,40,5,0,9
44,41,5,4,18
44,42,4,0,5
44,43,4,0,3
44,44,4,0,19
44,45,4,0,3
44,46,4,0,9
44,47,4,0,7
44,48,5,4,21
44,49,5,4,20
44,50,5,4,18
44,51,4,0,20
44,52,4,0,4
44,53,4,0,16
44,54,4,0,8
44,55,5,4,14
44,56,5,0,1
44,57,5,0,6
44,58,5,0,12
44,59,5,0,5
44,60,5,4,17
44,61,4,0,5
44,62,4,0,8
44,63,4,0,0
44,64,4,0,20
44,65,4,0,15
44,66,4,0,22
44,67,4,0,20
44,68,4,0,1
44,69,4,0,16
44,70,4,0,0
44,71,4,0,7
44,72,5,4,7
44,73,5,4,20
44,74,5,4,20
44,75,5,0,9
44,76,5,0,13
44,77,5,0,0
44,78,5,0,8
45,0,5,0,9
45,1,5,0,14
45,2,5,0,22
45,3,5,0,24
45,4,5,0,19
45,5,5,0,21
45,6,5,4,18
45,7,5,4,6
45,8,5,4,20
45,9,5,4,18
45,10,4,0,22
45,11,4,0,16
45,12,4,0,7
45,13,5,4,6
45,14,5,0,7
45,15,5,0,18
45,16,5,4,5
45,17,4,0,5
45,18,4,0,10
45,19,4,0,17
45,20,4,0,15
45,21,5,4,6
45,22,5,0,21
45,23,5,0,2
45,24,5,0,17
45,25,5,0,4
45,26,5,0,23
45,27,5,0,15
45,28,5,0,3
45,29,5,0,4
45,30,5,0,10
45,31,5,0,10
45,32,5,0,2
45,33,5,0,16
45,34,5,0,20
45,35,5,0,16
45,36,5,0,13
45,37,5,0,8
45,38,5,0,15
45,39,5,0,17
45,40,5,4,0
45,41,4,0,8
45,42,4,0,10
45,43,4,0,19
45,44,4,0,3
45,45,4,0,7
45,46,4,0,14
45,47,4,0,5
45,48,5,4,8
45,49,5,4,8
45,50,4,0,2
45,51,4,0,18
45,52,4,0,0
45,53,4,0,18
45,54,5,4,19
45,55,5,0,17
45,56,5,0,4
45,57,5,0,5
45,58,5,0,14
45,59,5,0,6
45,60,5,4,1
45,61,5,4,16
45,62,4,0,7
45,63,4,0,6
45,64,4,0,6
45,65,4,0,16
45,66,4,0,22
45,67,4,0,20
45,68,5,4,16
45,69,5,4,16
45,70,4,0,22
45,71,4,0,23
45,72,5,4,8
45,73,5,4,8
45,74,5,4,22
45,75,5,0,20
45,76,5,0,0
45,77,5,0,13
45,78,5,0,0
46,0,5,0,3
46,1,5,0,20
46,2,5,0,18
46,3,5,0,8
46,4,5,0,4
46,5,5,4,0
46,6,4,0,21
46,7,5,4,8
46,8,5,4,8
46,9,4,0,18
46,10,4,0,3
46,11,4,0,18
46,12,4,0,14
46,13,5,4,21
46,14,5,4,20
46,15,5,4,5
46,16,4,0,10
46,17,5,4,16
46,18,5,4,16
46,19,4,0,23
46,20,4,0,13
46,21,5,4,24
46,22,5,0,14
46,23,5,0,17
46,24,5,0,3
46,25,5,0,17
46,26,5,0,13
46,27,5,0,11
46,28,5,0,17
46,29,5,0,1
46,30,5,0,13
46,31,5,0,10
46,32,5,0,0
46,33,5,0,15
46,34,5,0,23
46,35,5,0,21
46,36,5,0,19
46,37,5,0,13
46,38,5,0,20
46,39,5,0,6
46,40,5,4,18
46,41,4,0,16
46,42,4,0,6
46,43,4,0,3
46,44,5,4,16
46,45,5,4,16
46,46,5,4,16
46,47,4,0,3
46,48,4,0,22
46,49,4,0,2
46,50,4,0,16
46,51,4,0,21
46,52,4,0,5
46,53,5,4,11
46,54,5,4,20
46,55,5,0,0
46,56,5,0,8
46,57,5,4,20
46,58,5,0,22
46,59,5,0,0
46,60,5,4,4
46,61,5,4,18
46,62,4,0,8
46,63,4,0,23
46,64,4,0,4
46,65,4,0,10
46,66,4,0,16
46,67,5,4,11
46,68,5,4,4
46,69,5,4,17
46,70,4,0,8
46,71,4,0,18
46,72,4,0,20
46,73,4,0,6
46,74,5,4,24
46,75,5,0,7
46,76,5,0,23
46,77,5,0,22
46,78,5,0,0
47,0,5,0,8
47,1,5,0,5
47,2,5,0,2
47,3,5,0,23
47,4,5,0,10
47,5,5,4,2
47,6,4,0,12
47,7,4,0,24
47,8,4,0,5
47,9,5,4,16
47,10,5,4,16
47,11,5,4,16
47,12,4,0,4
47,13,5,4,8
47,14,5,4,8
47,15,4,0,16
47,16,5,4,6
47,17,5,4,4
47,18,5,4,2
47,19,4,0,11
47,20,5,4,19
47,21,5,0,2
47,22,5,0,17
47,23,5,0,13
47,24,5,0,12
47,25,5,0,10
47,26,5,0,11
47,27,5,0,15
47,28,5,0,6
47,29,5,0,5
47,30,5,0,4
47,31,5,0,1
47,32,5,0,18
47,33,5,0,9
47,34,5,0,21
47,35,5,0,2
47,36,5,0,17
47,37,5,0,23
47,38,5,0,5
47,39,5,4,10
47,40,4,0,21
47,41,4,0,11
47,42,4,0,16
47,43,5,4,6
47,44,5,4,4
47,45,5,4,4
47,46,5,4,3
47,47,4,0,5
47,48,4,0,22
47,49,4,0,5
47,50,4,0,17
47,51,4,0,16
47,52,5,4,19
47,53,5,4,5
47,54,5,4,21
47,55,5,4,20
47,56,5,4,15
47,57,5,4,21
47,58,5,0,18
47,59,5,0,12
47,60,5,4,0
47,61,4,0,9
47,62,4,0,3
47,63,4,0,5
47,64,4,0,12
47,65,4,0,22
47,66,5,4,6
47,67,5,0,12
47,68,5,0,22
47,69,5,4,2
47,70,4,0,16
47,71,4,0,10
47,72,4,0,10
47,73,5,4,6
47,74,5,0,11
47,75,5,0,9
47,76,5,0,16
47,77,5,0,18
47,78,5,0,4
48,0,5,0,16
48,1,5,0,13
48,2,5,0,1
48,3,5,0,12
48,4,5,0,21
48,5,5,4,1
48,6,4,0,17
48,7,4,0,11
48,8,5,4,19
48,9,5,4,4
48,10,5,4,4
48,11,5,4,18
48,12,4,0,1
48,13,4,0,19
48,14,4,0,18
48,15,4,0,7
48,16,5,4,24
48,17,5,0,1
48,18,5,4,1
48,19,5,4,9
48,20,5,0,24
48,21,5,0,3
48,22,5,0,5
48,23,5,0,10
48,24,5,0,15
48,25,5,0,19
48,26,5,0,16
48,27,5,0,1
48,28,5,0,17
48,29,5,0,21
48,30,5,0,15
48,31,5,0,5
48,32,5,0,8
48,33,5,0,0
48,34,5,0,4
48,35,5,0,5
48,36,5,0,11
48,37,5,0,18
48,38,5,4,0
48,39,4,0,3
48,40,4,0,18
48,41,4,0,8
48,42,4,0,11
48,43,5,4,24
48,44,5,0,24
48,45,5,0,9
48,46,5,4,3
48,47,5,4,16
48,48,4,0,18
48,49,4,0,3
48,50,4,0,19
48,51,5,4,11
48,52,5,4,0
48,53,4,0,18
48,54,5,4,8
48,55,5,4,8
48,56,4,0,0
48,57,5,4,24
48,58,5,0,17
48,59,5,0,18
48,60,5,4,18
48,61,4,0,12
48,62,4,0,16
48,63,4,0,4
48,64,4,0,20
48,65,4,0,12
48,66,5,4,24
48,67,5,1,20
48,68,5,0,3
48,69,5,4,18
48,70,4,0,14
48,71,4,0,3
48,72,4,0,8
48,73,5,4,7
48,74,5,4,20
48,75,5,4,20
48,76,5,0,24
48,77,5,0,12
48,78,5,0,24
49,0,5,0,5
49,1,5,0,7
49,2,5,0,23
49,3,5,0,16
49,4,5,0,21
49,5,5,4,1
49,6,4,0,12
49,7,5,4,14
49,8,5,0,1
49,9,5,0,4
49,10,5,4,0
49,11,4,0,18
49,12,4,0,13
49,13,4,0,10
49,14,4,0,18
49,15,5,4,9
49,16,5,0,23
49,17,5,0,6
49,18,5,4,4
49,19,5,0,13
49,20,5,0,17
49,21,5,0,24
49,22,5,0,12
49,23,5,0,11
49,24,5,0,23
49,25,5,0,18
49,26,5,0,13
49,27,5,0,8
49,28,5,0,1
49,29,5,0,13
49,30,5,0,4
49,31,5,0,1
49,32,5,0,23
49,33,5,0,18
49,34,5,0,2
49,35,5,0,15
49,36,5,0,10
49,37,5,0,7
49,38,5,4,18
49,39,4,0,10
49,40,4,0,16
49,41,4,0,24
49,42,5,4,6
49,43,5,0,12
49,44,5,0,21
49,45,5,0,21
49,46,5,4,4
49,47,5,4,2
49,48,4,0,19
49,49,4,0,11
49,50,5,4,14
49,51,5,0,15
49,52,5,4,18
49,53,4,0,22
49,54,4,0,3
49,55,4,0,4
49,56,5,4,6
49,57,5,0,16
49,58,5,0,24
49,59,5,4,10
49,60,4,0,13
49,61,4,0,6
49,62,4,0,11
49,63,4,0,19
49,64,5,4,16
49,65,5,4,11
49,66,5,1,10
49,67,5,1,7
49,68,5,4,0
49,69,4,0,3
49,70,4,0,11
49,71,4,0,2
49,72,4,0,13
49,73,5,4,8
49,74,5,4,8
49,75,5,4,23
49,76,5,0,8
49,77,5,0,15
49,78,5,0,17
50,0,5,0,11
50,1,5,0,20
50,2,5,0,8
50,3,5,0,22
50,4,5,0,0
50,5,5,4,1
50,6,5,4,14
50,7,5,0,17
50,8,5,0,3
50,9,5,0,21
50,10,5,4,17
50,11,4,0,0
50,12,4,0,14
50,13,4,0,5
50,14,5,4,11
50,15,5,0,21
50,16,5,0,20
50,17,5,0,6
50,18,5,0,1
50,19,5,0,21
50,20,5,0,15
50,21,5,0,20
50,22,5,0,5
50,23,5,0,13
50,24,5,0,14
50,25,5,0,19
50,26,5,0,11
50,27,5,0,8
50,28,5,0,15
50,29,5,0,16
50,30,5,0,23
50,31,5,0,4
50,32,5,0,17
50,33,5,0,10
50,34,5,0,20
50,35,5,0,20
50,36,5,0,18
50,37,5,4,13
50,38,4,0,19
50,39,4,0,5
50,40,4,0,12
50,41,4,0,2
50,42,5,4,24
50,43,5,0,24
50,44,5,1,20
50,45,5,0,14
50,46,5,0,24
50,47,5,4,17
50,48,4,0,12
50,49,5,4,19
50,50,5,0,13
50,51,5,4,0
50,52,4,0,14
50,53,4,0,23
50,54,4,0,3
50,55,4,0,0
50,56,5,4,24
50,57,5,0,19
50,58,5,4,0
50,59,4,0,20
50,60,4,0,21
50,61,4,0,12
50,62,4,0,1
50,63,5,4,6
50,64,5,4,4
50,65,5,1,10
50,66,10,1,16
50,67,5,1,7
50,68,5,4,3
50,69,4,0,11
50,70,4,0,1
50,71,4,0,16
50,72,4,0,24
50,73,4,0,21
50,74,4,0,23
50,75,5,4,24
50,76,5,0,10
50,77,5,0,5
50,78,5,0,17
51,0,5,0,5
51,1,5,0,7
51,2,5,0,22
51,3,5,0,5
51,4,5,0,6
51,5,5,4,4
51,6,5,0,24
51,7,5,0,7
51,8,5,0,18
51,9,5,0,19
51,10,5,4,3
51,11,4,0,0
51,12,4,0,19
51,13,5,4,11
51,14,5,0,7
51,15,5,0,22
51,16,5,0,14
51,17,5,0,21
51,18,5,0,5
51,19,5,0,0
51,20,5,0,10
51,21,5,0,4
51,22,5,0,1
51,23,5,0,0
51,24,5,0,20
51,25,5,0,8
51,26,5,0,7
51,27,5,0,15
51,28,5,0,17
51,29,5,0,5
51,30,5,0,7
51,31,5,0,19
51,32,5,0,6
51,33,5,0,7
51,34,5,0,11
51,35,5,0,6
51,36,5,4,13
51,37,4,0,3
51,38,4,0,14
51,39,4,0,18
51,40,4,0,11
51,41,5,4,19
51,42,5,0,8
51,43,5,1,10
51,44,5,1,7
51,45,5,0,7
51,46,5,0,17
51,47,5,4,2
51,48,5,4,9
51,49,5,0,1
51,50,5,0,19
51,51,5,4,18
51,52,4,0,14
51,53,4,0,5
51,54,4,0,17
51,55,5,4,6
51,56,5,0,7
51,57,5,0,11
51,58,5,4,3
51,59,4,0,6
51,60,4,0,7
51,61,4,0,23
51,62,4,0,23
51,63,5,4,24
51,64,5,1,10
51,65,10,1,11
51,66,10,1,2
51,67,5,1,22
51,68,5,4,17
51,69,4,0,11
51,70,4,0,20
51,71,4,0,15
51,72,4,0,18
51,73,4,0,8
51,74,5,4,6
51,75,5,0,5
51,76,5,0,11
51,77,5,0,4
51,78,5,0,3
52,0,5,0,20
52,1,5,0,11
52,2,5,0,21
52,3,5,0,2
52,4,5,0,24
52,5,5,0,14
52,6,5,0,12
52,7,5,0,13
52,8,5,0,19
52,9,5,0,11
52,10,5,4,2
52,11,5,4,16
52,12,5,4,14
52,13,5,0,21
52,14,5,0,7
52,15,5,0,7
52,16,5,0,7
52,17,5,0,8
52,18,5,0,22
52,19,5,0,10
52,20,5,0,18
52,21,5,0,3
52,22,5,0,22
52,23,5,0,18
52,24,5,0,8
52,25,5,0,10
52,26,5,0,11
52,27,5,0,9
52,28,5,0,5
52,29,5,0,21
52,30,5,0,20
52,31,5,0,17
52,32,5,0,9
52,33,5,0,24
52,34,5,4,20
52,35,5,4,13
52,36,4,0,20
52,37,4,0,7
52,38,4,0,13
52,39,4,0,10
52,40,5,4,11
52,41,5,0,11
52,42,5,1,13
52,43,10,1,16
52,44,5,1,23
52,45,5,0,4
52,46,5,0,22
52,47,5,4,4
52,48,5,0,12
52,49,5,0,23
52,50,5,4,13
52,51,4,0,3
52,52,4,0,17
52,53,4,0,6
52,54,4,0,6
52,55,5,4,24
52,56,5,0,24
52,57,5,0,9
52,58,5,4,1
52,59,4,0,24
52,60,4,0,20
52,61,4,0,8
52,62,5,4,14
52,63,5,1,10
52,64,10,1,9
52,65,10,0,22
52,66,10,1,17
52,67,5,1,23
52,68,5,4,2
52,69,5,4,16
52,70,4,0,9
52,71,4,0,21
52,72,4,0,11
52,73,4,0,17
52,74,5,4,23
52,75,5,0,14
52,76,5,0,14
52,77,5,0,14
52,78,5,0,15
53,0,5,0,2
53,1,5,0,19
53,2,5,0,23
53,3,5,0,0
53,4,5,0,23
53,5,5,0,13
53,6,5,0,9
53,7,5,0,13
53,8,5,0,13
53,9,5,0,23
53,10,5,4,4
53,11,5,4,4
53,12,5,0,3
53,13,5,0,20
53,14,5,0,11
53,15,5,0,15
53,16,5,0,19
53,17,5,0,2
53,18,5,0,20
53,19,5,0,4
53,20,5,0,7
53,21,5,0,0
53,22,5,0,14
53,23,5,0,17
53,24,5,0,8
53,25,5,0,21
53,26,5,0,19
53,27,5,0,7
53,28,5,0,10
53,29,5,0,15
53,30,5,0,18
53,31,5,0,10
53,32,5,0,21
53,33,5,4,15
53,34,5,4,8
53,35,4,0,4
53,36,4,0,23
53,37,4,0,17
53,38,4,0,0
53,39,5,4,9
53,40,5,0,24
53,41,5,1,13
53,42,10,1,14
53,43,10,1,3
53,44,5,1,7
53,45,5,0,21
53,46,5,0,16
53,47,5,0,3
53,48,5,0,0
53,49,5,4,0
53,50,4,0,18
53,51,4,0,23
53,52,4,0,7
53,53,4,0,9
53,54,5,4,14
53,55,5,0,9
53,56,5,0,19
53,57,5,0,18
53,58,5,4,2
53,59,4,0,23
53,60,4,0,19
53,61,5,4,11
53,62,5,1,5
53,63,10,1,14
53,64,10,0,20
53,65,10,0,6
53,66,10,1,17
53,67,5,1,23
53,68,5,4,4
53,69,5,4,18
53,70,4,0,4
53,71,4,0,13
53,72,4,0,6
53,73,4,0,2
53,74,5,4,24
53,75,5,0,5
53,76,5,0,24
53,77,5,0,15
53,78,5,0,7
54,0,5,0,19
54,1,5,0,23
54,2,5,0,9
54,3,5,0,18
54,4,5,0,6
54,5,5,0,5
54,6,5,0,7
54,7,5,0,15
54,8,5,0,0
54,9,5,0,14
54,10,5,0,1
54,11,5,0,15
54,12,5,0,7
54,13,5,0,2
54,14,5,0,4
54,15,5,0,2
54,16,5,0,12
54,17,5,0,17
54,18,5,0,19
54,19,5,0,3
54,20,5,0,5
54,21,5,0,9
54,22,5,0,20
54,23,5,0,13
54,24,5,0,16
54,25,5,0,22
54,26,5,0,18
54,27,5,0,13
54,28,5,0,1
54,29,5,0,12
54,30,5,0,17
54,31,5,0,17
54,32,5,4,10
54,33,4,0,18
54,34,4,0,11
54,35,4,0,1
54,36,4,0,2
54,37,4,0,7
54,38,5,4,11
54,39,5,0,8
54,40,5,1,5
54,41,10,1,14
54,42,10,0,20
54,43,10,1,3
54,44,5,1,24
54,45,5,0,9
54,46,5,0,7
54,47,5,0,11
54,48,5,0,15
54,49,5,4,1
54,50,5,4,16
54,51,4,0,7
54,52,4,0,9
54,53,5,4,6
54,54,5,0,22
54,55,5,0,16
54,56,5,0,11
54,57,5,0,0
54,58,5,4,2
54,59,4,0,21
54,60,5,4,9
54,61,5,1,5
54,62,10,1,19
54,63,10,0,22
54,64,10,0,21
54,65,10,0,14
54,66,10,1,2
54,67,5,1,22
54,68,5,4,0
54,69,4,0,20
54,70,4,0,24
54,71,4,0,4
54,72,4,0,19
54,73,5,4,6
54,74,5,4,20
54,75,5,0,23
54,76,5,0,24
54,77,5,0,11
54,78,5,0,2
55,0,5,0,3
55,1,5,0,9
55,2,5,0,11
55,3,5,0,11
55,4,5,0,5
55,5,5,0,11
55,6,5,0,6
55,7,5,0,15
55,8,5,0,2
55,9,5,0,19
55,10,5,0,22
55,11,5,0,13
55,12,5,0,7
55,13,5,0,6
55,14,5,0,21
55,15,5,0,20
55,16,5,0,3
55,17,5,0,22
55,18,5,0,5
55,19,5,0,5
55,20,5,0,6
55,21,5,0,23
55,22,5,0,17
55,23,5,0,16
55,24,5,0,22
55,25,5,0,21
55,26,5,0,20
55,27,5,0,21
55,28,5,0,0
55,29,5,0,12
55,30,5,0,1
55,31,5,4,0
55,32,4,0,5
55,33,4,0,24
55,34,4,0,6
55,35,4,0,11
55,36,4,0,8
55,37,5,4,11
55,38,5,0,5
55,39,5,1,15
55,40,10,1,19
55,41,10,0,22
55,42,10,0,6
55,43,10,1,18
55,44,5,1,24
55,45,5,0,8
55,46,5,0,23
55,47,5,0,13
55,48,5,0,2
55,49,5,4,4
55,50,5,4,3
55,51,4,0,24
55,52,4,0,14
55,53,5,4,24
55,54,5,0,15
55,55,5,0,5
55,56,5,4,20
55,57,5,0,5
55,58,5,4,17
55,59,5,4,9
55,60,5,1,0
55,61,10,1,6
55,62,10,0,16
55,63,10,0,18
55,64,10,0,23
55,65,10,0,1
55,66,10,1,3
55,67,5,1,21
55,68,5,4,3
55,69,5,4,16
55,70,4,0,0
55,71,4,0,18
55,72,4,0,13
55,73,5,4,8
55,74,5,4,23
55,75,5,0,13
55,76,5,0,7
55,77,5,0,13
55,78,5,0,12
56,0,5,0,8
56,1,5,0,16
56,2,5,0,23
56,3,5,0,10
56,4,5,0,7
56,5,5,0,24
56,6,5,0,14
56,7,5,0,24
56,8,5,0,5
56,9,5,0,13
56,10,5,0,8
56,11,5,0,3
56,12,5,0,4
56,13,5,0,15
56,14,5,0,23
56,15,5,0,4
56,16,5,0,19
56,17,5,0,1
56,18,5,0,23
56,19,5,0,7
56,20,5,0,10
56,21,5,0,6
56,22,5,0,17
56,23,5,0,19
56,24,5,0,24
56,25,5,0,19
56,26,5,0,22
56,27,5,0,8
56,28,5,0,4
56,29,5,0,12
56,30,5,0,20
56,31,5,4,18
56,32,4,0,2
56,33,4,0,1
56,34,4,0,16
56,35,4,0,5
56,36,5,4,11
56,37,5,0,3
56,38,5,1,13
56,39,10,1,14
56,40,10,0,10
56,41,10,0,17
56,42,10,1,10
56,43,5,1,9
56,44,5,0,12
56,45,5,0,23
56,46,5,0,23
56,47,5,0,1
56,48,5,0,5
56,49,5,0,16
56,50,5,4,18
56,51,4,0,12
56,52,5,4,14
56,53,5,0,5
56,54,5,0,20
56,55,5,4,13
56,56,5,4,23
56,57,5,0,2
56,58,5,4,4
56,59,5,0,17
56,60,5,1,3
56,61,10,1,22
56,62,10,0,15
56,63,10,0,8
56,64,10,0,12
56,65,10,0,1
56,66,10,1,2
56,67,5,1,21
56,68,5,4,4
56,69,5,4,1
56,70,4,0,19
56,71,4,0,15
56,72,4,0,18
56,73,4,0,16
56,74,5,4,7
56,75,5,0,21
56,76,5,0,11
56,77,5,0,9
56,78,5,0,13
57,0,5,0,24
57,1,5,0,12
57,2,5,0,20
57,3,5,0,2
57,4,5,0,10
57,5,5,0,16
57,6,5,0,8
57,7,5,0,16
57,8,5,0,3
57,9,5,0,13
57,10,5,0,16
57,11,5,0,7
57,12,5,0,23
57,13,5,0,15
57,14,5,0,22
57,15,5,0,20
57,16,5,0,5
57,17,5,0,3
57,18,5,0,11
57,19,5,0,13
57,20,5,0,21
57,21,5,0,15
57,22,5,0,15
57,23,5,0,9
57,24,5,0,24
57,25,5,0,23
57,26,5,0,14
57,27,5,0,1
57,28,5,0,14
57,29,5,0,0
57,30,5,4,0
57,31,4,0,2
57,32,4,0,1
57,33,4,0,11
57,34,4,0,23
57,35,5,4,11
57,36,5,0,15
57,37,5,1,13
57,38,10,1,14
57,39,10,0,18
57,40,10,0,20
57,41,10,1,15
57,42,5,1,19
57,43,5,1,20
57,44,5,0,1
57,45,5,0,16
57,46,5,0,6
57,47,5,4,20
57,48,5,0,2
57,49,5,4,0
57,50,4,0,12
57,51,5,4,6
57,52,5,0,24
57,53,5,0,3
57,54,5,4,0
57,55,4,0,6
57,56,5,4,24
57,57,5,0,19
57,58,5,1,20
57,59,5,0,9
57,60,5,1,2
57,61,10,1,21
57,62,10,0,22
57,63,10,0,7
57,64,10,0,16
57,65,10,0,22
57,66,10,1,1
57,67,5,1,21
57,68,5,0,15
57,69,5,4,2
57,70,4,0,20
57,71,4,0,12
57,72,4,0,13
57,73,4,0,11
57,74,5,4,24
57,75,5,0,4
57,76,5,0,1
57,77,5,0,18
57,78,5,0,24
58,0,5,0,0
58,1,5,0,14
58,2,5,0,4
58,3,5,0,1
58,4,5,0,17
58,5,5,0,5
58,6,5,0,12
58,7,5,0,4
58,8,5,0,23
58,9,5,0,22
58,10,5,0,21
58,11,5,0,9
58,12,5,0,17
58,13,5,0,9
58,14,5,0,7
58,15,5,0,8
58,16,5,0,15
58,17,5,0,22
58,18,5,0,15
58,19,5,0,1
58,20,5,0,3
58,21,5,0,11
58,22,5,0,9
58,23,5,0,0
58,24,5,0,20
58,25,5,0,18
58,26,5,0,10
58,27,5,0,22
58,28,5,0,0
58,29,5,0,8
58,30,5,4,18
58,31,4,0,18
58,32,4,0,17
58,33,4,0,16
58,34,5,4,19
58,35,5,0,6
58,36,5,1,15
58,37,10,1,11
58,38,10,0,3
58,39,10,0,4
58,40,10,1,15
58,41,5,1,11
58,42,5,1,10
58,43,5,1,23
58,44,5,0,11
58,45,5,0,18
58,46,5,4,13
58,47,5,4,23
58,48,5,0,18
58,49,5,4,2
58,50,4,0,19
58,51,5,4,24
58,52,5,0,23
58,53,5,0,24
58,54,5,4,1
58,55,5,4,14
58,56,5,0,18
58,57,5,1,13
58,58,5,1,7
58,59,5,0,19
58,60,5,1,3
58,61,10,1,22
58,62,10,0,19
58,63,10,0,8
58,64,10,0,5
58,65,10,0,20
58,66,10,1,17
58,67,5,1,22
58,68,5,0,6
58,69,5,4,18
58,70,4,0,0
58,71,4,0,4
58,72,4,0,11
58,73,5,4,14
58,74,5,0,1
58,75,5,0,1
58,76,5,0,11
58,77,5,0,23
58,78,5,0,13
59,0,5,0,16
59,1,5,0,22
59,2,5,0,13
59,3,5,0,12
59,4,5,0,17
59,5,5,0,23
59,6,5,0,7
59,7,5,0,8
59,8,5,0,24
59,9,5,0,5
59,10,5,0,13
59,11,5,0,24
59,12,5,0,15
59,13,5,0,12
59,14,5,0,22
59,15,5,0,5
59,16,5,0,15
59,17,5,0,0
59,18,5,0,9
59,19,5,0,3
59,20,5,0,9
59,21,5,0,8
59,22,5,0,10
59,23,5,0,9
59,24,5,0,23
59,25,5,0,14
59,26,5,0,23
59,27,5,0,14
59,28,5,0,11
59,29,5,4,13
59,30,4,0,19
59,31,4,0,5
59,32,4,0,8
59,33,5,4,11
59,34,5,0,16
59,35,5,1,15
59,36,10,1,11
59,37,10,0,24
59,38,10,0,7
59,39,10,1,10
59,40,5,1,14
59,41,5,1,13
59,42,1,4,20
59,43,5,1,7
59,44,5,0,15
59,45,5,4,0
59,46,4,0,9
59,47,5,4,24
59,48,5,0,23
59,49,5,4,2
59,50,5,4,9
59,51,5,0,0
59,52,5,0,6
59,53,5,0,16
59,54,5,4,4
59,55,5,0,15
59,56,5,1,5
59,57,1,0,11
59,58,5,1,23
59,59,5,0,21
59,60,5,1,2
59,61,10,1,7
59,62,10,0,15
59,63,10,0,8
59,64,10,0,24
59,65,10,0,19
59,66,10,1,2
59,67,5,1,21
59,68,5,4,0
59,69,4,0,17
59,70,4,0,5
59,71,4,0,21
59,72,5,4,6
59,73,5,0,8
59,74,5,0,24
59,75,5,0,13
59,76,5,0,7
59,77,5,0,18
59,78,5,0,2
60,0,5,0,13
60,1,5,0,9
60,2,5,0,22
60,3,5,0,20
60,4,5,0,9
60,5,5,0,1
60,6,5,0,14
60,7,5,0,22
60,8,5,0,17
60,9,5,0,23
60,10,5,0,7
60,11,5,0,18
60,12,5,0,18
60,13,5,0,12
60,14,5,0,18
60,15,5,0,18
60,16,5,0,24
60,17,5,0,10
60,18,5,0,11
60,19,5,0,10
60,20,5,0,12
60,21,5,0,19
60,22,5,0,9
60,23,5,0,4
60,24,5,0,21
60,25,5,0,8
60,26,5,0,14
60,27,5,0,9
60,28,5,4,10
60,29,4,0,16
60,30,4,0,19
60,31,4,0,2
60,32,5,4,14
60,33,5,0,7
60,34,5,1,15
60,35,10,1,14
60,36,10,0,12
60,37,10,0,19
60,38,10,1,15
60,39,5,1,11
60,40,5,1,13
60,41,1,4,10
60,42,1,4,22
60,43,5,1,23
60,44,5,0,15
60,45,5,4,1
60,46,5,4,11
60,47,5,0,12
60,48,5,0,18
60,49,5,4,4
60,50,5,0,6
60,51,5,0,21
60,52,5,0,8
60,53,5,0,20
60,54,5,1,20
60,55,5,1,15
60,56,1,0,18
60,57,1,0,16
60,58,5,1,7
60,59,5,0,20
60,60,5,1,3
60,61,10,1,7
60,62,10,0,1
60,63,10,0,20
60,64,10,0,16
60,65,10,0,8
60,66,10,1,3
60,67,5,1,7
60,68,5,4,3
60,69,5,4,16
60,70,4,0,13
60,71,4,0,22
60,72,5,4,24
60,73,5,0,9
60,74,5,0,18
60,75,5,0,2
60,76,5,0,19
60,77,5,0,3
60,78,5,0,6
61,0,5,0,3
61,1,5,0,17
61,2,5,0,15
61,3,5,0,3
61,4,5,0,24
61,5,5,0,11
61,6,5,0,18
61,7,5,0,14
61,8,5,0,3
61,9,5,0,11
61,10,5,0,19
61,11,5,0,9
61,12,5,0,17
61,13,5,0,24
61,14,5,0,6
61,15,5,0,20
61,16,5,0,17
61,17,5,0,20
61,18,5,0,17
61,19,5,0,5
61,20,5,0,15
61,21,5,0,16
61,22,5,0,14
61,23,5,0,14
61,24,5,0,16
61,25,5,0,20
61,26,5,0,4
61,27,5,4,13
61,28,4,0,23
61,29,4,0,5
61,30,4,0,0
61,31,5,4,14
61,32,5,0,20
61,33,5,1,15
61,34,10,1,11
61,35,10,0,2
61,36,10,0,3
61,37,10,1,5
61,38,5,1,19
61,39,5,1,15
61,40,1,4,0
61,41,4,0,18
61,42,1,4,24
61,43,5,1,7
61,44,5,0,4
61,45,5,4,4
61,46,5,0,9
61,47,5,0,1
61,48,5,0,4
61,49,5,0,9
61,50,5,0,22
61,51,5,0,20
61,52,5,0,0
61,53,5,1,5
61,54,5,1,8
61,55,1,0,8
61,56,10,1,16
61,57,1,0,13
61,58,5,1,21
61,59,5,0,5
61,60,5,1,1
61,61,10,1,7
61,62,10,0,10
61,63,10,0,1
61,64,10,0,9
61,65,10,0,7
61,66,10,1,1
61,67,5,1,22
61,68,5,4,4
61,69,5,4,1
61,70,4,0,4
61,71,5,4,6
61,72,5,0,20
61,73,5,0,21
61,74,5,0,9
61,75,5,0,1
61,76,5,0,23
61,77,5,0,14
61,78,5,0,8
62,0,5,0,16
62,1,5,0,5
62,2,5,0,11
62,3,5,0,15
62,4,5,0,19
62,5,5,0,15
62,6,5,0,4
62,7,5,0,18
62,8,5,0,6
62,9,5,0,20
62,10,5,0,17
62,11,5,0,1
62,12,5,0,20
62,13,5,0,7
62,14,5,0,22
62,15,5,0,21
62,16,5,0,2
62,17,5,0,5
62,18,5,0,20
62,19,5,0,14
62,20,5,0,1
62,21,5,0,4
62,22,5,0,0
62,23,5,0,10
62,24,5,0,1
62,25,5,0,23
62,26,5,4,5
62,27,4,0,5
62,28,4,0,9
62,29,4,0,3
62,30,5,4,11
62,31,5,0,18
62,32,5,1,0
62,33,10,1,6
62,34,10,0,24
62,35,10,0,0
62,36,10,1,13
62,37,5,1,11
62,38,5,1,5
62,39,1,0,23
62,40,1,4,17
62,41,1,4,11
62,42,1,0,24
62,43,5,1,22
62,44,5,1,20
62,45,5,0,16
62,46,5,0,1
62,47,5,0,7
62,48,5,0,7
62,49,5,0,9
62,50,5,0,8
62,51,5,0,7
62,52,5,1,15
62,53,1,0,20
62,54,1,0,11
62,55,10,1,19
62,56,10,1,3
62,57,1,0,13
62,58,5,1,21
62,59,5,0,18
62,60,5,1,1
62,61,10,1,23
62,62,10,0,6
62,63,10,0,6
62,64,10,0,19
62,65,10,0,8
62,66,10,1,2
62,67,5,1,23
62,68,5,0,22
62,69,5,4,18
62,70,4,0,22
62,71,5,4,24
62,72,5,0,19
62,73,5,0,4
62,74,5,0,20
62,75,5,0,0
62,76,5,0,5
62,77,5,0,2
62,78,5,0,7
63,0,5,0,15
63,1,5,0,17
63,2,5,0,14
63,3,5,0,8
63,4,5,0,13
63,5,5,0,21
63,6,5,0,7
63,7,5,0,13
63,8,5,0,22
63,9,5,0,24
63,10,5,0,3
63,11,5,0,24
63,12,5,0,22
63,13,5,0,13
63,14,5,0,9
63,15,5,0,2
63,16,5,0,2
63,17,5,0,15
63,18,5,0,2
63,19,5,0,8
63,20,5,0,0
63,21,5,0,13
63,22,5,0,4
63,23,5,0,4
63,24,5,0,17
63,25,5,4,0
63,26,4,0,1
63,27,4,0,0
63,28,4,0,12
63,29,5,4,6
63,30,5,0,15
63,31,5,0,9
63,32,5,1,3
63,33,10,1,22
63,34,10,0,22
63,35,10,1,10
63,36,5,1,9
63,37,5,1,10
63,38,1,0,13
63,39,1,0,16
63,40,1,4,4
63,41,1,0,20
63,42,1,0,1
63,43,5,1,8
63,44,5,1,21
63,45,5,0,24
63,46,5,0,24
63,47,5,4,20
63,48,5,0,9
63,49,5,0,7
63,50,5,0,7
63,51,5,1,0
63,52,1,0,4
63,53,1,0,12
63,54,10,1,9
63,55,10,0,23
63,56,10,1,17
63,57,1,0,21
63,58,5,1,7
63,59,5,0,20
63,60,5,1,17
63,61,10,1,22
63,62,10,0,12
63,63,10,0,0
63,64,10,0,19
63,65,10,0,19
63,66,10,1,18
63,67,5,1,24
63,68,5,4,0
63,69,4,0,1
63,70,5,4,6
63,71,5,0,5
63,72,5,0,15
63,73,5,0,10
63,74,5,0,0
63,75,5,0,0
63,76,5,0,10
63,77,5,0,9
63,78,5,0,8
64,0,5,0,3
64,1,5,0,9
64,2,5,0,0
64,3,5,0,14
64,4,5,0,20
64,5,5,0,8
64,6,5,0,1
64,7,5,0,2
64,8,5,0,15
64,9,5,0,13
64,10,5,0,7
64,11,5,0,2
64,12,5,0,24
64,13,5,0,21
64,14,5,0,15
64,15,5,0,8
64,16,5,0,21
64,17,5,0,21
64,18,5,0,8
64,19,5,0,5
64,20,5,0,10
64,21,5,0,13
64,22,5,0,23
64,23,5,0,13
64,24,5,0,2
64,25,5,4,17
64,26,4,0,23
64,27,4,0,4
64,28,4,0,24
64,29,5,4,24
64,30,5,0,7
64,31,5,0,12
64,32,5,1,17
64,33,10,1,21
64,34,10,1,15
64,35,5,1,11
64,36,5,1,13
64,37,1,0,4
64,38,10,1,16
64,39,1,0,19
64,40,1,0,20
64,41,1,0,4
64,42,1,0,6
64,43,1,0,14
64,44,5,1,7
64,45,5,0,20
64,46,5,4,10
64,47,5,4,23
64,48,5,0,22
64,49,5,0,13
64,50,5,0,7
64,51,5,1,17
64,52,1,0,19
64,53,10,1,6
64,54,10,0,14
64,55,10,0,5
64,56,10,1,3
64,57,1,0,19
64,58,5,1,23
64,59,5,0,8
64,60,5,1,1
64,61,10,1,23
64,62,10,0,20
64,63,10,0,19
64,64,10,0,17
64,65,10,1,15
64,66,5,1,11
64,67,5,4,20
64,68,5,4,18
64,69,4,0,0
64,70,5,4,24
64,71,5,0,18
64,72,5,0,4
64,73,5,0,11
64,74,5,0,20
64,75,5,0,9
64,76,5,0,7
64,77,5,0,21
64,78,5,0,18
65,0,5,0,16
65,1,5,0,13
65,2,5,0,19
65,3,5,0,12
65,4,5,0,11
65,5,5,0,16
65,6,5,0,11
65,7,5,0,21
65,8,5,0,18
65,9,5,0,16
65,10,5,0,24
65,11,5,0,14
65,12,5,0,21
65,13,5,0,12
65,14,5,0,0
65,15,5,0,23
65,16,5,0,9
65,17,5,0,21
65,18,5,0,19
65,19,5,0,23
65,20,5,0,0
65,21,5,0,4
65,22,5,0,11
65,23,5,0,11
65,24,5,0,16
65,25,5,4,18
65,26,4,0,6
65,27,4,0,17
65,28,5,4,6
65,29,5,0,10
65,30,5,0,0
65,31,5,0,23
65,32,5,1,3
65,33,10,1,8
65,34,5,1,9
65,35,5,1,15
65,36,1,0,10
65,37,10,1,14
65,38,10,1,17
65,39,10,1,16
65,40,1,0,12
65,41,1,0,23
65,42,1,0,9
65,43,1,0,0
65,44,5,1,24
65,45,5,4,0
65,46,4,0,6
65,47,5,4,24
65,48,5,0,14
65,49,5,0,19
65,50,5,1,13
65,51,5,1,2
65,52,1,0,13
65,53,10,1,22
65,54,10,0,23
65,55,10,0,16
65,56,10,1,2
65,57,1,0,20
65,58,5,1,22
65,59,5,0,23
65,60,5,1,2
65,61,10,1,7
65,62,10,0,10
65,63,10,0,16
65,64,10,1,15
65,65,5,1,11
65,66,5,4,13
65,67,5,4,8
65,68,4,0,6
65,69,5,4,11
65,70,5,0,15
65,71,5,0,9
65,72,5,0,22
65,73,5,0,9
65,74,5,0,0
65,75,5,0,10
65,76,5,0,0
65,77,5,0,19
65,78,5,0,22
66,0,5,0,19
66,1,5,0,6
66,2,5,0,3
66,3,5,0,4
66,4,5,0,4
66,5,5,0,1
66,6,5,0,0
66,7,5,0,9
66,8,5,0,19
66,9,5,0,14
66,10,5,0,16
66,11,5,0,23
66,12,5,0,12
66,13,5,0,6
66,14,5,0,2
66,15,5,0,5
66,16,5,0,17
66,17,5,0,19
66,18,5,0,12
66,19,5,0,5
66,20,5,0,17
66,21,5,0,15
66,22,5,0,11
66,23,5,0,13
66,24,5,4,0
66,25,4,0,18
66,26,4,0,10
66,27,4,0,18
66,28,5,4,22
66,29,5,0,13
66,30,5,0,8
66,31,5,0,8
66,32,5,1,3
66,33,5,1,19
66,34,5,1,15
66,35,1,0,20
66,36,10,1,14
66,37,10,0,11
66,38,10,1,4
66,39,10,1,2
66,40,1,0,4
66,41,1,0,19
66,42,1,0,17
66,43,5,1,6
66,44,5,0,13
66,45,5,4,17
66,46,5,4,14
66,47,5,0,24
66,48,5,1,20
66,49,5,1,10
66,50,1,4,13
66,51,1,4,7
66,52,1,0,20
66,53,10,1,24
66,54,10,0,15
66,55,10,0,19
66,56,10,1,17
66,57,1,0,21
66,58,5,1,22
66,59,5,0,9
66,60,5,1,1
66,61,10,1,23
66,62,10,0,22
66,63,10,1,15
66,64,5,1,9
66,65,5,4,10
66,66,4,0,18
66,67,4,0,8
66,68,5,4,11
66,69,5,0,7
66,70,5,0,8
66,71,5,0,22
66,72,5,0,13
66,73,5,0,9
66,74,5,0,24
66,75,5,0,9
66,76,5,0,10
66,77,5,0,2
66,78,5,0,10
67,0,5,0,0
67,1,5,0,1
67,2,5,0,3
67,3,5,0,10
67,4,5,0,23
67,5,5,0,10
67,6,5,0,24
67,7,5,0,12
67,8,5,0,0
67,9,5,0,12
67,10,5,0,16
67,11,5,0,12
67,12,5,0,1
67,13,5,0,17
67,14,5,0,22
67,15,5,0,18
67,16,5,0,7
67,17,5,0,8
67,18,5,0,17
67,19,5,0,8
67,20,5,0,24
67,21,5,0,12
67,22,5,0,4
67,23,5,0,20
67,24,5,4,18
67,25,4,0,10
67,26,4,0,3
67,27,4,0,16
67,28,5,4,7
67,29,5,0,16
67,30,5,0,24
67,31,5,1,0
67,32,5,1,11
67,33,5,1,5
67,34,1,0,24
67,35,10,1,6
67,36,10,0,14
67,37,10,0,1
67,38,10,0,0
67,39,10,1,3
67,40,1,0,21
67,41,1,0,15
67,42,1,0,16
67,43,5,1,21
67,44,5,0,23
67,45,5,4,4
67,46,5,0,8
67,47,5,1,5
67,48,5,1,7
67,49,1,4,15
67,50,4,0,4
67,51,1,4,7
67,52,10,1,6
67,53,10,0,1
67,54,10,0,3
67,55,10,0,16
67,56,10,1,1
67,57,1,0,13
67,58,5,1,23
67,59,5,0,19
67,60,5,1,3
67,61,10,1,22
67,62,10,1,15
67,63,5,1,14
67,64,5,4,10
67,65,4,0,18
67,66,4,0,20
67,67,5,4,6
67,68,5,0,20
67,69,5,0,9
67,70,5,0,1
67,71,5,0,3
67,72,5,0,14
67,73,5,0,9
67,74,5,0,10
67,75,5,0,13
67,76,5,0,7
67,77,5,0,23
67,78,5,0,16
68,0,5,0,14
68,1,5,0,20
68,2,5,0,3
68,3,5,0,5
68,4,5,0,9
68,5,5,0,2
68,6,5,0,16
68,7,5,0,7
68,8,5,0,10
68,9,5,0,14
68,10,5,0,6
68,11,5,0,12
68,12,5,0,1
68,13,5,0,1
68,14,5,0,17
68,15,5,0,9
68,16,5,0,20
68,17,5,0,0
68,18,5,0,22
68,19,5,0,17
68,20,5,0,21
68,21,5,0,5
68,22,5,0,3
68,23,5,4,0
68,24,4,0,0
68,25,4,0,7
68,26,4,0,9
68,27,4,0,17
68,28,5,4,7
68,29,5,0,11
68,30,5,0,12
68,31,5,1,4
68,32,5,1,0
68,33,1,0,10
68,34,1,0,13
68,35,10,1,22
68,36,10,1,20
68,37,10,0,7
68,38,10,0,16
68,39,10,1,2
68,40,1,0,1
68,41,1,0,14
68,42,1,0,18
68,43,5,1,22
68,44,5,1,20
68,45,5,0,4
68,46,5,1,0
68,47,1,0,13
68,48,5,1,24
68,49,4,0,5
68,50,4,0,1
68,51,1,4,24
68,52,10,1,24
68,53,10,0,4
68,54,10,0,8
68,55,10,0,21
68,56,10,1,17
68,57,1,0,15
68,58,5,1,23
68,59,5,0,23
68,60,5,1,2
68,61,10,1,8
68,62,5,1,9
68,63,5,4,15
68,64,4,0,24
68,65,4,0,7
68,66,4,0,15
68,67,5,4,24
68,68,5,0,19
68,69,5,0,22
68,70,5,0,23
68,71,5,0,16
68,72,5,0,21
68,73,5,0,20
68,74,5,0,22
68,75,5,0,15
68,76,5,0,14
68,77,5,0,19
68,78,5,0,20
69,0,5,0,20
69,1,5,0,5
69,2,5,0,22
69,3,5,0,5
69,4,5,0,8
69,5,5,0,1
69,6,5,0,13
69,7,5,0,19
69,8,5,0,6
69,9,5,0,14
69,10,5,0,15
69,11,5,0,10
69,12,5,0,5
69,13,5,0,11
69,14,5,0,2
69,15,5,0,4
69,16,5,0,18
69,17,5,0,4
69,18,5,0,19
69,19,5,0,21
69,20,5,0,4
69,21,5,0,21
69,22,5,0,14
69,23,5,4,2
69,24,4,0,20
69,25,4,0,14
69,26,4,0,12
69,27,4,0,7
69,28,5,4,21
69,29,5,0,14
69,30,5,0,17
69,31,5,0,15
69,32,5,1,18
69,33,1,0,5
69,34,1,0,16
69,35,10,1,8
69,36,10,1,7
69,37,10,1,20
69,38,10,0,10
69,39,10,1,1
69,40,1,0,11
69,41,1,0,14
69,42,1,0,0
69,43,5,1,8
69,44,5,1,7
69,45,5,0,24
69,46,5,1,18
69,47,5,1,6
69,48,4,0,20
69,49,4,0,17
69,50,1,4,9
69,51,10,1,14
69,52,10,0,11
69,53,10,0,21
69,54,10,0,18
69,55,10,0,22
69,56,10,1,17
69,57,1,0,20
69,58,5,1,23
69,59,5,0,13
69,60,5,1,2
69,61,5,1,19
69,62,5,4,0
69,63,4,0,19
69,64,4,0,8
69,65,4,0,15
69,66,5,4,6
69,67,5,0,22
69,68,5,0,24
69,69,5,0,19
69,70,5,0,16
69,71,5,0,19
69,72,5,0,1
69,73,5,0,8
69,74,5,0,1
69,75,5,0,18
69,76,5,0,24
69,77,5,0,12
69,78,5,0,13
70,0,5,0,11
70,1,5,0,1
70,2,5,0,6
70,3,5,0,5
70,4,5,0,12
70,5,5,0,19
70,6,5,0,20
70,7,5,0,7
70,8,5,0,8
70,9,5,0,13
70,10,5,0,4
70,11,5,0,23
70,12,5,0,20
70,13,5,0,13
70,14,5,0,20
70,15,5,0,9
70,16,5,0,24
70,17,5,0,7
70,18,5,0,20
70,19,5,0,15
70,20,5,0,19
70,21,5,0,13
70,22,5,0,7
70,23,5,4,18
70,24,4,0,1
70,25,4,0,13
70,26,4,0,4
70,27,4,0,5
70,28,5,4,21
70,29,5,4,20
70,30,5,0,21
70,31,5,1,0
70,32,1,0,19
70,33,1,0,19
70,34,1,0,3
70,35,1,0,20
70,36,10,1,8
70,37,10,1,23
70,38,10,0,19
70,39,10,1,3
70,40,1,0,16
70,41,1,4,20
70,42,1,0,21
70,43,1,0,15
70,44,5,1,24
70,45,5,1,5
70,46,1,0,24
70,47,1,4,18
70,48,4,0,19
70,49,1,4,11
70,50,10,1,9
70,51,10,0,12
70,52,10,0,3
70,53,10,0,22
70,54,10,0,22
70,55,10,0,23
70,56,10,1,17
70,57,1,0,16
70,58,5,1,7
70,59,5,0,9
70,60,5,1,4
70,61,5,4,20
70,62,5,4,18
70,63,4,0,10
70,64,4,0,20
70,65,4,0,5
70,66,5,4,24
70,67,5,0,22
70,68,5,0,11
70,69,5,0,16
70,70,5,0,11
70,71,5,0,18
70,72,5,0,17
70,73,5,0,17
70,74,5,0,16
70,75,5,0,22
70,76,5,0,7
70,77,5,0,24
70,78,5,0,6
71,0,5,0,19
71,1,5,0,18
71,2,5,0,8
71,3,5,0,20
71,4,5,0,1
71,5,5,0,23
71,6,5,0,5
71,7,5,0,7
71,8,5,0,6
71,9,5,0,15
71,10,5,0,19
71,11,5,0,13
71,12,5,0,18
71,13,5,0,0
71,14,5,0,14
71,15,5,0,3
71,16,5,0,7
71,17,5,0,0
71,18,5,0,2
71,19,5,0,16
71,20,5,0,5
71,21,5,0,14
71,22,5,4,0
71,23,4,0,16
71,24,4,0,20
71,25,4,0,6
71,26,4,0,15
71,27,4,0,9
71,28,5,4,8
71,29,5,4,23
71,30,5,0,4
71,31,5,1,3
71,32,1,0,0
71,33,1,0,3
71,34,1,0,4
71,35,1,4,20
71,36,1,0,11
71,37,10,1,24
71,38,10,0,7
71,39,10,1,18
71,40,1,4,15
71,41,1,4,7
71,42,1,0,8
71,43,5,1,6
71,44,5,1,8
71,45,1,0,9
71,46,1,4,13
71,47,4,0,2
71,48,1,4,19
71,49,10,1,6
71,50,10,0,23
71,51,10,0,23
71,52,10,1,20
71,53,10,1,20
71,54,10,0,17
71,55,10,0,15
71,56,10,1,2
71,57,1,0,14
71,58,5,1,21
71,59,5,0,21
71,60,5,4,15
71,61,5,4,8
71,62,4,0,5
71,63,4,0,3
71,64,4,0,20
71,65,5,4,6
71,66,5,0,5
71,67,5,0,20
71,68,5,0,17
71,69,5,0,3
71,70,5,0,9
71,71,5,0,18
71,72,5,0,16
71,73,5,0,17
71,74,5,0,0
71,75,5,0,0
71,76,5,0,23
71,77,5,0,8
71,78,5,0,1
72,0,5,0,1
72,1,5,0,5
72,2,5,0,20
72,3,5,0,11
72,4,5,0,8
72,5,5,0,14
72,6,5,0,7
72,7,5,0,22
72,8,5,0,0
72,9,5,0,8
72,10,5,0,12
72,11,5,0,18
72,12,5,0,1
72,13,5,0,21
72,14,5,0,11
72,15,5,0,22
72,16,5,0,19
72,17,5,0,5
72,18,5,0,9
72,19,5,0,17
72,20,5,0,18
72,21,5,0,2
72,22,5,4,17
72,23,4,0,11
72,24,4,0,20
72,25,4,0,2
72,26,4,0,17
72,27,4,0,6
72,28,4,0,4
72,29,5,4,21
72,30,5,0,16
72,31,5,1,1
72,32,5,1,16
72,33,1,0,16
72,34,1,4,5
72,35,1,4,23
72,36,10,1,6
72,37,10,0,8
72,38,10,1,0
72,39,1,4,0
72,40,4,0,14
72,41,1,4,24
72,42,1,0,21
72,43,1,4,20
72,44,1,4,20
72,45,1,4,15
72,46,4,0,12
72,47,1,4,14
72,48,1,0,7
72,49,10,1,24
72,50,10,0,1
72,51,10,1,5
72,52,10,1,8
72,53,10,1,23
72,54,10,0,5
72,55,10,0,11
72,56,10,1,17
72,57,1,0,22
72,58,5,1,24
72,59,5,4,0
72,60,4,0,16
72,61,4,0,5
72,62,4,0,8
72,63,4,0,15
72,64,4,0,15
72,65,5,4,24
72,66,5,0,16
72,67,5,0,21
72,68,5,0,5
72,69,5,0,15
72,70,5,0,7
72,71,5,0,22
72,72,5,0,3
72,73,5,0,24
72,74,5,0,12
72,75,5,0,11
72,76,5,0,24
72,77,5,0,12
72,78,5,0,13
73,0,5,0,11
73,1,5,0,6
73,2,5,0,0
73,3,5,0,11
73,4,5,0,24
73,5,5,0,3
73,6,5,0,11
73,7,5,0,18
73,8,5,0,3
73,9,5,0,12
73,10,5,0,15
73,11,5,0,7
73,12,5,0,18
73,13,5,0,18
73,14,5,0,2
73,15,5,0,10
73,16,5,0,12
73,17,5,0,18
73,18,5,0,2
73,19,5,0,1
73,20,5,0,16
73,21,5,0,10
73,22,5,4,1
73,23,4,0,3
73,24,4,0,6
73,25,4,0,1
73,26,4,0,6
73,27,4,0,22
73,28,4,0,20
73,29,5,4,24
73,30,5,0,1
73,31,5,1,4
73,32,5,1,3
73,33,1,4,0
73,34,4,0,13
73,35,1,4,24
73,36,10,1,22
73,37,10,0,12
73,38,10,1,1
73,39,1,4,2
73,40,1,4,14
73,41,1,0,0
73,42,1,4,15
73,43,1,4,8
73,44,1,4,8
73,45,4,0,18
73,46,1,4,14
73,47,1,0,3
73,48,10,1,11
73,49,10,0,8
73,50,10,1,15
73,51,1,0,23
73,52,1,0,2
73,53,10,1,22
73,54,10,0,13
73,55,10,0,8
73,56,10,1,18
73,57,5,1,19
73,58,5,0,20
73,59,5,4,3
73,60,4,0,0
73,61,4,0,5
73,62,4,0,16
73,63,4,0,16
73,64,5,4,11
73,65,5,0,19
73,66,5,0,5
73,67,5,0,23
73,68,5,0,23
73,69,5,0,5
73,70,5,0,13
73,71,5,0,7
73,72,5,0,6
73,73,5,0,14
73,74,5,0,14
73,75,5,0,11
73,76,5,0,24
73,77,5,0,5
73,78,5,0,14
74,0,5,0,0
74,1,5,0,21
74,2,5,0,12
74,3,5,0,23
74,4,5,0,16
74,5,5,0,1
74,6,5,0,2
74,7,5,0,18
74,8,5,0,8
74,9,5,0,11
74,10,5,0,0
74,11,5,0,21
74,12,5,0,21
74,13,5,0,0
74,14,5,0,7
74,15,5,0,13
74,16,5,0,12
74,17,5,0,10
74,18,5,0,21
74,19,5,0,8
74,20,5,0,4
74,21,5,0,0
74,22,5,4,18
74,23,4,0,15
74,24,4,0,6
74,25,4,0,6
74,26,4,0,9
74,27,4,0,21
74,28,5,4,19
74,29,5,0,1
74,30,5,0,12
74,31,5,0,8
74,32,5,1,1
74,33,1,4,17
74,34,1,4,11
74,35,1,0,14
74,36,10,1,22
74,37,10,0,4
74,38,10,1,1
74,39,1,4,4
74,40,1,0,6
74,41,1,4,0
74,42,4,0,2
74,43,4,0,6
74,44,4,0,17
74,45,1,4,19
74,46,1,0,15
74,47,10,1,19
74,48,10,0,14
74,49,10,1,15
74,50,1,4,20
74,51,1,4,20
74,52,1,4,20
74,53,10,1,23
74,54,10,0,6
74,55,10,1,13
74,56,5,1,9
74,57,5,0,14
74,58,5,0,2
74,59,5,4,17
74,60,4,0,15
74,61,4,0,24
74,62,4,0,24
74,63,5,4,6
74,64,5,0,24
74,65,5,0,21
74,66,5,0,16
74,67,5,0,23
74,68,5,0,6
74,69,5,0,16
74,70,5,0,11
74,71,5,0,12
74,72,5,0,1
74,73,5,0,10
74,74,5,0,2
74,75,5,0,0
74,76,5,0,11
74,77,5,0,3
74,78,5,0,21
75,0,5,0,24
75,1,5,0,20
75,2,5,0,1
75,3,5,0,15
75,4,5,0,18
75,5,5,0,8
75,6,5,0,18
75,7,5,0,20
75,8,5,0,8
75,9,5,0,13
75,10,5,0,19
75,11,5,0,13
75,12,5,0,16
75,13,5,0,16
75,14,5,0,21
75,15,5,0,13
75,16,5,0,19
75,17,5,0,11
75,18,5,0,18
75,19,5,0,8
75,20,5,0,1
75,21,5,4,0
75,22,4,0,19
75,23,4,0,4
75,24,4,0,7
75,25,4,0,24
75,26,4,0,3
75,27,5,4,19
75,28,5,0,9
75,29,5,4,20
75,30,5,0,15
75,31,5,0,11
75,32,5,1,17
75,33,1,4,4
75,34,1,0,22
75,35,1,0,4
75,36,10,1,24
75,37,10,0,8
75,38,10,1,1
75,39,1,0,11
75,40,1,0,3
75,41,1,4,17
75,42,4,0,3
75,43,4,0,3
75,44,1,4,11
75,45,1,0,2
75,46,10,1,9
75,47,10,0,15
75,48,10,1,10
75,49,1,4,10
75,50,1,4,8
75,51,1,4,8
75,52,1,4,21
75,53,10,1,21
75,54,10,1,13
75,55,5,1,11
75,56,5,0,6
75,57,5,4,20
75,58,5,0,5
75,59,5,4,1
75,60,4,0,17
75,61,4,0,22
75,62,4,0,12
75,63,5,4,24
75,64,5,0,19
75,65,5,0,17
75,66,5,0,4
75,67,5,0,5
75,68,5,0,7
75,69,5,0,0
75,70,5,0,5
75,71,5,0,17
75,72,5,0,24
75,73,5,0,5
75,74,5,0,4
75,75,5,0,3
75,76,5,0,12
75,77,5,0,16
75,78,5,0,1
76,0,5,0,18
76,1,5,0,22
76,2,5,0,21
76,3,5,0,13
76,4,5,0,21
76,5,5,0,17
76,6,5,0,19
76,7,5,0,6
76,8,5,0,5
76,9,5,0,24
76,10,5,0,15
76,11,5,0,3
76,12,5,0,21
76,13,5,0,0
76,14,5,0,15
76,15,5,0,4
76,16,5,0,4
76,17,5,0,11
76,18,5,0,16
76,19,5,0,17
76,20,5,0,23
76,21,5,4,1
76,22,4,0,13
76,23,4,0,12
76,24,4,0,24
76,25,4,0,5
76,26,5,4,6
76,27,5,0,4
76,28,5,4,10
76,29,5,4,21
76,30,5,0,4
76,31,5,0,7
76,32,5,1,3
76,33,1,0,1
76,34,1,0,19
76,35,10,1,6
76,36,10,0,18
76,37,10,0,9
76,38,10,1,1
76,39,10,1,16
76,40,1,0,5
76,41,1,4,2
76,42,1,4,16
76,43,1,4,19
76,44,1,0,20
76,45,10,1,11
76,46,10,0,5
76,47,10,1,15
76,48,1,4,13
76,49,4,0,14
76,50,4,0,12
76,51,4,0,9
76,52,1,4,24
76,53,10,1,8
76,54,5,1,9
76,55,5,0,23
76,56,5,4,5
76,57,5,4,23
76,58,5,0,5
76,59,5,4,18
76,60,4,0,17
76,61,4,0,3
76,62,5,4,6
76,63,5,0,1
76,64,5,0,8
76,65,5,0,6
76,66,5,0,24
76,67,5,0,12
76,68,5,0,5
76,69,5,0,24
76,70,5,0,9
76,71,5,0,8
76,72,5,0,3
76,73,5,0,1
76,74,5,0,0
76,75,5,0,15
76,76,5,0,5
76,77,5,0,10
76,78,5,0,23
77,0,5,0,24
77,1,5,0,4
77,2,5,0,14
77,3,5,0,22
77,4,5,0,3
77,5,5,0,24
77,6,5,0,8
77,7,5,0,6
77,8,5,0,2
77,9,5,0,23
77,10,5,0,11
77,11,5,0,4
77,12,5,0,15
77,13,5,0,15
77,14,5,0,18
77,15,5,0,7
77,16,5,0,0
77,17,5,0,23
77,18,5,0,24
77,19,5,0,12
77,20,5,0,16
77,21,5,4,17
77,22,4,0,22
77,23,4,0,17
77,24,4,0,16
77,25,4,0,22
77,26,5,4,24
77,27,5,4,0
77,28,4,0,22
77,29,5,4,24
77,30,5,0,18
77,31,5,0,4
77,32,5,1,18
77,33,1,0,7
77,34,1,0,23
77,35,10,1,23
77,36,10,0,0
77,37,10,0,20
77,38,10,1,4
77,39,10,1,2
77,40,1,0,0
77,41,1,4,4
77,42,1,4,4
77,43,10,1,16
77,44,10,1,9
77,45,10,0,5
77,46,10,1,13
77,47,1,4,13
77,48,4,0,13
77,49,4,0,15
77,50,4,0,16
77,51,1,4,19
77,52,1,0,5
77,53,5,1,14
77,54,5,0,17
77,55,5,4,0
77,56,4,0,8
77,57,5,4,24
77,58,5,4,0
77,59,4,0,16
77,60,4,0,13
77,61,4,0,8
77,62,5,4,23
77,63,5,0,22
77,64,5,0,16
77,65,5,0,8
77,66,5,0,8
77,67,5,0,9
77,68,5,0,9
77,69,5,0,22
77,70,5,0,14
77,71,5,0,3
77,72,5,0,4
77,73,5,0,22
77,74,5,0,15
77,75,5,0,21
77,76,5,0,20
77,77,5,0,8
77,78,5,0,11
78,0,5,0,9
78,1,5,0,21
78,2,5,0,20
78,3,5,0,16
78,4,5,0,7
78,5,5,0,14
78,6,5,0,2
78,7,5,0,16
78,8,5,0,7
78,9,5,0,19
78,10,5,0,23
78,11,5,0,5
78,12,5,0,6
78,13,5,0,12
78,14,5,0,4
78,15,5,0,24
78,16,5,0,0
78,17,5,0,24
78,18,5,0,10
78,19,5,0,13
78,20,5,0,22
78,21,5,4,2
78,22,4,0,11
78,23,4,0,0
78,24,4,0,14
78,25,5,4,6
78,26,5,4,20
78,27,5,4,17
78,28,5,4,19
78,29,5,0,14
78,30,5,0,1
78,31,5,1,5
78,32,1,0,14
78,33,1,0,8
78,34,1,0,2
78,35,10,1,23
78,36,10,1,20
78,37,10,0,7
78,38,10,0,10
78,39,10,1,17
78,40,10,1,16
78,41,10,1,16
78,42,10,1,9
78,43,10,1,4
78,44,10,0,10
78,45,10,1,13
78,46,1,4,15
78,47,4,0,7
78,48,4,0,17
78,49,4,0,11
78,50,1,4,9
78,51,1,0,12
78,52,5,1,14
78,53,5,0,13
78,54,5,0,17
78,55,5,4,2
78,56,5,4,14
78,57,5,4,20
78,58,5,4,18
78,59,4,0,6
78,60,4,0,2
78,61,4,0,0
78,62,5,4,24
78,63,5,0,0
78,64,5,0,1
78,65,5,0,22
78,66,5,0,21
78,67,5,0,23
78,68,5,0,0
78,69,5,0,18
78,70,5,0,14
78,71,5,0,2
78,72,5,0,15
78,73,5,0,13
78,74,5,0,20
78,75,5,0,19
78,76,5,0,12
78,77,5,0,10
78,78,5,0,4
79,0,5,0,11
79,1,5,0,22
79,2,5,0,19
79,3,5,0,12
79,4,5,0,2
79,5,5,0,23
79,6,5,0,6
79,7,5,0,13
79,8,5,0,1
79,9,5,0,11
79,10,5,0,9
79,11,5,0,11
79,12,5,0,12
79,13,5,0,1
79,14,5,0,22
79,15,5,0,18
79,16,5,0,19
79,17,5,0,24
79,18,5,0,11
79,19,5,0,14
79,20,5,0,13
79,21,5,4,2
79,22,4,0,21
79,23,4,0,11
79,24,4,0,19
79,25,5,4,8
79,26,5,4,21
79,27,5,4,4
79,28,5,0,22
79,29,5,0,22
79,30,5,1,0
79,31,1,0,10
79,32,1,0,7
79,33,1,0,18
79,34,1,0,6
79,35,10,1,8
79,36,10,1,7
79,37,10,0,5
79,38,10,0,10
79,39,10,1,4
79,40,10,1,4
79,41,4,10,16
79,42,10,0,13
79,43,10,0,17
79,44,10,1,15
79,45,1,4,0
79,46,4,0,12
79,47,4,0,12
79,48,1,4,16
79,49,1,4,19
79,50,1,0,9
79,51,5,1,14
79,52,5,0,15
79,53,5,0,6
79,54,5,0,21
79,55,5,4,4
79,56,5,4,5
79,57,5,4,8
79,58,4,0,21
79,59,4,0,24
79,60,4,0,19
79,61,5,4,11
79,62,5,0,21
79,63,5,0,24
79,64,5,0,6
79,65,5,0,22
79,66,5,0,6
79,67,5,0,14
79,68,5,0,22
79,69,5,0,17
79,70,5,0,10
79,71,5,0,24
79,72,5,0,10
79,73,5,0,12
79,74,5,0,23
79,75,5,0,4
79,76,5,0,22
79,77,5,0,10
79,78,5,0,0
80,0,5,0,12
80,1,5,0,3
80,2,5,0,11
80,3,5,0,23
80,4,5,0,4
80,5,5,0,11
80,6,5,0,10
80,7,5,0,10
80,8,5,0,2
80,9,5,0,15
80,10,5,0,23
80,11,5,0,20
80,12,5,0,8
80,13,5,0,8
80,14,5,0,21
80,15,5,0,10
80,16,5,0,13
80,17,5,0,23
80,18,5,0,24
80,19,5,0,21
80,20,5,0,7
80,21,5,4,18
80,22,4,0,7
80,23,4,0,22
80,24,4,0,5
80,25,4,0,3
80,26,5,4,7
80,27,5,4,20
80,28,5,0,0
80,29,5,0,19
80,30,5,1,2
80,31,1,0,20
80,32,1,0,1
80,33,1,0,23
80,34,1,0,16
80,35,1,4,20
80,36,10,1,7
80,37,10,0,12
80,38,10,0,7
80,39,10,0,20
80,40,4,10,19
80,41,4,10,1
80,42,10,0,19
80,43,10,1,0
80,44,1,0,3
80,45,1,4,18
80,46,4,0,21
80,47,1,4,14
80,48,1,4,4
80,49,1,0,10
80,50,5,1,19
80,51,5,0,22
80,52,5,0,20
80,53,5,0,23
80,54,5,0,6
80,55,5,4,15
80,56,4,0,24
80,57,4,0,23
80,58,4,0,21
80,59,4,0,4
80,60,5,4,11
80,61,5,0,18
80,62,5,0,23
80,63,5,0,10
80,64,5,0,22
80,65,5,0,21
80,66,5,0,10
80,67,5,0,3
80,68,5,0,22
80,69,5,0,17
80,70,5,0,20
80,71,5,0,9
80,72,5,0,3
80,73,5,0,19
80,74,5,0,5
80,75,5,0,22
80,76,5,0,5
80,77,5,0,9
80,78,5,0,3
