0,0,3,0,2
0,1,3,0,3
0,2,3,0,5
0,3,3,0,14
0,4,3,0,13
0,5,3,0,8
0,6,3,0,20
0,7,3,0,11
0,8,2,3,6
0,9,2,0,12
0,10,2,0,22
0,11,2,0,12
0,12,2,0,12
0,13,2,0,7
0,14,2,0,4
0,15,2,0,0
0,16,2,0,17
0,17,2,0,12
0,18,2,0,0
0,19,2,3,13
0,20,2,3,22
0,21,2,0,18
0,22,2,0,4
0,23,2,0,11
0,24,2,0,5
0,25,2,0,6
0,26,2,0,14
0,27,2,3,0
0,28,3,0,17
0,29,2,3,8
0,30,2,3,24
0,31,2,0,24
0,32,2,0,13
0,33,2,0,1
0,34,2,0,7
0,35,2,0,0
0,36,2,0,13
0,37,2,0,5
0,38,2,3,1
0,39,3,0,5
0,40,2,3,19
0,41,2,0,24
0,42,2,3,4
0,43,2,3,4
0,44,2,0,0
0,45,2,0,2
0,46,2,0,22
0,47,2,0,16
0,48,2,0,12
0,49,2,0,20
0,50,2,3,0
0,51,3,0,3
0,52,3,0,2
0,53,3,0,3
0,54,3,0,8
0,55,3,0,22
0,56,3,0,3
0,57,3,0,15
0,58,3,0,23
0,59,3,0,8
0,60,3,0,23
0,61,3,0,1
0,62,3,0,17
0,63,3,0,22
1,0,3,0,24
1,1,3,0,23
1,2,3,0,17
1,3,3,0,3
1,4,3,0,10
1,5,3,0,6
1,6,3,0,13
1,7,3,0,12
1,8,2,3,23
1,9,2,0,20
1,10,2,0,1
1,11,2,0,5
1,12,2,0,12
1,13,2,0,4
1,14,2,0,2
1,15,2,0,12
1,16,2,0,12
1,17,2,0,5
1,18,2,3,13
1,19,3,0,4
1,20,2,3,23
1,21,2,0,2
1,22,2,0,5
1,23,2,0,10
1,24,2,0,11
1,25,2,0,18
1,26,2,3,20
1,27,2,3,18
1,28,3,0,14
1,29,2,3,6
1,30,2,0,10
1,31,2,0,24
1,32,2,0,9
1,33,2,0,23
1,34,2,0,24
1,35,2,0,12
1,36,2,0,19
1,37,2,0,7
1,38,2,3,18
1,39,2,3,6
1,40,2,0,14
1,41,2,0,19
1,42,2,0,9
1,43,2,0,8
1,44,2,0,3
1,45,2,0,23
1,46,2,0,10
1,47,2,0,10
1,48,2,0,19
1,49,2,0,8
1,50,2,3,18
1,51,3,0,13
1,52,3,0,0
1,53,3,0,3
1,54,3,0,13
1,55,3,0,11
1,56,3,0,19
1,57,3,0,10
1,58,3,0,15
1,59,3,0,14
1,60,3,0,1
1,61,3,0,15
1,62,3,0,22
2,0,3,0,3
2,1,3,0,3
2,2,3,0,4
2,3,3,0,7
2,4,3,0,15
2,5,3,0,23
2,6,3,0,10
2,7,3,0,19
2,8,2,3,24
2,9,2,0,0
2,10,2,0,15
2,11,2,0,21
2,12,2,0,17
2,13,2,0,11
2,14,2,0,10
2,15,2,0,24
2,16,2,0,14
2,17,2,3,0
2,18,3,0,7
2,19,3,0,3
2,20,2,3,7
2,21,2,0,12
2,22,2,0,2
2,23,2,0,23
2,24,2,0,1
2,25,2,3,15
2,26,2,3,8
2,27,3,0,3
2,28,3,0,11
2,29,2,3,24
2,30,2,0,20
2,31,2,0,15
2,32,2,0,18
2,33,2,0,9
2,34,2,0,6
2,35,2,0,8
2,36,2,0,21
2,37,2,3,0
2,38,3,0,8
2,39,2,3,21
2,40,2,0,11
2,41,2,0,8
2,42,2,0,0
2,43,2,0,17
2,44,2,0,11
2,45,2,0,10
2,46,2,0,7
2,47,2,0,6
2,48,2,0,1
2,49,2,3,0
2,50,3,0,9
2,51,3,0,20
2,52,3,0,8
2,53,3,0,23
2,54,3,0,9
2,55,3,0,12
2,56,3,0,9
2,57,3,0,4
2,58,3,0,7
2,59,3,0,5
2,60,3,0,22
2,61,3,0,12
2,62,3,0,0
3,0,3,0,6
3,1,3,0,4
3,2,3,0,20
3,3,3,0,24
3,4,3,0,24
3,5,3,0,5
3,6,3,0,0
3,7,2,3,6
3,8,2,0,16
3,9,2,0,6
3,10,2,0,4
3,11,2,0,18
3,12,2,0,10
3,13,2,0,2
3,14,2,0,18
3,15,2,0,5
3,16,2,0,16
3,17,2,3,18
3,18,3,0,14
3,19,3,0,13
3,20,2,3,24
3,21,2,0,22
3,22,2,0,12
3,23,2,0,14
3,24,2,3,0
3,25,3,0,9
3,26,3,0,19
3,27,3,0,24
3,28,2,3,6
3,29,2,0,16
3,30,2,0,13
3,31,2,0,18
3,32,2,0,11
3,33,2,0,12
3,34,2,0,16
3,35,2,0,2
3,36,2,0,0
3,37,2,3,18
3,38,3,0,11
3,39,2,3,24
3,40,2,0,9
3,41,2,0,15
3,42,2,0,16
3,43,2,0,14
3,44,2,0,0
3,45,2,0,17
3,46,2,0,1
3,47,2,0,3
3,48,2,0,21
3,49,2,3,18
3,50,3,0,8
3,51,3,0,0
3,52,3,0,10
3,53,3,0,9
3,54,3,0,14
3,55,3,0,22
3,56,3,0,8
3,57,3,0,16
3,58,3,0,7
3,59,3,0,15
3,60,3,0,24
3,61,3,0,20
3,62,3,0,8
4,0,3,0,17
4,1,3,0,20
4,2,3,0,8
4,3,3,0,24
4,4,3,0,13
4,5,3,0,9
4,6,3,0,19
4,7,2,3,24
4,8,2,0,18
4,9,2,0,6
4,10,2,0,11
4,11,2,0,6
4,12,2,0,0
4,13,2,0,16
4,14,2,0,4
4,15,2,0,21
4,16,2,3,0
4,17,3,0,23
4,18,3,0,3
4,19,2,3,6
4,20,2,0,6
4,21,2,0,23
4,22,2,0,8
4,23,2,0,3
4,24,2,3,17
4,25,3,0,5
4,26,3,0,12
4,27,3,0,20
4,28,2,3,24
4,29,2,0,23
4,30,2,0,0
4,31,2,3,20
4,32,2,0,16
4,33,2,0,15
4,34,2,0,4
4,35,2,0,20
4,36,2,3,0
4,37,3,0,9
4,38,2,3,6
4,39,2,0,17
4,40,2,0,18
4,41,2,0,18
4,42,2,0,6
4,43,2,0,10
4,44,2,0,3
4,45,2,0,24
4,46,2,0,17
4,47,2,0,23
4,48,2,3,0
4,49,3,0,10
4,50,3,0,5
4,51,3,0,7
4,52,3,0,1
4,53,3,0,20
4,54,3,0,0
4,55,3,0,9
4,56,3,0,5
4,57,3,0,2
4,58,3,0,21
4,59,3,0,17
4,60,3,0,6
4,61,3,0,1
4,62,3,0,9
5,0,3,0,2
5,1,3,0,20
5,2,3,0,5
5,3,3,0,21
5,4,3,0,17
5,5,3,0,9
5,6,2,3,6
5,7,2,0,13
5,8,2,0,23
5,9,2,0,21
5,10,2,0,8
5,11,2,0,19
5,12,2,0,11
5,13,2,0,13
5,14,2,0,18
5,15,2,0,9
5,16,2,3,18
5,17,3,0,1
5,18,3,0,20
5,19,2,3,24
5,20,2,0,3
5,21,2,0,11
5,22,2,0,15
5,23,2,0,15
5,24,2,3,1
5,25,2,3,16
5,26,2,3,16
5,27,2,3,14
5,28,2,0,16
5,29,2,0,14
5,30,2,3,13
5,31,2,3,21
5,32,2,0,24
5,33,2,0,1
5,34,2,0,15
5,35,2,0,9
5,36,2,3,18
5,37,3,0,3
5,38,2,3,24
5,39,2,0,21
5,40,2,0,21
5,41,2,0,16
5,42,2,0,1
5,43,2,0,6
5,44,2,0,21
5,45,2,0,18
5,46,2,0,7
5,47,2,0,5
5,48,2,3,18
5,49,3,0,24
5,50,3,0,21
5,51,3,0,0
5,52,3,0,2
5,53,3,0,21
5,54,3,0,15
5,55,3,0,13
5,56,3,0,11
5,57,3,0,15
5,58,3,0,24
5,59,3,0,24
5,60,3,0,19
5,61,3,0,18
5,62,3,0,15
6,0,3,0,12
6,1,3,0,1
6,2,3,0,20
6,3,3,0,19
6,4,3,0,13
6,5,3,0,22
6,6,2,3,21
6,7,2,3,20
6,8,2,0,0
6,9,2,0,23
6,10,2,0,22
6,11,2,0,0
6,12,2,0,8
6,13,2,0,15
6,14,2,0,3
6,15,2,3,0
6,16,3,0,10
6,17,3,0,11
6,18,2,3,6
6,19,2,0,21
6,20,2,0,23
6,21,2,0,19
6,22,2,0,5
6,23,2,0,23
6,24,2,0,21
6,25,2,0,22
6,26,2,3,4
6,27,2,0,13
6,28,2,0,13
6,29,2,3,0
6,30,3,0,4
6,31,2,3,22
6,32,2,0,21
6,33,2,0,17
6,34,2,0,6
6,35,2,3,0
6,36,3,0,4
6,37,2,3,14
6,38,2,0,15
6,39,2,0,18
6,40,2,0,20
6,41,2,0,3
6,42,2,0,14
6,43,2,0,12
6,44,2,0,8
6,45,2,0,6
6,46,2,0,11
6,47,2,3,0
6,48,3,0,10
6,49,3,0,11
6,50,3,0,19
6,51,3,0,3
6,52,3,0,11
6,53,3,0,8
6,54,3,0,4
6,55,3,0,5
6,56,3,0,0
6,57,3,0,1
6,58,3,0,12
6,59,3,0,7
6,60,3,0,20
6,61,3,0,15
6,62,3,0,19
7,0,3,0,18
7,1,3,0,23
7,2,3,0,11
7,3,3,0,8
7,4,3,0,12
7,5,3,0,13
7,6,2,3,8
7,7,2,3,23
7,8,2,0,9
7,9,2,0,0
7,10,2,0,3
7,11,2,0,16
7,12,2,0,20
7,13,2,0,6
7,14,2,0,13
7,15,2,3,18
7,16,3,0,5
7,17,3,0,21
7,18,2,3,23
7,19,2,0,21
7,20,2,0,23
7,21,2,0,12
7,22,2,0,21
7,23,2,0,19
7,24,2,0,21
7,25,2,0,4
7,26,2,0,8
7,27,2,0,23
7,28,2,0,11
7,29,2,3,18
7,30,3,0,5
7,31,2,0,15
7,32,2,0,9
7,33,2,0,22
7,34,2,0,18
7,35,2,3,3
7,36,2,3,19
7,37,2,0,13
7,38,2,0,6
7,39,2,0,19
7,40,2,0,1
7,41,2,0,16
7,42,2,0,18
7,43,2,0,14
7,44,2,0,2
7,45,2,0,23
7,46,2,0,3
7,47,2,3,2
7,48,3,0,8
7,49,3,0,22
7,50,3,0,19
7,51,3,0,21
7,52,3,0,23
7,53,3,0,17
7,54,3,0,4
7,55,3,0,2
7,56,3,0,8
7,57,3,0,10
7,58,3,0,10
7,59,3,0,16
7,60,3,0,4
7,61,3,0,11
7,62,3,0,5
8,0,3,0,19
8,1,3,0,12
8,2,3,0,21
8,3,3,0,7
8,4,3,0,20
8,5,3,0,15
8,6,3,0,20
8,7,2,3,24
8,8,2,0,16
8,9,2,0,15
8,10,2,0,13
8,11,2,0,16
8,12,2,0,5
8,13,2,0,16
8,14,2,3,0
8,15,3,0,9
8,16,3,0,10
8,17,3,0,2
8,18,2,3,24
8,19,2,0,10
8,20,2,0,0
8,21,2,0,20
8,22,2,0,23
8,23,2,0,19
8,24,2,0,10
8,25,2,0,21
8,26,2,0,21
8,27,2,0,23
8,28,2,3,5
8,29,3,0,17
8,30,2,3,6
8,31,2,0,23
8,32,2,0,20
8,33,2,0,10
8,34,2,0,21
8,35,2,3,4
8,36,2,0,5
8,37,2,0,4
8,38,2,0,15
8,39,2,0,1
8,40,2,0,1
8,41,2,0,8
8,42,2,0,12
8,43,2,0,4
8,44,2,0,6
8,45,2,0,13
8,46,2,0,13
8,47,2,3,18
8,48,3,0,24
8,49,3,0,22
8,50,3,0,4
8,51,3,0,16
8,52,3,0,17
8,53,3,0,2
8,54,3,0,22
8,55,3,0,1
8,56,3,0,5
8,57,3,0,23
8,58,3,0,8
8,59,3,0,16
8,60,3,0,8
8,61,3,0,3
8,62,3,0,5
9,0,3,0,19
9,1,3,0,3
9,2,3,0,17
9,3,3,0,18
9,4,3,0,19
9,5,3,0,15
9,6,3,0,0
9,7,2,0,9
9,8,2,0,7
9,9,2,0,2
9,10,2,0,10
9,11,2,0,16
9,12,2,0,17
9,13,2,0,14
9,14,2,3,18
9,15,3,0,9
9,16,3,0,6
9,17,2,3,6
9,18,2,0,12
9,19,2,0,10
9,20,2,0,18
9,21,2,0,10
9,22,2,0,1
9,23,2,0,24
9,24,2,0,24
9,25,2,0,8
9,26,2,0,24
9,27,2,3,15
9,28,3,0,21
9,29,3,0,7
9,30,2,3,22
9,31,2,0,14
9,32,2,0,2
9,33,2,0,15
9,34,2,0,15
9,35,2,0,3
9,36,2,0,8
9,37,2,0,9
9,38,2,0,12
9,39,2,0,9
9,40,2,0,3
9,41,2,0,5
9,42,2,0,18
9,43,2,0,22
9,44,2,0,15
9,45,2,0,7
9,46,2,3,0
9,47,3,0,13
9,48,3,0,5
9,49,3,0,9
9,50,3,0,20
9,51,3,0,17
9,52,3,0,21
9,53,3,0,13
9,54,3,0,14
9,55,3,0,13
9,56,3,0,17
9,57,3,0,22
9,58,3,0,8
9,59,3,0,24
9,60,3,0,20
9,61,3,0,22
9,62,3,0,19
10,0,3,0,6
10,1,3,0,24
10,2,3,0,20
10,3,3,0,14
10,4,3,0,10
10,5,3,0,21
10,6,3,0,19
10,7,2,0,23
10,8,2,0,8
10,9,2,0,11
10,10,2,0,2
10,11,2,0,14
10,12,2,0,5
10,13,2,3,0
10,14,3,0,9
10,15,3,0,4
10,16,3,0,24
10,17,2,3,24
10,18,2,0,4
10,19,2,0,9
10,20,2,0,7
10,21,2,0,24
10,22,2,0,12
10,23,2,0,11
10,24,2,0,11
10,25,2,0,24
10,26,2,3,0
10,27,3,0,12
10,28,3,0,8
10,29,3,0,1
10,30,2,3,24
10,31,2,0,13
10,32,2,0,1
10,33,2,0,15
10,34,2,0,24
10,35,2,0,14
10,36,2,0,3
10,37,2,0,17
10,38,2,0,2
10,39,2,0,24
10,40,2,0,17
10,41,2,0,4
10,42,2,0,12
10,43,2,0,2
10,44,2,0,24
10,45,2,0,3
10,46,2,3,18
10,47,3,0,14
10,48,3,0,15
10,49,3,0,18
10,50,3,0,6
10,51,3,0,5
10,52,3,0,1
10,53,3,0,4
10,54,3,0,23
10,55,3,0,12
10,56,3,0,10
10,57,3,0,13
10,58,3,0,0
10,59,3,0,24
10,60,3,0,22
10,61,3,0,16
10,62,3,0,7
11,0,3,0,11
11,1,3,0,16
11,2,3,0,21
11,3,3,0,7
11,4,3,0,19
11,5,3,0,8
11,6,2,3,24
11,7,2,0,7
11,8,2,0,1
11,9,2,0,2
11,10,2,0,0
11,11,2,0,14
11,12,2,0,13
11,13,2,3,3
11,14,3,0,18
11,15,3,0,7
11,16,2,3,6
11,17,2,0,23
11,18,2,0,13
11,19,2,0,14
11,20,2,0,20
11,21,2,0,12
11,22,2,0,3
11,23,2,0,6
11,24,2,0,4
11,25,2,0,8
11,26,2,3,18
11,27,3,0,14
11,28,3,0,6
11,29,2,3,19
11,30,2,0,15
11,31,2,0,6
11,32,2,0,3
11,33,2,0,5
11,34,2,0,16
11,35,2,0,24
11,36,2,0,23
11,37,2,0,21
11,38,2,0,15
11,39,2,0,2
11,40,2,0,18
11,41,2,0,15
11,42,2,0,20
11,43,2,0,15
11,44,2,0,11
11,45,2,3,0
11,46,3,0,20
11,47,3,0,22
11,48,3,0,18
11,49,3,0,24
11,50,3,0,1
11,51,3,0,11
11,52,3,0,5
11,53,3,0,23
11,54,3,0,4
11,55,3,0,24
11,56,3,0,14
11,57,3,0,24
11,58,3,0,11
11,59,3,0,8
11,60,3,0,8
11,61,3,0,17
11,62,3,0,18
12,0,3,0,19
12,1,3,0,10
12,2,3,0,7
12,3,3,0,3
12,4,3,0,17
12,5,2,3,6
12,6,2,0,3
12,7,2,0,12
12,8,2,0,6
12,9,2,0,21
12,10,2,0,17
12,11,2,0,13
12,12,2,0,15
12,13,2,3,2
12,14,3,0,10
12,15,3,0,13
12,16,2,3,24
12,17,2,0,1
12,18,2,0,9
12,19,2,0,23
12,20,2,0,13
12,21,2,0,20
12,22,2,0,21
12,23,2,0,23
12,24,2,0,13
12,25,2,3,5
12,26,3,0,3
12,27,3,0,14
12,28,2,3,6
12,29,2,0,2
12,30,2,0,7
12,31,2,0,13
12,32,2,0,10
12,33,2,0,10
12,34,2,0,23
12,35,2,0,13
12,36,2,0,5
12,37,2,0,22
12,38,2,0,10
12,39,2,0,19
12,40,2,0,19
12,41,2,0,14
12,42,2,0,7
12,43,2,0,17
12,44,2,0,20
12,45,2,3,18
12,46,3,0,8
12,47,3,0,3
12,48,3,0,9
12,49,3,0,2
12,50,3,0,22
12,51,3,0,23
12,52,3,0,2
12,53,3,0,12
12,54,3,0,14
12,55,3,0,19
12,56,3,0,9
12,57,3,0,3
12,58,3,0,5
12,59,3,0,4
12,60,3,0,12
12,61,3,0,20
12,62,3,0,23
13,0,3,0,0
13,1,3,0,12
13,2,3,0,4
13,3,3,0,9
13,4,3,0,24
13,5,2,3,24
13,6,2,0,3
13,7,2,0,1
13,8,2,0,23
13,9,2,0,16
13,10,2,0,13
13,11,2,0,0
13,12,2,0,20
13,13,2,3,1
13,14,2,3,16
13,15,2,3,14
13,16,2,0,18
13,17,2,0,18
13,18,2,3,20
13,19,2,0,5
13,20,2,0,8
13,21,2,0,6
13,22,2,0,13
13,23,2,0,19
13,24,2,3,0
13,25,3,0,0
13,26,3,0,9
13,27,3,0,7
13,28,2,3,24
13,29,2,0,5
13,30,2,0,1
13,31,2,0,5
13,32,2,0,16
13,33,2,0,1
13,34,2,0,20
13,35,2,0,17
13,36,2,0,16
13,37,2,0,18
13,38,2,0,14
13,39,2,0,14
13,40,2,0,5
13,41,2,0,1
13,42,2,0,2
13,43,2,0,24
13,44,2,3,0
13,45,3,0,23
13,46,3,0,6
13,47,3,0,1
13,48,3,0,5
13,49,3,0,9
13,50,3,0,18
13,51,3,0,0
13,52,3,0,6
13,53,3,0,8
13,54,3,0,10
13,55,3,0,21
13,56,3,0,18
13,57,3,0,16
13,58,3,0,11
13,59,3,0,7
13,60,3,0,14
13,61,3,0,23
13,62,3,0,3
14,0,3,0,23
14,1,3,0,7
14,2,3,0,24
14,3,3,0,17
14,4,2,3,6
14,5,2,0,7
14,6,2,0,4
14,7,2,0,1
14,8,2,0,14
14,9,2,0,20
14,10,2,0,16
14,11,2,0,24
14,12,2,0,4
14,13,2,3,4
14,14,2,3,4
14,15,2,0,9
14,16,2,0,18
14,17,2,3,13
14,18,2,3,7
14,19,2,0,11
14,20,2,0,13
14,21,2,0,8
14,22,2,0,14
14,23,2,0,3
14,24,2,3,1
14,25,3,0,23
14,26,3,0,18
14,27,2,3,6
14,28,2,0,1
14,29,2,0,2
14,30,2,0,2
14,31,2,0,4
14,32,2,0,10
14,33,2,0,2
14,34,2,0,22
14,35,2,0,16
14,36,2,0,3
14,37,2,0,12
14,38,2,0,13
14,39,2,0,14
14,40,2,0,24
14,41,2,0,0
14,42,2,0,12
14,43,2,0,20
14,44,2,3,18
14,45,3,0,9
14,46,3,0,13
14,47,3,0,5
14,48,3,0,24
14,49,3,0,21
14,50,3,0,6
14,51,3,0,9
14,52,3,0,7
14,53,3,0,20
14,54,3,0,23
14,55,3,0,2
14,56,3,0,17
14,57,3,0,12
14,58,3,0,15
14,59,3,0,19
14,60,3,0,24
14,61,3,0,6
14,62,3,0,18
15,0,3,0,17
15,1,3,0,0
15,2,3,0,12
15,3,3,0,4
15,4,2,3,21
15,5,2,0,1
15,6,2,0,24
15,7,2,0,10
15,8,2,0,18
15,9,2,0,2
15,10,2,0,24
15,11,2,0,23
15,12,2,0,9
15,13,2,0,17
15,14,2,0,20
15,15,2,0,10
15,16,2,3,0
15,17,3,0,15
15,18,2,3,7
15,19,2,3,20
15,20,2,0,15
15,21,2,0,14
15,22,2,0,9
15,23,2,0,2
15,24,2,3,18
15,25,3,0,9
15,26,3,0,2
15,27,2,3,24
15,28,2,0,22
15,29,2,0,16
15,30,2,0,21
15,31,2,0,3
15,32,2,0,16
15,33,2,0,8
15,34,2,0,18
15,35,2,0,17
15,36,2,0,19
15,37,2,0,6
15,38,2,0,9
15,39,2,0,2
15,40,2,0,19
15,41,2,0,21
15,42,2,0,16
15,43,2,3,13
15,44,3,0,20
15,45,3,0,10
15,46,3,0,22
15,47,3,0,18
15,48,3,0,15
15,49,3,0,9
15,50,3,0,13
15,51,3,0,13
15,52,3,0,7
15,53,3,0,3
15,54,3,0,1
15,55,3,0,10
15,56,3,0,15
15,57,3,0,0
15,58,3,0,6
15,59,3,0,1
15,60,3,0,12
15,61,3,0,15
15,62,3,0,24
16,0,3,0,2
16,1,3,0,3
16,2,3,0,22
16,3,3,0,8
16,4,2,3,21
16,5,2,0,14
16,6,2,0,8
16,7,2,0,14
16,8,2,0,23
16,9,2,0,16
16,10,2,0,18
16,11,2,0,13
16,12,2,0,16
16,13,2,0,21
16,14,2,0,21
16,15,2,0,5
16,16,2,3,2
16,17,3,0,20
16,18,2,3,8
16,19,2,3,22
16,20,2,0,7
16,21,2,0,24
16,22,2,0,9
16,23,2,3,0
16,24,3,0,20
16,25,3,0,9
16,26,2,3,6
16,27,2,0,19
16,28,2,0,10
16,29,2,0,10
16,30,2,0,4
16,31,2,0,21
16,32,2,0,15
16,33,2,0,17
16,34,2,0,10
16,35,2,0,19
16,36,2,0,7
16,37,2,0,12
16,38,2,0,12
16,39,2,0,16
16,40,2,0,15
16,41,2,0,9
16,42,2,3,10
16,43,3,0,22
16,44,3,0,6
16,45,3,0,2
16,46,3,0,19
16,47,3,0,9
16,48,3,0,23
16,49,3,0,16
16,50,3,0,2
16,51,3,0,5
16,52,3,0,3
16,53,3,0,10
16,54,3,0,21
16,55,3,0,2
16,56,3,0,3
16,57,3,0,20
16,58,3,0,7
16,59,3,0,4
16,60,3,0,13
16,61,3,0,14
16,62,3,0,10
17,0,3,0,12
17,1,3,0,19
17,2,3,0,22
17,3,3,0,14
17,4,2,3,22
17,5,2,3,20
17,6,2,0,15
17,7,2,0,17
17,8,2,0,19
17,9,2,0,14
17,10,2,0,19
17,11,2,0,23
17,12,2,0,8
17,13,2,0,2
17,14,2,0,8
17,15,2,0,6
17,16,2,3,18
17,17,3,0,7
17,18,3,0,20
17,19,2,3,24
17,20,2,0,18
17,21,2,0,6
17,22,2,0,12
17,23,2,3,2
17,24,2,3,16
17,25,3,0,22
17,26,2,3,24
17,27,2,0,0
17,28,2,0,18
17,29,2,0,17
17,30,2,0,24
17,31,2,0,7
17,32,2,0,9
17,33,2,0,9
17,34,2,0,20
17,35,2,0,5
17,36,2,0,18
17,37,2,0,5
17,38,2,0,0
17,39,2,0,10
17,40,2,0,21
17,41,2,3,0
17,42,3,0,23
17,43,3,0,14
17,44,3,0,14
17,45,3,0,2
17,46,3,0,10
17,47,3,0,11
17,48,3,0,12
17,49,3,0,1
17,50,3,0,20
17,51,3,0,9
17,52,3,0,24
17,53,3,0,2
17,54,3,0,7
17,55,3,0,11
17,56,3,0,6
17,57,3,0,19
17,58,3,0,16
17,59,3,0,24
17,60,3,0,16
17,61,3,0,4
17,62,3,0,4
18,0,3,0,21
18,1,3,0,4
18,2,3,0,7
18,3,3,0,0
18,4,2,3,8
18,5,2,3,7
18,6,2,3,20
18,7,2,3,20
18,8,2,0,14
18,9,2,0,12
18,10,2,0,3
18,11,2,0,0
18,12,2,0,6
18,13,2,0,14
18,14,2,0,10
18,15,2,0,11
18,16,3,0,18
18,17,3,0,10
18,18,2,3,6
18,19,2,0,12
18,20,2,0,20
18,21,2,0,8
18,22,2,0,6
18,23,2,3,4
18,24,2,3,17
18,25,2,3,11
18,26,2,0,24
18,27,2,0,15
18,28,2,0,17
18,29,2,0,8
18,30,2,0,22
18,31,2,0,13
18,32,2,0,16
18,33,2,0,5
18,34,2,0,13
18,35,2,0,23
18,36,2,0,9
18,37,2,0,2
18,38,2,0,19
18,39,2,0,22
18,40,2,0,1
18,41,2,3,18
18,42,3,0,0
18,43,3,0,4
18,44,3,0,20
18,45,3,0,0
18,46,3,0,13
18,47,3,0,21
18,48,3,0,11
18,49,3,0,10
18,50,3,0,12
18,51,3,0,14
18,52,3,0,3
18,53,3,0,12
18,54,3,0,13
18,55,3,0,9
18,56,3,0,11
18,57,3,0,4
18,58,3,0,13
18,59,3,0,2
18,60,3,0,10
18,61,3,0,8
18,62,3,0,1
19,0,3,0,12
19,1,3,0,3
19,2,3,0,11
19,3,3,0,21
19,4,3,0,18
19,5,2,3,8
19,6,2,3,8
19,7,2,3,24
19,8,2,0,22
19,9,2,0,19
19,10,2,0,18
19,11,2,0,7
19,12,2,0,6
19,13,2,0,13
19,14,2,0,22
19,15,2,3,18
19,16,3,0,18
19,17,3,0,8
19,18,2,3,7
19,19,2,0,1
19,20,2,0,12
19,21,2,0,9
19,22,2,0,6
19,23,2,0,16
19,24,2,3,4
19,25,2,0,20
19,26,2,0,20
19,27,2,0,6
19,28,2,0,6
19,29,2,0,1
19,30,2,0,1
19,31,2,0,8
19,32,2,0,5
19,33,2,0,22
19,34,2,0,21
19,35,2,0,24
19,36,2,0,6
19,37,2,0,6
19,38,2,0,7
19,39,2,0,3
19,40,2,3,13
19,41,3,0,1
19,42,3,0,18
19,43,3,0,23
19,44,3,0,14
19,45,3,0,19
19,46,3,0,15
19,47,3,0,9
19,48,3,0,9
19,49,3,0,0
19,50,3,0,24
19,51,3,0,3
19,52,3,0,0
19,53,3,0,0
19,54,3,0,1
19,55,3,0,12
19,56,3,0,2
19,57,3,0,19
19,58,3,0,17
19,59,3,0,3
19,60,3,0,19
19,61,3,0,10
19,62,3,0,16
20,0,3,0,14
20,1,3,0,20
20,2,3,0,12
20,3,3,0,9
20,4,3,0,8
20,5,3,0,2
20,6,2,3,6
20,7,2,0,9
20,8,2,0,10
20,9,2,0,7
20,10,2,0,9
20,11,2,0,17
20,12,2,0,6
20,13,2,0,20
20,14,2,3,0
20,15,3,0,2
20,16,3,0,14
20,17,3,0,4
20,18,2,3,24
20,19,2,0,8
20,20,2,3,20
20,21,2,0,7
20,22,2,0,11
20,23,2,0,14
20,24,2,0,4
20,25,2,0,5
20,26,2,0,11
20,27,2,0,1
20,28,2,0,6
20,29,2,0,17
20,30,2,0,11
20,31,2,0,5
20,32,2,0,20
20,33,2,0,8
20,34,2,0,3
20,35,2,0,20
20,36,2,0,10
20,37,2,0,21
20,38,2,0,21
20,39,2,3,15
20,40,3,0,8
20,41,3,0,0
20,42,3,0,14
20,43,3,0,8
20,44,3,0,16
20,45,3,0,12
20,46,3,0,21
20,47,3,0,24
20,48,3,0,13
20,49,3,0,0
20,50,3,0,2
20,51,3,0,4
20,52,3,0,9
20,53,3,0,1
20,54,3,0,23
20,55,3,0,17
20,56,3,0,7
20,57,3,0,6
20,58,3,0,10
20,59,3,0,19
20,60,3,0,11
20,61,3,0,10
20,62,3,0,20
21,0,3,0,22
21,1,3,0,13
21,2,3,0,13
21,3,3,0,12
21,4,3,0,5
21,5,3,0,24
21,6,2,3,7
21,7,2,0,17
21,8,2,0,13
21,9,2,0,12
21,10,2,0,5
21,11,2,0,1
21,12,2,0,2
21,13,2,0,12
21,14,2,3,18
21,15,3,0,7
21,16,3,0,18
21,17,2,3,6
21,18,2,3,20
21,19,2,3,5
21,20,2,3,7
21,21,2,0,17
21,22,2,0,15
21,23,2,0,14
21,24,2,0,15
21,25,2,0,7
21,26,2,0,0
21,27,2,0,2
21,28,2,0,7
21,29,2,0,2
21,30,2,3,20
21,31,2,0,20
21,32,2,0,4
21,33,2,0,21
21,34,2,0,2
21,35,2,0,20
21,36,2,0,10
21,37,2,3,20
21,38,2,3,15
21,39,3,0,8
21,40,3,0,22
21,41,3,0,18
21,42,3,0,15
21,43,3,0,20
21,44,3,0,9
21,45,3,0,0
21,46,3,0,13
21,47,3,0,14
21,48,3,0,13
21,49,3,0,2
21,50,3,0,6
21,51,3,0,6
21,52,3,0,4
21,53,3,0,20
21,54,3,0,8
21,55,3,0,14
21,56,3,0,14
21,57,3,0,8
21,58,3,0,18
21,59,3,0,19
21,60,3,0,7
21,61,3,0,17
21,62,3,0,17
22,0,3,0,23
22,1,3,0,11
22,2,3,0,10
22,3,3,0,21
22,4,3,0,3
22,5,3,0,19
22,6,2,3,24
22,7,2,0,5
22,8,2,0,19
22,9,2,0,2
22,10,2,0,14
22,11,2,0,11
22,12,2,0,2
22,13,2,3,0
22,14,3,0,4
22,15,3,0,13
22,16,3,0,20
22,17,2,3,8
22,18,2,3,8
22,19,3,0,8
22,20,2,3,24
22,21,2,0,16
22,22,2,0,15
22,23,2,0,20
22,24,2,0,23
22,25,2,0,11
22,26,2,0,4
22,27,2,0,16
22,28,2,0,6
22,29,2,3,5
22,30,2,3,22
22,31,2,0,4
22,32,2,0,5
22,33,2,0,9
22,34,2,0,0
22,35,2,0,19
22,36,2,3,5
22,37,2,3,8
22,38,3,0,17
22,39,3,0,3
22,40,3,0,13
22,41,3,0,18
22,42,3,0,19
22,43,3,0,1
22,44,3,0,21
22,45,3,0,9
22,46,3,0,17
22,47,3,0,8
22,48,3,0,5
22,49,3,0,15
22,50,3,0,3
22,51,3,0,6
22,52,3,0,5
22,53,3,0,7
22,54,3,0,6
22,55,3,0,12
22,56,3,0,23
22,57,3,0,22
22,58,3,0,22
22,59,3,0,2
22,60,3,0,23
22,61,3,0,0
22,62,3,0,18
23,0,3,0,13
23,1,3,0,17
23,2,3,0,20
23,3,3,0,18
23,4,3,0,7
23,5,2,3,6
23,6,2,0,5
23,7,2,0,5
23,8,2,0,17
23,9,2,0,7
23,10,2,0,20
23,11,2,0,3
23,12,2,0,13
23,13,2,3,18
23,14,3,0,9
23,15,3,0,14
23,16,3,0,22
23,17,3,0,23
23,18,3,0,24
23,19,2,3,6
23,20,2,0,24
23,21,2,0,19
23,22,2,0,15
23,23,2,0,8
23,24,2,0,17
23,25,2,0,24
23,26,2,0,15
23,27,2,0,2
23,28,2,3,0
23,29,3,0,12
23,30,2,3,7
23,31,2,0,8
23,32,2,0,24
23,33,2,0,15
23,34,2,0,18
23,35,2,3,5
23,36,3,0,16
23,37,3,0,22
23,38,3,0,13
23,39,3,0,0
23,40,3,0,1
23,41,3,0,2
23,42,3,0,7
23,43,3,0,11
23,44,3,0,19
23,45,3,0,13
23,46,3,0,5
23,47,2,3,16
23,48,2,3,16
23,49,2,3,16
23,50,3,0,2
23,51,3,0,4
23,52,3,0,21
23,53,3,0,20
23,54,3,0,20
23,55,3,0,8
23,56,3,0,13
23,57,3,0,11
23,58,3,0,15
23,59,3,0,15
23,60,3,0,8
23,61,3,0,17
23,62,3,0,1
24,0,3,0,20
24,1,3,0,23
24,2,3,0,21
24,3,3,0,2
24,4,3,0,13
24,5,2,3,24
24,6,2,0,23
24,7,2,0,7
24,8,2,0,20
24,9,2,0,21
24,10,2,0,17
24,11,2,0,5
24,12,2,3,0
24,13,3,0,1
24,14,2,3,16
24,15,2,3,16
24,16,2,3,16
24,17,3,0,20
24,18,3,0,5
24,19,2,3,24
24,20,2,0,17
24,21,2,0,20
24,22,2,0,16
24,23,2,0,1
24,24,2,0,3
24,25,2,0,23
24,26,2,0,15
24,27,2,0,0
24,28,2,3,1
24,29,3,0,0
24,30,2,3,7
24,31,2,3,20
24,32,2,0,3
24,33,2,3,20
24,34,2,3,13
24,35,3,0,3
24,36,3,0,14
24,37,3,0,24
24,38,3,0,6
24,39,3,0,20
24,40,3,0,8
24,41,3,0,24
24,42,3,0,22
24,43,3,0,2
24,44,3,0,14
24,45,3,0,24
24,46,2,3,19
24,47,2,3,4
24,48,2,3,4
24,49,2,3,2
24,50,2,3,16
24,51,2,3,16
24,52,3,0,23
24,53,3,0,9
24,54,3,0,12
24,55,3,0,1
24,56,3,0,24
24,57,3,0,18
24,58,3,0,20
24,59,3,0,0
24,60,3,0,0
24,61,3,0,23
24,62,3,0,15
25,0,3,0,1
25,1,3,0,13
25,2,3,0,14
25,3,3,0,18
25,4,2,3,6
25,5,2,0,23
25,6,2,0,6
25,7,2,0,17
25,8,2,0,12
25,9,2,0,20
25,10,2,0,12
25,11,2,0,22
25,12,2,3,1
25,13,2,3,9
25,14,2,3,4
25,15,2,3,4
25,16,2,3,18
25,17,3,0,14
25,18,2,3,6
25,19,2,0,22
25,20,2,0,7
25,21,2,0,22
25,22,2,0,21
25,23,2,0,4
25,24,2,0,11
25,25,2,0,21
25,26,2,0,12
25,27,2,0,10
25,28,2,3,18
25,29,3,0,22
25,30,2,3,8
25,31,2,3,7
25,32,2,3,15
25,33,2,3,8
25,34,3,0,0
25,35,3,0,7
25,36,3,0,5
25,37,3,0,7
25,38,3,0,9
25,39,3,0,2
25,40,3,0,22
25,41,3,0,6
25,42,3,0,15
25,43,3,0,10
25,44,3,0,11
25,45,2,3,19
25,46,2,0,9
25,47,2,0,17
25,48,2,0,8
25,49,2,3,4
25,50,2,3,4
25,51,2,3,17
25,52,3,0,23
25,53,3,0,14
25,54,3,0,18
25,55,3,0,0
25,56,3,0,4
25,57,3,0,15
25,58,3,0,6
25,59,3,0,4
25,60,3,0,0
25,61,3,0,19
25,62,3,0,22
26,0,3,0,21
26,1,3,0,23
26,2,3,0,8
26,3,3,0,1
26,4,2,3,21
26,5,2,0,20
26,6,2,0,13
26,7,2,0,13
26,8,2,0,14
26,9,2,0,17
26,10,2,0,19
26,11,2,0,6
26,12,2,3,4
26,13,2,0,15
26,14,2,0,21
26,15,2,3,0
26,16,3,0,16
26,17,3,0,19
26,18,2,3,24
26,19,2,0,20
26,20,2,0,3
26,21,2,0,10
26,22,2,0,16
26,23,2,0,0
26,24,2,0,23
26,25,2,0,20
26,26,2,0,12
26,27,2,3,0
26,28,3,0,13
26,29,3,0,20
26,30,3,0,6
26,31,2,3,8
26,32,3,0,17
26,33,3,0,17
26,34,3,0,13
26,35,3,0,1
26,36,3,0,4
26,37,3,0,0
26,38,3,0,22
26,39,3,0,21
26,40,3,0,13
26,41,3,0,15
26,42,3,0,15
26,43,3,0,11
26,44,2,3,19
26,45,2,0,22
26,46,2,0,9
26,47,2,0,8
26,48,2,0,4
26,49,2,0,14
26,50,2,0,20
26,51,2,3,1
26,52,3,0,14
26,53,3,0,22
26,54,3,0,3
26,55,3,0,20
26,56,3,0,0
26,57,3,0,11
26,58,3,0,20
26,59,3,0,1
26,60,3,0,14
26,61,3,0,21
26,62,3,0,19
27,0,3,0,13
27,1,3,0,22
27,2,3,0,8
27,3,3,0,4
27,4,2,3,21
27,5,2,3,20
27,6,2,0,18
27,7,2,0,0
27,8,2,0,2
27,9,2,0,13
27,10,2,0,10
27,11,2,0,14
27,12,2,0,19
27,13,2,0,0
27,14,2,0,9
27,15,2,3,18
27,16,3,0,9
27,17,2,3,9
27,18,2,0,4
27,19,2,0,10
27,20,2,0,24
27,21,2,0,4
27,22,2,0,9
27,23,2,0,23
27,24,2,0,6
27,25,2,0,2
27,26,2,3,20
27,27,2,3,18
27,28,3,0,21
27,29,3,0,24
27,30,3,0,0
27,31,3,0,13
27,32,3,0,11
27,33,3,0,23
27,34,3,0,8
27,35,3,0,0
27,36,3,0,1
27,37,3,0,8
27,38,3,0,16
27,39,3,0,20
27,40,3,0,12
27,41,3,0,18
27,42,3,0,19
27,43,2,3,6
27,44,2,0,5
27,45,2,0,22
27,46,2,0,9
27,47,2,0,1
27,48,2,0,20
27,49,2,0,19
27,50,2,0,9
27,51,2,3,2
27,52,2,3,16
27,53,3,0,22
27,54,3,0,11
27,55,3,0,3
27,56,3,0,23
27,57,3,0,10
27,58,3,0,21
27,59,3,0,24
27,60,3,0,21
27,61,3,0,24
27,62,3,0,17
28,0,3,0,24
28,1,3,0,24
28,2,3,0,12
28,3,3,0,2
28,4,2,3,8
28,5,2,3,23
28,6,2,0,6
28,7,2,0,1
28,8,2,0,19
28,9,2,0,16
28,10,2,0,2
28,11,2,0,3
28,12,2,0,17
28,13,2,0,24
28,14,2,3,0
28,15,3,0,20
28,16,2,3,19
28,17,2,0,5
28,18,2,0,20
28,19,2,0,23
28,20,2,0,6
28,21,2,0,9
28,22,2,0,20
28,23,2,0,5
28,24,2,0,18
28,25,2,3,10
28,26,2,3,8
28,27,3,0,18
28,28,3,0,21
28,29,3,0,5
28,30,3,0,13
28,31,3,0,14
28,32,3,0,1
28,33,3,0,22
28,34,3,0,21
28,35,3,0,21
28,36,3,0,23
28,37,3,0,3
28,38,3,0,5
28,39,3,0,13
28,40,3,0,7
28,41,3,0,6
28,42,3,0,12
28,43,2,3,24
28,44,2,0,21
28,45,2,0,5
28,46,2,0,21
28,47,2,0,6
28,48,2,0,11
28,49,2,0,22
28,50,2,0,17
28,51,2,3,4
28,52,2,3,3
28,53,2,3,16
28,54,2,3,16
28,55,2,3,16
28,56,2,3,16
28,57,3,0,6
28,58,3,0,3
28,59,3,0,5
28,60,3,0,19
28,61,3,0,10
28,62,3,0,5
29,0,3,0,18
29,1,3,0,10
29,2,3,0,11
29,3,3,0,3
29,4,3,0,24
29,5,2,3,21
29,6,2,0,22
29,7,2,0,0
29,8,2,0,20
29,9,2,0,0
29,10,2,0,23
29,11,2,0,12
29,12,2,0,19
29,13,2,0,15
29,14,2,3,1
29,15,2,3,11
29,16,2,0,19
29,17,2,0,11
29,18,2,0,14
29,19,2,0,12
29,20,2,0,20
29,21,2,0,18
29,22,2,0,22
29,23,2,0,24
29,24,2,3,0
29,25,3,0,10
29,26,3,0,21
29,27,3,0,12
29,28,3,0,23
29,29,3,0,17
29,30,3,0,10
29,31,3,0,10
29,32,3,0,12
29,33,3,0,18
29,34,3,0,16
29,35,3,0,7
29,36,3,0,2
29,37,3,0,18
29,38,3,0,0
29,39,3,0,23
29,40,2,3,16
29,41,3,0,1
29,42,2,3,14
29,43,2,0,19
29,44,2,0,18
29,45,2,0,15
29,46,2,0,5
29,47,2,0,10
29,48,2,0,16
29,49,2,0,22
29,50,2,0,6
29,51,2,0,15
29,52,2,3,4
29,53,2,3,4
29,54,2,3,4
29,55,2,3,4
29,56,2,3,17
29,57,2,3,16
29,58,3,0,6
29,59,3,0,17
29,60,3,0,13
29,61,3,0,8
29,62,3,0,0
30,0,3,0,23
30,1,3,0,16
30,2,3,0,7
30,3,3,0,15
30,4,3,0,5
30,5,2,3,23
30,6,2,0,22
30,7,2,0,17
30,8,2,0,7
30,9,2,0,12
30,10,2,0,23
30,11,2,0,16
30,12,2,0,1
30,13,2,0,11
30,14,2,3,4
30,15,2,0,15
30,16,2,0,7
30,17,2,0,5
30,18,2,0,10
30,19,2,0,13
30,20,2,0,17
30,21,2,0,17
30,22,2,0,11
30,23,2,0,8
30,24,2,3,18
30,25,3,0,12
30,26,3,0,10
30,27,3,0,23
30,28,3,0,2
30,29,3,0,7
30,30,3,0,15
30,31,3,0,24
30,32,3,0,18
30,33,3,0,20
30,34,3,0,24
30,35,3,0,8
30,36,3,0,11
30,37,3,0,6
30,38,3,0,4
30,39,2,3,19
30,40,2,3,4
30,41,2,3,9
30,42,2,0,6
30,43,2,0,17
30,44,2,0,9
30,45,2,0,0
30,46,2,0,7
30,47,2,0,13
30,48,2,0,8
30,49,2,0,9
30,50,2,0,17
30,51,2,0,10
30,52,2,0,7
30,53,2,0,23
30,54,2,0,24
30,55,2,0,2
30,56,2,3,4
30,57,2,3,1
30,58,3,0,8
30,59,3,0,22
30,60,3,0,5
30,61,3,0,14
30,62,3,0,12
31,0,3,0,2
31,1,3,0,4
31,2,3,0,17
31,3,3,0,2
31,4,3,0,8
31,5,2,3,23
31,6,2,3,20
31,7,2,0,1
31,8,2,0,4
31,9,2,0,15
31,10,2,0,8
31,11,2,0,13
31,12,2,0,7
31,13,2,0,23
31,14,2,0,13
31,15,2,0,11
31,16,2,0,3
31,17,2,0,15
31,18,2,0,8
31,19,2,0,20
31,20,2,0,22
31,21,2,0,16
31,22,2,0,13
31,23,2,3,5
31,24,3,0,23
31,25,3,0,6
31,26,3,0,1
31,27,3,0,20
31,28,3,0,11
31,29,3,0,4
31,30,3,0,3
31,31,3,0,23
31,32,3,0,15
31,33,3,0,12
31,34,3,0,16
31,35,3,0,11
31,36,3,0,14
31,37,3,0,14
31,38,2,3,6
31,39,2,0,1
31,40,2,0,0
31,41,2,0,21
31,42,2,0,22
31,43,2,0,5
31,44,2,0,23
31,45,2,0,14
31,46,2,0,8
31,47,2,0,24
31,48,2,0,13
31,49,2,0,17
31,50,2,0,3
31,51,2,0,21
31,52,2,0,13
31,53,2,0,6
31,54,2,0,4
31,55,2,0,14
31,56,2,0,16
31,57,2,3,17
31,58,3,0,6
31,59,3,0,0
31,60,3,0,8
31,61,3,0,0
31,62,3,0,4
32,0,3,0,8
32,1,3,0,1
32,2,3,0,23
32,3,3,0,15
32,4,3,0,16
32,5,2,3,8
32,6,2,3,21
32,7,2,0,6
32,8,2,0,1
32,9,2,0,18
32,10,2,0,1
32,11,2,0,6
32,12,2,0,0
32,13,2,0,10
32,14,2,0,24
32,15,2,0,16
32,16,2,0,16
32,17,2,0,0
32,18,2,0,3
32,19,2,0,19
32,20,2,0,4
32,21,2,0,1
32,22,2,3,10
32,23,3,0,12
32,24,3,0,12
32,25,3,0,3
32,26,3,0,23
32,27,3,0,7
32,28,3,0,17
32,29,3,0,19
32,30,3,0,9
32,31,3,0,10
32,32,3,0,12
32,33,3,0,23
32,34,3,0,19
32,35,3,0,7
32,36,3,0,17
32,37,3,0,21
32,38,2,3,24
32,39,2,0,3
32,40,2,0,2
32,41,2,0,5
32,42,2,0,4
32,43,2,0,7
32,44,2,0,21
32,45,2,0,20
32,46,2,0,24
32,47,2,0,1
32,48,2,0,3
32,49,2,0,22
32,50,2,0,10
32,51,2,0,23
32,52,2,0,8
32,53,2,0,2
32,54,2,0,6
32,55,2,0,14
32,56,2,0,22
32,57,2,3,18
32,58,3,0,19
32,59,3,0,14
32,60,3,0,18
32,61,3,0,8
32,62,3,0,9
33,0,3,0,11
33,1,3,0,22
33,2,3,0,24
33,3,3,0,17
33,4,3,0,22
33,5,3,0,6
33,6,2,3,24
33,7,2,0,21
33,8,2,0,14
33,9,2,0,18
33,10,2,0,14
33,11,2,0,21
33,12,2,0,0
33,13,2,0,24
33,14,2,0,3
33,15,2,0,1
33,16,2,0,10
33,17,2,0,17
33,18,2,0,18
33,19,2,0,13
33,20,2,0,17
33,21,2,3,5
33,22,3,0,13
33,23,3,0,19
33,24,3,0,22
33,25,3,0,12
33,26,3,0,1
33,27,3,0,18
33,28,3,0,19
33,29,3,0,2
33,30,3,0,12
33,31,3,0,11
33,32,3,0,23
33,33,3,0,12
33,34,3,0,18
33,35,3,0,3
33,36,3,0,5
33,37,2,3,6
33,38,2,0,23
33,39,2,0,13
33,40,2,0,9
33,41,2,0,9
33,42,2,3,20
33,43,2,0,17
33,44,2,0,21
33,45,2,0,8
33,46,2,0,5
33,47,2,0,15
33,48,2,0,13
33,49,2,0,1
33,50,2,0,11
33,51,2,0,20
33,52,2,0,16
33,53,2,0,24
33,54,2,0,11
33,55,2,0,24
33,56,2,3,0
33,57,2,3,16
33,58,2,3,16
33,59,3,0,5
33,60,3,0,1
33,61,3,0,5
33,62,3,0,6
34,0,3,0,24
34,1,3,0,19
34,2,3,0,14
34,3,3,0,21
34,4,3,0,19
34,5,2,3,6
34,6,2,0,13
34,7,2,0,18
34,8,2,0,15
34,9,2,0,16
34,10,2,0,1
34,11,2,0,4
34,12,2,0,10
34,13,2,0,21
34,14,2,0,10
34,15,2,0,8
34,16,2,0,13
34,17,2,0,24
34,18,2,0,9
34,19,2,0,6
34,20,2,3,0
34,21,3,0,8
34,22,3,0,14
34,23,3,0,6
34,24,3,0,13
34,25,3,0,3
34,26,3,0,21
34,27,3,0,21
34,28,3,0,5
34,29,3,0,3
34,30,3,0,24
34,31,3,0,11
34,32,3,0,17
34,33,3,0,4
34,34,3,0,9
34,35,3,0,16
34,36,3,0,4
34,37,2,3,23
34,38,2,0,20
34,39,2,0,6
34,40,2,0,20
34,41,2,3,10
34,42,2,3,22
34,43,2,0,5
34,44,2,0,3
34,45,2,0,8
34,46,2,0,16
34,47,2,3,20
34,48,2,3,20
34,49,2,3,20
34,50,2,0,6
34,51,2,0,17
34,52,2,0,19
34,53,2,0,14
34,54,2,0,24
34,55,2,0,16
34,56,2,3,4
34,57,2,3,4
34,58,2,3,17
34,59,2,3,16
34,60,3,0,21
34,61,3,0,9
34,62,3,0,2
35,0,3,0,7
35,1,3,0,21
35,2,3,0,14
35,3,3,0,1
35,4,3,0,2
35,5,2,3,24
35,6,2,0,24
35,7,2,0,18
35,8,2,0,19
35,9,2,0,4
35,10,2,0,18
35,11,2,0,11
35,12,2,0,2
35,13,2,0,7
35,14,2,0,13
35,15,2,0,20
35,16,2,0,22
35,17,2,0,4
35,18,2,0,14
35,19,2,0,24
35,20,2,3,18
35,21,3,0,12
35,22,3,0,23
35,23,3,0,4
35,24,3,0,18
35,25,3,0,15
35,26,3,0,22
35,27,3,0,18
35,28,3,0,18
35,29,3,0,15
35,30,3,0,8
35,31,3,0,9
35,32,3,0,24
35,33,3,0,2
35,34,3,0,22
35,35,3,0,7
35,36,3,0,23
35,37,2,3,21
35,38,2,3,20
35,39,2,3,20
35,40,2,3,13
35,41,3,0,6
35,42,2,3,24
35,43,2,0,11
35,44,2,0,18
35,45,2,0,21
35,46,2,3,10
35,47,2,3,8
35,48,2,3,8
35,49,2,3,7
35,50,2,0,0
35,51,2,0,18
35,52,2,0,6
35,53,2,0,13
35,54,2,0,6
35,55,2,0,8
35,56,2,0,10
35,57,2,0,19
35,58,2,3,4
35,59,2,3,1
35,60,3,0,15
35,61,3,0,8
35,62,3,0,7
36,0,3,0,2
36,1,3,0,23
36,2,3,0,2
36,3,3,0,23
36,4,2,3,6
36,5,2,0,3
36,6,2,0,4
36,7,2,0,6
36,8,2,0,19
36,9,2,0,10
36,10,2,0,2
36,11,2,0,5
36,12,2,0,6
36,13,2,0,22
36,14,2,0,12
36,15,2,0,19
36,16,2,0,14
36,17,2,0,10
36,18,2,0,1
36,19,2,3,0
36,20,3,0,3
36,21,3,0,20
36,22,3,0,10
36,23,3,0,6
36,24,3,0,14
36,25,3,0,17
36,26,3,0,19
36,27,3,0,13
36,28,3,0,23
36,29,3,0,9
36,30,3,0,15
36,31,3,0,10
36,32,3,0,19
36,33,3,0,19
36,34,3,0,9
36,35,3,0,17
36,36,3,0,23
36,37,2,3,8
36,38,2,3,8
36,39,2,3,8
36,40,3,0,3
36,41,2,3,11
36,42,2,0,8
36,43,2,0,18
36,44,2,0,19
36,45,2,3,0
36,46,3,0,0
36,47,3,0,23
36,48,3,0,4
36,49,2,3,21
36,50,2,0,23
36,51,2,0,19
36,52,2,0,2
36,53,2,0,24
36,54,2,0,12
36,55,2,0,18
36,56,2,0,23
36,57,2,0,23
36,58,2,0,21
36,59,2,3,18
36,60,3,0,14
36,61,3,0,4
36,62,3,0,7
37,0,3,0,17
37,1,3,0,24
37,2,3,0,18
37,3,3,0,18
37,4,2,3,7
37,5,2,3,20
37,6,2,0,8
37,7,2,0,11
37,8,2,0,2
37,9,2,0,11
37,10,2,0,13
37,11,2,0,21
37,12,2,0,5
37,13,2,0,17
37,14,2,0,23
37,15,2,0,1
37,16,2,0,16
37,17,2,0,18
37,18,2,0,10
37,19,2,3,17
37,20,3,0,17
37,21,3,0,8
37,22,3,0,24
37,23,3,0,7
37,24,3,0,0
37,25,3,0,9
37,26,3,0,21
37,27,3,0,13
37,28,3,0,10
37,29,3,0,13
37,30,3,0,19
37,31,3,0,24
37,32,3,0,2
37,33,3,0,12
37,34,3,0,10
37,35,3,0,23
37,36,3,0,7
37,37,3,0,9
37,38,3,0,20
37,39,3,0,20
37,40,2,3,9
37,41,2,0,21
37,42,2,0,16
37,43,2,0,23
37,44,2,0,23
37,45,2,3,2
37,46,3,0,2
37,47,3,0,20
37,48,3,0,18
37,49,2,3,21
37,50,2,0,12
37,51,2,0,8
37,52,2,0,13
37,53,2,0,23
37,54,2,0,3
37,55,2,0,4
37,56,2,0,4
37,57,2,0,8
37,58,2,3,0
37,59,3,0,9
37,60,3,0,13
37,61,3,0,6
37,62,3,0,17
38,0,3,0,19
38,1,3,0,20
38,2,3,0,17
38,3,3,0,10
38,4,2,3,8
38,5,2,3,24
38,6,2,0,18
38,7,2,0,14
38,8,2,0,13
38,9,2,0,8
38,10,2,0,16
38,11,2,0,7
38,12,2,0,11
38,13,2,0,16
38,14,2,0,6
38,15,2,0,1
38,16,2,0,1
38,17,2,0,9
38,18,2,0,17
38,19,2,3,18
38,20,3,0,0
38,21,3,0,4
38,22,3,0,8
38,23,3,0,18
38,24,3,0,14
38,25,3,0,0
38,26,3,0,22
38,27,3,0,5
38,28,3,0,3
38,29,3,0,11
38,30,3,0,7
38,31,3,0,18
38,32,3,0,18
38,33,3,0,10
38,34,3,0,24
38,35,2,3,16
38,36,2,3,16
38,37,3,0,11
38,38,3,0,21
38,39,2,3,6
38,40,2,0,1
38,41,2,0,19
38,42,2,0,24
38,43,2,0,2
38,44,2,0,13
38,45,2,3,4
38,46,2,3,16
38,47,3,0,19
38,48,3,0,5
38,49,2,3,24
38,50,2,0,18
38,51,2,0,21
38,52,2,0,17
38,53,2,0,22
38,54,2,0,23
38,55,2,0,2
38,56,2,0,21
38,57,2,0,8
38,58,2,3,1
38,59,3,0,5
38,60,3,0,13
38,61,3,0,19
38,62,3,0,9
39,0,3,0,12
39,1,3,0,9
39,2,3,0,5
39,3,3,0,0
39,4,2,3,6
39,5,2,0,4
39,6,2,0,16
39,7,2,0,10
39,8,2,0,23
39,9,2,0,5
39,10,2,0,23
39,11,2,0,21
39,12,2,0,7
39,13,2,0,17
39,14,2,0,11
39,15,2,0,2
39,16,2,0,16
39,17,2,0,18
39,18,2,3,0
39,19,3,0,13
39,20,3,0,6
39,21,3,0,6
39,22,3,0,16
39,23,3,0,11
39,24,3,0,8
39,25,3,0,16
39,26,3,0,16
39,27,3,0,13
39,28,3,0,17
39,29,3,0,6
39,30,3,0,10
39,31,3,0,3
39,32,3,0,24
39,33,3,0,16
39,34,2,3,14
39,35,2,3,4
39,36,2,3,2
39,37,3,0,21
39,38,3,0,13
39,39,2,3,24
39,40,2,0,10
39,41,2,0,9
39,42,2,0,24
39,43,2,0,23
39,44,2,0,19
39,45,2,0,5
39,46,2,0,9
39,47,3,0,11
39,48,2,3,6
39,49,2,0,22
39,50,2,0,17
39,51,2,3,20
39,52,2,0,8
39,53,2,0,21
39,54,2,0,12
39,55,2,0,13
39,56,2,0,6
39,57,2,0,21
39,58,2,3,18
39,59,3,0,5
39,60,3,0,13
39,61,3,0,3
39,62,3,0,6
40,0,3,0,8
40,1,3,0,3
40,2,3,0,8
40,3,3,0,19
40,4,2,3,21
40,5,2,0,4
40,6,2,0,5
40,7,2,0,16
40,8,2,0,2
40,9,2,0,24
40,10,2,0,24
40,11,2,0,4
40,12,2,0,23
40,13,2,0,16
40,14,2,0,22
40,15,2,0,14
40,16,2,0,18
40,17,2,0,8
40,18,2,3,18
40,19,3,0,10
40,20,3,0,15
40,21,3,0,13
40,22,3,0,2
40,23,3,0,4
40,24,3,0,8
40,25,3,0,12
40,26,3,0,18
40,27,3,0,21
40,28,3,0,12
40,29,3,0,0
40,30,3,0,19
40,31,3,0,10
40,32,3,0,11
40,33,2,3,6
40,34,2,0,13
40,35,2,0,23
40,36,2,3,1
40,37,3,0,24
40,38,2,3,6
40,39,2,0,23
40,40,2,0,19
40,41,2,0,10
40,42,2,0,20
40,43,2,0,23
40,44,2,0,2
40,45,2,0,6
40,46,2,3,17
40,47,3,0,19
40,48,2,3,24
40,49,2,0,22
40,50,2,3,5
40,51,2,3,22
40,52,2,3,20
40,53,2,0,4
40,54,2,0,9
40,55,2,0,21
40,56,2,0,16
40,57,2,3,0
40,58,3,0,8
40,59,3,0,7
40,60,3,0,12
40,61,3,0,12
40,62,3,0,17
41,0,3,0,1
41,1,3,0,8
41,2,3,0,16
41,3,3,0,20
41,4,2,3,23
41,5,2,3,20
41,6,2,0,20
41,7,2,0,22
41,8,2,0,5
41,9,2,0,20
41,10,2,0,13
41,11,2,0,14
41,12,2,0,12
41,13,2,0,13
41,14,2,0,11
41,15,2,0,5
41,16,2,0,7
41,17,2,3,13
41,18,3,0,2
41,19,3,0,0
41,20,3,0,6
41,21,3,0,13
41,22,3,0,18
41,23,3,0,13
41,24,3,0,14
41,25,3,0,21
41,26,3,0,4
41,27,3,0,12
41,28,3,0,7
41,29,3,0,16
41,30,3,0,1
41,31,3,0,0
41,32,3,0,10
41,33,2,3,24
41,34,2,0,10
41,35,2,0,21
41,36,2,3,1
41,37,3,0,12
41,38,2,3,24
41,39,2,0,16
41,40,2,0,5
41,41,2,0,8
41,42,2,0,18
41,43,2,0,22
41,44,2,0,8
41,45,2,0,9
41,46,2,3,1
41,47,2,3,19
41,48,2,0,5
41,49,2,3,10
41,50,3,0,12
41,51,2,3,8
41,52,2,3,23
41,53,2,0,12
41,54,2,0,12
41,55,2,0,6
41,56,2,0,5
41,57,2,3,3
41,58,3,0,8
41,59,3,0,2
41,60,3,0,14
41,61,3,0,12
41,62,3,0,3
42,0,3,0,24
42,1,3,0,19
42,2,3,0,3
42,3,3,0,19
42,4,2,3,8
42,5,2,3,22
42,6,2,0,3
42,7,2,0,12
42,8,2,0,11
42,9,2,0,19
42,10,2,0,3
42,11,2,0,18
42,12,2,0,2
42,13,2,0,14
42,14,2,0,18
42,15,2,0,7
42,16,2,3,10
42,17,3,0,12
42,18,3,0,24
42,19,3,0,14
42,20,3,0,21
42,21,3,0,10
42,22,3,0,19
42,23,3,0,16
42,24,3,0,22
42,25,3,0,1
42,26,3,0,21
42,27,3,0,3
42,28,3,0,23
42,29,3,0,4
42,30,3,0,20
42,31,3,0,5
42,32,2,3,9
42,33,2,0,11
42,34,2,0,24
42,35,2,0,19
42,36,2,3,17
42,37,2,3,14
42,38,2,0,16
42,39,2,0,5
42,40,2,0,11
42,41,2,0,11
42,42,2,0,2
42,43,2,3,20
42,44,2,3,20
42,45,2,0,14
42,46,2,3,4
42,47,2,0,12
42,48,2,3,0
42,49,3,0,20
42,50,3,0,3
42,51,3,0,16
42,52,2,3,23
42,53,2,0,10
42,54,2,0,6
42,55,2,0,7
42,56,2,0,4
42,57,2,3,3
42,58,3,0,12
42,59,3,0,8
42,60,3,0,9
42,61,3,0,22
42,62,3,0,14
43,0,3,0,10
43,1,3,0,22
43,2,3,0,10
43,3,3,0,9
43,4,3,0,15
43,5,2,3,21
43,6,2,0,14
43,7,2,0,0
43,8,2,0,3
43,9,2,0,5
43,10,2,0,6
43,11,2,0,15
43,12,2,0,7
43,13,2,0,23
43,14,2,0,3
43,15,2,3,0
43,16,3,0,24
43,17,3,0,1
43,18,3,0,9
43,19,3,0,2
43,20,3,0,13
43,21,3,0,15
43,22,3,0,15
43,23,3,0,24
43,24,3,0,19
43,25,3,0,2
43,26,3,0,7
43,27,3,0,15
43,28,3,0,3
43,29,3,0,12
43,30,3,0,24
43,31,2,3,6
43,32,2,0,9
43,33,2,0,7
43,34,2,0,18
43,35,2,0,17
43,36,2,3,4
43,37,2,0,7
43,38,2,0,4
43,39,2,0,6
43,40,2,0,11
43,41,2,0,8
43,42,2,3,13
43,43,2,3,8
43,44,2,3,24
43,45,2,0,9
43,46,2,0,14
43,47,2,0,12
43,48,2,3,17
43,49,3,0,7
43,50,3,0,1
43,51,3,0,17
43,52,2,3,7
43,53,2,0,3
43,54,2,0,17
43,55,2,0,0
43,56,2,0,13
43,57,2,3,17
43,58,3,0,14
43,59,3,0,10
43,60,3,0,5
43,61,3,0,17
43,62,3,0,4
44,0,3,0,16
44,1,3,0,19
44,2,3,0,6
44,3,3,0,23
44,4,3,0,5
44,5,2,3,21
44,6,2,0,12
44,7,2,0,23
44,8,2,0,8
44,9,2,0,20
44,10,2,0,4
44,11,2,0,22
44,12,2,0,6
44,13,2,0,16
44,14,2,0,12
44,15,2,3,18
44,16,3,0,21
44,17,3,0,9
44,18,3,0,8
44,19,3,0,8
44,20,3,0,16
44,21,3,0,6
44,22,3,0,2
44,23,3,0,15
44,24,3,0,21
44,25,3,0,14
44,26,3,0,19
44,27,3,0,6
44,28,3,0,15
44,29,3,0,14
44,30,3,0,14
44,31,2,3,22
44,32,2,0,9
44,33,2,0,4
44,34,2,0,9
44,35,2,0,14
44,36,2,0,3
44,37,2,0,23
44,38,2,0,21
44,39,2,3,20
44,40,2,3,20
44,41,2,3,10
44,42,3,0,23
44,43,2,3,6
44,44,2,0,19
44,45,2,0,5
44,46,2,0,12
44,47,2,0,15
44,48,2,3,1
44,49,3,0,0
44,50,3,0,23
44,51,3,0,13
44,52,2,3,24
44,53,2,0,8
44,54,2,0,13
44,55,2,0,8
44,56,2,0,22
44,57,2,3,17
44,58,3,0,17
44,59,3,0,9
44,60,3,0,19
44,61,3,0,24
44,62,3,0,4
45,0,3,0,15
45,1,3,0,8
45,2,3,0,22
45,3,3,0,4
45,4,3,0,11
45,5,2,3,24
45,6,2,0,13
45,7,2,0,1
45,8,2,0,5
45,9,2,0,19
45,10,2,0,17
45,11,2,0,9
45,12,2,0,17
45,13,2,0,4
45,14,2,3,5
45,15,3,0,23
45,16,3,0,11
45,17,3,0,16
45,18,3,0,4
45,19,3,0,11
45,20,3,0,8
45,21,3,0,10
45,22,3,0,23
45,23,3,0,16
45,24,3,0,20
45,25,3,0,11
45,26,3,0,19
45,27,3,0,17
45,28,3,0,20
45,29,3,0,1
45,30,3,0,3
45,31,2,3,24
45,32,2,0,22
45,33,2,0,4
45,34,2,0,24
45,35,2,0,18
45,36,2,0,8
45,37,2,0,6
45,38,2,3,0
45,39,2,3,8
45,40,2,3,8
45,41,3,0,23
45,42,3,0,23
45,43,2,3,24
45,44,2,0,7
45,45,2,0,6
45,46,2,0,17
45,47,2,0,24
45,48,2,3,18
45,49,3,0,17
45,50,3,0,8
45,51,2,3,6
45,52,2,0,24
45,53,2,0,21
45,54,2,0,16
45,55,2,0,0
45,56,2,0,19
45,57,2,3,17
45,58,3,0,17
45,59,3,0,10
45,60,3,0,5
45,61,3,0,24
45,62,3,0,12
46,0,3,0,16
46,1,3,0,21
46,2,3,0,21
46,3,3,0,22
46,4,2,3,6
46,5,2,0,5
46,6,2,0,24
46,7,2,0,8
46,8,2,0,14
46,9,2,0,0
46,10,2,0,19
46,11,2,0,0
46,12,2,0,3
46,13,2,3,13
46,14,3,0,20
46,15,3,0,10
46,16,3,0,1
46,17,3,0,9
46,18,3,0,14
46,19,3,0,18
46,20,3,0,22
46,21,3,0,0
46,22,3,0,1
46,23,3,0,21
46,24,3,0,19
46,25,3,0,2
46,26,3,0,8
46,27,3,0,13
46,28,3,0,13
46,29,3,0,15
46,30,2,3,6
46,31,2,0,17
46,32,2,0,4
46,33,2,0,1
46,34,2,0,17
46,35,2,0,3
46,36,2,0,14
46,37,2,0,0
46,38,2,3,18
46,39,3,0,12
46,40,3,0,19
46,41,3,0,7
46,42,2,3,6
46,43,2,0,14
46,44,2,0,21
46,45,2,0,15
46,46,2,0,17
46,47,2,3,0
46,48,3,0,24
46,49,3,0,17
46,50,3,0,0
46,51,2,3,24
46,52,2,0,24
46,53,2,0,21
46,54,2,0,3
46,55,2,0,8
46,56,2,0,3
46,57,2,3,18
46,58,3,0,3
46,59,3,0,16
46,60,3,0,16
46,61,3,0,23
46,62,3,0,1
47,0,3,0,3
47,1,3,0,19
47,2,3,0,10
47,3,3,0,5
47,4,2,3,21
47,5,2,0,16
47,6,2,0,23
47,7,2,0,14
47,8,2,0,3
47,9,2,0,1
47,10,2,0,11
47,11,2,0,10
47,12,2,3,15
47,13,3,0,2
47,14,3,0,1
47,15,3,0,16
47,16,3,0,5
47,17,3,0,13
47,18,3,0,6
47,19,3,0,16
47,20,3,0,4
47,21,3,0,15
47,22,3,0,11
47,23,3,0,18
47,24,3,0,11
47,25,3,0,1
47,26,3,0,12
47,27,3,0,3
47,28,3,0,5
47,29,3,0,16
47,30,2,3,21
47,31,2,0,11
47,32,2,0,5
47,33,2,0,14
47,34,2,0,5
47,35,2,0,20
47,36,2,0,3
47,37,2,3,0
47,38,3,0,14
47,39,3,0,14
47,40,3,0,24
47,41,3,0,24
47,42,2,3,23
47,43,2,0,8
47,44,2,0,18
47,45,2,0,0
47,46,2,0,5
47,47,2,3,18
47,48,3,0,23
47,49,3,0,6
47,50,2,3,6
47,51,2,0,23
47,52,2,0,5
47,53,2,0,22
47,54,2,0,15
47,55,2,0,10
47,56,2,3,0
47,57,3,0,12
47,58,3,0,3
47,59,3,0,7
47,60,3,0,21
47,61,3,0,10
47,62,3,0,11
48,0,3,0,13
48,1,3,0,20
48,2,3,0,2
48,3,3,0,3
48,4,2,3,22
48,5,2,0,20
48,6,2,0,21
48,7,2,0,10
48,8,2,0,19
48,9,2,0,20
48,10,2,0,2
48,11,2,3,10
48,12,3,0,7
48,13,3,0,5
48,14,3,0,12
48,15,3,0,1
48,16,3,0,23
48,17,3,0,16
48,18,3,0,18
48,19,3,0,18
48,20,3,0,23
48,21,3,0,11
48,22,3,0,10
48,23,3,0,5
48,24,3,0,10
48,25,3,0,13
48,26,3,0,20
48,27,3,0,6
48,28,3,0,7
48,29,3,0,19
48,30,2,3,7
48,31,2,0,17
48,32,2,0,21
48,33,2,0,7
48,34,2,0,1
48,35,2,0,1
48,36,2,0,7
48,37,2,3,2
48,38,3,0,7
48,39,3,0,5
48,40,3,0,6
48,41,3,0,0
48,42,2,3,22
48,43,2,0,9
48,44,2,0,14
48,45,2,0,11
48,46,2,3,0
48,47,3,0,9
48,48,3,0,5
48,49,3,0,24
48,50,2,3,23
48,51,2,0,2
48,52,2,0,20
48,53,2,0,11
48,54,2,0,4
48,55,2,0,18
48,56,2,3,17
48,57,3,0,12
48,58,3,0,23
48,59,3,0,13
48,60,3,0,11
48,61,3,0,13
48,62,3,0,0
49,0,3,0,23
49,1,3,0,6
49,2,3,0,23
49,3,3,0,13
49,4,2,3,23
49,5,2,3,20
49,6,2,3,20
49,7,2,0,12
49,8,2,0,22
49,9,2,0,4
49,10,2,3,13
49,11,3,0,1
49,12,3,0,16
49,13,3,0,15
49,14,3,0,3
49,15,3,0,8
49,16,3,0,20
49,17,3,0,5
49,18,3,0,24
49,19,3,0,12
49,20,3,0,17
49,21,3,0,22
49,22,3,0,16
49,23,3,0,1
49,24,3,0,11
49,25,3,0,18
49,26,3,0,1
49,27,3,0,13
49,28,3,0,18
49,29,3,0,0
49,30,2,3,23
49,31,2,0,5
49,32,2,0,7
49,33,2,0,10
49,34,2,0,2
49,35,2,0,9
49,36,2,0,2
49,37,2,3,17
49,38,3,0,10
49,39,3,0,22
49,40,3,0,20
49,41,3,0,4
49,42,2,3,23
49,43,2,3,20
49,44,2,0,7
49,45,2,0,22
49,46,2,3,1
49,47,2,3,16
49,48,2,3,16
49,49,3,0,21
49,50,2,3,24
49,51,2,0,10
49,52,2,0,16
49,53,2,0,11
49,54,2,0,20
49,55,2,0,11
49,56,2,3,18
49,57,3,0,15
49,58,3,0,8
49,59,3,0,17
49,60,3,0,12
49,61,3,0,3
49,62,3,0,0
50,0,3,0,17
50,1,3,0,2
50,2,3,0,20
50,3,3,0,20
50,4,2,3,8
50,5,2,3,8
50,6,2,3,23
50,7,2,3,20
50,8,2,3,20
50,9,2,3,15
50,10,3,0,21
50,11,3,0,6
50,12,3,0,3
50,13,3,0,21
50,14,3,0,7
50,15,3,0,12
50,16,3,0,4
50,17,3,0,6
50,18,3,0,23
50,19,3,0,22
50,20,2,3,16
50,21,2,3,16
50,22,2,3,16
50,23,2,3,16
50,24,2,3,16
50,25,3,0,23
50,26,3,0,21
50,27,3,0,0
50,28,3,0,10
50,29,3,0,23
50,30,2,3,7
50,31,2,0,23
50,32,2,0,22
50,33,2,0,14
50,34,2,0,9
50,35,2,0,3
50,36,2,0,23
50,37,2,3,18
50,38,3,0,12
50,39,3,0,2
50,40,3,0,17
50,41,3,0,7
50,42,2,3,8
50,43,2,3,22
50,44,2,0,2
50,45,2,0,3
50,46,2,3,4
50,47,2,3,4
50,48,2,3,3
50,49,2,3,9
50,50,2,0,8
50,51,2,0,0
50,52,2,0,9
50,53,2,0,14
50,54,2,0,4
50,55,2,3,0
50,56,3,0,11
50,57,3,0,13
50,58,3,0,19
50,59,3,0,6
50,60,3,0,17
50,61,3,0,10
50,62,3,0,10
51,0,3,0,23
51,1,3,0,3
51,2,3,0,12
51,3,3,0,0
51,4,3,0,4
51,5,3,0,4
51,6,2,3,8
51,7,2,3,8
51,8,2,3,8
51,9,3,0,7
51,10,3,0,19
51,11,3,0,2
51,12,3,0,11
51,13,3,0,9
51,14,3,0,13
51,15,3,0,15
51,16,3,0,22
51,17,3,0,20
51,18,2,3,16
51,19,2,3,9
51,20,2,3,4
51,21,2,3,4
51,22,2,3,4
51,23,2,3,4
51,24,2,3,4
51,25,2,3,16
51,26,2,3,16
51,27,3,0,7
51,28,3,0,7
51,29,3,0,5
51,30,2,3,7
51,31,2,3,20
51,32,2,3,20
51,33,2,3,20
51,34,2,0,12
51,35,2,0,24
51,36,2,3,0
51,37,3,0,15
51,38,3,0,15
51,39,3,0,8
51,40,3,0,6
51,41,3,0,2
51,42,3,0,24
51,43,2,3,24
51,44,2,0,0
51,45,2,0,3
51,46,2,0,5
51,47,2,0,0
51,48,2,3,4
51,49,2,0,2
51,50,2,0,9
51,51,2,0,22
51,52,2,0,10
51,53,2,0,20
51,54,2,0,19
51,55,2,3,18
51,56,3,0,11
51,57,3,0,5
51,58,3,0,13
51,59,3,0,19
51,60,3,0,2
51,61,3,0,14
51,62,3,0,9
52,0,3,0,24
52,1,3,0,18
52,2,3,0,0
52,3,3,0,3
52,4,3,0,6
52,5,3,0,19
52,6,3,0,18
52,7,3,0,10
52,8,3,0,24
52,9,3,0,0
52,10,3,0,13
52,11,3,0,7
52,12,3,0,3
52,13,3,0,18
52,14,3,0,16
52,15,3,0,3
52,16,3,0,16
52,17,2,3,14
52,18,2,3,4
52,19,2,0,7
52,20,2,0,22
52,21,2,0,18
52,22,2,0,8
52,23,2,0,4
52,24,2,0,3
52,25,2,3,4
52,26,2,3,3
52,27,3,0,7
52,28,3,0,24
52,29,3,0,12
52,30,2,3,8
52,31,2,3,8
52,32,2,3,8
52,33,2,3,23
52,34,2,0,5
52,35,2,0,17
52,36,2,3,18
52,37,3,0,6
52,38,2,3,16
52,39,2,3,16
52,40,3,0,2
52,41,3,0,12
52,42,2,3,11
52,43,2,0,9
52,44,2,3,20
52,45,2,0,15
52,46,2,0,9
52,47,2,0,13
52,48,2,0,6
52,49,2,0,12
52,50,2,0,4
52,51,2,0,14
52,52,2,0,22
52,53,2,0,16
52,54,2,3,0
52,55,3,0,9
52,56,3,0,14
52,57,3,0,4
52,58,3,0,9
52,59,3,0,7
52,60,3,0,5
52,61,3,0,11
52,62,3,0,5
53,0,3,0,9
53,1,3,0,15
53,2,3,0,19
53,3,3,0,14
53,4,3,0,23
53,5,3,0,5
53,6,3,0,22
53,7,3,0,9
53,8,3,0,21
53,9,3,0,13
53,10,3,0,16
53,11,3,0,3
53,12,3,0,22
53,13,3,0,8
53,14,3,0,9
53,15,3,0,0
53,16,2,3,6
53,17,2,0,23
53,18,2,0,16
53,19,2,0,1
53,20,2,0,9
53,21,2,0,17
53,22,2,0,4
53,23,2,0,5
53,24,2,0,24
53,25,2,0,22
53,26,2,3,17
53,27,3,0,0
53,28,3,0,1
53,29,3,0,18
53,30,3,0,20
53,31,3,0,18
53,32,3,0,6
53,33,2,3,23
53,34,2,0,17
53,35,2,3,0
53,36,3,0,19
53,37,2,3,9
53,38,2,3,4
53,39,2,3,17
53,40,2,3,16
53,41,2,3,11
53,42,2,0,12
53,43,2,3,15
53,44,2,3,22
53,45,2,0,0
53,46,2,0,12
53,47,2,0,9
53,48,2,0,6
53,49,2,0,5
53,50,2,0,9
53,51,2,0,1
53,52,2,0,11
53,53,2,0,10
53,54,2,3,2
53,55,3,0,9
53,56,3,0,24
53,57,3,0,15
53,58,3,0,10
53,59,3,0,23
53,60,3,0,17
53,61,3,0,4
53,62,3,0,0
54,0,3,0,21
54,1,3,0,11
54,2,3,0,18
54,3,3,0,22
54,4,3,0,11
54,5,3,0,21
54,6,3,0,2
54,7,3,0,1
54,8,3,0,3
54,9,3,0,21
54,10,3,0,23
54,11,3,0,22
54,12,3,0,17
54,13,3,0,21
54,14,3,0,12
54,15,3,0,7
54,16,2,3,24
54,17,2,0,7
54,18,2,0,6
54,19,2,0,23
54,20,2,0,13
54,21,2,0,11
54,22,2,0,15
54,23,2,0,18
54,24,2,0,17
54,25,2,0,6
54,26,2,3,3
54,27,3,0,13
54,28,3,0,10
54,29,3,0,4
54,30,3,0,4
54,31,3,0,7
54,32,3,0,15
54,33,2,3,24
54,34,2,0,15
54,35,2,3,17
54,36,2,3,14
54,37,2,0,21
54,38,2,0,17
54,39,2,3,4
54,40,2,3,4
54,41,2,0,17
54,42,2,3,0
54,43,3,0,17
54,44,2,3,23
54,45,2,0,19
54,46,2,0,1
54,47,2,0,10
54,48,2,0,2
54,49,2,0,4
54,50,2,0,19
54,51,2,0,24
54,52,2,0,9
54,53,2,0,16
54,54,2,3,18
54,55,3,0,19
54,56,3,0,14
54,57,3,0,16
54,58,3,0,7
54,59,3,0,21
54,60,3,0,16
54,61,3,0,12
54,62,3,0,6
55,0,3,0,10
55,1,3,0,6
55,2,3,0,12
55,3,3,0,13
55,4,3,0,16
55,5,3,0,18
55,6,3,0,10
55,7,3,0,11
55,8,3,0,5
55,9,3,0,3
55,10,3,0,11
55,11,3,0,21
55,12,3,0,23
55,13,3,0,16
55,14,3,0,20
55,15,2,3,6
55,16,2,0,11
55,17,2,0,0
55,18,2,0,6
55,19,2,0,24
55,20,2,0,10
55,21,2,0,24
55,22,2,0,22
55,23,2,0,6
55,24,2,0,22
55,25,2,0,5
55,26,2,3,18
55,27,3,0,12
55,28,3,0,13
55,29,2,3,16
55,30,3,0,21
55,31,3,0,23
55,32,2,3,14
55,33,2,0,9
55,34,2,0,19
55,35,2,3,4
55,36,2,0,16
55,37,2,0,11
55,38,2,0,9
55,39,2,0,10
55,40,2,0,7
55,41,2,0,21
55,42,2,3,18
55,43,3,0,6
55,44,2,3,24
55,45,2,0,20
55,46,2,0,20
55,47,2,0,22
55,48,2,0,6
55,49,2,0,16
55,50,2,0,0
55,51,2,0,20
55,52,2,0,14
55,53,2,3,0
55,54,3,0,9
55,55,3,0,6
55,56,3,0,10
55,57,3,0,21
55,58,3,0,19
55,59,3,0,16
55,60,3,0,13
55,61,3,0,0
55,62,3,0,0
56,0,3,0,17
56,1,3,0,12
56,2,3,0,11
56,3,3,0,14
56,4,3,0,19
56,5,3,0,20
56,6,3,0,12
56,7,3,0,1
56,8,3,0,6
56,9,3,0,11
56,10,3,0,20
56,11,3,0,23
56,12,3,0,0
56,13,3,0,6
56,14,3,0,13
56,15,2,3,24
56,16,2,0,0
56,17,2,0,4
56,18,2,0,1
56,19,2,0,7
56,20,2,0,21
56,21,2,0,7
56,22,2,0,16
56,23,2,0,8
56,24,2,0,11
56,25,2,3,0
56,26,3,0,2
56,27,3,0,5
56,28,2,3,19
56,29,2,3,3
56,30,2,3,16
56,31,2,3,19
56,32,2,0,11
56,33,2,0,22
56,34,2,0,18
56,35,2,0,10
56,36,2,0,23
56,37,2,0,3
56,38,2,0,20
56,39,2,0,14
56,40,2,3,20
56,41,2,3,5
56,42,3,0,0
56,43,2,3,6
56,44,2,0,6
56,45,2,0,6
56,46,2,0,16
56,47,2,0,23
56,48,2,0,6
56,49,2,0,10
56,50,2,0,19
56,51,2,0,20
56,52,2,0,11
56,53,2,3,18
56,54,3,0,18
56,55,3,0,24
56,56,3,0,5
56,57,3,0,7
56,58,3,0,8
56,59,3,0,12
56,60,3,0,0
56,61,3,0,6
56,62,3,0,21
57,0,3,0,19
57,1,3,0,8
57,2,3,0,24
57,3,3,0,22
57,4,3,0,0
57,5,3,0,8
57,6,3,0,17
57,7,3,0,21
57,8,3,0,16
57,9,3,0,17
57,10,3,0,2
57,11,3,0,4
57,12,3,0,9
57,13,3,0,14
57,14,2,3,19
57,15,2,0,17
57,16,2,0,12
57,17,2,0,21
57,18,2,0,11
57,19,2,0,18
57,20,2,0,17
57,21,2,0,22
57,22,2,0,24
57,23,2,0,5
57,24,2,0,17
57,25,2,3,1
57,26,3,0,13
57,27,2,3,6
57,28,2,0,22
57,29,2,3,4
57,30,2,3,4
57,31,2,0,9
57,32,2,0,4
57,33,2,0,13
57,34,2,0,13
57,35,2,0,16
57,36,2,0,1
57,37,2,0,11
57,38,2,0,21
57,39,2,3,15
57,40,2,3,8
57,41,3,0,7
57,42,3,0,24
57,43,2,3,24
57,44,2,0,13
57,45,2,0,11
57,46,2,0,12
57,47,2,0,3
57,48,2,0,24
57,49,2,0,6
57,50,2,0,15
57,51,2,0,21
57,52,2,3,0
57,53,3,0,2
57,54,3,0,15
57,55,3,0,21
57,56,3,0,4
57,57,3,0,17
57,58,3,0,16
57,59,3,0,21
57,60,3,0,7
57,61,3,0,21
57,62,3,0,16
58,0,3,0,4
58,1,3,0,2
58,2,3,0,13
58,3,3,0,20
58,4,3,0,1
58,5,3,0,10
58,6,3,0,13
58,7,3,0,23
58,8,3,0,13
58,9,3,0,20
58,10,3,0,17
58,11,3,0,0
58,12,3,0,24
58,13,2,3,6
58,14,2,0,16
58,15,2,0,0
58,16,2,0,9
58,17,2,0,4
58,18,2,0,7
58,19,2,0,23
58,20,2,0,2
58,21,2,0,1
58,22,2,0,2
58,23,2,0,0
58,24,2,0,3
58,25,2,3,18
58,26,3,0,1
58,27,2,3,23
58,28,2,0,22
58,29,2,0,9
58,30,2,0,19
58,31,2,0,10
58,32,2,0,21
58,33,2,0,6
58,34,2,0,5
58,35,2,3,20
58,36,2,3,20
58,37,2,0,11
58,38,2,3,0
58,39,3,0,22
58,40,3,0,3
58,41,3,0,20
58,42,2,3,6
58,43,2,0,12
58,44,2,0,8
58,45,2,0,7
58,46,2,0,22
58,47,2,0,13
58,48,2,0,10
58,49,2,0,8
58,50,2,0,13
58,51,2,0,2
58,52,2,3,1
58,53,3,0,18
58,54,3,0,10
58,55,3,0,7
58,56,3,0,19
58,57,3,0,8
58,58,3,0,1
58,59,3,0,24
58,60,3,0,17
58,61,3,0,11
58,62,3,0,6
59,0,3,0,8
59,1,3,0,8
59,2,3,0,2
59,3,3,0,17
59,4,3,0,13
59,5,3,0,20
59,6,3,0,1
59,7,3,0,8
59,8,3,0,8
59,9,3,0,3
59,10,3,0,24
59,11,3,0,19
59,12,2,3,16
59,13,2,3,24
59,14,2,0,13
59,15,2,0,19
59,16,2,0,19
59,17,2,0,24
59,18,2,0,20
59,19,2,0,7
59,20,2,0,23
59,21,2,0,14
59,22,2,0,8
59,23,2,0,16
59,24,2,3,5
59,25,3,0,22
59,26,3,0,19
59,27,2,3,24
59,28,2,0,0
59,29,2,0,4
59,30,2,0,10
59,31,2,0,21
59,32,2,0,22
59,33,2,0,4
59,34,2,3,5
59,35,2,3,8
59,36,2,3,24
59,37,2,0,9
59,38,2,3,18
59,39,3,0,15
59,40,3,0,14
59,41,3,0,2
59,42,2,3,23
59,43,2,0,9
59,44,2,0,15
59,45,2,0,0
59,46,2,0,22
59,47,2,0,6
59,48,2,0,7
59,49,2,0,2
59,50,2,0,0
59,51,2,0,17
59,52,2,3,18
59,53,3,0,10
59,54,3,0,9
59,55,3,0,18
59,56,3,0,21
59,57,3,0,4
59,58,3,0,1
59,59,3,0,11
59,60,3,0,13
59,61,3,0,10
59,62,3,0,16
60,0,3,0,20
60,1,3,0,14
60,2,3,0,8
60,3,3,0,9
60,4,3,0,7
60,5,3,0,20
60,6,3,0,6
60,7,3,0,0
60,8,3,0,1
60,9,3,0,2
60,10,3,0,1
60,11,2,3,19
60,12,2,3,4
60,13,2,0,22
60,14,2,0,0
60,15,2,0,14
60,16,2,0,10
60,17,2,0,4
60,18,2,0,14
60,19,2,0,22
60,20,2,0,7
60,21,2,0,11
60,22,2,0,23
60,23,2,3,0
60,24,3,0,7
60,25,3,0,5
60,26,2,3,6
60,27,2,0,0
60,28,2,0,4
60,29,2,0,0
60,30,2,0,13
60,31,2,0,19
60,32,2,0,2
60,33,2,3,0
60,34,3,0,12
60,35,2,3,19
60,36,2,0,1
60,37,2,3,0
60,38,3,0,19
60,39,3,0,14
60,40,3,0,19
60,41,3,0,17
60,42,2,3,22
60,43,2,3,20
60,44,2,0,3
60,45,2,0,20
60,46,2,0,21
60,47,2,0,19
60,48,2,0,1
60,49,2,0,20
60,50,2,0,0
60,51,2,3,0
60,52,3,0,11
60,53,3,0,8
60,54,3,0,13
60,55,3,0,13
60,56,3,0,19
60,57,3,0,9
60,58,3,0,3
60,59,3,0,4
60,60,3,0,5
60,61,3,0,14
60,62,3,0,1
61,0,3,0,3
61,1,3,0,1
61,2,3,0,7
61,3,3,0,12
61,4,3,0,2
61,5,3,0,8
61,6,3,0,4
61,7,3,0,0
61,8,3,0,4
61,9,3,0,22
61,10,2,3,6
61,11,2,0,24
61,12,2,0,22
61,13,2,0,6
61,14,2,0,22
61,15,2,0,4
61,16,2,0,19
61,17,2,0,24
61,18,2,0,6
61,19,2,0,19
61,20,2,0,4
61,21,2,0,1
61,22,2,0,7
61,23,2,3,18
61,24,3,0,1
61,25,2,3,16
61,26,2,3,24
61,27,2,0,6
61,28,2,0,0
61,29,2,0,24
61,30,2,0,5
61,31,2,0,12
61,32,2,0,20
61,33,2,3,18
61,34,2,3,6
61,35,2,0,20
61,36,2,0,4
61,37,2,3,2
61,38,2,3,16
61,39,3,0,23
61,40,3,0,13
61,41,3,0,4
61,42,2,3,8
61,43,2,3,23
61,44,2,3,20
61,45,2,0,6
61,46,2,0,2
61,47,2,0,1
61,48,2,0,6
61,49,2,0,12
61,50,2,0,18
61,51,2,3,17
61,52,3,0,22
61,53,3,0,6
61,54,3,0,17
61,55,3,0,12
61,56,3,0,19
61,57,3,0,21
61,58,3,0,17
61,59,3,0,4
61,60,3,0,4
61,61,3,0,22
61,62,3,0,13
62,0,3,0,21
62,1,3,0,12
62,2,3,0,1
62,3,3,0,15
62,4,3,0,14
62,5,3,0,2
62,6,3,0,14
62,7,3,0,1
62,8,3,0,7
62,9,3,0,24
62,10,2,3,24
62,11,2,0,8
62,12,2,0,12
62,13,2,0,0
62,14,2,0,20
62,15,2,0,12
62,16,2,0,14
62,17,2,0,8
62,18,2,0,15
62,19,2,0,8
62,20,2,0,1
62,21,2,0,10
62,22,2,3,0
62,23,2,3,16
62,24,2,3,14
62,25,2,3,4
62,26,2,0,1
62,27,2,0,5
62,28,2,0,5
62,29,2,0,12
62,30,2,0,0
62,31,2,0,10
62,32,2,3,0
62,33,2,3,16
62,34,2,3,24
62,35,2,0,3
62,36,2,0,11
62,37,2,3,4
62,38,2,3,17
62,39,3,0,7
62,40,3,0,1
62,41,3,0,22
62,42,3,0,13
62,43,2,3,8
62,44,2,3,22
62,45,2,0,14
62,46,2,0,13
62,47,2,0,5
62,48,2,0,4
62,49,2,0,16
62,50,2,0,20
62,51,2,3,18
62,52,3,0,0
62,53,3,0,15
62,54,3,0,19
62,55,3,0,1
62,56,3,0,17
62,57,3,0,10
62,58,3,0,22
62,59,3,0,6
62,60,3,0,24
62,61,3,0,22
62,62,3,0,20
63,0,3,0,9
63,1,3,0,11
63,2,3,0,7
63,3,3,0,3
63,4,3,0,2
63,5,3,0,8
63,6,3,0,11
63,7,3,0,9
63,8,3,0,24
63,9,2,3,14
63,10,2,0,1
63,11,2,0,19
63,12,2,0,7
63,13,2,0,21
63,14,2,0,3
63,15,2,0,11
63,16,2,0,11
63,17,2,0,8
63,18,2,0,18
63,19,2,0,0
63,20,2,0,1
63,21,2,0,13
63,22,2,3,4
63,23,2,3,4
63,24,2,0,8
63,25,2,0,2
63,26,2,0,11
63,27,2,0,9
63,28,2,3,20
63,29,2,0,4
63,30,2,0,23
63,31,2,0,1
63,32,2,3,4
63,33,2,3,4
63,34,2,0,18
63,35,2,0,2
63,36,2,0,3
63,37,2,0,23
63,38,2,3,18
63,39,3,0,9
63,40,3,0,11
63,41,2,3,16
63,42,3,0,9
63,43,3,0,19
63,44,2,3,24
63,45,2,0,4
63,46,2,0,11
63,47,2,0,2
63,48,2,0,14
63,49,2,0,6
63,50,2,3,0
63,51,3,0,21
63,52,3,0,15
63,53,3,0,7
63,54,3,0,24
63,55,3,0,16
63,56,3,0,16
63,57,3,0,22
63,58,3,0,16
63,59,3,0,7
63,60,3,0,7
63,61,3,0,15
63,62,3,0,4
64,0,3,0,7
64,1,3,0,21
64,2,3,0,24
64,3,3,0,11
64,4,3,0,19
64,5,3,0,7
64,6,3,0,5
64,7,3,0,9
64,8,2,3,11
64,9,2,0,20
64,10,2,0,5
64,11,2,0,0
64,12,2,0,22
64,13,2,0,11
64,14,2,0,15
64,15,2,0,22
64,16,2,0,12
64,17,2,0,4
64,18,2,0,24
64,19,2,3,20
64,20,2,0,21
64,21,2,0,3
64,22,2,0,8
64,23,2,0,23
64,24,2,0,24
64,25,2,0,13
64,26,2,0,11
64,27,2,3,15
64,28,2,3,22
64,29,2,3,20
64,30,2,0,5
64,31,2,0,9
64,32,2,0,24
64,33,2,0,19
64,34,2,0,17
64,35,2,0,4
64,36,2,0,21
64,37,2,3,0
64,38,3,0,3
64,39,3,0,3
64,40,2,3,14
64,41,2,3,3
64,42,2,3,16
64,43,2,3,9
64,44,2,0,11
64,45,2,0,20
64,46,2,0,7
64,47,2,0,20
64,48,2,0,23
64,49,2,0,14
64,50,2,3,18
64,51,3,0,0
64,52,3,0,13
64,53,3,0,10
64,54,3,0,21
64,55,3,0,17
64,56,3,0,20
64,57,3,0,4
64,58,3,0,23
64,59,3,0,24
64,60,3,0,19
64,61,3,0,9
64,62,3,0,1
