0,0,3,0,21
0,1,3,0,15
0,2,3,0,1
0,3,3,0,22
0,4,3,0,2
0,5,3,0,4
0,6,3,0,10
0,7,3,0,0
0,8,3,0,21
0,9,3,0,18
0,10,3,0,5
0,11,3,0,9
0,12,2,3,24
0,13,2,0,18
0,14,2,0,2
0,15,2,0,14
0,16,2,0,13
0,17,2,3,0
0,18,3,0,23
0,19,3,0,11
0,20,2,3,22
0,21,2,0,9
0,22,2,0,16
0,23,2,0,14
0,24,2,0,8
0,25,2,0,4
0,26,2,0,11
0,27,2,3,18
0,28,3,0,10
0,29,3,0,6
0,30,3,0,19
0,31,3,0,14
0,32,2,3,23
0,33,2,3,20
0,34,2,0,18
0,35,2,0,5
0,36,2,3,20
0,37,2,3,15
0,38,2,3,21
0,39,2,0,12
0,40,2,0,24
0,41,2,3,4
0,42,2,3,4
0,43,2,0,0
0,44,2,0,3
0,45,2,0,17
0,46,2,0,4
0,47,2,0,1
0,48,2,0,24
0,49,2,0,12
0,50,2,0,6
0,51,2,0,11
0,52,2,0,15
0,53,2,0,13
0,54,2,0,3
0,55,2,0,1
0,56,2,3,0
0,57,3,0,0
0,58,3,0,17
0,59,3,0,15
0,60,3,0,14
0,61,3,0,19
0,62,3,0,6
0,63,3,0,0
1,0,3,0,12
1,1,3,0,22
1,2,3,0,20
1,3,3,0,21
1,4,3,0,11
1,5,3,0,5
1,6,3,0,10
1,7,3,0,24
1,8,3,0,23
1,9,3,0,21
1,10,3,0,9
1,11,2,3,6
1,12,2,0,11
1,13,2,0,7
1,14,2,0,17
1,15,2,0,12
1,16,2,0,23
1,17,2,3,18
1,18,3,0,15
1,19,3,0,24
1,20,2,3,7
1,21,2,0,1
1,22,2,0,4
1,23,2,0,21
1,24,2,0,5
1,25,2,0,2
1,26,2,3,0
1,27,3,0,24
1,28,3,0,12
1,29,3,0,24
1,30,3,0,5
1,31,3,0,6
1,32,2,3,8
1,33,2,3,22
1,34,2,3,20
1,35,2,3,15
1,36,2,3,8
1,37,3,0,21
1,38,2,3,23
1,39,2,0,22
1,40,2,0,8
1,41,2,0,5
1,42,2,0,7
1,43,2,0,9
1,44,2,0,3
1,45,2,3,20
1,46,2,3,20
1,47,2,0,3
1,48,2,0,10
1,49,2,0,23
1,50,2,0,9
1,51,2,0,5
1,52,2,0,15
1,53,2,0,1
1,54,2,0,5
1,55,2,0,23
1,56,2,3,17
1,57,3,0,18
1,58,3,0,4
1,59,3,0,8
1,60,3,0,11
1,61,3,0,19
1,62,3,0,12
2,0,3,0,11
2,1,3,0,24
2,2,3,0,12
2,3,3,0,22
2,4,3,0,19
2,5,3,0,10
2,6,3,0,16
2,7,3,0,13
2,8,3,0,3
2,9,3,0,10
2,10,3,0,2
2,11,2,3,21
2,12,2,0,15
2,13,2,0,4
2,14,2,0,1
2,15,2,0,18
2,16,2,3,10
2,17,3,0,3
2,18,3,0,0
2,19,3,0,23
2,20,2,3,24
2,21,2,0,14
2,22,2,0,24
2,23,2,0,0
2,24,2,0,6
2,25,2,0,14
2,26,2,3,3
2,27,3,0,17
2,28,3,0,24
2,29,3,0,13
2,30,3,0,0
2,31,3,0,19
2,32,3,0,23
2,33,2,3,8
2,34,2,3,8
2,35,3,0,15
2,36,3,0,13
2,37,3,0,13
2,38,2,3,23
2,39,2,0,18
2,40,2,0,24
2,41,2,0,10
2,42,2,0,13
2,43,2,0,19
2,44,2,3,10
2,45,2,3,8
2,46,2,3,22
2,47,2,0,14
2,48,2,0,18
2,49,2,0,17
2,50,2,0,18
2,51,2,0,2
2,52,2,0,15
2,53,2,0,8
2,54,2,0,14
2,55,2,0,7
2,56,2,3,18
2,57,3,0,8
2,58,3,0,22
2,59,3,0,19
2,60,3,0,5
2,61,3,0,3
2,62,3,0,13
3,0,3,0,23
3,1,3,0,21
3,2,3,0,16
3,3,3,0,10
3,4,3,0,12
3,5,3,0,16
3,6,3,0,14
3,7,3,0,9
3,8,3,0,0
3,9,3,0,5
3,10,3,0,4
3,11,2,3,21
3,12,2,0,14
3,13,2,0,3
3,14,2,0,16
3,15,2,3,0
3,16,3,0,14
3,17,3,0,14
3,18,3,0,20
3,19,2,3,6
3,20,2,0,6
3,21,2,0,12
3,22,2,0,16
3,23,2,0,6
3,24,2,0,17
3,25,2,0,16
3,26,2,3,3
3,27,3,0,1
3,28,3,0,4
3,29,3,0,23
3,30,3,0,12
3,31,3,0,23
3,32,3,0,9
3,33,3,0,23
3,34,3,0,15
3,35,3,0,15
3,36,3,0,24
3,37,3,0,8
3,38,2,3,22
3,39,2,0,17
3,40,2,0,23
3,41,2,0,9
3,42,2,0,17
3,43,2,3,0
3,44,3,0,23
3,45,3,0,5
3,46,2,3,7
3,47,2,0,24
3,48,2,0,1
3,49,2,0,24
3,50,2,0,24
3,51,2,0,2
3,52,2,0,24
3,53,2,0,12
3,54,2,0,22
3,55,2,3,13
3,56,3,0,16
3,57,3,0,0
3,58,3,0,18
3,59,3,0,20
3,60,3,0,12
3,61,3,0,22
3,62,3,0,12
4,0,3,0,18
4,1,3,0,17
4,2,3,0,10
4,3,3,0,6
4,4,3,0,20
4,5,3,0,2
4,6,3,0,22
4,7,3,0,20
4,8,3,0,21
4,9,3,0,8
4,10,3,0,22
4,11,2,3,24
4,12,2,0,11
4,13,2,0,17
4,14,2,0,12
4,15,2,3,18
4,16,3,0,9
4,17,3,0,20
4,18,3,0,10
4,19,2,3,24
4,20,2,0,6
4,21,2,0,4
4,22,2,0,8
4,23,2,0,6
4,24,2,0,9
4,25,2,0,10
4,26,2,3,2
4,27,2,3,16
4,28,3,0,21
4,29,3,0,22
4,30,3,0,0
4,31,3,0,4
4,32,3,0,13
4,33,3,0,20
4,34,3,0,9
4,35,3,0,19
4,36,3,0,11
4,37,3,0,21
4,38,2,3,22
4,39,2,0,9
4,40,2,0,19
4,41,2,0,22
4,42,2,0,9
4,43,2,3,18
4,44,3,0,19
4,45,3,0,1
4,46,2,3,24
4,47,2,0,24
4,48,2,0,19
4,49,2,0,9
4,50,2,0,21
4,51,2,0,17
4,52,2,0,14
4,53,2,0,21
4,54,2,3,15
4,55,3,0,18
4,56,3,0,13
4,57,3,0,12
4,58,3,0,22
4,59,3,0,3
4,60,3,0,7
4,61,3,0,13
4,62,3,0,4
5,0,3,0,3
5,1,3,0,3
5,2,3,0,6
5,3,3,0,23
5,4,3,0,5
5,5,3,0,24
5,6,3,0,7
5,7,3,0,19
5,8,3,0,17
5,9,3,0,12
5,10,2,3,6
5,11,2,0,22
5,12,2,0,24
5,13,2,0,12
5,14,2,3,0
5,15,3,0,7
5,16,3,0,0
5,17,3,0,23
5,18,2,3,19
5,19,2,0,1
5,20,2,0,15
5,21,2,0,23
5,22,2,0,20
5,23,2,0,20
5,24,2,0,1
5,25,2,0,20
5,26,2,3,4
5,27,2,3,2
5,28,3,0,24
5,29,3,0,10
5,30,3,0,11
5,31,3,0,6
5,32,3,0,7
5,33,3,0,5
5,34,2,3,16
5,35,2,3,16
5,36,3,0,18
5,37,3,0,2
5,38,2,3,24
5,39,2,0,11
5,40,2,0,12
5,41,2,0,24
5,42,2,3,0
5,43,3,0,0
5,44,3,0,10
5,45,2,3,6
5,46,2,0,24
5,47,2,0,24
5,48,2,0,8
5,49,2,0,4
5,50,2,0,0
5,51,2,0,14
5,52,2,0,5
5,53,2,3,10
5,54,3,0,2
5,55,3,0,7
5,56,3,0,1
5,57,3,0,21
5,58,3,0,14
5,59,3,0,12
5,60,3,0,12
5,61,3,0,13
5,62,3,0,17
6,0,3,0,21
6,1,3,0,1
6,2,3,0,20
6,3,3,0,24
6,4,3,0,0
6,5,3,0,0
6,6,3,0,20
6,7,3,0,10
6,8,3,0,11
6,9,3,0,4
6,10,2,3,24
6,11,2,0,14
6,12,2,0,17
6,13,2,0,6
6,14,2,3,17
6,15,2,3,16
6,16,3,0,12
6,17,2,3,11
6,18,2,0,17
6,19,2,0,1
6,20,2,0,6
6,21,2,0,23
6,22,2,0,19
6,23,2,0,23
6,24,2,0,2
6,25,2,0,9
6,26,2,0,21
6,27,2,3,3
6,28,3,0,11
6,29,3,0,18
6,30,3,0,22
6,31,3,0,1
6,32,3,0,9
6,33,2,3,14
6,34,2,3,4
6,35,2,3,18
6,36,3,0,11
6,37,2,3,6
6,38,2,0,7
6,39,2,0,13
6,40,2,0,14
6,41,2,0,18
6,42,2,3,18
6,43,3,0,8
6,44,3,0,13
6,45,2,3,22
6,46,2,0,7
6,47,2,0,23
6,48,2,0,10
6,49,2,0,14
6,50,2,0,8
6,51,2,0,2
6,52,2,3,0
6,53,3,0,7
6,54,3,0,1
6,55,3,0,11
6,56,3,0,22
6,57,3,0,11
6,58,3,0,8
6,59,3,0,10
6,60,3,0,13
6,61,3,0,7
6,62,3,0,22
7,0,3,0,5
7,1,3,0,7
7,2,3,0,9
7,3,3,0,6
7,4,3,0,15
7,5,3,0,20
7,6,3,0,13
7,7,3,0,2
7,8,3,0,24
7,9,2,3,6
7,10,2,0,12
7,11,2,0,9
7,12,2,0,2
7,13,2,0,15
7,14,2,3,4
7,15,2,3,1
7,16,2,3,14
7,17,2,0,0
7,18,2,0,14
7,19,2,0,16
7,20,2,0,3
7,21,2,0,0
7,22,2,0,3
7,23,2,0,18
7,24,2,0,19
7,25,2,0,15
7,26,2,0,15
7,27,2,3,1
7,28,3,0,16
7,29,3,0,5
7,30,3,0,5
7,31,2,3,16
7,32,2,3,19
7,33,2,0,6
7,34,2,3,0
7,35,3,0,24
7,36,3,0,2
7,37,2,3,24
7,38,2,0,2
7,39,2,0,11
7,40,2,0,20
7,41,2,3,13
7,42,3,0,21
7,43,3,0,17
7,44,3,0,16
7,45,2,3,24
7,46,2,0,5
7,47,2,0,21
7,48,2,0,22
7,49,2,0,15
7,50,2,0,13
7,51,2,0,6
7,52,2,3,18
7,53,3,0,16
7,54,3,0,21
7,55,3,0,10
7,56,3,0,7
7,57,3,0,16
7,58,3,0,10
7,59,3,0,12
7,60,3,0,10
7,61,3,0,5
7,62,3,0,4
8,0,3,0,4
8,1,3,0,14
8,2,3,0,0
8,3,3,0,15
8,4,3,0,13
8,5,3,0,2
8,6,3,0,18
8,7,3,0,14
8,8,3,0,22
8,9,2,3,23
8,10,2,0,21
8,11,2,0,17
8,12,2,0,16
8,13,2,0,11
8,14,2,0,0
8,15,2,3,4
8,16,2,0,19
8,17,2,0,5
8,18,2,0,10
8,19,2,0,0
8,20,2,0,10
8,21,2,0,17
8,22,2,0,1
8,23,2,0,6
8,24,2,0,14
8,25,2,0,6
8,26,2,0,19
8,27,2,3,2
8,28,3,0,3
8,29,3,0,21
8,30,2,3,6
8,31,2,3,4
8,32,2,0,17
8,33,2,0,8
8,34,2,3,3
8,35,3,0,24
8,36,2,3,6
8,37,2,0,5
8,38,2,0,23
8,39,2,0,15
8,40,2,3,0
8,41,3,0,0
8,42,3,0,22
8,43,3,0,11
8,44,2,3,19
8,45,2,0,5
8,46,2,0,20
8,47,2,0,12
8,48,2,0,7
8,49,2,0,14
8,50,2,0,16
8,51,2,3,10
8,52,3,0,23
8,53,3,0,5
8,54,3,0,16
8,55,3,0,16
8,56,3,0,6
8,57,3,0,11
8,58,3,0,17
8,59,3,0,13
8,60,3,0,13
8,61,3,0,16
8,62,3,0,23
9,0,3,0,14
9,1,3,0,15
9,2,3,0,13
9,3,3,0,20
9,4,3,0,4
9,5,3,0,17
9,6,3,0,11
9,7,3,0,20
9,8,3,0,15
9,9,2,3,24
9,10,2,0,15
9,11,2,0,0
9,12,2,0,1
9,13,2,0,15
9,14,2,0,0
9,15,2,0,21
9,16,2,0,0
9,17,2,0,22
9,18,2,0,3
9,19,2,0,18
9,20,2,0,18
9,21,2,0,8
9,22,2,0,9
9,23,2,0,14
9,24,2,0,21
9,25,2,0,17
9,26,2,0,11
9,27,2,3,18
9,28,3,0,23
9,29,3,0,3
9,30,2,3,24
9,31,2,0,19
9,32,2,0,2
9,33,2,0,20
9,34,2,3,18
9,35,3,0,18
9,36,2,3,23
9,37,2,0,7
9,38,2,0,16
9,39,2,0,20
9,40,2,3,18
9,41,3,0,10
9,42,3,0,14
9,43,2,3,6
9,44,2,0,2
9,45,2,0,14
9,46,2,0,0
9,47,2,0,4
9,48,2,0,8
9,49,2,0,5
9,50,2,3,10
9,51,3,0,16
9,52,3,0,16
9,53,3,0,24
9,54,3,0,2
9,55,3,0,22
9,56,3,0,17
9,57,3,0,11
9,58,3,0,7
9,59,3,0,14
9,60,3,0,17
9,61,3,0,22
9,62,3,0,22
10,0,3,0,9
10,1,3,0,0
10,2,3,0,10
10,3,3,0,20
10,4,3,0,7
10,5,3,0,6
10,6,3,0,23
10,7,3,0,23
10,8,2,3,6
10,9,2,0,11
10,10,2,0,14
10,11,2,0,5
10,12,2,0,13
10,13,2,0,19
10,14,2,0,0
10,15,2,0,2
10,16,2,0,9
10,17,2,0,2
10,18,2,0,20
10,19,2,0,7
10,20,2,0,23
10,21,2,0,18
10,22,2,0,11
10,23,2,0,12
10,24,2,0,12
10,25,2,0,13
10,26,2,3,0
10,27,2,3,16
10,28,2,3,16
10,29,2,3,14
10,30,2,0,6
10,31,2,0,17
10,32,2,0,18
10,33,2,3,0
10,34,3,0,6
10,35,3,0,9
10,36,2,3,24
10,37,2,0,12
10,38,2,0,24
10,39,2,3,0
10,40,3,0,13
10,41,3,0,16
10,42,3,0,17
10,43,2,3,24
10,44,2,0,12
10,45,2,0,0
10,46,2,0,1
10,47,2,0,20
10,48,2,0,5
10,49,2,3,15
10,50,3,0,15
10,51,3,0,5
10,52,3,0,17
10,53,3,0,4
10,54,3,0,11
10,55,3,0,4
10,56,3,0,3
10,57,3,0,5
10,58,3,0,5
10,59,3,0,9
10,60,3,0,20
10,61,3,0,24
10,62,3,0,20
11,0,3,0,14
11,1,3,0,6
11,2,3,0,2
11,3,3,0,20
11,4,3,0,12
11,5,3,0,24
11,6,3,0,22
11,7,3,0,6
11,8,2,3,24
11,9,2,0,1
11,10,2,0,22
11,11,2,0,1
11,12,2,0,10
11,13,2,0,3
11,14,2,0,12
11,15,2,0,4
11,16,2,0,9
11,17,2,0,11
11,18,2,0,9
11,19,2,3,20
11,20,2,0,22
11,21,2,0,24
11,22,2,0,6
11,23,2,0,13
11,24,2,0,10
11,25,2,0,3
11,26,2,3,4
11,27,2,0,10
11,28,2,3,4
11,29,2,0,24
11,30,2,0,6
11,31,2,0,2
11,32,2,0,12
11,33,2,3,18
11,34,3,0,14
11,35,2,3,6
11,36,2,0,17
11,37,2,0,19
11,38,2,0,1
11,39,2,3,2
11,40,3,0,6
11,41,3,0,2
11,42,2,3,9
11,43,2,0,21
11,44,2,0,24
11,45,2,0,18
11,46,2,0,2
11,47,2,3,20
11,48,2,3,15
11,49,3,0,18
11,50,3,0,23
11,51,3,0,2
11,52,3,0,12
11,53,3,0,18
11,54,3,0,23
11,55,3,0,24
11,56,3,0,20
11,57,3,0,6
11,58,3,0,19
11,59,3,0,0
11,60,3,0,1
11,61,3,0,6
11,62,3,0,17
12,0,3,0,1
12,1,3,0,1
12,2,3,0,15
12,3,3,0,18
12,4,3,0,20
12,5,3,0,12
12,6,3,0,1
12,7,2,3,6
12,8,2,0,8
12,9,2,0,6
12,10,2,0,13
12,11,2,0,10
12,12,2,0,23
12,13,2,0,6
12,14,2,0,16
12,15,2,0,14
12,16,2,0,11
12,17,2,0,3
12,18,2,3,5
12,19,2,3,21
12,20,2,0,24
12,21,2,0,3
12,22,2,0,1
12,23,2,0,18
12,24,2,0,8
12,25,2,0,24
12,26,2,0,6
12,27,2,0,15
12,28,2,0,19
12,29,2,0,19
12,30,2,0,5
12,31,2,0,21
12,32,2,3,0
12,33,3,0,14
12,34,3,0,21
12,35,2,3,24
12,36,2,0,0
12,37,2,0,11
12,38,2,0,24
12,39,2,3,3
12,40,2,3,16
12,41,2,3,11
12,42,2,0,24
12,43,2,0,13
12,44,2,0,1
12,45,2,3,20
12,46,2,3,15
12,47,2,3,8
12,48,3,0,17
12,49,3,0,23
12,50,3,0,12
12,51,3,0,14
12,52,3,0,13
12,53,3,0,1
12,54,3,0,8
12,55,3,0,19
12,56,3,0,12
12,57,3,0,23
12,58,3,0,19
12,59,3,0,20
12,60,3,0,14
12,61,3,0,3
12,62,3,0,16
13,0,3,0,20
13,1,3,0,23
13,2,3,0,13
13,3,3,0,6
13,4,3,0,19
13,5,3,0,5
13,6,3,0,19
13,7,2,3,7
13,8,2,0,7
13,9,2,0,5
13,10,2,0,9
13,11,2,0,7
13,12,2,0,11
13,13,2,0,0
13,14,2,0,7
13,15,2,0,16
13,16,2,0,14
13,17,2,3,0
13,18,3,0,19
13,19,2,3,21
13,20,2,0,6
13,21,2,0,12
13,22,2,0,0
13,23,2,0,2
13,24,2,0,18
13,25,2,0,14
13,26,2,0,24
13,27,2,0,10
13,28,2,0,10
13,29,2,0,8
13,30,2,0,4
13,31,2,0,6
13,32,2,3,1
13,33,2,3,16
13,34,2,3,14
13,35,2,0,11
13,36,2,0,20
13,37,2,0,23
13,38,2,0,3
13,39,2,3,4
13,40,2,3,4
13,41,2,0,4
13,42,2,0,5
13,43,2,0,19
13,44,2,3,5
13,45,2,3,8
13,46,3,0,23
13,47,3,0,9
13,48,3,0,6
13,49,3,0,5
13,50,3,0,0
13,51,3,0,16
13,52,3,0,14
13,53,3,0,13
13,54,3,0,13
13,55,3,0,18
13,56,3,0,23
13,57,3,0,10
13,58,3,0,18
13,59,3,0,12
13,60,3,0,15
13,61,3,0,18
13,62,3,0,6
14,0,3,0,4
14,1,3,0,11
14,2,3,0,3
14,3,3,0,22
14,4,3,0,2
14,5,3,0,18
14,6,3,0,12
14,7,2,3,7
14,8,2,0,11
14,9,2,0,22
14,10,2,0,24
14,11,2,0,4
14,12,2,0,17
14,13,2,0,1
14,14,2,0,21
14,15,2,0,19
14,16,2,0,12
14,17,2,3,18
14,18,3,0,17
14,19,2,3,22
14,20,2,3,20
14,21,2,0,20
14,22,2,0,7
14,23,2,0,8
14,24,2,0,19
14,25,2,0,7
14,26,2,0,18
14,27,2,0,3
14,28,2,0,22
14,29,2,0,2
14,30,2,0,10
14,31,2,0,7
14,32,2,3,4
14,33,2,3,4
14,34,2,0,24
14,35,2,0,5
14,36,2,0,18
14,37,2,0,14
14,38,2,0,22
14,39,2,0,18
14,40,2,0,19
14,41,2,0,15
14,42,2,0,19
14,43,2,3,5
14,44,3,0,6
14,45,3,0,6
14,46,3,0,15
14,47,3,0,23
14,48,3,0,14
14,49,3,0,8
14,50,3,0,22
14,51,3,0,14
14,52,3,0,21
14,53,3,0,18
14,54,3,0,20
14,55,3,0,20
14,56,3,0,7
14,57,3,0,9
14,58,3,0,22
14,59,3,0,3
14,60,3,0,24
14,61,3,0,5
14,62,3,0,22
15,0,3,0,2
15,1,3,0,4
15,2,3,0,21
15,3,3,0,23
15,4,3,0,9
15,5,3,0,24
15,6,3,0,17
15,7,2,3,22
15,8,2,0,11
15,9,2,0,21
15,10,2,0,11
15,11,2,0,22
15,12,2,0,10
15,13,2,0,22
15,14,2,0,20
15,15,2,0,6
15,16,2,3,0
15,17,3,0,1
15,18,3,0,9
15,19,2,3,8
15,20,2,3,22
15,21,2,0,17
15,22,2,0,19
15,23,2,0,3
15,24,2,0,4
15,25,2,0,12
15,26,2,0,1
15,27,2,0,1
15,28,2,0,4
15,29,2,0,1
15,30,2,0,3
15,31,2,0,20
15,32,2,0,14
15,33,2,0,9
15,34,2,0,17
15,35,2,0,19
15,36,2,0,19
15,37,2,0,9
15,38,2,0,19
15,39,2,0,2
15,40,2,0,7
15,41,2,0,20
15,42,2,3,0
15,43,3,0,8
15,44,3,0,11
15,45,3,0,4
15,46,3,0,1
15,47,3,0,21
15,48,3,0,3
15,49,3,0,3
15,50,3,0,2
15,51,3,0,15
15,52,3,0,22
15,53,3,0,13
15,54,3,0,15
15,55,3,0,16
15,56,3,0,8
15,57,3,0,14
15,58,3,0,19
15,59,3,0,14
15,60,3,0,23
15,61,3,0,19
15,62,3,0,14
16,0,3,0,7
16,1,3,0,17
16,2,3,0,1
16,3,3,0,7
16,4,3,0,11
16,5,3,0,5
16,6,3,0,21
16,7,2,3,22
16,8,2,0,16
16,9,2,0,9
16,10,2,0,0
16,11,2,0,23
16,12,2,0,13
16,13,2,0,18
16,14,2,0,4
16,15,2,0,1
16,16,2,3,18
16,17,3,0,12
16,18,3,0,21
16,19,3,0,7
16,20,2,3,7
16,21,2,0,5
16,22,2,0,24
16,23,2,0,4
16,24,2,0,15
16,25,2,0,5
16,26,2,0,6
16,27,2,0,23
16,28,2,0,24
16,29,2,0,0
16,30,2,0,5
16,31,2,0,2
16,32,2,0,11
16,33,2,0,7
16,34,2,0,7
16,35,2,0,7
16,36,2,0,4
16,37,2,0,2
16,38,2,0,10
16,39,2,0,19
16,40,2,0,18
16,41,2,0,20
16,42,2,3,18
16,43,3,0,4
16,44,3,0,22
16,45,3,0,17
16,46,3,0,10
16,47,3,0,23
16,48,3,0,3
16,49,3,0,6
16,50,3,0,3
16,51,3,0,15
16,52,3,0,17
16,53,3,0,11
16,54,3,0,20
16,55,3,0,4
16,56,3,0,8
16,57,3,0,15
16,58,3,0,22
16,59,3,0,24
16,60,3,0,1
16,61,3,0,5
16,62,3,0,0
17,0,3,0,13
17,1,3,0,20
17,2,3,0,0
17,3,3,0,20
17,4,3,0,16
17,5,3,0,16
17,6,3,0,2
17,7,2,3,21
17,8,2,0,23
17,9,2,0,8
17,10,2,0,5
17,11,2,0,15
17,12,2,0,14
17,13,2,0,13
17,14,2,0,17
17,15,2,3,10
17,16,3,0,2
17,17,3,0,19
17,18,3,0,2
17,19,3,0,11
17,20,2,3,22
17,21,2,0,15
17,22,2,0,21
17,23,2,0,20
17,24,2,0,17
17,25,2,0,19
17,26,2,0,24
17,27,2,0,23
17,28,2,0,1
17,29,2,0,0
17,30,2,0,9
17,31,2,0,0
17,32,2,0,4
17,33,2,0,16
17,34,2,0,16
17,35,2,0,2
17,36,2,0,18
17,37,2,0,1
17,38,2,0,15
17,39,2,0,9
17,40,2,0,6
17,41,2,3,15
17,42,3,0,22
17,43,3,0,13
17,44,3,0,22
17,45,3,0,13
17,46,3,0,8
17,47,3,0,17
17,48,3,0,1
17,49,3,0,17
17,50,3,0,11
17,51,3,0,3
17,52,3,0,9
17,53,3,0,3
17,54,3,0,11
17,55,3,0,0
17,56,3,0,18
17,57,3,0,6
17,58,3,0,22
17,59,3,0,14
17,60,3,0,20
17,61,3,0,20
17,62,3,0,6
18,0,3,0,12
18,1,3,0,2
18,2,3,0,20
18,3,3,0,3
18,4,3,0,6
18,5,3,0,7
18,6,3,0,13
18,7,2,3,21
18,8,2,0,3
18,9,2,0,20
18,10,2,0,23
18,11,2,0,10
18,12,2,0,18
18,13,2,0,2
18,14,2,3,10
18,15,3,0,6
18,16,3,0,2
18,17,3,0,16
18,18,3,0,10
18,19,3,0,2
18,20,2,3,24
18,21,2,0,18
18,22,2,0,24
18,23,2,0,13
18,24,2,0,21
18,25,2,0,20
18,26,2,0,20
18,27,2,0,7
18,28,2,0,13
18,29,2,0,23
18,30,2,0,22
18,31,2,0,7
18,32,2,0,3
18,33,2,0,11
18,34,2,0,22
18,35,2,0,18
18,36,2,0,8
18,37,2,0,11
18,38,2,0,12
18,39,2,0,23
18,40,2,3,0
18,41,3,0,6
18,42,3,0,0
18,43,3,0,17
18,44,3,0,13
18,45,3,0,22
18,46,3,0,17
18,47,3,0,14
18,48,3,0,17
18,49,3,0,23
18,50,3,0,15
18,51,3,0,10
18,52,3,0,22
18,53,3,0,17
18,54,3,0,9
18,55,3,0,4
18,56,3,0,23
18,57,3,0,8
18,58,3,0,3
18,59,3,0,10
18,60,3,0,11
18,61,3,0,13
18,62,3,0,11
19,0,3,0,3
19,1,3,0,7
19,2,3,0,17
19,3,3,0,23
19,4,3,0,20
19,5,3,0,4
19,6,3,0,11
19,7,2,3,24
19,8,2,0,6
19,9,2,0,8
19,10,2,0,9
19,11,2,0,1
19,12,2,0,18
19,13,2,3,0
19,14,3,0,24
19,15,3,0,2
19,16,3,0,14
19,17,3,0,21
19,18,3,0,18
19,19,2,3,9
19,20,2,0,11
19,21,2,0,20
19,22,2,0,20
19,23,2,0,22
19,24,2,0,2
19,25,2,0,9
19,26,2,0,19
19,27,2,0,2
19,28,2,0,10
19,29,2,0,22
19,30,2,0,18
19,31,2,0,2
19,32,2,0,7
19,33,2,0,12
19,34,2,0,4
19,35,2,0,14
19,36,2,0,19
19,37,2,0,22
19,38,2,0,22
19,39,2,0,4
19,40,2,3,18
19,41,3,0,1
19,42,3,0,5
19,43,3,0,17
19,44,3,0,4
19,45,3,0,21
19,46,3,0,22
19,47,3,0,8
19,48,3,0,15
19,49,3,0,0
19,50,3,0,17
19,51,3,0,11
19,52,3,0,12
19,53,3,0,7
19,54,3,0,24
19,55,3,0,7
19,56,3,0,18
19,57,3,0,14
19,58,3,0,2
19,59,3,0,6
19,60,3,0,5
19,61,3,0,0
19,62,3,0,21
20,0,3,0,1
20,1,3,0,9
20,2,3,0,2
20,3,3,0,6
20,4,3,0,0
20,5,3,0,12
20,6,2,3,6
20,7,2,0,3
20,8,2,0,15
20,9,2,0,10
20,10,2,0,19
20,11,2,0,6
20,12,2,0,23
20,13,2,3,1
20,14,3,0,4
20,15,3,0,9
20,16,3,0,15
20,17,2,3,16
20,18,2,3,9
20,19,2,0,12
20,20,2,0,6
20,21,2,0,15
20,22,2,3,20
20,23,2,3,20
20,24,2,3,20
20,25,2,0,13
20,26,2,0,24
20,27,2,0,7
20,28,2,0,19
20,29,2,0,15
20,30,2,0,19
20,31,2,0,16
20,32,2,0,15
20,33,2,0,2
20,34,2,0,1
20,35,2,0,4
20,36,2,0,11
20,37,2,0,6
20,38,2,3,20
20,39,2,3,13
20,40,3,0,11
20,41,3,0,11
20,42,3,0,10
20,43,3,0,17
20,44,3,0,1
20,45,3,0,1
20,46,3,0,0
20,47,3,0,3
20,48,3,0,3
20,49,3,0,5
20,50,3,0,1
20,51,3,0,11
20,52,3,0,13
20,53,3,0,5
20,54,3,0,15
20,55,3,0,19
20,56,3,0,17
20,57,3,0,23
20,58,3,0,11
20,59,3,0,21
20,60,3,0,1
20,61,3,0,13
20,62,3,0,14
21,0,3,0,6
21,1,3,0,24
21,2,3,0,3
21,3,3,0,23
21,4,3,0,11
21,5,3,0,19
21,6,2,3,24
21,7,2,0,15
21,8,2,0,17
21,9,2,0,5
21,10,2,0,4
21,11,2,0,20
21,12,2,0,12
21,13,2,3,2
21,14,2,3,16
21,15,3,0,10
21,16,2,3,6
21,17,2,3,4
21,18,2,0,12
21,19,2,0,1
21,20,2,0,23
21,21,2,3,13
21,22,2,3,8
21,23,2,3,8
21,24,2,3,22
21,25,2,0,12
21,26,2,0,4
21,27,2,0,11
21,28,2,0,23
21,29,2,0,14
21,30,2,0,3
21,31,2,0,2
21,32,2,0,15
21,33,2,0,3
21,34,2,0,5
21,35,2,0,23
21,36,2,0,1
21,37,2,3,15
21,38,2,3,8
21,39,3,0,3
21,40,3,0,13
21,41,3,0,23
21,42,3,0,2
21,43,3,0,2
21,44,3,0,3
21,45,3,0,0
21,46,3,0,24
21,47,3,0,19
21,48,3,0,1
21,49,3,0,0
21,50,3,0,1
21,51,3,0,23
21,52,3,0,24
21,53,3,0,5
21,54,3,0,23
21,55,3,0,8
21,56,3,0,23
21,57,3,0,10
21,58,3,0,24
21,59,3,0,8
21,60,3,0,10
21,61,3,0,19
21,62,3,0,9
22,0,3,0,22
22,1,3,0,0
22,2,3,0,17
22,3,3,0,11
22,4,3,0,19
22,5,2,3,6
22,6,2,0,1
22,7,2,0,5
22,8,2,0,17
22,9,2,0,1
22,10,2,0,8
22,11,2,0,9
22,12,2,0,15
22,13,2,3,4
22,14,2,3,17
22,15,3,0,0
22,16,2,3,24
22,17,2,0,23
22,18,2,0,0
22,19,2,0,23
22,20,2,3,0
22,21,3,0,19
22,22,3,0,10
22,23,3,0,8
22,24,2,3,24
22,25,2,0,16
22,26,2,0,16
22,27,2,0,20
22,28,2,0,18
22,29,2,3,20
22,30,2,0,18
22,31,2,0,18
22,32,2,0,2
22,33,2,0,11
22,34,2,0,4
22,35,2,0,8
22,36,2,3,15
22,37,3,0,23
22,38,3,0,19
22,39,3,0,12
22,40,3,0,14
22,41,3,0,21
22,42,3,0,19
22,43,3,0,5
22,44,3,0,16
22,45,3,0,19
22,46,3,0,17
22,47,3,0,7
22,48,3,0,17
22,49,3,0,22
22,50,3,0,7
22,51,3,0,7
22,52,3,0,10
22,53,3,0,20
22,54,3,0,5
22,55,3,0,5
22,56,3,0,10
22,57,3,0,4
22,58,3,0,18
22,59,3,0,13
22,60,3,0,20
22,61,3,0,16
22,62,3,0,4
23,0,3,0,12
23,1,3,0,2
23,2,3,0,12
23,3,3,0,20
23,4,3,0,22
23,5,2,3,23
23,6,2,3,20
23,7,2,0,14
23,8,2,0,12
23,9,2,0,6
23,10,2,0,2
23,11,2,0,16
23,12,2,0,22
23,13,2,0,16
23,14,2,3,3
23,15,2,3,9
23,16,2,0,11
23,17,2,0,23
23,18,2,0,14
23,19,2,0,14
23,20,2,3,17
23,21,3,0,23
23,22,3,0,11
23,23,2,3,19
23,24,2,0,5
23,25,2,0,6
23,26,2,0,6
23,27,2,0,14
23,28,2,3,15
23,29,2,3,21
23,30,2,3,20
23,31,2,0,6
23,32,2,0,11
23,33,2,0,23
23,34,2,3,20
23,35,2,3,10
23,36,3,0,18
23,37,3,0,7
23,38,3,0,9
23,39,3,0,16
23,40,3,0,15
23,41,3,0,22
23,42,3,0,7
23,43,3,0,5
23,44,3,0,0
23,45,3,0,20
23,46,3,0,0
23,47,3,0,10
23,48,3,0,14
23,49,3,0,11
23,50,3,0,6
23,51,3,0,13
23,52,3,0,23
23,53,3,0,6
23,54,3,0,20
23,55,3,0,20
23,56,3,0,24
23,57,3,0,1
23,58,3,0,22
23,59,3,0,1
23,60,3,0,14
23,61,3,0,4
23,62,3,0,11
24,0,3,0,24
24,1,3,0,16
24,2,3,0,6
24,3,3,0,2
24,4,3,0,19
24,5,2,3,8
24,6,2,3,7
24,7,2,0,0
24,8,2,0,11
24,9,2,0,19
24,10,2,0,24
24,11,2,0,24
24,12,2,0,16
24,13,2,0,0
24,14,2,3,4
24,15,2,0,14
24,16,2,0,17
24,17,2,0,24
24,18,2,0,23
24,19,2,0,21
24,20,2,3,17
24,21,2,3,16
24,22,2,3,11
24,23,2,0,11
24,24,2,0,0
24,25,2,0,8
24,26,2,0,11
24,27,2,3,0
24,28,3,0,20
24,29,2,3,8
24,30,2,3,23
24,31,2,3,20
24,32,2,0,3
24,33,2,3,10
24,34,2,3,8
24,35,3,0,13
24,36,3,0,11
24,37,3,0,6
24,38,3,0,12
24,39,3,0,22
24,40,3,0,8
24,41,3,0,12
24,42,3,0,1
24,43,3,0,7
24,44,3,0,21
24,45,3,0,5
24,46,3,0,10
24,47,3,0,14
24,48,2,3,16
24,49,2,3,16
24,50,2,3,16
24,51,3,0,23
24,52,3,0,5
24,53,2,3,16
24,54,3,0,22
24,55,3,0,0
24,56,3,0,1
24,57,3,0,15
24,58,3,0,19
24,59,3,0,16
24,60,3,0,22
24,61,3,0,5
24,62,3,0,1
25,0,3,0,0
25,1,3,0,10
25,2,3,0,13
25,3,3,0,15
25,4,3,0,24
25,5,3,0,14
25,6,2,3,7
25,7,2,0,16
25,8,2,0,9
25,9,2,0,21
25,10,2,0,19
25,11,2,0,0
25,12,2,0,18
25,13,2,0,7
25,14,2,0,22
25,15,2,0,1
25,16,2,0,4
25,17,2,0,2
25,18,2,0,6
25,19,2,0,0
25,20,2,3,4
25,21,2,3,4
25,22,2,0,24
25,23,2,0,19
25,24,2,0,4
25,25,2,0,16
25,26,2,0,14
25,27,2,3,3
25,28,3,0,14
25,29,3,0,11
25,30,2,3,8
25,31,2,3,21
25,32,2,3,15
25,33,3,0,14
25,34,3,0,21
25,35,3,0,2
25,36,3,0,5
25,37,3,0,10
25,38,3,0,6
25,39,3,0,20
25,40,3,0,21
25,41,3,0,11
25,42,3,0,4
25,43,3,0,16
25,44,3,0,24
25,45,3,0,2
25,46,2,3,16
25,47,2,3,9
25,48,2,3,4
25,49,2,3,4
25,50,2,3,1
25,51,2,3,16
25,52,2,3,9
25,53,2,3,17
25,54,3,0,19
25,55,3,0,15
25,56,3,0,19
25,57,3,0,8
25,58,3,0,12
25,59,3,0,3
25,60,3,0,9
25,61,3,0,14
25,62,3,0,8
26,0,3,0,14
26,1,3,0,19
26,2,3,0,5
26,3,3,0,3
26,4,3,0,9
26,5,3,0,14
26,6,2,3,22
26,7,2,0,0
26,8,2,0,17
26,9,2,0,21
26,10,2,0,14
26,11,2,0,0
26,12,2,0,0
26,13,2,0,22
26,14,2,0,20
26,15,2,0,6
26,16,2,0,10
26,17,2,0,24
26,18,2,0,6
26,19,2,0,12
26,20,2,0,21
26,21,2,0,7
26,22,2,0,8
26,23,2,0,19
26,24,2,0,12
26,25,2,0,3
26,26,2,0,9
26,27,2,3,3
26,28,3,0,3
26,29,3,0,16
26,30,3,0,20
26,31,2,3,8
26,32,3,0,16
26,33,3,0,7
26,34,3,0,24
26,35,3,0,6
26,36,3,0,17
26,37,3,0,6
26,38,3,0,4
26,39,3,0,11
26,40,3,0,19
26,41,3,0,6
26,42,3,0,0
26,43,3,0,10
26,44,3,0,17
26,45,2,3,19
26,46,2,3,4
26,47,2,0,12
26,48,2,0,9
26,49,2,0,16
26,50,2,3,4
26,51,2,3,4
26,52,2,0,10
26,53,2,3,3
26,54,3,0,13
26,55,3,0,9
26,56,3,0,24
26,57,3,0,16
26,58,3,0,18
26,59,3,0,24
26,60,3,0,2
26,61,3,0,10
26,62,3,0,4
27,0,3,0,9
27,1,3,0,9
27,2,3,0,22
27,3,3,0,19
27,4,3,0,19
27,5,3,0,11
27,6,2,3,22
27,7,2,3,20
27,8,2,3,20
27,9,2,0,1
27,10,2,0,24
27,11,2,0,17
27,12,2,0,6
27,13,2,0,21
27,14,2,0,7
27,15,2,0,2
27,16,2,0,15
27,17,2,0,17
27,18,2,0,6
27,19,2,0,20
27,20,2,0,0
27,21,2,0,13
27,22,2,0,5
27,23,2,0,7
27,24,2,0,4
27,25,2,0,2
27,26,2,0,1
27,27,2,3,17
27,28,2,3,16
27,29,3,0,24
27,30,3,0,9
27,31,3,0,12
27,32,3,0,10
27,33,3,0,24
27,34,3,0,13
27,35,3,0,16
27,36,3,0,12
27,37,3,0,7
27,38,3,0,8
27,39,3,0,6
27,40,3,0,0
27,41,3,0,20
27,42,3,0,13
27,43,3,0,14
27,44,2,3,9
27,45,2,0,0
27,46,2,0,15
27,47,2,0,5
27,48,2,0,12
27,49,2,0,19
27,50,2,0,19
27,51,2,0,10
27,52,2,0,21
27,53,2,3,2
27,54,2,3,16
27,55,3,0,1
27,56,3,0,18
27,57,3,0,11
27,58,3,0,1
27,59,3,0,23
27,60,3,0,18
27,61,3,0,1
27,62,3,0,15
28,0,3,0,23
28,1,3,0,7
28,2,3,0,3
28,3,3,0,7
28,4,3,0,16
28,5,3,0,15
28,6,2,3,8
28,7,2,3,8
28,8,2,3,21
28,9,2,0,14
28,10,2,0,13
28,11,2,0,10
28,12,2,0,23
28,13,2,0,7
28,14,2,0,14
28,15,2,0,17
28,16,2,0,3
28,17,2,3,20
28,18,2,3,20
28,19,2,3,20
28,20,2,0,3
28,21,2,0,13
28,22,2,0,8
28,23,2,0,6
28,24,2,0,21
28,25,2,0,6
28,26,2,0,2
28,27,2,3,4
28,28,2,3,3
28,29,2,3,16
28,30,3,0,10
28,31,3,0,18
28,32,3,0,21
28,33,3,0,1
28,34,3,0,16
28,35,3,0,12
28,36,3,0,22
28,37,3,0,14
28,38,3,0,5
28,39,3,0,2
28,40,3,0,19
28,41,3,0,10
28,42,3,0,0
28,43,2,3,14
28,44,2,0,5
28,45,2,0,16
28,46,2,0,13
28,47,2,0,11
28,48,2,0,13
28,49,2,0,23
28,50,2,0,10
28,51,2,0,6
28,52,2,0,15
28,53,2,3,4
28,54,2,3,3
28,55,2,3,16
28,56,2,3,16
28,57,2,3,16
28,58,3,0,8
28,59,3,0,22
28,60,3,0,20
28,61,3,0,10
28,62,3,0,3
29,0,3,0,9
29,1,3,0,16
29,2,3,0,18
29,3,3,0,4
29,4,3,0,18
29,5,3,0,16
29,6,3,0,10
29,7,3,0,6
29,8,2,3,23
29,9,2,0,24
29,10,2,0,0
29,11,2,0,21
29,12,2,0,9
29,13,2,0,1
29,14,2,0,19
29,15,2,0,9
29,16,2,3,5
29,17,2,3,8
29,18,2,3,8
29,19,2,3,23
29,20,2,0,20
29,21,2,0,24
29,22,2,0,24
29,23,2,0,12
29,24,2,0,13
29,25,2,0,1
29,26,2,0,24
29,27,2,0,0
29,28,2,3,4
29,29,2,3,18
29,30,3,0,21
29,31,3,0,11
29,32,3,0,22
29,33,3,0,24
29,34,3,0,20
29,35,3,0,21
29,36,3,0,5
29,37,3,0,1
29,38,3,0,0
29,39,3,0,19
29,40,3,0,3
29,41,3,0,8
29,42,2,3,19
29,43,2,0,1
29,44,2,0,17
29,45,2,0,15
29,46,2,0,1
29,47,2,0,8
29,48,2,0,20
29,49,2,0,15
29,50,2,0,17
29,51,2,0,10
29,52,2,0,16
29,53,2,0,17
29,54,2,3,4
29,55,2,3,4
29,56,2,3,4
29,57,2,3,2
29,58,3,0,10
29,59,3,0,7
29,60,3,0,14
29,61,3,0,15
29,62,3,0,0
30,0,3,0,19
30,1,3,0,16
30,2,3,0,19
30,3,3,0,3
30,4,3,0,6
30,5,3,0,6
30,6,3,0,14
30,7,3,0,3
30,8,2,3,24
30,9,2,0,15
30,10,2,0,11
30,11,2,0,14
30,12,2,0,23
30,13,2,0,11
30,14,2,0,7
30,15,2,3,10
30,16,3,0,2
30,17,3,0,23
30,18,3,0,22
30,19,2,3,24
30,20,2,0,11
30,21,2,0,22
30,22,2,0,20
30,23,2,0,24
30,24,2,0,9
30,25,2,0,2
30,26,2,0,11
30,27,2,0,22
30,28,2,3,0
30,29,3,0,9
30,30,3,0,14
30,31,3,0,2
30,32,3,0,22
30,33,3,0,1
30,34,3,0,23
30,35,3,0,8
30,36,3,0,24
30,37,3,0,9
30,38,3,0,15
30,39,3,0,19
30,40,3,0,21
30,41,2,3,19
30,42,2,0,9
30,43,2,0,20
30,44,2,0,19
30,45,2,0,21
30,46,2,0,22
30,47,2,0,10
30,48,2,0,10
30,49,2,3,20
30,50,2,3,20
30,51,2,3,20
30,52,2,0,23
30,53,2,0,19
30,54,2,0,17
30,55,2,0,2
30,56,2,0,7
30,57,2,3,3
30,58,3,0,8
30,59,3,0,5
30,60,3,0,0
30,61,3,0,20
30,62,3,0,9
31,0,3,0,14
31,1,3,0,7
31,2,3,0,21
31,3,3,0,6
31,4,3,0,4
31,5,3,0,2
31,6,3,0,5
31,7,2,3,6
31,8,2,0,19
31,9,2,0,13
31,10,2,0,24
31,11,2,0,12
31,12,2,0,6
31,13,2,0,16
31,14,2,3,13
31,15,3,0,7
31,16,2,3,16
31,17,2,3,16
31,18,2,3,14
31,19,2,0,4
31,20,2,0,14
31,21,2,0,15
31,22,2,0,14
31,23,2,0,10
31,24,2,0,10
31,25,2,0,0
31,26,2,0,11
31,27,2,0,23
31,28,2,3,18
31,29,3,0,1
31,30,3,0,18
31,31,3,0,19
31,32,3,0,19
31,33,3,0,24
31,34,3,0,0
31,35,3,0,9
31,36,3,0,17
31,37,3,0,1
31,38,3,0,8
31,39,3,0,22
31,40,2,3,9
31,41,2,0,24
31,42,2,0,2
31,43,2,0,9
31,44,2,0,11
31,45,2,0,2
31,46,2,0,22
31,47,2,0,1
31,48,2,3,15
31,49,2,3,8
31,50,2,3,8
31,51,2,3,23
31,52,2,0,24
31,53,2,0,4
31,54,2,0,22
31,55,2,0,11
31,56,2,0,24
31,57,2,3,2
31,58,3,0,8
31,59,3,0,17
31,60,3,0,16
31,61,3,0,0
31,62,3,0,2
32,0,3,0,14
32,1,3,0,0
32,2,3,0,2
32,3,3,0,19
32,4,3,0,16
32,5,3,0,6
32,6,3,0,12
32,7,2,3,7
32,8,2,0,23
32,9,2,0,15
32,10,2,0,0
32,11,2,0,19
32,12,2,0,7
32,13,2,3,0
32,14,3,0,14
32,15,2,3,19
32,16,2,3,4
32,17,2,3,4
32,18,2,0,10
32,19,2,0,13
32,20,2,0,17
32,21,2,0,10
32,22,2,0,11
32,23,2,0,15
32,24,2,0,10
32,25,2,0,2
32,26,2,0,9
32,27,2,3,10
32,28,3,0,16
32,29,3,0,21
32,30,3,0,22
32,31,3,0,12
32,32,3,0,20
32,33,3,0,7
32,34,3,0,13
32,35,3,0,14
32,36,3,0,24
32,37,3,0,22
32,38,3,0,18
32,39,2,3,6
32,40,2,0,16
32,41,2,0,13
32,42,2,0,16
32,43,2,0,9
32,44,2,0,18
32,45,2,0,5
32,46,2,3,20
32,47,2,3,10
32,48,3,0,16
32,49,3,0,11
32,50,3,0,18
32,51,2,3,23
32,52,2,0,21
32,53,2,0,12
32,54,2,0,12
32,55,2,0,1
32,56,2,0,6
32,57,2,3,18
32,58,3,0,23
32,59,3,0,2
32,60,3,0,11
32,61,3,0,4
32,62,3,0,18
33,0,3,0,15
33,1,3,0,24
33,2,3,0,14
33,3,3,0,2
33,4,3,0,7
33,5,3,0,4
33,6,3,0,23
33,7,2,3,24
33,8,2,0,13
33,9,2,0,21
33,10,2,0,13
33,11,2,0,24
33,12,2,0,5
33,13,2,3,1
33,14,2,3,14
33,15,2,0,2
33,16,2,0,23
33,17,2,0,11
33,18,2,0,9
33,19,2,0,23
33,20,2,0,14
33,21,2,0,21
33,22,2,0,4
33,23,2,0,12
33,24,2,0,24
33,25,2,0,12
33,26,2,3,10
33,27,3,0,5
33,28,3,0,14
33,29,3,0,15
33,30,3,0,20
33,31,3,0,5
33,32,3,0,5
33,33,3,0,18
33,34,3,0,13
33,35,3,0,4
33,36,3,0,13
33,37,3,0,18
33,38,3,0,4
33,39,2,3,24
33,40,2,0,5
33,41,2,0,0
33,42,2,0,4
33,43,2,0,15
33,44,2,0,13
33,45,2,3,5
33,46,2,3,8
33,47,3,0,17
33,48,2,3,16
33,49,2,3,16
33,50,3,0,0
33,51,2,3,24
33,52,2,0,24
33,53,2,0,17
33,54,2,0,20
33,55,2,0,19
33,56,2,3,0
33,57,2,3,16
33,58,2,3,16
33,59,3,0,12
33,60,3,0,4
33,61,3,0,0
33,62,3,0,15
34,0,3,0,7
34,1,3,0,4
34,2,3,0,4
34,3,3,0,9
34,4,3,0,23
34,5,3,0,2
34,6,2,3,6
34,7,2,0,21
34,8,2,0,8
34,9,2,0,3
34,10,2,0,14
34,11,2,0,0
34,12,2,0,17
34,13,2,3,4
34,14,2,0,8
34,15,2,0,0
34,16,2,0,15
34,17,2,0,16
34,18,2,0,1
34,19,2,0,3
34,20,2,0,21
34,21,2,0,17
34,22,2,0,2
34,23,2,0,1
34,24,2,0,14
34,25,2,3,13
34,26,3,0,14
34,27,3,0,22
34,28,3,0,4
34,29,3,0,7
34,30,3,0,0
34,31,3,0,21
34,32,3,0,8
34,33,3,0,4
34,34,3,0,10
34,35,3,0,8
34,36,3,0,4
34,37,3,0,20
34,38,2,3,14
34,39,2,0,6
34,40,2,0,16
34,41,2,0,11
34,42,2,0,13
34,43,2,0,21
34,44,2,3,0
34,45,3,0,15
34,46,3,0,15
34,47,2,3,19
34,48,2,3,4
34,49,2,3,3
34,50,2,3,11
34,51,2,0,10
34,52,2,0,9
34,53,2,0,19
34,54,2,0,1
34,55,2,0,7
34,56,2,3,4
34,57,2,3,4
34,58,2,3,17
34,59,3,0,2
34,60,3,0,20
34,61,3,0,4
34,62,3,0,22
35,0,3,0,3
35,1,3,0,18
35,2,3,0,15
35,3,3,0,3
35,4,3,0,1
35,5,3,0,1
35,6,2,3,24
35,7,2,0,17
35,8,2,0,3
35,9,2,0,21
35,10,2,0,2
35,11,2,0,3
35,12,2,0,12
35,13,2,0,18
35,14,2,0,10
35,15,2,0,6
35,16,2,0,22
35,17,2,0,23
35,18,2,0,3
35,19,2,0,21
35,20,2,0,17
35,21,2,0,0
35,22,2,0,11
35,23,2,3,20
35,24,2,3,15
35,25,3,0,13
35,26,3,0,23
35,27,3,0,23
35,28,3,0,11
35,29,3,0,0
35,30,3,0,7
35,31,3,0,16
35,32,3,0,0
35,33,3,0,14
35,34,3,0,8
35,35,3,0,9
35,36,2,3,16
35,37,2,3,9
35,38,2,0,16
35,39,2,0,0
35,40,2,0,18
35,41,2,0,7
35,42,2,0,5
35,43,2,0,17
35,44,2,3,3
35,45,2,3,16
35,46,2,3,9
35,47,2,0,11
35,48,2,0,7
35,49,2,3,4
35,50,2,0,21
35,51,2,0,22
35,52,2,0,13
35,53,2,0,24
35,54,2,0,1
35,55,2,0,5
35,56,2,0,19
35,57,2,0,19
35,58,2,3,18
35,59,3,0,9
35,60,3,0,10
35,61,3,0,6
35,62,3,0,20
36,0,3,0,15
36,1,3,0,1
36,2,3,0,0
36,3,3,0,9
36,4,3,0,18
36,5,2,3,6
36,6,2,0,8
36,7,2,0,1
36,8,2,0,16
36,9,2,0,11
36,10,2,0,23
36,11,2,0,22
36,12,2,0,0
36,13,2,0,5
36,14,2,0,16
36,15,2,0,18
36,16,2,0,9
36,17,2,0,15
36,18,2,0,2
36,19,2,0,20
36,20,2,0,0
36,21,2,0,5
36,22,2,3,15
36,23,2,3,8
36,24,3,0,21
36,25,3,0,17
36,26,3,0,5
36,27,3,0,23
36,28,3,0,1
36,29,3,0,15
36,30,3,0,23
36,31,3,0,16
36,32,3,0,10
36,33,3,0,14
36,34,2,3,16
36,35,2,3,9
36,36,2,3,4
36,37,2,0,12
36,38,2,0,7
36,39,2,0,15
36,40,2,0,19
36,41,2,0,18
36,42,2,0,10
36,43,2,0,3
36,44,2,3,4
36,45,2,3,4
36,46,2,0,10
36,47,2,0,14
36,48,2,0,24
36,49,2,0,9
36,50,2,0,12
36,51,2,0,14
36,52,2,0,7
36,53,2,0,15
36,54,2,0,21
36,55,2,0,7
36,56,2,0,14
36,57,2,3,0
36,58,3,0,1
36,59,3,0,24
36,60,3,0,20
36,61,3,0,14
36,62,3,0,22
37,0,3,0,18
37,1,3,0,23
37,2,3,0,15
37,3,3,0,20
37,4,3,0,17
37,5,2,3,22
37,6,2,0,13
37,7,2,0,19
37,8,2,0,5
37,9,2,0,8
37,10,2,0,6
37,11,2,0,2
37,12,2,0,11
37,13,2,0,3
37,14,2,0,17
37,15,2,0,3
37,16,2,0,16
37,17,2,0,22
37,18,2,0,13
37,19,2,0,0
37,20,2,0,10
37,21,2,3,15
37,22,3,0,23
37,23,3,0,10
37,24,3,0,7
37,25,3,0,8
37,26,3,0,5
37,27,3,0,22
37,28,3,0,20
37,29,3,0,14
37,30,3,0,17
37,31,3,0,19
37,32,2,3,16
37,33,2,3,9
37,34,2,3,4
37,35,2,0,21
37,36,2,0,20
37,37,2,0,21
37,38,2,0,16
37,39,2,0,17
37,40,2,0,11
37,41,2,0,22
37,42,2,0,21
37,43,2,0,12
37,44,2,0,4
37,45,2,0,23
37,46,2,0,9
37,47,2,0,22
37,48,2,0,1
37,49,2,0,13
37,50,2,0,13
37,51,2,0,21
37,52,2,0,1
37,53,2,0,16
37,54,2,0,5
37,55,2,0,6
37,56,2,0,4
37,57,2,3,17
37,58,3,0,8
37,59,3,0,7
37,60,3,0,23
37,61,3,0,23
37,62,3,0,24
38,0,3,0,5
38,1,3,0,8
38,2,3,0,2
38,3,3,0,3
38,4,3,0,13
38,5,2,3,7
38,6,2,3,20
38,7,2,0,10
38,8,2,0,18
38,9,2,0,4
38,10,2,0,17
38,11,2,0,6
38,12,2,0,24
38,13,2,0,8
38,14,2,0,3
38,15,2,0,9
38,16,2,0,15
38,17,2,0,12
38,18,2,0,17
38,19,2,3,20
38,20,2,3,15
38,21,3,0,12
38,22,3,0,24
38,23,3,0,19
38,24,3,0,13
38,25,3,0,23
38,26,3,0,10
38,27,3,0,0
38,28,3,0,21
38,29,3,0,15
38,30,3,0,12
38,31,2,3,11
38,32,2,3,4
38,33,2,0,13
38,34,2,0,3
38,35,2,0,18
38,36,2,0,1
38,37,2,0,10
38,38,2,0,24
38,39,2,0,11
38,40,2,0,11
38,41,2,0,16
38,42,2,0,23
38,43,2,0,8
38,44,2,0,7
38,45,2,0,6
38,46,2,0,23
38,47,2,0,22
38,48,2,0,8
38,49,2,0,24
38,50,2,0,10
38,51,2,0,10
38,52,2,0,22
38,53,2,0,4
38,54,2,3,20
38,55,2,0,13
38,56,2,0,24
38,57,2,3,18
38,58,3,0,15
38,59,3,0,1
38,60,3,0,8
38,61,3,0,4
38,62,3,0,19
39,0,3,0,2
39,1,3,0,8
39,2,3,0,6
39,3,3,0,19
39,4,3,0,6
39,5,2,3,8
39,6,2,3,7
39,7,2,0,10
39,8,2,0,6
39,9,2,0,16
39,10,2,0,16
39,11,2,0,13
39,12,2,0,5
39,13,2,0,1
39,14,2,0,18
39,15,2,0,13
39,16,2,0,4
39,17,2,0,24
39,18,2,3,5
39,19,2,3,8
39,20,3,0,12
39,21,3,0,9
39,22,3,0,4
39,23,3,0,5
39,24,3,0,14
39,25,3,0,9
39,26,3,0,5
39,27,3,0,1
39,28,3,0,24
39,29,3,0,8
39,30,2,3,6
39,31,2,0,1
39,32,2,0,14
39,33,2,0,5
39,34,2,0,7
39,35,2,0,2
39,36,2,0,10
39,37,2,0,8
39,38,2,0,19
39,39,2,0,9
39,40,2,0,1
39,41,2,0,6
39,42,2,0,19
39,43,2,0,21
39,44,2,0,18
39,45,2,0,21
39,46,2,0,0
39,47,2,0,4
39,48,2,0,10
39,49,2,0,21
39,50,2,0,20
39,51,2,0,22
39,52,2,0,16
39,53,2,3,10
39,54,2,3,7
39,55,2,0,21
39,56,2,3,15
39,57,3,0,13
39,58,3,0,23
39,59,3,0,9
39,60,3,0,11
39,61,3,0,3
39,62,3,0,11
40,0,3,0,9
40,1,3,0,3
40,2,3,0,12
40,3,3,0,15
40,4,3,0,5
40,5,3,0,9
40,6,2,3,22
40,7,2,0,24
40,8,2,0,20
40,9,2,0,17
40,10,2,0,2
40,11,2,0,22
40,12,2,0,20
40,13,2,0,21
40,14,2,0,23
40,15,2,0,5
40,16,2,0,15
40,17,2,3,0
40,18,3,0,23
40,19,3,0,11
40,20,3,0,11
40,21,3,0,14
40,22,3,0,16
40,23,3,0,19
40,24,3,0,15
40,25,3,0,14
40,26,3,0,12
40,27,3,0,10
40,28,3,0,2
40,29,3,0,13
40,30,2,3,23
40,31,2,0,24
40,32,2,0,21
40,33,2,0,13
40,34,2,0,10
40,35,2,0,6
40,36,2,0,15
40,37,2,0,11
40,38,2,0,24
40,39,2,0,17
40,40,2,0,6
40,41,2,0,14
40,42,2,0,22
40,43,2,0,10
40,44,2,0,12
40,45,2,0,11
40,46,2,0,9
40,47,2,0,10
40,48,2,0,23
40,49,2,0,6
40,50,2,0,24
40,51,2,0,6
40,52,2,3,0
40,53,3,0,1
40,54,2,3,8
40,55,2,3,13
40,56,3,0,21
40,57,3,0,16
40,58,3,0,9
40,59,3,0,7
40,60,3,0,6
40,61,3,0,10
40,62,3,0,15
41,0,3,0,20
41,1,3,0,0
41,2,3,0,19
41,3,3,0,19
41,4,3,0,7
41,5,3,0,20
41,6,2,3,23
41,7,2,3,20
41,8,2,3,20
41,9,2,0,0
41,10,2,0,24
41,11,2,0,4
41,12,2,0,20
41,13,2,0,5
41,14,2,0,3
41,15,2,0,11
41,16,2,0,19
41,17,2,3,18
41,18,3,0,24
41,19,3,0,24
41,20,3,0,0
41,21,3,0,3
41,22,3,0,1
41,23,3,0,23
41,24,3,0,1
41,25,3,0,13
41,26,3,0,11
41,27,3,0,16
41,28,3,0,1
41,29,3,0,2
41,30,2,3,24
41,31,2,0,22
41,32,2,0,13
41,33,2,0,5
41,34,2,0,12
41,35,2,0,16
41,36,2,0,15
41,37,2,0,14
41,38,2,0,1
41,39,2,0,21
41,40,2,0,19
41,41,2,0,19
41,42,2,0,21
41,43,2,0,17
41,44,2,0,7
41,45,2,0,6
41,46,2,0,14
41,47,2,0,13
41,48,2,0,20
41,49,2,0,11
41,50,2,0,13
41,51,2,0,1
41,52,2,3,18
41,53,3,0,24
41,54,3,0,15
41,55,3,0,10
41,56,3,0,7
41,57,3,0,16
41,58,3,0,7
41,59,3,0,22
41,60,3,0,19
41,61,3,0,7
41,62,3,0,18
42,0,3,0,16
42,1,3,0,6
42,2,3,0,18
42,3,3,0,22
42,4,3,0,4
42,5,3,0,19
42,6,2,3,8
42,7,2,3,8
42,8,2,3,22
42,9,2,0,24
42,10,2,0,24
42,11,2,0,15
42,12,2,0,14
42,13,2,0,12
42,14,2,0,7
42,15,2,0,1
42,16,2,3,0
42,17,3,0,14
42,18,3,0,19
42,19,3,0,15
42,20,3,0,0
42,21,3,0,24
42,22,3,0,3
42,23,3,0,19
42,24,3,0,11
42,25,3,0,17
42,26,3,0,20
42,27,3,0,5
42,28,3,0,9
42,29,2,3,6
42,30,2,0,3
42,31,2,0,8
42,32,2,0,21
42,33,2,0,18
42,34,2,0,6
42,35,2,0,6
42,36,2,0,12
42,37,2,0,19
42,38,2,0,18
42,39,2,0,11
42,40,2,0,18
42,41,2,0,15
42,42,2,0,5
42,43,2,0,14
42,44,2,3,20
42,45,2,0,11
42,46,2,0,9
42,47,2,0,14
42,48,2,0,14
42,49,2,0,1
42,50,2,0,8
42,51,2,3,0
42,52,3,0,21
42,53,3,0,17
42,54,3,0,1
42,55,3,0,22
42,56,3,0,14
42,57,3,0,0
42,58,3,0,22
42,59,3,0,17
42,60,3,0,7
42,61,3,0,5
42,62,3,0,8
43,0,3,0,15
43,1,3,0,21
43,2,3,0,5
43,3,3,0,1
43,4,3,0,23
43,5,3,0,12
43,6,3,0,8
43,7,3,0,0
43,8,2,3,21
43,9,2,0,0
43,10,2,0,9
43,11,2,0,10
43,12,2,0,21
43,13,2,0,23
43,14,2,0,4
43,15,2,0,12
43,16,2,3,18
43,17,3,0,17
43,18,3,0,10
43,19,3,0,14
43,20,3,0,2
43,21,3,0,1
43,22,3,0,19
43,23,3,0,14
43,24,3,0,15
43,25,3,0,8
43,26,3,0,1
43,27,3,0,23
43,28,3,0,1
43,29,2,3,24
43,30,2,0,1
43,31,2,0,17
43,32,2,0,11
43,33,2,0,5
43,34,2,0,12
43,35,2,0,1
43,36,2,0,8
43,37,2,0,20
43,38,2,0,16
43,39,2,0,2
43,40,2,0,6
43,41,2,0,21
43,42,2,3,20
43,43,2,3,5
43,44,2,3,22
43,45,2,0,8
43,46,2,0,15
43,47,2,0,19
43,48,2,0,9
43,49,2,0,8
43,50,2,0,8
43,51,2,3,18
43,52,3,0,24
43,53,3,0,12
43,54,3,0,13
43,55,3,0,9
43,56,2,3,16
43,57,3,0,1
43,58,3,0,3
43,59,3,0,22
43,60,3,0,12
43,61,3,0,6
43,62,3,0,2
44,0,3,0,0
44,1,3,0,10
44,2,3,0,19
44,3,3,0,1
44,4,3,0,12
44,5,3,0,15
44,6,3,0,19
44,7,3,0,1
44,8,2,3,7
44,9,2,0,4
44,10,2,0,1
44,11,2,0,20
44,12,2,0,5
44,13,2,0,3
44,14,2,0,12
44,15,2,3,5
44,16,3,0,11
44,17,3,0,10
44,18,3,0,3
44,19,3,0,0
44,20,3,0,12
44,21,3,0,3
44,22,3,0,4
44,23,3,0,21
44,24,3,0,1
44,25,3,0,17
44,26,2,3,16
44,27,2,3,16
44,28,2,3,14
44,29,2,0,17
44,30,2,0,24
44,31,2,0,6
44,32,2,0,8
44,33,2,0,9
44,34,2,0,13
44,35,2,0,9
44,36,2,0,21
44,37,2,0,11
44,38,2,0,5
44,39,2,0,8
44,40,2,3,20
44,41,2,3,10
44,42,2,3,8
44,43,3,0,14
44,44,2,3,7
44,45,2,0,23
44,46,2,0,6
44,47,2,0,1
44,48,2,0,23
44,49,2,0,4
44,50,2,3,15
44,51,3,0,0
44,52,3,0,15
44,53,3,0,7
44,54,3,0,9
44,55,2,3,19
44,56,2,3,17
44,57,3,0,6
44,58,3,0,9
44,59,3,0,1
44,60,3,0,9
44,61,3,0,17
44,62,3,0,20
45,0,3,0,11
45,1,3,0,16
45,2,3,0,16
45,3,3,0,18
45,4,3,0,21
45,5,3,0,2
45,6,3,0,6
45,7,3,0,1
45,8,2,3,23
45,9,2,3,20
45,10,2,0,22
45,11,2,0,23
45,12,2,0,0
45,13,2,0,21
45,14,2,3,10
45,15,3,0,24
45,16,3,0,19
45,17,3,0,0
45,18,3,0,7
45,19,3,0,6
45,20,3,0,22
45,21,3,0,15
45,22,3,0,23
45,23,3,0,19
45,24,3,0,3
45,25,2,3,11
45,26,2,3,4
45,27,2,3,4
45,28,2,0,8
45,29,2,0,0
45,30,2,0,18
45,31,2,0,11
45,32,2,0,24
45,33,2,0,7
45,34,2,0,10
45,35,2,0,17
45,36,2,0,23
45,37,2,0,10
45,38,2,0,10
45,39,2,3,15
45,40,2,3,8
45,41,3,0,20
45,42,3,0,23
45,43,3,0,20
45,44,2,3,22
45,45,2,0,9
45,46,2,0,16
45,47,2,0,22
45,48,2,0,16
45,49,2,3,0
45,50,3,0,10
45,51,3,0,6
45,52,3,0,4
45,53,3,0,23
45,54,2,3,6
45,55,2,0,3
45,56,2,3,17
45,57,3,0,2
45,58,3,0,11
45,59,3,0,14
45,60,3,0,8
45,61,3,0,5
45,62,3,0,20
46,0,3,0,24
46,1,3,0,8
46,2,3,0,0
46,3,3,0,3
46,4,3,0,7
46,5,3,0,15
46,6,3,0,16
46,7,3,0,23
46,8,2,3,8
46,9,2,3,22
46,10,2,3,20
46,11,2,3,20
46,12,2,3,20
46,13,2,3,5
46,14,3,0,0
46,15,3,0,12
46,16,3,0,13
46,17,3,0,10
46,18,3,0,4
46,19,3,0,4
46,20,3,0,5
46,21,3,0,10
46,22,3,0,9
46,23,3,0,12
46,24,2,3,11
46,25,2,0,16
46,26,2,0,14
46,27,2,0,1
46,28,2,0,4
46,29,2,0,10
46,30,2,0,9
46,31,2,0,7
46,32,2,0,14
46,33,2,0,0
46,34,2,0,2
46,35,2,0,2
46,36,2,0,23
46,37,2,0,1
46,38,2,3,15
46,39,3,0,10
46,40,3,0,19
46,41,3,0,7
46,42,3,0,23
46,43,3,0,19
46,44,2,3,24
46,45,2,0,18
46,46,2,0,0
46,47,2,0,20
46,48,2,0,11
46,49,2,3,18
46,50,3,0,3
46,51,3,0,7
46,52,3,0,7
46,53,3,0,9
46,54,2,3,24
46,55,2,0,14
46,56,2,3,1
46,57,3,0,7
46,58,3,0,15
46,59,3,0,24
46,60,3,0,16
46,61,3,0,17
46,62,3,0,7
47,0,3,0,15
47,1,3,0,4
47,2,3,0,12
47,3,3,0,17
47,4,3,0,18
47,5,3,0,19
47,6,3,0,2
47,7,3,0,14
47,8,3,0,18
47,9,2,3,8
47,10,2,3,8
47,11,2,3,8
47,12,2,3,8
47,13,3,0,9
47,14,3,0,16
47,15,3,0,0
47,16,3,0,1
47,17,3,0,1
47,18,3,0,23
47,19,3,0,5
47,20,3,0,22
47,21,3,0,14
47,22,3,0,19
47,23,2,3,6
47,24,2,0,10
47,25,2,0,2
47,26,2,0,22
47,27,2,0,18
47,28,2,0,21
47,29,2,0,22
47,30,2,0,11
47,31,2,0,19
47,32,2,0,18
47,33,2,0,22
47,34,2,0,2
47,35,2,0,4
47,36,2,0,20
47,37,2,3,5
47,38,3,0,21
47,39,3,0,7
47,40,3,0,3
47,41,3,0,10
47,42,3,0,10
47,43,2,3,6
47,44,2,0,22
47,45,2,0,4
47,46,2,0,18
47,47,2,0,22
47,48,2,3,0
47,49,3,0,4
47,50,3,0,16
47,51,3,0,21
47,52,3,0,3
47,53,2,3,14
47,54,2,0,23
47,55,2,0,11
47,56,2,3,17
47,57,2,3,16
47,58,3,0,19
47,59,3,0,12
47,60,3,0,3
47,61,3,0,1
47,62,3,0,5
48,0,3,0,1
48,1,3,0,0
48,2,3,0,15
48,3,3,0,3
48,4,3,0,4
48,5,3,0,12
48,6,3,0,9
48,7,3,0,15
48,8,3,0,19
48,9,3,0,23
48,10,3,0,15
48,11,3,0,24
48,12,3,0,22
48,13,3,0,7
48,14,3,0,18
48,15,3,0,17
48,16,3,0,17
48,17,3,0,8
48,18,3,0,0
48,19,3,0,22
48,20,3,0,5
48,21,3,0,2
48,22,3,0,12
48,23,2,3,24
48,24,2,0,17
48,25,2,0,23
48,26,2,0,0
48,27,2,0,16
48,28,2,0,22
48,29,2,0,12
48,30,2,0,3
48,31,2,0,3
48,32,2,0,23
48,33,2,0,22
48,34,2,0,9
48,35,2,0,7
48,36,2,3,15
48,37,3,0,3
48,38,3,0,17
48,39,3,0,1
48,40,3,0,2
48,41,3,0,16
48,42,3,0,17
48,43,2,3,22
48,44,2,0,3
48,45,2,0,11
48,46,2,0,6
48,47,2,0,9
48,48,2,3,18
48,49,3,0,10
48,50,3,0,22
48,51,3,0,24
48,52,2,3,6
48,53,2,0,5
48,54,2,0,17
48,55,2,0,11
48,56,2,3,4
48,57,2,3,3
48,58,3,0,0
48,59,3,0,17
48,60,3,0,6
48,61,3,0,22
48,62,3,0,21
49,0,3,0,18
49,1,3,0,8
49,2,3,0,11
49,3,3,0,17
49,4,3,0,5
49,5,3,0,12
49,6,3,0,21
49,7,3,0,8
49,8,3,0,5
49,9,3,0,18
49,10,3,0,2
49,11,3,0,8
49,12,3,0,13
49,13,3,0,0
49,14,3,0,23
49,15,3,0,23
49,16,3,0,10
49,17,3,0,21
49,18,3,0,0
49,19,3,0,4
49,20,3,0,12
49,21,3,0,4
49,22,2,3,11
49,23,2,0,5
49,24,2,0,5
49,25,2,0,8
49,26,2,0,8
49,27,2,0,2
49,28,2,0,12
49,29,2,0,0
49,30,2,0,20
49,31,2,0,0
49,32,2,0,16
49,33,2,0,22
49,34,2,0,1
49,35,2,3,10
49,36,3,0,7
49,37,3,0,6
49,38,3,0,15
49,39,3,0,17
49,40,3,0,11
49,41,3,0,11
49,42,3,0,14
49,43,2,3,24
49,44,2,0,2
49,45,2,0,18
49,46,2,0,19
49,47,2,3,15
49,48,3,0,13
49,49,3,0,16
49,50,3,0,12
49,51,3,0,24
49,52,2,3,24
49,53,2,0,10
49,54,2,0,23
49,55,2,0,1
49,56,2,0,24
49,57,2,3,1
49,58,3,0,24
49,59,3,0,18
49,60,3,0,15
49,61,3,0,12
49,62,3,0,16
50,0,3,0,5
50,1,3,0,4
50,2,3,0,3
50,3,3,0,7
50,4,3,0,6
50,5,3,0,1
50,6,3,0,10
50,7,3,0,17
50,8,3,0,21
50,9,3,0,19
50,10,3,0,15
50,11,3,0,9
50,12,3,0,4
50,13,3,0,8
50,14,3,0,13
50,15,3,0,4
50,16,3,0,2
50,17,3,0,19
50,18,3,0,4
50,19,3,0,0
50,20,3,0,7
50,21,2,3,6
50,22,2,0,10
50,23,2,0,21
50,24,2,0,24
50,25,2,0,11
50,26,2,0,8
50,27,2,0,13
50,28,2,0,17
50,29,2,0,8
50,30,2,0,23
50,31,2,0,8
50,32,2,0,0
50,33,2,3,20
50,34,2,3,13
50,35,3,0,10
50,36,3,0,7
50,37,2,3,16
50,38,2,3,16
50,39,3,0,0
50,40,3,0,11
50,41,3,0,6
50,42,2,3,6
50,43,2,0,16
50,44,2,0,18
50,45,2,0,9
50,46,2,3,0
50,47,3,0,3
50,48,3,0,14
50,49,3,0,5
50,50,2,3,16
50,51,2,3,14
50,52,2,0,23
50,53,2,0,2
50,54,2,0,17
50,55,2,0,13
50,56,2,0,7
50,57,2,3,2
50,58,2,3,16
50,59,3,0,12
50,60,3,0,12
50,61,3,0,24
50,62,3,0,11
51,0,3,0,23
51,1,3,0,8
51,2,3,0,21
51,3,3,0,24
51,4,3,0,19
51,5,3,0,20
51,6,3,0,12
51,7,3,0,6
51,8,3,0,16
51,9,3,0,11
51,10,3,0,23
51,11,3,0,13
51,12,3,0,10
51,13,3,0,9
51,14,3,0,18
51,15,3,0,0
51,16,3,0,20
51,17,3,0,1
51,18,3,0,18
51,19,3,0,4
51,20,2,3,16
51,21,2,3,24
51,22,2,0,21
51,23,2,0,6
51,24,2,0,15
51,25,2,0,11
51,26,2,0,15
51,27,2,0,12
51,28,2,0,5
51,29,2,0,13
51,30,2,0,2
51,31,2,0,1
51,32,2,3,10
51,33,2,3,8
51,34,3,0,13
51,35,3,0,4
51,36,2,0,24
51,37,2,0,3
51,38,2,3,1
51,39,2,3,16
51,40,3,0,5
51,41,3,0,1
51,42,2,3,24
51,43,2,0,12
51,44,2,0,16
51,45,2,0,13
51,46,2,3,1
51,47,2,3,16
51,48,2,3,16
51,49,2,3,19
51,50,2,3,4
51,51,2,0,13
51,52,2,0,11
51,53,2,0,6
51,54,2,0,10
51,55,2,0,17
51,56,2,0,22
51,57,2,3,4
51,58,2,3,2
51,59,3,0,5
51,60,3,0,14
51,61,3,0,14
51,62,3,0,22
52,0,3,0,1
52,1,3,0,22
52,2,3,0,23
52,3,3,0,14
52,4,3,0,8
52,5,3,0,16
52,6,3,0,6
52,7,3,0,6
52,8,3,0,17
52,9,3,0,5
52,10,3,0,9
52,11,3,0,19
52,12,3,0,5
52,13,3,0,4
52,14,3,0,23
52,15,3,0,15
52,16,3,0,16
52,17,3,0,18
52,18,3,0,3
52,19,2,3,9
52,20,2,3,4
52,21,2,0,6
52,22,2,0,13
52,23,2,0,9
52,24,2,0,6
52,25,2,0,21
52,26,2,0,18
52,27,2,0,0
52,28,2,0,14
52,29,2,3,20
52,30,2,0,8
52,31,2,3,5
52,32,3,0,19
52,33,3,0,18
52,34,3,0,3
52,35,2,3,6
52,36,2,0,13
52,37,2,0,9
52,38,2,3,4
52,39,2,0,1
52,40,3,0,9
52,41,2,3,6
52,42,2,0,9
52,43,2,0,6
52,44,2,0,6
52,45,2,0,0
52,46,2,3,4
52,47,2,3,4
52,48,2,3,4
52,49,2,0,6
52,50,2,0,14
52,51,2,0,16
52,52,2,0,13
52,53,2,0,19
52,54,2,0,1
52,55,2,0,16
52,56,2,0,21
52,57,2,0,22
52,58,2,3,3
52,59,3,0,2
52,60,3,0,19
52,61,3,0,12
52,62,3,0,23
53,0,3,0,12
53,1,3,0,12
53,2,3,0,0
53,3,3,0,19
53,4,3,0,6
53,5,3,0,3
53,6,3,0,4
53,7,3,0,3
53,8,3,0,8
53,9,3,0,1
53,10,3,0,0
53,11,3,0,22
53,12,3,0,12
53,13,3,0,5
53,14,3,0,18
53,15,3,0,19
53,16,3,0,1
53,17,3,0,11
53,18,2,3,6
53,19,2,0,12
53,20,2,0,5
53,21,2,0,2
53,22,2,0,7
53,23,2,0,13
53,24,2,0,6
53,25,2,0,18
53,26,2,0,9
53,27,2,0,22
53,28,2,3,15
53,29,2,3,7
53,30,2,3,0
53,31,3,0,16
53,32,3,0,1
53,33,3,0,14
53,34,3,0,16
53,35,2,3,24
53,36,2,0,8
53,37,2,0,18
53,38,2,0,7
53,39,2,3,2
53,40,3,0,16
53,41,2,3,24
53,42,2,0,17
53,43,2,0,24
53,44,2,0,10
53,45,2,0,23
53,46,2,0,9
53,47,2,0,11
53,48,2,0,21
53,49,2,0,8
53,50,2,0,4
53,51,2,0,9
53,52,2,0,15
53,53,2,0,15
53,54,2,0,9
53,55,2,0,12
53,56,2,0,13
53,57,2,0,1
53,58,2,3,18
53,59,3,0,23
53,60,3,0,12
53,61,3,0,6
53,62,3,0,16
54,0,3,0,23
54,1,3,0,16
54,2,3,0,24
54,3,3,0,9
54,4,3,0,6
54,5,3,0,23
54,6,3,0,15
54,7,3,0,7
54,8,3,0,21
54,9,3,0,15
54,10,3,0,6
54,11,3,0,20
54,12,3,0,2
54,13,3,0,20
54,14,3,0,5
54,15,3,0,19
54,16,3,0,12
54,17,3,0,8
54,18,2,3,24
54,19,2,0,18
54,20,2,0,5
54,21,2,0,22
54,22,2,0,3
54,23,2,0,23
54,24,2,0,20
54,25,2,0,19
54,26,2,0,7
54,27,2,3,13
54,28,3,0,21
54,29,2,3,24
54,30,2,3,2
54,31,2,3,16
54,32,3,0,17
54,33,3,0,22
54,34,2,3,19
54,35,2,0,6
54,36,2,0,15
54,37,2,0,13
54,38,2,0,13
54,39,2,3,2
54,40,2,3,14
54,41,2,0,13
54,42,2,0,12
54,43,2,3,20
54,44,2,0,8
54,45,2,0,15
54,46,2,0,0
54,47,2,0,17
54,48,2,0,2
54,49,2,0,16
54,50,2,0,14
54,51,2,0,0
54,52,2,0,18
54,53,2,0,15
54,54,2,0,12
54,55,2,0,13
54,56,2,0,20
54,57,2,3,0
54,58,3,0,20
54,59,3,0,23
54,60,3,0,16
54,61,3,0,5
54,62,3,0,20
55,0,3,0,1
55,1,3,0,18
55,2,3,0,0
55,3,3,0,23
55,4,3,0,2
55,5,3,0,23
55,6,3,0,5
55,7,3,0,3
55,8,3,0,4
55,9,3,0,0
55,10,3,0,4
55,11,3,0,23
55,12,3,0,9
55,13,3,0,20
55,14,3,0,23
55,15,3,0,13
55,16,3,0,18
55,17,2,3,6
55,18,2,0,21
55,19,2,0,6
55,20,2,0,19
55,21,2,0,21
55,22,2,0,24
55,23,2,0,6
55,24,2,0,19
55,25,2,0,16
55,26,2,3,10
55,27,3,0,18
55,28,2,3,9
55,29,2,0,12
55,30,2,3,4
55,31,2,0,22
55,32,3,0,3
55,33,2,3,6
55,34,2,0,4
55,35,2,0,7
55,36,2,0,8
55,37,2,0,23
55,38,2,0,22
55,39,2,3,4
55,40,2,0,8
55,41,2,0,15
55,42,2,3,5
55,43,2,3,21
55,44,2,0,22
55,45,2,0,13
55,46,2,0,22
55,47,2,0,5
55,48,2,0,15
55,49,2,0,23
55,50,2,0,1
55,51,2,0,18
55,52,2,0,22
55,53,2,0,14
55,54,2,0,0
55,55,2,0,12
55,56,2,0,11
55,57,2,3,18
55,58,3,0,23
55,59,3,0,10
55,60,3,0,12
55,61,3,0,20
55,62,3,0,21
56,0,3,0,21
56,1,3,0,7
56,2,3,0,10
56,3,3,0,6
56,4,3,0,22
56,5,3,0,3
56,6,3,0,3
56,7,3,0,7
56,8,3,0,2
56,9,3,0,15
56,10,3,0,0
56,11,3,0,24
56,12,3,0,8
56,13,3,0,15
56,14,3,0,23
56,15,3,0,13
56,16,2,3,16
56,17,2,3,24
56,18,2,0,13
56,19,2,0,12
56,20,2,0,12
56,21,2,0,9
56,22,2,0,9
56,23,2,0,0
56,24,2,0,17
56,25,2,3,0
56,26,3,0,2
56,27,2,3,14
56,28,2,0,2
56,29,2,0,12
56,30,2,0,12
56,31,2,3,18
56,32,3,0,15
56,33,2,0,3
56,34,2,0,0
56,35,2,0,6
56,36,2,0,16
56,37,2,0,11
56,38,2,0,6
56,39,2,0,16
56,40,2,0,3
56,41,2,3,0
56,42,3,0,9
56,43,2,3,24
56,44,2,0,19
56,45,2,0,10
56,46,2,0,0
56,47,2,0,14
56,48,2,0,7
56,49,2,0,19
56,50,2,0,23
56,51,2,0,21
56,52,2,0,16
56,53,2,0,24
56,54,2,0,12
56,55,2,0,2
56,56,2,3,0
56,57,3,0,12
56,58,3,0,22
56,59,3,0,24
56,60,3,0,21
56,61,3,0,14
56,62,3,0,6
57,0,3,0,6
57,1,3,0,2
57,2,3,0,23
57,3,3,0,8
57,4,3,0,2
57,5,3,0,5
57,6,3,0,12
57,7,3,0,5
57,8,3,0,6
57,9,3,0,17
57,10,3,0,3
57,11,3,0,16
57,12,3,0,21
57,13,3,0,23
57,14,3,0,6
57,15,2,3,11
57,16,2,3,4
57,17,2,0,8
57,18,2,0,15
57,19,2,0,21
57,20,2,0,5
57,21,2,0,12
57,22,2,0,0
57,23,2,0,6
57,24,2,0,19
57,25,2,3,18
57,26,2,3,6
57,27,2,0,4
57,28,2,0,24
57,29,2,0,18
57,30,2,3,0
57,31,3,0,7
57,32,2,3,6
57,33,2,0,3
57,34,2,0,21
57,35,2,0,12
57,36,2,0,9
57,37,2,0,8
57,38,2,0,2
57,39,2,0,22
57,40,2,0,19
57,41,2,3,18
57,42,2,3,6
57,43,2,0,13
57,44,2,0,10
57,45,2,0,19
57,46,2,0,5
57,47,2,0,11
57,48,2,0,5
57,49,2,0,14
57,50,2,0,0
57,51,2,0,12
57,52,2,0,12
57,53,2,0,1
57,54,2,0,9
57,55,2,0,1
57,56,2,3,2
57,57,3,0,9
57,58,3,0,7
57,59,3,0,17
57,60,3,0,1
57,61,3,0,11
57,62,3,0,9
58,0,3,0,5
58,1,3,0,18
58,2,3,0,1
58,3,3,0,5
58,4,3,0,16
58,5,3,0,8
58,6,3,0,6
58,7,3,0,2
58,8,3,0,6
58,9,3,0,12
58,10,3,0,13
58,11,3,0,19
58,12,3,0,22
58,13,3,0,11
58,14,2,3,6
58,15,2,0,17
58,16,2,0,24
58,17,2,0,17
58,18,2,0,19
58,19,2,0,14
58,20,2,0,23
58,21,2,0,7
58,22,2,0,4
58,23,2,0,13
58,24,2,3,0
58,25,3,0,23
58,26,2,3,24
58,27,2,0,23
58,28,2,0,24
58,29,2,0,16
58,30,2,3,18
58,31,3,0,13
58,32,2,0,23
58,33,2,0,16
58,34,2,0,7
58,35,2,0,19
58,36,2,0,11
58,37,2,0,5
58,38,2,0,17
58,39,2,0,9
58,40,2,3,0
58,41,3,0,13
58,42,2,3,22
58,43,2,3,20
58,44,2,0,20
58,45,2,0,24
58,46,2,0,5
58,47,2,0,12
58,48,2,0,1
58,49,2,0,23
58,50,2,0,22
58,51,2,0,16
58,52,2,0,12
58,53,2,0,23
58,54,2,0,0
58,55,2,0,16
58,56,2,3,18
58,57,3,0,24
58,58,3,0,3
58,59,3,0,9
58,60,3,0,12
58,61,3,0,4
58,62,3,0,15
59,0,3,0,5
59,1,3,0,21
59,2,3,0,13
59,3,3,0,20
59,4,3,0,9
59,5,3,0,0
59,6,3,0,5
59,7,3,0,24
59,8,3,0,14
59,9,3,0,19
59,10,3,0,9
59,11,3,0,3
59,12,3,0,18
59,13,3,0,14
59,14,2,3,24
59,15,2,0,18
59,16,2,0,7
59,17,2,0,2
59,18,2,0,13
59,19,2,0,0
59,20,2,0,12
59,21,2,0,6
59,22,2,0,19
59,23,2,0,6
59,24,2,3,17
59,25,2,3,11
59,26,2,0,9
59,27,2,0,12
59,28,2,0,15
59,29,2,3,0
59,30,3,0,2
59,31,2,3,6
59,32,2,0,7
59,33,2,0,21
59,34,2,0,17
59,35,2,0,20
59,36,2,0,13
59,37,2,0,9
59,38,2,0,0
59,39,2,0,9
59,40,2,3,2
59,41,3,0,23
59,42,2,3,8
59,43,2,3,21
59,44,2,0,12
59,45,2,0,10
59,46,2,0,16
59,47,2,0,16
59,48,2,0,4
59,49,2,0,17
59,50,2,0,12
59,51,2,0,4
59,52,2,0,7
59,53,2,0,20
59,54,2,0,9
59,55,2,3,0
59,56,3,0,14
59,57,3,0,24
59,58,3,0,13
59,59,3,0,16
59,60,3,0,11
59,61,3,0,24
59,62,3,0,11
60,0,3,0,13
60,1,3,0,1
60,2,3,0,24
60,3,3,0,5
60,4,3,0,6
60,5,3,0,17
60,6,3,0,5
60,7,3,0,24
60,8,3,0,6
60,9,3,0,18
60,10,3,0,22
60,11,3,0,15
60,12,3,0,15
60,13,2,3,11
60,14,2,0,0
60,15,2,0,24
60,16,2,0,14
60,17,2,0,2
60,18,2,0,0
60,19,2,0,2
60,20,2,0,8
60,21,2,0,16
60,22,2,0,17
60,23,2,0,20
60,24,2,3,4
60,25,2,0,10
60,26,2,0,16
60,27,2,0,10
60,28,2,0,7
60,29,2,3,18
60,30,3,0,23
60,31,2,3,21
60,32,2,0,23
60,33,2,0,3
60,34,2,0,20
60,35,2,0,15
60,36,2,0,17
60,37,2,0,18
60,38,2,0,10
60,39,2,0,11
60,40,2,3,17
60,41,3,0,18
60,42,3,0,24
60,43,2,3,24
60,44,2,0,21
60,45,2,0,18
60,46,2,0,16
60,47,2,0,7
60,48,2,0,17
60,49,2,0,3
60,50,2,0,9
60,51,2,0,1
60,52,2,0,5
60,53,2,0,23
60,54,2,0,1
60,55,2,3,2
60,56,3,0,2
60,57,3,0,16
60,58,3,0,7
60,59,3,0,18
60,60,3,0,4
60,61,3,0,8
60,62,3,0,3
61,0,3,0,23
61,1,3,0,10
61,2,3,0,9
61,3,3,0,21
61,4,3,0,15
61,5,3,0,7
61,6,3,0,4
61,7,3,0,18
61,8,3,0,22
61,9,3,0,14
61,10,3,0,17
61,11,3,0,7
61,12,2,3,6
61,13,2,0,1
61,14,2,0,7
61,15,2,0,0
61,16,2,0,9
61,17,2,0,7
61,18,2,0,18
61,19,2,3,20
61,20,2,3,20
61,21,2,0,4
61,22,2,0,12
61,23,2,0,3
61,24,2,0,2
61,25,2,0,18
61,26,2,0,15
61,27,2,0,0
61,28,2,3,0
61,29,3,0,17
61,30,3,0,4
61,31,2,3,21
61,32,2,0,6
61,33,2,0,17
61,34,2,0,2
61,35,2,0,12
61,36,2,0,16
61,37,2,0,24
61,38,2,0,18
61,39,2,0,6
61,40,2,3,17
61,41,3,0,18
61,42,2,3,6
61,43,2,3,20
61,44,2,0,20
61,45,2,0,10
61,46,2,0,22
61,47,2,0,17
61,48,2,0,13
61,49,2,0,10
61,50,2,0,18
61,51,2,0,1
61,52,2,0,9
61,53,2,0,18
61,54,2,0,22
61,55,2,3,17
61,56,3,0,19
61,57,3,0,17
61,58,3,0,15
61,59,3,0,0
61,60,3,0,1
61,61,3,0,0
61,62,3,0,4
62,0,3,0,13
62,1,3,0,11
62,2,3,0,15
62,3,3,0,24
62,4,3,0,12
62,5,3,0,20
62,6,3,0,1
62,7,3,0,24
62,8,3,0,11
62,9,3,0,12
62,10,3,0,11
62,11,3,0,19
62,12,2,3,24
62,13,2,0,21
62,14,2,0,7
62,15,2,0,10
62,16,2,0,2
62,17,2,0,23
62,18,2,3,10
62,19,2,3,8
62,20,2,3,7
62,21,2,0,18
62,22,2,0,2
62,23,2,0,11
62,24,2,0,2
62,25,2,0,19
62,26,2,0,6
62,27,2,0,21
62,28,2,3,18
62,29,3,0,14
62,30,3,0,3
62,31,2,3,7
62,32,2,0,21
62,33,2,0,11
62,34,2,0,15
62,35,2,0,18
62,36,2,0,8
62,37,2,0,24
62,38,2,0,22
62,39,2,0,6
62,40,2,3,17
62,41,3,0,1
62,42,2,3,8
62,43,2,3,23
62,44,2,0,5
62,45,2,0,12
62,46,2,0,13
62,47,2,0,21
62,48,2,0,15
62,49,2,0,22
62,50,2,0,3
62,51,2,0,20
62,52,2,0,24
62,53,2,0,17
62,54,2,0,6
62,55,2,3,3
62,56,2,3,16
62,57,3,0,15
62,58,3,0,6
62,59,3,0,18
62,60,3,0,7
62,61,3,0,23
62,62,3,0,19
63,0,3,0,24
63,1,3,0,7
63,2,3,0,22
63,3,3,0,4
63,4,3,0,11
63,5,3,0,0
63,6,3,0,0
63,7,3,0,21
63,8,3,0,15
63,9,3,0,22
63,10,3,0,5
63,11,2,3,6
63,12,2,0,4
63,13,2,0,4
63,14,2,0,7
63,15,2,0,20
63,16,2,0,6
63,17,2,3,0
63,18,3,0,12
63,19,3,0,14
63,20,2,3,24
63,21,2,0,10
63,22,2,0,14
63,23,2,0,24
63,24,2,0,10
63,25,2,0,21
63,26,2,0,1
63,27,2,3,5
63,28,3,0,0
63,29,3,0,19
63,30,3,0,15
63,31,2,3,22
63,32,2,0,6
63,33,2,0,20
63,34,2,0,3
63,35,2,0,22
63,36,2,0,19
63,37,2,0,24
63,38,2,0,6
63,39,2,0,5
63,40,2,3,17
63,41,3,0,17
63,42,3,0,5
63,43,2,3,24
63,44,2,0,16
63,45,2,0,0
63,46,2,0,2
63,47,2,0,6
63,48,2,0,3
63,49,2,0,7
63,50,2,0,6
63,51,2,0,2
63,52,2,0,16
63,53,2,0,23
63,54,2,0,7
63,55,2,3,4
63,56,2,3,1
63,57,3,0,19
63,58,3,0,10
63,59,3,0,7
63,60,3,0,1
63,61,3,0,2
63,62,3,0,1
64,0,3,0,19
64,1,3,0,10
64,2,3,0,14
64,3,3,0,15
64,4,3,0,11
64,5,3,0,1
64,6,3,0,1
64,7,3,0,15
64,8,3,0,10
64,9,3,0,21
64,10,3,0,23
64,11,2,3,23
64,12,2,0,11
64,13,2,0,1
64,14,2,0,17
64,15,2,0,7
64,16,2,0,11
64,17,2,3,18
64,18,3,0,2
64,19,2,3,6
64,20,2,0,24
64,21,2,0,13
64,22,2,0,18
64,23,2,0,4
64,24,2,0,15
64,25,2,0,19
64,26,2,3,0
64,27,3,0,2
64,28,3,0,7
64,29,3,0,0
64,30,3,0,2
64,31,2,3,7
64,32,2,0,24
64,33,2,0,21
64,34,2,0,23
64,35,2,0,16
64,36,2,0,6
64,37,2,3,20
64,38,2,0,12
64,39,2,0,19
64,40,2,3,17
64,41,2,3,16
64,42,2,3,9
64,43,2,0,24
64,44,2,0,23
64,45,2,0,9
64,46,2,0,17
64,47,2,0,0
64,48,2,0,7
64,49,2,0,20
64,50,2,0,10
64,51,2,0,10
64,52,2,0,3
64,53,2,0,19
64,54,2,0,14
64,55,2,0,6
64,56,2,3,18
64,57,3,0,3
64,58,3,0,8
64,59,3,0,2
64,60,3,0,19
64,61,3,0,17
64,62,3,0,7
