0,0,3,0,4
0,1,3,0,23
0,2,3,0,20
0,3,3,0,18
0,4,3,0,21
0,5,3,0,19
0,6,3,0,5
0,7,3,0,12
0,8,2,3,6
0,9,2,0,18
0,10,2,0,0
0,11,2,0,15
0,12,2,0,24
0,13,2,0,11
0,14,2,0,13
0,15,2,0,7
0,16,2,0,1
0,17,2,0,14
0,18,2,0,24
0,19,2,3,20
0,20,2,3,5
0,21,3,0,19
0,22,3,0,11
0,23,3,0,21
0,24,3,0,21
0,25,3,0,19
0,26,3,0,11
0,27,3,0,14
0,28,2,3,24
0,29,2,0,14
0,30,2,3,0
0,31,3,0,3
0,32,3,0,19
0,33,2,3,6
0,34,2,0,18
0,35,2,0,2
0,36,2,0,7
0,37,2,0,2
0,38,2,0,21
0,39,2,0,6
0,40,2,3,20
0,41,2,3,10
0,42,2,3,8
0,43,3,0,14
0,44,2,3,9
0,45,2,0,12
0,46,2,0,13
0,47,2,0,18
0,48,2,0,8
0,49,2,0,7
0,50,2,0,19
0,51,2,0,7
0,52,2,0,12
0,53,2,0,24
0,54,2,0,10
0,55,2,0,13
0,56,2,0,12
0,57,2,0,2
0,58,2,3,18
0,59,3,0,6
0,60,3,0,16
0,61,3,0,13
0,62,3,0,10
0,63,3,0,18
1,0,3,0,9
1,1,3,0,20
1,2,3,0,19
1,3,3,0,4
1,4,3,0,11
1,5,3,0,13
1,6,3,0,21
1,7,3,0,10
1,8,2,3,21
1,9,2,0,9
1,10,2,0,24
1,11,2,0,18
1,12,2,0,3
1,13,2,0,20
1,14,2,0,17
1,15,2,0,22
1,16,2,0,12
1,17,2,0,2
1,18,2,3,13
1,19,2,3,8
1,20,3,0,10
1,21,3,0,24
1,22,2,3,16
1,23,2,3,16
1,24,3,0,22
1,25,3,0,13
1,26,3,0,9
1,27,2,3,6
1,28,2,0,24
1,29,2,0,20
1,30,2,3,18
1,31,3,0,4
1,32,3,0,1
1,33,2,3,24
1,34,2,0,17
1,35,2,0,11
1,36,2,0,22
1,37,2,0,16
1,38,2,0,9
1,39,2,3,5
1,40,2,3,8
1,41,3,0,9
1,42,3,0,8
1,43,2,3,6
1,44,2,0,21
1,45,2,0,23
1,46,2,0,8
1,47,2,0,24
1,48,2,0,12
1,49,2,0,15
1,50,2,0,3
1,51,2,0,10
1,52,2,0,10
1,53,2,0,0
1,54,2,0,0
1,55,2,0,11
1,56,2,0,5
1,57,2,3,0
1,58,3,0,1
1,59,3,0,23
1,60,3,0,21
1,61,3,0,16
1,62,3,0,7
2,0,3,0,3
2,1,3,0,0
2,2,3,0,5
2,3,3,0,16
2,4,3,0,4
2,5,3,0,13
2,6,3,0,5
2,7,3,0,7
2,8,2,3,7
2,9,2,0,21
2,10,2,0,20
2,11,2,0,22
2,12,2,0,6
2,13,2,0,14
2,14,2,0,2
2,15,2,0,24
2,16,2,0,17
2,17,2,3,5
2,18,3,0,12
2,19,3,0,12
2,20,3,0,13
2,21,2,0,1
2,22,2,3,4
2,23,2,3,2
2,24,3,0,7
2,25,3,0,6
2,26,3,0,23
2,27,2,3,24
2,28,2,0,15
2,29,2,3,0
2,30,3,0,17
2,31,3,0,8
2,32,2,3,9
2,33,2,0,14
2,34,2,0,19
2,35,2,0,8
2,36,2,0,11
2,37,2,0,13
2,38,2,3,0
2,39,3,0,15
2,40,3,0,11
2,41,3,0,22
2,42,3,0,19
2,43,2,3,24
2,44,2,0,12
2,45,2,0,10
2,46,2,0,19
2,47,2,0,6
2,48,2,0,1
2,49,2,0,16
2,50,2,0,15
2,51,2,0,24
2,52,2,0,22
2,53,2,0,18
2,54,2,0,12
2,55,2,0,4
2,56,2,0,19
2,57,2,3,18
2,58,3,0,9
2,59,3,0,18
2,60,3,0,11
2,61,3,0,4
2,62,3,0,24
3,0,3,0,19
3,1,3,0,14
3,2,3,0,4
3,3,3,0,5
3,4,3,0,20
3,5,3,0,22
3,6,3,0,9
3,7,3,0,7
3,8,2,3,24
3,9,2,0,17
3,10,2,0,14
3,11,2,0,22
3,12,2,0,8
3,13,2,0,5
3,14,2,0,19
3,15,2,0,20
3,16,2,3,15
3,17,3,0,15
3,18,3,0,21
3,19,3,0,6
3,20,2,0,0
3,21,2,0,21
3,22,2,0,17
3,23,2,3,3
3,24,3,0,11
3,25,3,0,12
3,26,2,3,6
3,27,2,0,11
3,28,2,0,16
3,29,2,3,3
3,30,2,3,16
3,31,2,3,9
3,32,2,0,1
3,33,2,0,22
3,34,2,0,6
3,35,2,0,10
3,36,2,0,1
3,37,2,0,13
3,38,2,3,18
3,39,3,0,20
3,40,3,0,15
3,41,3,0,24
3,42,2,3,6
3,43,2,0,7
3,44,2,0,7
3,45,2,0,7
3,46,2,0,9
3,47,2,0,4
3,48,2,0,5
3,49,2,0,16
3,50,2,0,11
3,51,2,0,3
3,52,2,0,0
3,53,2,0,1
3,54,2,0,20
3,55,2,0,8
3,56,2,3,10
3,57,3,0,13
3,58,3,0,24
3,59,3,0,19
3,60,3,0,18
3,61,3,0,24
3,62,3,0,22
4,0,3,0,20
4,1,3,0,20
4,2,3,0,16
4,3,3,0,1
4,4,3,0,24
4,5,3,0,10
4,6,3,0,23
4,7,2,3,6
4,8,2,0,24
4,9,2,0,24
4,10,2,0,20
4,11,2,0,5
4,12,2,0,20
4,13,2,0,19
4,14,2,0,12
4,15,2,3,0
4,16,3,0,6
4,17,3,0,7
4,18,3,0,3
4,19,2,3,14
4,20,2,0,7
4,21,2,0,0
4,22,2,0,24
4,23,2,3,1
4,24,3,0,5
4,25,3,0,9
4,26,2,3,24
4,27,2,0,18
4,28,2,0,10
4,29,2,3,4
4,30,2,3,4
4,31,2,0,10
4,32,2,0,7
4,33,2,0,11
4,34,2,0,13
4,35,2,0,4
4,36,2,0,19
4,37,2,3,0
4,38,3,0,12
4,39,3,0,20
4,40,3,0,7
4,41,3,0,0
4,42,2,3,24
4,43,2,0,7
4,44,2,0,3
4,45,2,0,18
4,46,2,0,24
4,47,2,3,20
4,48,2,0,1
4,49,2,0,17
4,50,2,0,20
4,51,2,0,4
4,52,2,0,20
4,53,2,0,23
4,54,2,0,2
4,55,2,3,13
4,56,3,0,24
4,57,3,0,10
4,58,3,0,19
4,59,3,0,5
4,60,3,0,8
4,61,3,0,21
4,62,3,0,22
5,0,3,0,10
5,1,3,0,15
5,2,3,0,14
5,3,3,0,2
5,4,3,0,4
5,5,3,0,2
5,6,3,0,15
5,7,2,3,24
5,8,2,0,21
5,9,2,0,2
5,10,2,0,13
5,11,2,0,12
5,12,2,0,19
5,13,2,0,22
5,14,2,0,18
5,15,2,3,18
5,16,3,0,16
5,17,2,3,16
5,18,2,3,9
5,19,2,0,9
5,20,2,0,8
5,21,2,0,2
5,22,2,0,4
5,23,2,3,2
5,24,2,3,16
5,25,2,3,14
5,26,2,0,16
5,27,2,0,18
5,28,2,0,19
5,29,2,0,24
5,30,2,0,1
5,31,2,0,13
5,32,2,0,19
5,33,2,0,22
5,34,2,0,7
5,35,2,0,15
5,36,2,0,22
5,37,2,3,18
5,38,3,0,19
5,39,3,0,4
5,40,3,0,3
5,41,2,3,14
5,42,2,0,18
5,43,2,0,20
5,44,2,0,1
5,45,2,0,14
5,46,2,3,10
5,47,2,3,21
5,48,2,0,11
5,49,2,0,24
5,50,2,0,13
5,51,2,0,6
5,52,2,0,9
5,53,2,0,1
5,54,2,3,5
5,55,3,0,7
5,56,3,0,20
5,57,3,0,12
5,58,3,0,0
5,59,3,0,17
5,60,3,0,9
5,61,3,0,10
5,62,3,0,19
6,0,3,0,3
6,1,3,0,15
6,2,3,0,19
6,3,3,0,13
6,4,3,0,22
6,5,3,0,15
6,6,2,3,6
6,7,2,0,2
6,8,2,0,19
6,9,2,0,16
6,10,2,0,18
6,11,2,0,13
6,12,2,0,24
6,13,2,0,12
6,14,2,3,0
6,15,3,0,17
6,16,2,3,14
6,17,2,3,4
6,18,2,0,16
6,19,2,0,12
6,20,2,0,2
6,21,2,0,8
6,22,2,0,3
6,23,2,3,4
6,24,2,3,4
6,25,2,0,17
6,26,2,0,11
6,27,2,3,20
6,28,2,3,20
6,29,2,3,20
6,30,2,0,6
6,31,2,0,24
6,32,2,0,14
6,33,2,0,16
6,34,2,0,14
6,35,2,0,22
6,36,2,3,0
6,37,3,0,20
6,38,2,3,16
6,39,2,3,16
6,40,2,3,9
6,41,2,0,21
6,42,2,0,22
6,43,2,0,5
6,44,2,0,0
6,45,2,3,13
6,46,3,0,8
6,47,2,3,22
6,48,2,0,17
6,49,2,0,10
6,50,2,0,24
6,51,2,3,20
6,52,2,3,20
6,53,2,3,10
6,54,3,0,24
6,55,3,0,0
6,56,3,0,23
6,57,3,0,9
6,58,3,0,13
6,59,3,0,4
6,60,3,0,9
6,61,3,0,16
6,62,3,0,21
7,0,3,0,13
7,1,3,0,14
7,2,3,0,6
7,3,3,0,8
7,4,3,0,17
7,5,3,0,18
7,6,2,3,21
7,7,2,0,22
7,8,2,0,21
7,9,2,0,4
7,10,2,0,22
7,11,2,0,22
7,12,2,0,24
7,13,2,0,13
7,14,2,3,1
7,15,2,3,9
7,16,2,0,18
7,17,2,0,18
7,18,2,0,7
7,19,2,0,1
7,20,2,0,3
7,21,2,0,12
7,22,2,0,14
7,23,2,0,1
7,24,2,0,4
7,25,2,0,2
7,26,2,3,5
7,27,2,3,8
7,28,2,3,8
7,29,2,3,23
7,30,2,0,22
7,31,2,0,15
7,32,2,0,15
7,33,2,0,5
7,34,2,0,2
7,35,2,0,7
7,36,2,3,1
7,37,2,3,11
7,38,2,3,4
7,39,2,3,4
7,40,2,0,1
7,41,2,0,23
7,42,2,0,24
7,43,2,0,8
7,44,2,3,0
7,45,3,0,8
7,46,3,0,22
7,47,2,3,7
7,48,2,0,2
7,49,2,0,13
7,50,2,3,0
7,51,2,3,8
7,52,2,3,8
7,53,3,0,16
7,54,3,0,21
7,55,3,0,6
7,56,3,0,16
7,57,3,0,11
7,58,3,0,4
7,59,3,0,22
7,60,3,0,0
7,61,3,0,10
7,62,3,0,18
8,0,3,0,1
8,1,3,0,5
8,2,3,0,12
8,3,3,0,3
8,4,3,0,5
8,5,3,0,19
8,6,2,3,22
8,7,2,0,11
8,8,2,0,8
8,9,2,0,17
8,10,2,0,15
8,11,2,0,10
8,12,2,0,16
8,13,2,0,5
8,14,2,3,4
8,15,2,0,4
8,16,2,0,4
8,17,2,0,13
8,18,2,0,1
8,19,2,0,20
8,20,2,0,5
8,21,2,0,15
8,22,2,0,7
8,23,2,0,9
8,24,2,0,6
8,25,2,3,5
8,26,3,0,3
8,27,3,0,9
8,28,3,0,4
8,29,2,3,24
8,30,2,0,2
8,31,2,0,12
8,32,2,0,1
8,33,2,3,20
8,34,2,0,24
8,35,2,0,11
8,36,2,3,4
8,37,2,0,4
8,38,2,0,11
8,39,2,0,15
8,40,2,0,13
8,41,2,0,5
8,42,2,0,16
8,43,2,0,3
8,44,2,3,3
8,45,2,3,16
8,46,3,0,1
8,47,2,3,23
8,48,2,0,11
8,49,2,0,12
8,50,2,3,18
8,51,3,0,24
8,52,3,0,22
8,53,3,0,2
8,54,3,0,10
8,55,3,0,3
8,56,3,0,1
8,57,3,0,3
8,58,3,0,0
8,59,3,0,3
8,60,3,0,12
8,61,3,0,21
8,62,3,0,11
9,0,3,0,3
9,1,3,0,10
9,2,3,0,6
9,3,3,0,22
9,4,3,0,21
9,5,3,0,21
9,6,2,3,23
9,7,2,0,20
9,8,2,0,18
9,9,2,0,6
9,10,2,0,4
9,11,2,0,1
9,12,2,0,6
9,13,2,0,11
9,14,2,0,21
9,15,2,0,12
9,16,2,0,1
9,17,2,0,4
9,18,2,0,18
9,19,2,0,22
9,20,2,0,0
9,21,2,0,0
9,22,2,0,17
9,23,2,0,12
9,24,2,3,5
9,25,3,0,11
9,26,3,0,24
9,27,3,0,14
9,28,2,3,6
9,29,2,0,1
9,30,2,0,14
9,31,2,0,18
9,32,2,3,13
9,33,2,3,21
9,34,2,0,15
9,35,2,0,11
9,36,2,0,2
9,37,2,0,20
9,38,2,0,20
9,39,2,0,6
9,40,2,0,17
9,41,2,0,24
9,42,2,0,9
9,43,2,0,20
9,44,2,3,4
9,45,2,3,3
9,46,3,0,4
9,47,2,3,21
9,48,2,0,4
9,49,2,3,5
9,50,3,0,15
9,51,3,0,5
9,52,3,0,15
9,53,3,0,14
9,54,3,0,3
9,55,3,0,21
9,56,3,0,22
9,57,3,0,20
9,58,3,0,7
9,59,3,0,17
9,60,3,0,9
9,61,3,0,6
9,62,3,0,20
10,0,3,0,5
10,1,3,0,10
10,2,3,0,7
10,3,3,0,13
10,4,3,0,19
10,5,3,0,2
10,6,2,3,24
10,7,2,0,20
10,8,2,0,22
10,9,2,0,13
10,10,2,0,7
10,11,2,0,7
10,12,2,0,19
10,13,2,0,1
10,14,2,0,7
10,15,2,0,16
10,16,2,0,10
10,17,2,0,5
10,18,2,0,0
10,19,2,0,14
10,20,2,0,6
10,21,2,0,8
10,22,2,0,9
10,23,2,3,0
10,24,3,0,4
10,25,3,0,10
10,26,3,0,15
10,27,3,0,4
10,28,2,3,24
10,29,2,0,4
10,30,2,0,20
10,31,2,3,10
10,32,3,0,10
10,33,2,3,7
10,34,2,0,24
10,35,2,0,0
10,36,2,0,19
10,37,2,0,1
10,38,2,0,15
10,39,2,0,6
10,40,2,0,10
10,41,2,0,19
10,42,2,0,10
10,43,2,0,24
10,44,2,0,8
10,45,2,3,17
10,46,3,0,20
10,47,2,3,21
10,48,2,3,13
10,49,3,0,15
10,50,3,0,4
10,51,3,0,4
10,52,3,0,18
10,53,3,0,24
10,54,3,0,10
10,55,3,0,6
10,56,3,0,8
10,57,3,0,22
10,58,3,0,15
10,59,3,0,2
10,60,3,0,21
10,61,3,0,10
10,62,3,0,19
11,0,3,0,22
11,1,3,0,2
11,2,3,0,15
11,3,3,0,9
11,4,3,0,18
11,5,2,3,6
11,6,2,0,18
11,7,2,0,13
11,8,2,0,21
11,9,2,0,23
11,10,2,0,2
11,11,2,0,16
11,12,2,0,3
11,13,2,0,2
11,14,2,0,4
11,15,2,0,23
11,16,2,0,13
11,17,2,3,20
11,18,2,3,20
11,19,2,0,1
11,20,2,0,17
11,21,2,0,11
11,22,2,0,1
11,23,2,3,1
11,24,3,0,23
11,25,3,0,22
11,26,3,0,3
11,27,2,3,6
11,28,2,0,15
11,29,2,0,19
11,30,2,3,10
11,31,3,0,6
11,32,3,0,8
11,33,2,0,12
11,34,2,0,17
11,35,2,0,12
11,36,2,0,13
11,37,2,0,5
11,38,2,0,17
11,39,2,0,24
11,40,2,0,18
11,41,2,0,9
11,42,2,0,2
11,43,2,0,18
11,44,2,0,6
11,45,2,3,18
11,46,3,0,12
11,47,2,3,8
11,48,3,0,8
11,49,3,0,9
11,50,3,0,14
11,51,3,0,24
11,52,3,0,24
11,53,3,0,7
11,54,3,0,24
11,55,3,0,15
11,56,3,0,4
11,57,3,0,19
11,58,3,0,21
11,59,3,0,5
11,60,3,0,20
11,61,3,0,5
11,62,3,0,24
12,0,3,0,18
12,1,3,0,22
12,2,3,0,20
12,3,3,0,1
12,4,3,0,15
12,5,2,3,21
12,6,2,0,7
12,7,2,0,10
12,8,2,0,14
12,9,2,0,12
12,10,2,0,6
12,11,2,0,9
12,12,2,0,13
12,13,2,0,9
12,14,2,0,17
12,15,2,0,0
12,16,2,3,15
12,17,2,3,8
12,18,2,3,22
12,19,2,0,1
12,20,2,0,6
12,21,2,0,8
12,22,2,0,2
12,23,2,3,3
12,24,3,0,0
12,25,3,0,22
12,26,3,0,13
12,27,2,3,24
12,28,2,0,6
12,29,2,3,15
12,30,3,0,24
12,31,3,0,12
12,32,2,3,6
12,33,2,0,0
12,34,2,0,24
12,35,2,0,16
12,36,2,0,14
12,37,2,0,20
12,38,2,0,19
12,39,2,0,12
12,40,2,0,5
12,41,2,0,11
12,42,2,0,2
12,43,2,0,17
12,44,2,3,0
12,45,3,0,17
12,46,3,0,24
12,47,3,0,0
12,48,3,0,9
12,49,3,0,16
12,50,3,0,9
12,51,3,0,11
12,52,3,0,1
12,53,3,0,24
12,54,3,0,19
12,55,3,0,11
12,56,3,0,18
12,57,3,0,10
12,58,3,0,12
12,59,3,0,9
12,60,3,0,1
12,61,3,0,21
12,62,3,0,3
13,0,3,0,4
13,1,3,0,1
13,2,3,0,8
13,3,3,0,22
13,4,3,0,10
13,5,2,3,7
13,6,2,0,12
13,7,2,0,17
13,8,2,0,7
13,9,2,0,15
13,10,2,0,1
13,11,2,0,2
13,12,2,0,2
13,13,2,0,20
13,14,2,0,0
13,15,2,3,0
13,16,3,0,6
13,17,3,0,18
13,18,2,3,23
13,19,2,0,10
13,20,2,0,23
13,21,2,0,10
13,22,2,0,13
13,23,2,3,1
13,24,3,0,5
13,25,3,0,2
13,26,2,3,11
13,27,2,0,19
13,28,2,3,15
13,29,3,0,14
13,30,3,0,23
13,31,3,0,21
13,32,2,3,24
13,33,2,0,6
13,34,2,0,16
13,35,2,0,7
13,36,2,0,11
13,37,2,0,21
13,38,2,0,9
13,39,2,0,13
13,40,2,0,21
13,41,2,0,10
13,42,2,0,21
13,43,2,0,21
13,44,2,3,18
13,45,3,0,22
13,46,3,0,1
13,47,3,0,17
13,48,3,0,6
13,49,3,0,24
13,50,3,0,17
13,51,3,0,7
13,52,3,0,24
13,53,3,0,21
13,54,3,0,1
13,55,3,0,2
13,56,3,0,15
13,57,3,0,17
13,58,3,0,8
13,59,3,0,20
13,60,3,0,5
13,61,3,0,9
13,62,3,0,18
14,0,3,0,5
14,1,3,0,21
14,2,3,0,6
14,3,3,0,19
14,4,3,0,8
14,5,2,3,24
14,6,2,0,23
14,7,2,0,7
14,8,2,0,19
14,9,2,0,14
14,10,2,0,9
14,11,2,0,4
14,12,2,0,8
14,13,2,0,20
14,14,2,0,14
14,15,2,3,18
14,16,3,0,17
14,17,3,0,1
14,18,2,3,21
14,19,2,0,18
14,20,2,0,10
14,21,2,0,5
14,22,2,0,22
14,23,2,3,3
14,24,3,0,11
14,25,2,3,11
14,26,2,0,23
14,27,2,3,0
14,28,3,0,3
14,29,3,0,23
14,30,3,0,19
14,31,2,3,14
14,32,2,0,11
14,33,2,0,23
14,34,2,0,23
14,35,2,0,10
14,36,2,0,6
14,37,2,0,18
14,38,2,0,21
14,39,2,0,3
14,40,2,0,19
14,41,2,0,0
14,42,2,0,24
14,43,2,3,0
14,44,3,0,15
14,45,3,0,18
14,46,3,0,23
14,47,3,0,3
14,48,3,0,20
14,49,3,0,0
14,50,3,0,14
14,51,3,0,20
14,52,3,0,22
14,53,3,0,7
14,54,3,0,9
14,55,3,0,6
14,56,3,0,22
14,57,3,0,1
14,58,3,0,2
14,59,3,0,20
14,60,3,0,16
14,61,3,0,13
14,62,3,0,15
15,0,3,0,24
15,1,3,0,8
15,2,3,0,7
15,3,3,0,19
15,4,2,3,6
15,5,2,0,20
15,6,2,0,7
15,7,2,0,19
15,8,2,0,5
15,9,2,0,23
15,10,2,0,9
15,11,2,0,8
15,12,2,0,17
15,13,2,0,13
15,14,2,3,0
15,15,3,0,12
15,16,3,0,7
15,17,3,0,24
15,18,2,3,22
15,19,2,0,2
15,20,2,0,6
15,21,2,0,19
15,22,2,0,24
15,23,2,3,2
15,24,2,3,19
15,25,2,0,6
15,26,2,0,17
15,27,2,3,18
15,28,3,0,21
15,29,3,0,24
15,30,2,3,14
15,31,2,0,15
15,32,2,0,18
15,33,2,0,1
15,34,2,0,12
15,35,2,0,1
15,36,2,0,22
15,37,2,0,19
15,38,2,0,1
15,39,2,0,6
15,40,2,0,11
15,41,2,0,11
15,42,2,0,8
15,43,2,3,18
15,44,3,0,8
15,45,3,0,16
15,46,3,0,3
15,47,3,0,0
15,48,3,0,18
15,49,3,0,10
15,50,3,0,8
15,51,3,0,24
15,52,3,0,12
15,53,3,0,4
15,54,3,0,4
15,55,3,0,3
15,56,3,0,21
15,57,3,0,10
15,58,3,0,12
15,59,3,0,1
15,60,3,0,15
15,61,3,0,18
15,62,3,0,12
16,0,3,0,15
16,1,3,0,17
16,2,3,0,13
16,3,3,0,7
16,4,2,3,23
16,5,2,3,20
16,6,2,0,18
16,7,2,0,5
16,8,2,0,8
16,9,2,0,13
16,10,2,0,21
16,11,2,0,24
16,12,2,0,9
16,13,2,0,15
16,14,2,3,18
16,15,3,0,20
16,16,3,0,11
16,17,3,0,4
16,18,2,3,24
16,19,2,0,24
16,20,2,0,18
16,21,2,0,24
16,22,2,0,20
16,23,2,3,4
16,24,2,0,8
16,25,2,0,20
16,26,2,3,5
16,27,3,0,24
16,28,3,0,24
16,29,2,3,14
16,30,2,0,19
16,31,2,0,10
16,32,2,0,5
16,33,2,0,12
16,34,2,0,8
16,35,2,0,2
16,36,2,0,21
16,37,2,0,12
16,38,2,0,23
16,39,2,0,14
16,40,2,0,20
16,41,2,0,15
16,42,2,3,10
16,43,3,0,4
16,44,3,0,9
16,45,3,0,2
16,46,3,0,14
16,47,3,0,4
16,48,3,0,9
16,49,3,0,7
16,50,3,0,4
16,51,3,0,24
16,52,3,0,1
16,53,3,0,4
16,54,3,0,13
16,55,3,0,0
16,56,3,0,9
16,57,3,0,1
16,58,3,0,15
16,59,3,0,6
16,60,3,0,9
16,61,3,0,2
16,62,3,0,10
17,0,3,0,20
17,1,3,0,18
17,2,3,0,18
17,3,3,0,20
17,4,2,3,8
17,5,2,3,22
17,6,2,3,20
17,7,2,0,3
17,8,2,0,11
17,9,2,0,24
17,10,2,0,1
17,11,2,0,15
17,12,2,0,24
17,13,2,3,0
17,14,3,0,21
17,15,3,0,13
17,16,3,0,9
17,17,2,3,6
17,18,2,0,16
17,19,2,0,8
17,20,2,3,20
17,21,2,3,20
17,22,2,3,20
17,23,2,0,17
17,24,2,0,6
17,25,2,3,5
17,26,3,0,16
17,27,3,0,9
17,28,2,3,6
17,29,2,0,1
17,30,2,0,5
17,31,2,0,24
17,32,2,0,7
17,33,2,0,4
17,34,2,0,17
17,35,2,0,15
17,36,2,0,5
17,37,2,0,21
17,38,2,0,15
17,39,2,0,16
17,40,2,0,22
17,41,2,3,15
17,42,3,0,15
17,43,3,0,18
17,44,3,0,19
17,45,3,0,15
17,46,3,0,15
17,47,3,0,1
17,48,3,0,14
17,49,3,0,13
17,50,3,0,0
17,51,3,0,13
17,52,3,0,1
17,53,3,0,2
17,54,3,0,21
17,55,3,0,13
17,56,3,0,7
17,57,3,0,9
17,58,3,0,19
17,59,3,0,4
17,60,3,0,3
17,61,3,0,17
17,62,3,0,16
18,0,3,0,9
18,1,3,0,7
18,2,3,0,1
18,3,3,0,16
18,4,3,0,17
18,5,2,3,8
18,6,2,3,23
18,7,2,0,24
18,8,2,0,19
18,9,2,0,3
18,10,2,0,21
18,11,2,0,0
18,12,2,0,13
18,13,2,3,3
18,14,2,3,16
18,15,3,0,1
18,16,3,0,3
18,17,2,3,24
18,18,2,0,2
18,19,2,3,5
18,20,2,3,8
18,21,2,3,8
18,22,2,3,23
18,23,2,0,19
18,24,2,3,0
18,25,3,0,3
18,26,3,0,17
18,27,3,0,0
18,28,2,3,24
18,29,2,0,13
18,30,2,0,22
18,31,2,0,15
18,32,2,0,14
18,33,2,0,24
18,34,2,0,16
18,35,2,0,1
18,36,2,0,1
18,37,2,0,22
18,38,2,0,12
18,39,2,0,1
18,40,2,3,5
18,41,3,0,23
18,42,3,0,6
18,43,3,0,24
18,44,3,0,4
18,45,3,0,10
18,46,3,0,0
18,47,3,0,23
18,48,3,0,3
18,49,3,0,23
18,50,3,0,5
18,51,3,0,15
18,52,3,0,23
18,53,3,0,17
18,54,3,0,10
18,55,3,0,1
18,56,3,0,11
18,57,3,0,12
18,58,3,0,17
18,59,3,0,11
18,60,3,0,1
18,61,3,0,12
18,62,3,0,19
19,0,3,0,7
19,1,3,0,4
19,2,3,0,22
19,3,3,0,21
19,4,3,0,24
19,5,3,0,5
19,6,2,3,23
19,7,2,0,7
19,8,2,0,14
19,9,2,0,15
19,10,2,0,13
19,11,2,0,7
19,12,2,0,23
19,13,2,3,4
19,14,2,3,3
19,15,2,3,16
19,16,2,3,11
19,17,2,0,14
19,18,2,3,5
19,19,3,0,12
19,20,3,0,17
19,21,3,0,16
19,22,2,3,24
19,23,2,0,17
19,24,2,3,18
19,25,3,0,14
19,26,3,0,7
19,27,2,3,6
19,28,2,0,16
19,29,2,0,14
19,30,2,0,9
19,31,2,0,15
19,32,2,0,7
19,33,2,0,13
19,34,2,0,19
19,35,2,0,15
19,36,2,0,18
19,37,2,0,23
19,38,2,0,22
19,39,2,3,15
19,40,3,0,11
19,41,3,0,12
19,42,3,0,14
19,43,3,0,7
19,44,3,0,22
19,45,3,0,20
19,46,3,0,4
19,47,3,0,0
19,48,3,0,1
19,49,3,0,16
19,50,3,0,17
19,51,2,3,16
19,52,2,3,16
19,53,2,3,16
19,54,2,3,16
19,55,2,3,16
19,56,3,0,18
19,57,3,0,12
19,58,3,0,20
19,59,3,0,14
19,60,3,0,21
19,61,3,0,6
19,62,3,0,2
20,0,3,0,19
20,1,3,0,5
20,2,3,0,4
20,3,3,0,20
20,4,3,0,15
20,5,3,0,24
20,6,2,3,22
20,7,2,0,17
20,8,2,0,12
20,9,2,0,8
20,10,2,0,6
20,11,2,0,14
20,12,2,0,21
20,13,2,0,22
20,14,2,3,4
20,15,2,3,4
20,16,2,0,10
20,17,2,3,10
20,18,3,0,0
20,19,3,0,17
20,20,2,3,16
20,21,2,3,9
20,22,2,0,9
20,23,2,0,22
20,24,3,0,12
20,25,3,0,17
20,26,3,0,24
20,27,2,3,23
20,28,2,0,12
20,29,2,0,7
20,30,2,0,9
20,31,2,0,24
20,32,2,0,20
20,33,2,0,6
20,34,2,0,15
20,35,2,0,12
20,36,2,0,12
20,37,2,0,5
20,38,2,3,10
20,39,3,0,11
20,40,3,0,0
20,41,3,0,9
20,42,3,0,2
20,43,3,0,7
20,44,3,0,0
20,45,3,0,4
20,46,3,0,5
20,47,3,0,17
20,48,3,0,9
20,49,2,3,16
20,50,2,3,14
20,51,2,3,4
20,52,2,3,4
20,53,2,3,4
20,54,2,3,4
20,55,2,3,3
20,56,2,3,16
20,57,3,0,3
20,58,3,0,8
20,59,3,0,0
20,60,3,0,16
20,61,3,0,7
20,62,3,0,0
21,0,3,0,11
21,1,3,0,18
21,2,3,0,15
21,3,3,0,16
21,4,3,0,2
21,5,3,0,17
21,6,2,3,24
21,7,2,0,1
21,8,2,0,4
21,9,2,0,9
21,10,2,0,0
21,11,2,0,21
21,12,2,0,18
21,13,2,0,23
21,14,2,0,8
21,15,2,0,2
21,16,2,3,13
21,17,3,0,19
21,18,3,0,17
21,19,2,3,14
21,20,2,3,4
21,21,2,0,11
21,22,2,0,19
21,23,2,3,18
21,24,3,0,24
21,25,3,0,5
21,26,3,0,12
21,27,2,3,21
21,28,2,0,5
21,29,2,0,23
21,30,2,0,6
21,31,2,0,1
21,32,2,0,7
21,33,2,0,2
21,34,2,0,10
21,35,2,0,19
21,36,2,0,20
21,37,2,3,5
21,38,3,0,7
21,39,3,0,9
21,40,3,0,3
21,41,3,0,14
21,42,3,0,24
21,43,3,0,3
21,44,3,0,17
21,45,3,0,21
21,46,3,0,4
21,47,3,0,0
21,48,2,3,14
21,49,2,3,4
21,50,2,0,9
21,51,2,0,6
21,52,2,0,12
21,53,2,0,24
21,54,2,0,22
21,55,2,3,4
21,56,2,3,17
21,57,3,0,8
21,58,3,0,9
21,59,3,0,13
21,60,3,0,15
21,61,3,0,12
21,62,3,0,2
22,0,3,0,15
22,1,3,0,18
22,2,3,0,23
22,3,3,0,1
22,4,3,0,19
22,5,2,3,6
22,6,2,0,20
22,7,2,0,24
22,8,2,0,19
22,9,2,0,14
22,10,2,0,5
22,11,2,0,5
22,12,2,0,10
22,13,2,0,14
22,14,2,0,5
22,15,2,3,0
22,16,3,0,20
22,17,3,0,23
22,18,2,3,6
22,19,2,0,2
22,20,2,0,0
22,21,2,0,19
22,22,2,3,0
22,23,3,0,0
22,24,3,0,20
22,25,3,0,22
22,26,3,0,12
22,27,2,3,24
22,28,2,0,8
22,29,2,0,12
22,30,2,0,20
22,31,2,0,17
22,32,2,0,2
22,33,2,0,21
22,34,2,0,8
22,35,2,0,12
22,36,2,3,0
22,37,3,0,6
22,38,3,0,3
22,39,3,0,17
22,40,3,0,20
22,41,3,0,6
22,42,3,0,20
22,43,3,0,13
22,44,3,0,24
22,45,3,0,19
22,46,3,0,1
22,47,2,3,6
22,48,2,0,24
22,49,2,0,8
22,50,2,0,19
22,51,2,0,10
22,52,2,0,20
22,53,2,0,12
22,54,2,0,0
22,55,2,0,15
22,56,2,3,2
22,57,3,0,4
22,58,3,0,11
22,59,3,0,23
22,60,3,0,15
22,61,3,0,7
22,62,3,0,5
23,0,3,0,11
23,1,3,0,24
23,2,3,0,17
23,3,3,0,19
23,4,3,0,5
23,5,2,3,21
23,6,2,0,12
23,7,2,0,13
23,8,2,0,14
23,9,2,0,13
23,10,2,0,5
23,11,2,0,3
23,12,2,0,16
23,13,2,0,7
23,14,2,0,7
23,15,2,3,18
23,16,3,0,19
23,17,3,0,23
23,18,2,3,24
23,19,2,0,2
23,20,2,0,3
23,21,2,0,7
23,22,2,3,2
23,23,2,3,16
23,24,2,3,16
23,25,3,0,16
23,26,2,3,6
23,27,2,0,15
23,28,2,0,0
23,29,2,0,16
23,30,2,0,6
23,31,2,0,18
23,32,2,0,2
23,33,2,0,18
23,34,2,0,3
23,35,2,0,2
23,36,2,3,18
23,37,3,0,22
23,38,3,0,22
23,39,3,0,22
23,40,3,0,11
23,41,3,0,13
23,42,3,0,14
23,43,3,0,16
23,44,3,0,21
23,45,3,0,3
23,46,3,0,10
23,47,2,3,24
23,48,2,0,22
23,49,2,0,22
23,50,2,0,22
23,51,2,0,7
23,52,2,0,21
23,53,2,0,12
23,54,2,0,11
23,55,2,0,11
23,56,2,3,2
23,57,3,0,24
23,58,3,0,1
23,59,3,0,12
23,60,3,0,22
23,61,3,0,13
23,62,3,0,20
24,0,3,0,8
24,1,3,0,18
24,2,3,0,20
24,3,3,0,3
24,4,3,0,8
24,5,2,3,24
24,6,2,0,17
24,7,2,0,8
24,8,2,0,9
24,9,2,0,13
24,10,2,0,2
24,11,2,0,22
24,12,2,0,24
24,13,2,0,21
24,14,2,0,1
24,15,3,0,13
24,16,3,0,4
24,17,2,3,6
24,18,2,0,20
24,19,2,0,6
24,20,2,0,3
24,21,2,0,13
24,22,2,3,4
24,23,2,3,4
24,24,2,3,18
24,25,3,0,3
24,26,2,3,23
24,27,2,0,2
24,28,2,0,3
24,29,2,0,20
24,30,2,0,1
24,31,2,0,12
24,32,2,0,12
24,33,2,0,12
24,34,2,0,0
24,35,2,3,15
24,36,3,0,4
24,37,3,0,12
24,38,3,0,21
24,39,3,0,21
24,40,3,0,23
24,41,3,0,14
24,42,3,0,22
24,43,3,0,16
24,44,3,0,19
24,45,3,0,6
24,46,2,3,14
24,47,2,0,7
24,48,2,0,2
24,49,2,0,18
24,50,2,0,9
24,51,2,0,7
24,52,2,0,1
24,53,2,0,11
24,54,2,0,17
24,55,2,0,9
24,56,2,3,18
24,57,3,0,20
24,58,3,0,3
24,59,3,0,4
24,60,3,0,0
24,61,3,0,18
24,62,3,0,13
25,0,3,0,2
25,1,3,0,24
25,2,3,0,7
25,3,3,0,4
25,4,2,3,6
25,5,2,0,7
25,6,2,0,4
25,7,2,0,7
25,8,2,0,23
25,9,2,0,11
25,10,2,0,15
25,11,2,0,19
25,12,2,0,18
25,13,2,0,10
25,14,2,0,12
25,15,3,0,6
25,16,3,0,8
25,17,2,3,24
25,18,2,0,9
25,19,2,0,20
25,20,2,0,15
25,21,2,0,17
25,22,2,0,13
25,23,2,3,0
25,24,3,0,5
25,25,3,0,3
25,26,2,3,7
25,27,2,0,21
25,28,2,0,4
25,29,2,0,3
25,30,2,0,7
25,31,2,0,6
25,32,2,0,9
25,33,2,0,9
25,34,2,3,13
25,35,3,0,14
25,36,3,0,8
25,37,3,0,19
25,38,3,0,19
25,39,3,0,13
25,40,3,0,8
25,41,3,0,21
25,42,3,0,13
25,43,3,0,13
25,44,3,0,12
25,45,2,3,19
25,46,2,0,22
25,47,2,0,0
25,48,2,0,20
25,49,2,0,5
25,50,2,0,1
25,51,2,0,5
25,52,2,0,10
25,53,2,0,11
25,54,2,0,11
25,55,2,3,0
25,56,3,0,23
25,57,3,0,16
25,58,3,0,10
25,59,3,0,4
25,60,3,0,24
25,61,3,0,11
25,62,3,0,23
26,0,3,0,7
26,1,3,0,0
26,2,3,0,12
26,3,3,0,10
26,4,2,3,21
26,5,2,0,9
26,6,2,0,21
26,7,2,0,7
26,8,2,0,4
26,9,2,0,3
26,10,2,0,5
26,11,2,0,20
26,12,2,0,7
26,13,2,0,24
26,14,2,3,2
26,15,3,0,21
26,16,2,3,6
26,17,2,0,20
26,18,2,0,24
26,19,2,0,17
26,20,2,0,12
26,21,2,0,23
26,22,2,0,17
26,23,2,3,18
26,24,3,0,13
26,25,3,0,7
26,26,2,3,21
26,27,2,0,3
26,28,2,0,24
26,29,2,0,22
26,30,2,0,12
26,31,2,0,15
26,32,2,0,6
26,33,2,3,10
26,34,3,0,15
26,35,3,0,6
26,36,3,0,18
26,37,3,0,13
26,38,3,0,22
26,39,3,0,17
26,40,3,0,12
26,41,3,0,20
26,42,3,0,24
26,43,3,0,23
26,44,2,3,11
26,45,2,0,0
26,46,2,0,4
26,47,2,0,22
26,48,2,0,20
26,49,2,0,14
26,50,2,0,15
26,51,2,0,2
26,52,2,0,20
26,53,2,0,5
26,54,2,0,21
26,55,2,3,1
26,56,3,0,1
26,57,3,0,0
26,58,3,0,16
26,59,3,0,9
26,60,3,0,21
26,61,3,0,0
26,62,3,0,10
27,0,3,0,14
27,1,3,0,21
27,2,3,0,22
27,3,3,0,4
27,4,2,3,21
27,5,2,0,15
27,6,2,0,10
27,7,2,0,10
27,8,2,0,18
27,9,2,0,23
27,10,2,0,21
27,11,2,0,20
27,12,2,0,7
27,13,2,0,2
27,14,2,3,3
27,15,3,0,0
27,16,2,3,24
27,17,2,0,3
27,18,2,0,14
27,19,2,0,1
27,20,2,0,16
27,21,2,0,10
27,22,2,3,0
27,23,3,0,1
27,24,3,0,24
27,25,3,0,2
27,26,2,3,22
27,27,2,0,18
27,28,2,0,13
27,29,2,0,21
27,30,2,0,1
27,31,2,3,20
27,32,2,3,13
27,33,3,0,22
27,34,3,0,0
27,35,3,0,19
27,36,3,0,10
27,37,3,0,14
27,38,3,0,12
27,39,3,0,23
27,40,3,0,20
27,41,3,0,16
27,42,3,0,9
27,43,2,3,19
27,44,2,0,23
27,45,2,0,4
27,46,2,0,19
27,47,2,0,7
27,48,2,0,1
27,49,2,0,19
27,50,2,0,10
27,51,2,0,20
27,52,2,0,24
27,53,2,0,11
27,54,2,0,19
27,55,2,3,18
27,56,3,0,4
27,57,3,0,24
27,58,3,0,18
27,59,3,0,21
27,60,3,0,16
27,61,3,0,8
27,62,3,0,22
28,0,3,0,21
28,1,3,0,4
28,2,3,0,13
28,3,3,0,4
28,4,2,3,7
28,5,2,0,1
28,6,2,0,3
28,7,2,0,18
28,8,2,0,11
28,9,2,0,16
28,10,2,0,0
28,11,2,0,18
28,12,2,0,24
28,13,2,0,23
28,14,2,3,2
28,15,2,3,11
28,16,2,0,22
28,17,2,0,1
28,18,2,0,9
28,19,2,0,0
28,20,2,0,22
28,21,2,0,2
28,22,2,3,3
28,23,3,0,13
28,24,3,0,20
28,25,3,0,3
28,26,2,3,21
28,27,2,3,20
28,28,2,3,20
28,29,2,3,20
28,30,2,3,15
28,31,2,3,8
28,32,3,0,23
28,33,3,0,12
28,34,3,0,23
28,35,3,0,20
28,36,3,0,4
28,37,3,0,12
28,38,3,0,5
28,39,3,0,20
28,40,3,0,4
28,41,3,0,15
28,42,2,3,6
28,43,2,0,24
28,44,2,0,12
28,45,2,0,7
28,46,2,0,17
28,47,2,0,21
28,48,2,0,6
28,49,2,0,2
28,50,2,0,13
28,51,2,0,2
28,52,2,0,11
28,53,2,0,1
28,54,2,3,0
28,55,3,0,7
28,56,3,0,17
28,57,3,0,22
28,58,3,0,11
28,59,3,0,3
28,60,3,0,6
28,61,3,0,24
28,62,3,0,19
29,0,3,0,1
29,1,3,0,16
29,2,3,0,10
29,3,3,0,24
29,4,2,3,7
29,5,2,0,12
29,6,2,0,11
29,7,2,0,8
29,8,2,0,1
29,9,2,0,23
29,10,2,0,16
29,11,2,0,22
29,12,2,0,3
29,13,2,0,7
29,14,2,3,4
29,15,2,0,19
29,16,2,0,23
29,17,2,0,12
29,18,2,0,6
29,19,2,0,18
29,20,2,0,8
29,21,2,0,20
29,22,2,3,17
29,23,3,0,24
29,24,3,0,20
29,25,3,0,0
29,26,2,3,8
29,27,2,3,8
29,28,2,3,8
29,29,2,3,8
29,30,3,0,0
29,31,3,0,8
29,32,3,0,10
29,33,3,0,7
29,34,3,0,23
29,35,3,0,5
29,36,3,0,13
29,37,3,0,11
29,38,3,0,3
29,39,3,0,2
29,40,3,0,13
29,41,3,0,9
29,42,2,3,21
29,43,2,0,20
29,44,2,0,6
29,45,2,0,1
29,46,2,0,7
29,47,2,0,16
29,48,2,0,24
29,49,2,0,1
29,50,2,0,21
29,51,2,0,11
29,52,2,0,24
29,53,2,0,9
29,54,2,3,2
29,55,3,0,9
29,56,3,0,15
29,57,3,0,18
29,58,3,0,20
29,59,3,0,20
29,60,3,0,18
29,61,3,0,10
29,62,3,0,4
30,0,3,0,12
30,1,3,0,6
30,2,3,0,17
30,3,3,0,7
30,4,2,3,21
30,5,2,3,20
30,6,2,0,4
30,7,2,0,22
30,8,2,0,16
30,9,2,0,9
30,10,2,0,11
30,11,2,0,3
30,12,2,0,21
30,13,2,0,7
30,14,2,0,8
30,15,2,0,1
30,16,2,0,14
30,17,2,0,18
30,18,2,0,12
30,19,2,0,21
30,20,2,0,5
30,21,2,0,8
30,22,2,3,18
30,23,3,0,8
30,24,3,0,17
30,25,3,0,24
30,26,3,0,0
30,27,3,0,10
30,28,3,0,7
30,29,3,0,6
30,30,3,0,16
30,31,3,0,16
30,32,3,0,23
30,33,3,0,4
30,34,3,0,7
30,35,3,0,10
30,36,3,0,16
30,37,3,0,2
30,38,3,0,22
30,39,3,0,22
30,40,3,0,2
30,41,3,0,16
30,42,2,3,24
30,43,2,0,12
30,44,2,0,11
30,45,2,0,16
30,46,2,0,11
30,47,2,0,22
30,48,2,0,10
30,49,2,0,14
30,50,2,0,0
30,51,2,0,10
30,52,2,0,1
30,53,2,0,14
30,54,2,3,18
30,55,3,0,18
30,56,3,0,18
30,57,3,0,23
30,58,3,0,12
30,59,3,0,0
30,60,3,0,9
30,61,3,0,10
30,62,3,0,13
31,0,3,0,0
31,1,3,0,21
31,2,3,0,12
31,3,3,0,5
31,4,2,3,8
31,5,2,3,21
31,6,2,0,23
31,7,2,0,7
31,8,2,0,3
31,9,2,0,4
31,10,2,0,20
31,11,2,0,11
31,12,2,0,3
31,13,2,0,3
31,14,2,0,5
31,15,2,0,14
31,16,2,0,19
31,17,2,0,18
31,18,2,0,13
31,19,2,0,24
31,20,2,0,6
31,21,2,3,0
31,22,3,0,13
31,23,3,0,12
31,24,3,0,0
31,25,3,0,8
31,26,3,0,16
31,27,3,0,19
31,28,3,0,12
31,29,3,0,11
31,30,3,0,0
31,31,3,0,22
31,32,3,0,20
31,33,3,0,23
31,34,3,0,23
31,35,3,0,21
31,36,3,0,0
31,37,3,0,6
31,38,3,0,12
31,39,3,0,21
31,40,3,0,24
31,41,2,3,6
31,42,2,0,19
31,43,2,0,23
31,44,2,0,7
31,45,2,0,8
31,46,2,0,15
31,47,2,0,16
31,48,2,0,14
31,49,2,0,16
31,50,2,0,4
31,51,2,0,23
31,52,2,0,9
31,53,2,3,0
31,54,2,3,16
31,55,3,0,14
31,56,3,0,22
31,57,3,0,21
31,58,3,0,16
31,59,3,0,19
31,60,3,0,12
31,61,3,0,15
31,62,3,0,12
32,0,3,0,1
32,1,3,0,12
32,2,3,0,17
32,3,3,0,4
32,4,3,0,21
32,5,2,3,24
32,6,2,0,20
32,7,2,0,8
32,8,2,0,16
32,9,2,0,24
32,10,2,0,3
32,11,2,0,5
32,12,2,0,19
32,13,2,0,5
32,14,2,0,14
32,15,2,0,16
32,16,2,0,0
32,17,2,0,4
32,18,2,0,5
32,19,2,0,5
32,20,2,0,21
32,21,2,3,17
32,22,3,0,11
32,23,3,0,16
32,24,3,0,13
32,25,3,0,2
32,26,3,0,3
32,27,3,0,24
32,28,3,0,6
32,29,3,0,8
32,30,3,0,7
32,31,3,0,4
32,32,3,0,18
32,33,3,0,23
32,34,3,0,5
32,35,3,0,4
32,36,3,0,16
32,37,3,0,4
32,38,3,0,18
32,39,3,0,15
32,40,3,0,23
32,41,2,3,24
32,42,2,0,15
32,43,2,0,12
32,44,2,0,18
32,45,2,0,0
32,46,2,0,21
32,47,2,0,3
32,48,2,0,0
32,49,2,0,24
32,50,2,0,3
32,51,2,0,8
32,52,2,0,20
32,53,2,3,4
32,54,2,3,1
32,55,3,0,23
32,56,3,0,13
32,57,3,0,11
32,58,3,0,15
32,59,3,0,16
32,60,3,0,24
32,61,3,0,1
32,62,3,0,9
33,0,3,0,3
33,1,3,0,1
33,2,3,0,23
33,3,3,0,21
33,4,2,3,6
33,5,2,0,8
33,6,2,0,5
33,7,2,0,10
33,8,2,0,10
33,9,2,0,23
33,10,2,0,19
33,11,2,0,20
33,12,2,0,22
33,13,2,0,17
33,14,2,0,17
33,15,2,0,22
33,16,2,0,13
33,17,2,0,24
33,18,2,0,14
33,19,2,0,11
33,20,2,0,5
33,21,2,3,2
33,22,3,0,7
33,23,3,0,5
33,24,3,0,14
33,25,3,0,11
33,26,3,0,0
33,27,3,0,17
33,28,3,0,9
33,29,3,0,2
33,30,3,0,13
33,31,3,0,5
33,32,3,0,5
33,33,3,0,17
33,34,3,0,23
33,35,3,0,16
33,36,3,0,18
33,37,3,0,20
33,38,3,0,24
33,39,3,0,15
33,40,2,3,6
33,41,2,0,12
33,42,2,0,14
33,43,2,0,7
33,44,2,0,21
33,45,2,0,3
33,46,2,0,15
33,47,2,0,14
33,48,2,0,18
33,49,2,0,16
33,50,2,0,20
33,51,2,0,0
33,52,2,0,16
33,53,2,0,23
33,54,2,3,1
33,55,2,3,16
33,56,2,3,16
33,57,2,3,16
33,58,2,3,16
33,59,3,0,5
33,60,3,0,16
33,61,3,0,9
33,62,3,0,12
34,0,3,0,7
34,1,3,0,24
34,2,3,0,0
34,3,3,0,14
34,4,2,3,23
34,5,2,0,3
34,6,2,0,1
34,7,2,0,23
34,8,2,0,0
34,9,2,0,5
34,10,2,0,19
34,11,2,0,1
34,12,2,0,23
34,13,2,0,6
34,14,2,0,23
34,15,2,0,11
34,16,2,0,8
34,17,2,0,16
34,18,2,0,9
34,19,2,0,7
34,20,2,0,5
34,21,2,3,18
34,22,3,0,22
34,23,3,0,22
34,24,3,0,19
34,25,3,0,23
34,26,3,0,6
34,27,3,0,23
34,28,3,0,10
34,29,3,0,6
34,30,3,0,24
34,31,3,0,15
34,32,3,0,10
34,33,3,0,14
34,34,3,0,22
34,35,3,0,0
34,36,3,0,3
34,37,3,0,8
34,38,3,0,0
34,39,3,0,5
34,40,2,3,24
34,41,2,0,20
34,42,2,0,14
34,43,2,0,24
34,44,2,0,11
34,45,2,0,7
34,46,2,0,23
34,47,2,0,6
34,48,2,0,15
34,49,2,0,1
34,50,2,0,23
34,51,2,0,12
34,52,2,0,14
34,53,2,0,14
34,54,2,3,4
34,55,2,3,4
34,56,2,3,4
34,57,2,3,4
34,58,2,3,3
34,59,2,3,16
34,60,3,0,7
34,61,3,0,23
34,62,3,0,2
35,0,3,0,15
35,1,3,0,23
35,2,3,0,16
35,3,3,0,15
35,4,2,3,21
35,5,2,3,20
35,6,2,0,9
35,7,2,0,8
35,8,2,0,19
35,9,2,0,6
35,10,2,0,12
35,11,2,0,10
35,12,2,0,14
35,13,2,0,17
35,14,2,0,19
35,15,2,0,8
35,16,2,0,18
35,17,2,0,2
35,18,2,0,7
35,19,2,0,2
35,20,2,3,0
35,21,3,0,3
35,22,3,0,23
35,23,3,0,5
35,24,3,0,1
35,25,3,0,14
35,26,3,0,22
35,27,3,0,8
35,28,3,0,15
35,29,3,0,14
35,30,3,0,22
35,31,3,0,11
35,32,3,0,9
35,33,3,0,21
35,34,3,0,20
35,35,3,0,19
35,36,3,0,0
35,37,3,0,19
35,38,3,0,22
35,39,2,3,11
35,40,2,0,15
35,41,2,0,2
35,42,2,0,4
35,43,2,0,23
35,44,2,0,12
35,45,2,0,16
35,46,2,0,6
35,47,2,0,1
35,48,2,0,11
35,49,2,0,6
35,50,2,0,20
35,51,2,0,6
35,52,2,0,20
35,53,2,0,21
35,54,2,0,18
35,55,2,0,15
35,56,2,0,23
35,57,2,0,13
35,58,2,3,4
35,59,2,3,1
35,60,3,0,7
35,61,3,0,7
35,62,3,0,6
36,0,3,0,4
36,1,3,0,24
36,2,3,0,12
36,3,3,0,7
36,4,2,3,8
36,5,2,3,22
36,6,2,0,0
36,7,2,0,20
36,8,2,0,20
36,9,2,0,1
36,10,2,0,3
36,11,2,0,0
36,12,2,0,19
36,13,2,0,7
36,14,2,0,1
36,15,2,0,4
36,16,2,0,5
36,17,2,0,1
36,18,2,0,9
36,19,2,0,21
36,20,2,3,2
36,21,3,0,10
36,22,3,0,20
36,23,3,0,17
36,24,3,0,4
36,25,3,0,0
36,26,3,0,22
36,27,3,0,23
36,28,3,0,14
36,29,3,0,23
36,30,3,0,20
36,31,3,0,18
36,32,3,0,3
36,33,3,0,23
36,34,3,0,19
36,35,3,0,7
36,36,3,0,9
36,37,3,0,18
36,38,2,3,6
36,39,2,0,4
36,40,2,0,12
36,41,2,0,6
36,42,2,0,16
36,43,2,0,13
36,44,2,0,7
36,45,2,0,16
36,46,2,0,0
36,47,2,0,6
36,48,2,0,11
36,49,2,0,9
36,50,2,0,2
36,51,2,0,9
36,52,2,0,7
36,53,2,0,5
36,54,2,0,24
36,55,2,0,17
36,56,2,0,17
36,57,2,0,18
36,58,2,0,8
36,59,2,3,3
36,60,3,0,3
36,61,3,0,23
36,62,3,0,11
37,0,3,0,11
37,1,3,0,15
37,2,3,0,4
37,3,3,0,21
37,4,3,0,4
37,5,2,3,24
37,6,2,0,16
37,7,2,0,0
37,8,2,0,13
37,9,2,0,5
37,10,2,0,22
37,11,2,0,16
37,12,2,0,20
37,13,2,0,13
37,14,2,0,5
37,15,2,0,7
37,16,2,0,8
37,17,2,0,4
37,18,2,0,9
37,19,2,0,17
37,20,2,3,17
37,21,3,0,15
37,22,3,0,3
37,23,3,0,14
37,24,3,0,3
37,25,3,0,4
37,26,3,0,14
37,27,3,0,12
37,28,3,0,11
37,29,3,0,14
37,30,3,0,23
37,31,3,0,7
37,32,3,0,4
37,33,3,0,5
37,34,3,0,13
37,35,3,0,11
37,36,3,0,12
37,37,3,0,13
37,38,2,3,24
37,39,2,0,5
37,40,2,0,0
37,41,2,0,16
37,42,2,0,18
37,43,2,0,10
37,44,2,0,5
37,45,2,0,14
37,46,2,0,20
37,47,2,0,3
37,48,2,0,1
37,49,2,0,2
37,50,2,0,16
37,51,2,0,20
37,52,2,0,22
37,53,2,0,3
37,54,2,0,2
37,55,2,0,0
37,56,2,0,14
37,57,2,0,13
37,58,2,0,20
37,59,2,3,18
37,60,3,0,17
37,61,3,0,16
37,62,3,0,0
38,0,3,0,1
38,1,3,0,7
38,2,3,0,15
38,3,3,0,5
38,4,2,3,6
38,5,2,0,13
38,6,2,0,9
38,7,2,0,18
38,8,2,0,16
38,9,2,0,11
38,10,2,0,24
38,11,2,0,4
38,12,2,0,22
38,13,2,0,6
38,14,2,0,23
38,15,2,0,0
38,16,2,0,13
38,17,2,0,9
38,18,2,0,2
38,19,2,0,2
38,20,2,3,18
38,21,3,0,18
38,22,3,0,11
38,23,3,0,1
38,24,3,0,5
38,25,3,0,18
38,26,3,0,24
38,27,3,0,9
38,28,3,0,21
38,29,3,0,5
38,30,3,0,22
38,31,3,0,9
38,32,3,0,4
38,33,3,0,0
38,34,3,0,12
38,35,3,0,1
38,36,3,0,12
38,37,2,3,6
38,38,2,0,23
38,39,2,0,8
38,40,2,0,24
38,41,2,0,9
38,42,2,0,14
38,43,2,0,19
38,44,2,0,19
38,45,2,0,11
38,46,2,0,20
38,47,2,0,15
38,48,2,0,8
38,49,2,0,22
38,50,2,0,24
38,51,2,0,15
38,52,2,0,3
38,53,2,0,11
38,54,2,0,24
38,55,2,0,12
38,56,2,0,23
38,57,2,0,16
38,58,2,3,13
38,59,3,0,7
38,60,3,0,23
38,61,3,0,11
38,62,3,0,9
39,0,3,0,0
39,1,3,0,0
39,2,3,0,9
39,3,3,0,17
39,4,2,3,23
39,5,2,0,13
39,6,2,0,12
39,7,2,0,15
39,8,2,0,2
39,9,2,0,7
39,10,2,0,3
39,11,2,0,3
39,12,2,0,13
39,13,2,0,15
39,14,2,0,21
39,15,2,0,12
39,16,2,0,4
39,17,2,0,7
39,18,2,0,22
39,19,2,3,13
39,20,3,0,19
39,21,3,0,6
39,22,3,0,15
39,23,3,0,1
39,24,3,0,21
39,25,3,0,13
39,26,3,0,10
39,27,3,0,16
39,28,3,0,24
39,29,3,0,12
39,30,3,0,8
39,31,3,0,17
39,32,3,0,1
39,33,3,0,3
39,34,3,0,3
39,35,3,0,1
39,36,3,0,23
39,37,2,3,24
39,38,2,0,24
39,39,2,0,18
39,40,2,0,20
39,41,2,0,8
39,42,2,0,2
39,43,2,0,18
39,44,2,0,11
39,45,2,0,2
39,46,2,0,22
39,47,2,0,22
39,48,2,0,10
39,49,2,0,8
39,50,2,0,3
39,51,2,0,1
39,52,2,0,3
39,53,2,0,3
39,54,2,0,8
39,55,2,0,15
39,56,2,0,15
39,57,2,3,0
39,58,3,0,15
39,59,3,0,9
39,60,3,0,11
39,61,3,0,6
39,62,3,0,23
40,0,3,0,17
40,1,3,0,13
40,2,3,0,9
40,3,3,0,21
40,4,2,3,7
40,5,2,0,14
40,6,2,0,1
40,7,2,0,2
40,8,2,0,3
40,9,2,0,13
40,10,2,0,8
40,11,2,0,10
40,12,2,0,23
40,13,2,0,16
40,14,2,0,3
40,15,2,0,3
40,16,2,0,23
40,17,2,0,10
40,18,2,3,15
40,19,3,0,13
40,20,3,0,15
40,21,3,0,14
40,22,3,0,20
40,23,3,0,3
40,24,3,0,18
40,25,3,0,10
40,26,3,0,1
40,27,3,0,13
40,28,3,0,17
40,29,3,0,22
40,30,3,0,20
40,31,3,0,24
40,32,2,3,16
40,33,3,0,16
40,34,3,0,6
40,35,3,0,23
40,36,3,0,11
40,37,2,3,23
40,38,2,0,23
40,39,2,0,7
40,40,2,0,7
40,41,2,0,1
40,42,2,0,11
40,43,2,0,2
40,44,2,0,13
40,45,2,0,17
40,46,2,3,20
40,47,2,0,13
40,48,2,0,12
40,49,2,0,8
40,50,2,0,23
40,51,2,0,11
40,52,2,0,3
40,53,2,0,22
40,54,2,0,16
40,55,2,0,0
40,56,2,0,21
40,57,3,0,10
40,58,3,0,0
40,59,3,0,6
40,60,3,0,2
40,61,3,0,18
40,62,3,0,12
41,0,3,0,11
41,1,3,0,17
41,2,3,0,22
41,3,3,0,8
41,4,2,3,23
41,5,2,3,20
41,6,2,0,19
41,7,2,0,1
41,8,2,0,5
41,9,2,0,14
41,10,2,0,4
41,11,2,0,12
41,12,2,0,6
41,13,2,0,12
41,14,2,0,13
41,15,2,0,12
41,16,2,0,12
41,17,2,3,13
41,18,3,0,10
41,19,3,0,2
41,20,3,0,19
41,21,3,0,13
41,22,3,0,24
41,23,3,0,3
41,24,3,0,5
41,25,3,0,3
41,26,3,0,3
41,27,3,0,24
41,28,3,0,20
41,29,3,0,16
41,30,3,0,2
41,31,2,3,9
41,32,2,3,1
41,33,3,0,5
41,34,3,0,6
41,35,3,0,10
41,36,3,0,12
41,37,2,3,22
41,38,2,0,5
41,39,2,0,24
41,40,2,0,10
41,41,2,0,0
41,42,2,0,19
41,43,2,0,17
41,44,2,0,21
41,45,2,3,13
41,46,2,3,22
41,47,2,0,24
41,48,2,0,24
41,49,2,0,20
41,50,2,0,16
41,51,2,0,11
41,52,2,0,24
41,53,2,0,2
41,54,2,0,4
41,55,2,0,16
41,56,2,3,0
41,57,3,0,24
41,58,3,0,6
41,59,3,0,13
41,60,3,0,1
41,61,3,0,5
41,62,3,0,16
42,0,3,0,18
42,1,3,0,7
42,2,3,0,3
42,3,3,0,2
42,4,2,3,8
42,5,2,3,21
42,6,2,3,20
42,7,2,0,23
42,8,2,0,23
42,9,2,0,3
42,10,2,0,20
42,11,2,0,12
42,12,2,0,16
42,13,2,0,16
42,14,2,0,15
42,15,2,0,23
42,16,2,3,13
42,17,3,0,15
42,18,3,0,4
42,19,3,0,1
42,20,3,0,6
42,21,3,0,16
42,22,3,0,7
42,23,3,0,15
42,24,3,0,23
42,25,3,0,2
42,26,3,0,24
42,27,3,0,23
42,28,3,0,5
42,29,3,0,17
42,30,2,3,19
42,31,2,0,0
42,32,2,3,3
42,33,2,3,16
42,34,3,0,14
42,35,3,0,24
42,36,3,0,24
42,37,2,3,24
42,38,2,0,23
42,39,2,0,0
42,40,2,0,13
42,41,2,0,18
42,42,2,0,3
42,43,2,0,3
42,44,2,3,13
42,45,3,0,22
42,46,2,3,24
42,47,2,0,21
42,48,2,0,21
42,49,2,0,2
42,50,2,0,18
42,51,2,0,10
42,52,2,0,24
42,53,2,0,10
42,54,2,0,13
42,55,2,0,17
42,56,2,3,17
42,57,3,0,18
42,58,3,0,1
42,59,3,0,18
42,60,3,0,10
42,61,3,0,24
42,62,3,0,22
43,0,3,0,8
43,1,3,0,23
43,2,3,0,3
43,3,3,0,3
43,4,3,0,9
43,5,2,3,8
43,6,2,3,22
43,7,2,0,10
43,8,2,0,14
43,9,2,0,12
43,10,2,0,3
43,11,2,0,17
43,12,2,0,21
43,13,2,0,19
43,14,2,0,13
43,15,2,3,0
43,16,3,0,14
43,17,3,0,13
43,18,3,0,4
43,19,3,0,1
43,20,3,0,11
43,21,3,0,19
43,22,3,0,11
43,23,3,0,12
43,24,3,0,20
43,25,3,0,5
43,26,3,0,1
43,27,3,0,15
43,28,3,0,2
43,29,2,3,6
43,30,2,0,13
43,31,2,0,12
43,32,2,3,4
43,33,2,3,1
43,34,3,0,2
43,35,3,0,23
43,36,2,3,6
43,37,2,0,19
43,38,2,0,16
43,39,2,0,24
43,40,2,0,7
43,41,2,0,11
43,42,2,0,10
43,43,2,0,11
43,44,3,0,17
43,45,2,3,6
43,46,2,0,21
43,47,2,0,0
43,48,2,0,2
43,49,2,0,11
43,50,2,0,0
43,51,2,0,10
43,52,2,0,0
43,53,2,0,1
43,54,2,0,21
43,55,2,0,23
43,56,2,3,3
43,57,3,0,7
43,58,3,0,14
43,59,3,0,4
43,60,3,0,20
43,61,3,0,3
43,62,3,0,5
44,0,3,0,7
44,1,3,0,19
44,2,3,0,7
44,3,3,0,23
44,4,3,0,2
44,5,3,0,21
44,6,2,3,24
44,7,2,0,22
44,8,2,0,1
44,9,2,0,0
44,10,2,0,16
44,11,2,0,11
44,12,2,0,15
44,13,2,0,3
44,14,2,0,12
44,15,2,3,18
44,16,3,0,16
44,17,3,0,24
44,18,3,0,0
44,19,3,0,18
44,20,3,0,4
44,21,3,0,11
44,22,3,0,23
44,23,3,0,12
44,24,3,0,6
44,25,3,0,1
44,26,3,0,22
44,27,3,0,16
44,28,3,0,9
44,29,2,3,24
44,30,2,0,0
44,31,2,0,17
44,32,2,0,18
44,33,2,3,2
44,34,3,0,16
44,35,3,0,10
44,36,2,3,24
44,37,2,0,3
44,38,2,0,12
44,39,2,0,20
44,40,2,0,3
44,41,2,0,10
44,42,2,0,12
44,43,2,3,18
44,44,3,0,4
44,45,2,3,24
44,46,2,0,10
44,47,2,0,23
44,48,2,0,5
44,49,2,0,14
44,50,2,0,10
44,51,2,0,7
44,52,2,0,19
44,53,2,0,18
44,54,2,0,2
44,55,2,0,8
44,56,2,3,18
44,57,3,0,9
44,58,3,0,14
44,59,3,0,11
44,60,3,0,8
44,61,3,0,4
44,62,3,0,0
45,0,3,0,20
45,1,3,0,7
45,2,3,0,10
45,3,3,0,1
45,4,3,0,16
45,5,2,3,6
45,6,2,0,8
45,7,2,0,1
45,8,2,0,23
45,9,2,0,15
45,10,2,0,18
45,11,2,0,16
45,12,2,0,12
45,13,2,0,6
45,14,2,3,15
45,15,3,0,3
45,16,3,0,7
45,17,3,0,4
45,18,3,0,20
45,19,3,0,0
45,20,3,0,13
45,21,3,0,7
45,22,3,0,13
45,23,3,0,17
45,24,3,0,16
45,25,3,0,2
45,26,2,3,16
45,27,2,3,16
45,28,2,3,9
45,29,2,0,12
45,30,2,0,17
45,31,2,0,21
45,32,2,0,6
45,33,2,3,17
45,34,2,3,16
45,35,2,3,9
45,36,2,0,8
45,37,2,0,1
45,38,2,0,14
45,39,2,3,20
45,40,2,3,20
45,41,2,0,5
45,42,2,0,6
45,43,3,0,16
45,44,2,3,6
45,45,2,0,1
45,46,2,0,24
45,47,2,0,15
45,48,2,0,22
45,49,2,0,1
45,50,2,0,14
45,51,2,0,5
45,52,2,0,4
45,53,2,0,19
45,54,2,0,2
45,55,2,3,0
45,56,3,0,24
45,57,3,0,15
45,58,3,0,7
45,59,3,0,0
45,60,3,0,8
45,61,3,0,18
45,62,3,0,24
46,0,3,0,4
46,1,3,0,2
46,2,3,0,23
46,3,3,0,20
46,4,3,0,10
46,5,2,3,21
46,6,2,3,20
46,7,2,0,18
46,8,2,0,15
46,9,2,0,0
46,10,2,0,11
46,11,2,0,12
46,12,2,0,19
46,13,2,3,10
46,14,3,0,13
46,15,3,0,22
46,16,3,0,14
46,17,3,0,23
46,18,3,0,22
46,19,3,0,10
46,20,3,0,15
46,21,3,0,5
46,22,3,0,1
46,23,3,0,17
46,24,2,3,16
46,25,2,3,9
46,26,2,3,4
46,27,2,3,4
46,28,2,0,24
46,29,2,0,15
46,30,2,0,11
46,31,2,0,23
46,32,2,0,11
46,33,2,3,4
46,34,2,3,4
46,35,2,0,24
46,36,2,0,20
46,37,2,0,22
46,38,2,3,15
46,39,2,3,8
46,40,2,3,22
46,41,2,0,14
46,42,2,3,1
46,43,3,0,10
46,44,2,3,24
46,45,2,0,11
46,46,2,3,20
46,47,2,3,20
46,48,2,0,11
46,49,2,0,4
46,50,2,0,0
46,51,2,0,0
46,52,2,0,2
46,53,2,0,15
46,54,2,0,17
46,55,2,3,18
46,56,3,0,10
46,57,3,0,14
46,58,3,0,18
46,59,3,0,13
46,60,3,0,9
46,61,3,0,13
46,62,3,0,11
47,0,3,0,9
47,1,3,0,7
47,2,3,0,1
47,3,3,0,3
47,4,3,0,23
47,5,2,3,8
47,6,2,3,7
47,7,2,0,18
47,8,2,0,15
47,9,2,0,15
47,10,2,0,22
47,11,2,3,20
47,12,2,3,5
47,13,3,0,9
47,14,3,0,15
47,15,3,0,8
47,16,3,0,12
47,17,3,0,8
47,18,3,0,0
47,19,3,0,0
47,20,3,0,20
47,21,3,0,23
47,22,3,0,0
47,23,2,3,14
47,24,2,3,4
47,25,2,0,22
47,26,2,0,0
47,27,2,0,14
47,28,2,0,20
47,29,2,0,1
47,30,2,0,12
47,31,2,0,16
47,32,2,0,10
47,33,2,0,24
47,34,2,0,23
47,35,2,0,20
47,36,2,0,2
47,37,2,3,5
47,38,3,0,7
47,39,3,0,24
47,40,2,3,24
47,41,2,0,16
47,42,2,3,3
47,43,2,3,14
47,44,2,0,19
47,45,2,3,5
47,46,2,3,8
47,47,2,3,22
47,48,2,0,10
47,49,2,0,17
47,50,2,0,0
47,51,2,0,0
47,52,2,0,3
47,53,2,0,6
47,54,2,3,0
47,55,2,3,16
47,56,3,0,16
47,57,3,0,2
47,58,3,0,13
47,59,3,0,24
47,60,3,0,17
47,61,3,0,2
47,62,3,0,1
48,0,3,0,17
48,1,3,0,6
48,2,3,0,8
48,3,3,0,16
48,4,3,0,11
48,5,3,0,3
48,6,2,3,7
48,7,2,0,21
48,8,2,0,16
48,9,2,0,12
48,10,2,3,5
48,11,2,3,8
48,12,3,0,6
48,13,3,0,6
48,14,3,0,12
48,15,3,0,19
48,16,3,0,23
48,17,3,0,0
48,18,3,0,12
48,19,3,0,17
48,20,3,0,22
48,21,3,0,9
48,22,2,3,19
48,23,2,0,8
48,24,2,0,22
48,25,2,0,20
48,26,2,0,9
48,27,2,0,13
48,28,2,0,6
48,29,2,0,16
48,30,2,0,21
48,31,2,0,21
48,32,2,0,13
48,33,2,0,24
48,34,2,0,2
48,35,2,0,11
48,36,2,3,13
48,37,3,0,13
48,38,3,0,2
48,39,2,3,6
48,40,2,0,7
48,41,2,0,11
48,42,2,3,4
48,43,2,0,4
48,44,2,3,13
48,45,3,0,17
48,46,3,0,14
48,47,2,3,22
48,48,2,0,21
48,49,2,0,0
48,50,2,0,17
48,51,2,0,0
48,52,2,0,8
48,53,2,0,14
48,54,2,3,4
48,55,2,3,3
48,56,3,0,15
48,57,3,0,6
48,58,3,0,15
48,59,3,0,19
48,60,3,0,1
48,61,3,0,17
48,62,3,0,6
49,0,3,0,5
49,1,3,0,0
49,2,3,0,20
49,3,3,0,23
49,4,3,0,9
49,5,3,0,13
49,6,2,3,7
49,7,2,3,20
49,8,2,3,20
49,9,2,3,10
49,10,3,0,6
49,11,3,0,19
49,12,3,0,16
49,13,3,0,2
49,14,3,0,1
49,15,3,0,6
49,16,3,0,8
49,17,3,0,3
49,18,3,0,4
49,19,3,0,11
49,20,3,0,16
49,21,2,3,14
49,22,2,0,5
49,23,2,0,2
49,24,2,0,7
49,25,2,0,9
49,26,2,0,4
49,27,2,0,14
49,28,2,0,7
49,29,2,0,1
49,30,2,0,4
49,31,2,0,9
49,32,2,0,23
49,33,2,0,17
49,34,2,0,7
49,35,2,3,5
49,36,3,0,15
49,37,3,0,4
49,38,3,0,14
49,39,2,3,24
49,40,2,0,0
49,41,2,0,21
49,42,2,0,0
49,43,2,3,5
49,44,3,0,6
49,45,3,0,11
49,46,3,0,0
49,47,2,3,23
49,48,2,0,20
49,49,2,0,3
49,50,2,0,13
49,51,2,0,11
49,52,2,0,11
49,53,2,0,23
49,54,2,0,8
49,55,2,3,3
49,56,3,0,10
49,57,3,0,8
49,58,3,0,1
49,59,3,0,19
49,60,3,0,5
49,61,3,0,19
49,62,3,0,15
50,0,3,0,8
50,1,3,0,16
50,2,3,0,17
50,3,3,0,18
50,4,3,0,9
50,5,3,0,11
50,6,2,3,8
50,7,2,3,8
50,8,2,3,8
50,9,3,0,19
50,10,3,0,10
50,11,3,0,14
50,12,3,0,5
50,13,3,0,16
50,14,3,0,20
50,15,3,0,19
50,16,3,0,24
50,17,3,0,12
50,18,3,0,5
50,19,3,0,16
50,20,2,3,9
50,21,2,0,1
50,22,2,0,1
50,23,2,0,7
50,24,2,0,16
50,25,2,0,24
50,26,2,0,14
50,27,2,0,5
50,28,2,0,9
50,29,2,0,17
50,30,2,0,24
50,31,2,0,16
50,32,2,0,18
50,33,2,3,20
50,34,2,3,5
50,35,3,0,8
50,36,3,0,6
50,37,3,0,24
50,38,2,3,14
50,39,2,0,7
50,40,2,0,22
50,41,2,0,14
50,42,2,3,0
50,43,3,0,17
50,44,3,0,7
50,45,3,0,0
50,46,3,0,17
50,47,2,3,24
50,48,2,0,11
50,49,2,0,1
50,50,2,0,5
50,51,2,0,3
50,52,2,0,8
50,53,2,0,14
50,54,2,0,11
50,55,2,3,3
50,56,3,0,5
50,57,3,0,21
50,58,3,0,22
50,59,3,0,9
50,60,3,0,8
50,61,3,0,0
50,62,3,0,21
51,0,3,0,13
51,1,3,0,7
51,2,3,0,0
51,3,3,0,14
51,4,3,0,11
51,5,3,0,19
51,6,3,0,22
51,7,3,0,8
51,8,3,0,13
51,9,3,0,19
51,10,3,0,22
51,11,3,0,22
51,12,3,0,23
51,13,3,0,5
51,14,3,0,2
51,15,3,0,3
51,16,3,0,1
51,17,3,0,18
51,18,3,0,3
51,19,2,3,6
51,20,2,0,5
51,21,2,0,7
51,22,2,0,15
51,23,2,0,7
51,24,2,0,7
51,25,2,0,22
51,26,2,0,4
51,27,2,0,21
51,28,2,0,19
51,29,2,0,23
51,30,2,0,22
51,31,2,0,5
51,32,2,3,15
51,33,2,3,8
51,34,3,0,13
51,35,3,0,10
51,36,3,0,9
51,37,2,3,14
51,38,2,0,5
51,39,2,0,14
51,40,2,0,4
51,41,2,0,4
51,42,2,3,18
51,43,3,0,4
51,44,3,0,21
51,45,3,0,13
51,46,2,3,6
51,47,2,0,16
51,48,2,0,21
51,49,2,0,3
51,50,2,0,13
51,51,2,0,19
51,52,2,0,21
51,53,2,0,22
51,54,2,0,9
51,55,2,3,1
51,56,3,0,12
51,57,3,0,24
51,58,3,0,1
51,59,3,0,1
51,60,3,0,22
51,61,3,0,13
51,62,3,0,8
52,0,3,0,6
52,1,3,0,1
52,2,3,0,4
52,3,3,0,8
52,4,3,0,0
52,5,3,0,14
52,6,3,0,20
52,7,3,0,19
52,8,3,0,11
52,9,3,0,9
52,10,3,0,6
52,11,3,0,4
52,12,3,0,0
52,13,3,0,3
52,14,3,0,16
52,15,3,0,2
52,16,3,0,13
52,17,3,0,23
52,18,3,0,24
52,19,2,3,24
52,20,2,0,11
52,21,2,0,2
52,22,2,0,8
52,23,2,0,11
52,24,2,0,0
52,25,2,0,1
52,26,2,0,13
52,27,2,0,16
52,28,2,0,20
52,29,2,0,12
52,30,2,0,6
52,31,2,3,0
52,32,3,0,18
52,33,3,0,0
52,34,3,0,16
52,35,3,0,4
52,36,2,0,21
52,37,2,0,12
52,38,2,0,24
52,39,2,0,3
52,40,2,0,13
52,41,2,3,0
52,42,3,0,3
52,43,3,0,23
52,44,3,0,2
52,45,3,0,4
52,46,2,3,24
52,47,2,0,6
52,48,2,0,20
52,49,2,0,9
52,50,2,0,8
52,51,2,0,11
52,52,2,0,19
52,53,2,0,20
52,54,2,0,17
52,55,2,3,1
52,56,3,0,14
52,57,3,0,24
52,58,3,0,24
52,59,3,0,13
52,60,3,0,23
52,61,3,0,21
52,62,3,0,24
53,0,3,0,15
53,1,3,0,7
53,2,3,0,9
53,3,3,0,24
53,4,3,0,13
53,5,3,0,14
53,6,3,0,20
53,7,3,0,24
53,8,3,0,21
53,9,3,0,7
53,10,3,0,17
53,11,3,0,19
53,12,3,0,17
53,13,3,0,14
53,14,3,0,24
53,15,3,0,6
53,16,3,0,22
53,17,3,0,23
53,18,2,3,6
53,19,2,0,0
53,20,2,0,12
53,21,2,0,21
53,22,2,0,17
53,23,2,0,13
53,24,2,0,16
53,25,2,0,12
53,26,2,0,17
53,27,2,0,4
53,28,2,0,7
53,29,2,0,22
53,30,2,0,22
53,31,2,3,1
53,32,3,0,14
53,33,3,0,2
53,34,3,0,15
53,35,2,3,9
53,36,2,0,24
53,37,2,0,4
53,38,2,0,19
53,39,2,0,0
53,40,2,0,3
53,41,2,3,18
53,42,3,0,12
53,43,3,0,22
53,44,3,0,7
53,45,2,3,6
53,46,2,3,20
53,47,2,0,19
53,48,2,0,12
53,49,2,0,2
53,50,2,0,18
53,51,2,0,16
53,52,2,0,24
53,53,2,0,9
53,54,2,0,13
53,55,2,3,17
53,56,3,0,0
53,57,3,0,4
53,58,3,0,8
53,59,3,0,16
53,60,3,0,15
53,61,3,0,21
53,62,3,0,13
54,0,3,0,24
54,1,3,0,24
54,2,3,0,5
54,3,3,0,15
54,4,3,0,14
54,5,3,0,0
54,6,3,0,22
54,7,3,0,3
54,8,3,0,2
54,9,3,0,20
54,10,3,0,1
54,11,3,0,15
54,12,3,0,24
54,13,3,0,0
54,14,3,0,9
54,15,3,0,20
54,16,3,0,9
54,17,3,0,18
54,18,2,3,24
54,19,2,0,16
54,20,2,0,23
54,21,2,0,10
54,22,2,0,0
54,23,2,0,18
54,24,2,0,19
54,25,2,0,4
54,26,2,0,14
54,27,2,0,1
54,28,2,0,5
54,29,2,0,23
54,30,2,0,1
54,31,2,3,17
54,32,3,0,19
54,33,2,3,16
54,34,2,3,9
54,35,2,0,12
54,36,2,0,5
54,37,2,0,10
54,38,2,0,4
54,39,2,0,1
54,40,2,0,14
54,41,3,0,21
54,42,3,0,13
54,43,3,0,8
54,44,3,0,8
54,45,2,3,8
54,46,2,3,22
54,47,2,0,18
54,48,2,0,2
54,49,2,0,24
54,50,2,0,2
54,51,2,0,16
54,52,2,0,13
54,53,2,0,14
54,54,2,0,12
54,55,2,3,18
54,56,3,0,18
54,57,3,0,12
54,58,2,3,16
54,59,3,0,8
54,60,3,0,12
54,61,3,0,7
54,62,3,0,11
55,0,3,0,8
55,1,3,0,7
55,2,3,0,15
55,3,3,0,22
55,4,3,0,16
55,5,3,0,19
55,6,3,0,1
55,7,3,0,18
55,8,3,0,20
55,9,3,0,9
55,10,3,0,17
55,11,3,0,23
55,12,3,0,12
55,13,3,0,13
55,14,3,0,11
55,15,2,3,16
55,16,2,3,16
55,17,2,3,14
55,18,2,0,9
55,19,2,0,14
55,20,2,0,21
55,21,2,0,24
55,22,2,0,4
55,23,2,0,12
55,24,2,0,11
55,25,2,0,15
55,26,2,0,14
55,27,2,0,5
55,28,2,0,7
55,29,2,0,7
55,30,2,0,5
55,31,2,3,3
55,32,2,3,19
55,33,2,3,4
55,34,2,0,21
55,35,2,0,4
55,36,2,0,8
55,37,2,0,14
55,38,2,0,21
55,39,2,0,4
55,40,3,0,9
55,41,3,0,14
55,42,3,0,0
55,43,3,0,19
55,44,3,0,3
55,45,3,0,23
55,46,2,3,23
55,47,2,0,9
55,48,2,0,11
55,49,2,0,16
55,50,2,0,17
55,51,2,0,2
55,52,2,0,17
55,53,2,0,24
55,54,2,3,0
55,55,2,3,16
55,56,2,3,16
55,57,2,3,11
55,58,2,3,3
55,59,2,3,16
55,60,3,0,24
55,61,3,0,13
55,62,3,0,17
56,0,3,0,18
56,1,3,0,8
56,2,3,0,16
56,3,3,0,1
56,4,3,0,5
56,5,3,0,9
56,6,3,0,7
56,7,3,0,0
56,8,3,0,9
56,9,3,0,18
56,10,3,0,11
56,11,3,0,17
56,12,3,0,6
56,13,3,0,17
56,14,2,3,11
56,15,2,3,4
56,16,2,3,4
56,17,2,0,12
56,18,2,0,22
56,19,2,0,9
56,20,2,0,1
56,21,2,0,18
56,22,2,0,16
56,23,2,0,19
56,24,2,0,19
56,25,2,0,18
56,26,2,3,20
56,27,2,3,20
56,28,2,0,18
56,29,2,0,22
56,30,2,0,3
56,31,2,3,4
56,32,2,0,23
56,33,2,0,20
56,34,2,0,2
56,35,2,0,21
56,36,2,0,18
56,37,2,0,9
56,38,2,0,2
56,39,3,0,7
56,40,3,0,13
56,41,3,0,5
56,42,3,0,11
56,43,3,0,1
56,44,3,0,5
56,45,3,0,18
56,46,2,3,7
56,47,2,0,13
56,48,2,0,21
56,49,2,0,21
56,50,2,0,5
56,51,2,0,5
56,52,2,0,5
56,53,2,0,23
56,54,2,3,4
56,55,2,3,4
56,56,2,3,4
56,57,2,0,2
56,58,2,3,4
56,59,2,3,3
56,60,3,0,16
56,61,3,0,18
56,62,3,0,8
57,0,3,0,14
57,1,3,0,21
57,2,3,0,13
57,3,3,0,18
57,4,3,0,23
57,5,3,0,19
57,6,3,0,19
57,7,3,0,15
57,8,3,0,14
57,9,3,0,17
57,10,3,0,0
57,11,3,0,2
57,12,3,0,8
57,13,2,3,6
57,14,2,0,8
57,15,2,0,24
57,16,2,0,19
57,17,2,0,24
57,18,2,0,7
57,19,2,0,18
57,20,2,0,7
57,21,2,0,9
57,22,2,0,13
57,23,2,0,17
57,24,2,0,8
57,25,2,3,10
57,26,2,3,8
57,27,2,3,23
57,28,2,0,23
57,29,2,0,23
57,30,2,0,8
57,31,2,0,9
57,32,2,0,6
57,33,2,0,1
57,34,2,0,8
57,35,2,0,6
57,36,2,0,11
57,37,2,0,11
57,38,2,3,3
57,39,3,0,0
57,40,3,0,18
57,41,3,0,10
57,42,3,0,3
57,43,3,0,1
57,44,3,0,3
57,45,3,0,3
57,46,2,3,22
57,47,2,0,8
57,48,2,0,0
57,49,2,0,23
57,50,2,0,11
57,51,2,0,19
57,52,2,0,13
57,53,2,0,23
57,54,2,0,18
57,55,2,0,15
57,56,2,0,18
57,57,2,0,17
57,58,2,0,12
57,59,2,3,18
57,60,3,0,19
57,61,3,0,0
57,62,3,0,10
58,0,3,0,14
58,1,3,0,9
58,2,3,0,22
58,3,3,0,14
58,4,3,0,7
58,5,3,0,8
58,6,3,0,14
58,7,3,0,0
58,8,3,0,15
58,9,3,0,18
58,10,3,0,15
58,11,3,0,3
58,12,3,0,11
58,13,2,3,24
58,14,2,0,4
58,15,2,0,2
58,16,2,0,20
58,17,2,0,22
58,18,2,0,16
58,19,2,0,14
58,20,2,0,16
58,21,2,0,0
58,22,2,0,23
58,23,2,0,3
58,24,2,3,5
58,25,3,0,19
58,26,3,0,7
58,27,2,3,7
58,28,2,0,6
58,29,2,0,20
58,30,2,0,18
58,31,2,0,24
58,32,2,0,3
58,33,2,0,0
58,34,2,0,18
58,35,2,0,21
58,36,2,0,6
58,37,2,0,18
58,38,2,3,2
58,39,2,3,16
58,40,2,3,16
58,41,2,3,16
58,42,2,3,16
58,43,3,0,21
58,44,3,0,18
58,45,3,0,18
58,46,2,3,24
58,47,2,0,24
58,48,2,0,7
58,49,2,0,18
58,50,2,0,5
58,51,2,0,7
58,52,2,0,11
58,53,2,0,18
58,54,2,0,4
58,55,2,0,16
58,56,2,0,1
58,57,2,0,24
58,58,2,3,0
58,59,2,3,16
58,60,3,0,11
58,61,3,0,2
58,62,3,0,22
59,0,3,0,23
59,1,3,0,8
59,2,3,0,1
59,3,3,0,21
59,4,3,0,2
59,5,3,0,21
59,6,3,0,21
59,7,3,0,8
59,8,3,0,3
59,9,3,0,9
59,10,3,0,24
59,11,3,0,8
59,12,2,3,6
59,13,2,0,5
59,14,2,0,5
59,15,2,0,12
59,16,2,0,11
59,17,2,0,8
59,18,2,0,11
59,19,2,0,15
59,20,2,0,12
59,21,2,0,0
59,22,2,0,0
59,23,2,3,0
59,24,3,0,19
59,25,3,0,13
59,26,3,0,6
59,27,2,3,24
59,28,2,0,21
59,29,2,0,14
59,30,2,0,19
59,31,2,0,8
59,32,2,0,5
59,33,2,0,16
59,34,2,0,11
59,35,2,0,14
59,36,2,0,22
59,37,2,0,19
59,38,2,3,4
59,39,2,3,4
59,40,2,3,4
59,41,2,3,4
59,42,2,3,3
59,43,3,0,21
59,44,3,0,11
59,45,2,3,6
59,46,2,0,12
59,47,2,0,10
59,48,2,0,8
59,49,2,0,2
59,50,2,0,0
59,51,2,0,14
59,52,2,0,17
59,53,2,0,10
59,54,2,0,15
59,55,2,0,13
59,56,2,0,15
59,57,2,0,5
59,58,2,3,4
59,59,2,3,2
59,60,3,0,13
59,61,3,0,12
59,62,3,0,21
60,0,3,0,13
60,1,3,0,5
60,2,3,0,15
60,3,3,0,6
60,4,3,0,1
60,5,3,0,22
60,6,3,0,23
60,7,3,0,13
60,8,3,0,24
60,9,3,0,16
60,10,3,0,2
60,11,3,0,10
60,12,2,3,24
60,13,2,0,24
60,14,2,0,2
60,15,2,0,9
60,16,2,0,8
60,17,2,0,18
60,18,2,0,6
60,19,2,0,7
60,20,2,0,13
60,21,2,0,18
60,22,2,0,9
60,23,2,3,18
60,24,3,0,5
60,25,3,0,4
60,26,2,3,6
60,27,2,0,18
60,28,2,0,11
60,29,2,0,11
60,30,2,0,19
60,31,2,0,8
60,32,2,0,16
60,33,2,0,24
60,34,2,0,12
60,35,2,0,17
60,36,2,0,4
60,37,2,0,4
60,38,2,0,15
60,39,2,0,12
60,40,2,0,13
60,41,2,0,16
60,42,2,3,2
60,43,3,0,0
60,44,3,0,21
60,45,2,3,24
60,46,2,0,6
60,47,2,0,14
60,48,2,0,0
60,49,2,0,13
60,50,2,0,11
60,51,2,0,24
60,52,2,0,22
60,53,2,0,11
60,54,2,0,4
60,55,2,0,19
60,56,2,0,7
60,57,2,0,22
60,58,2,0,20
60,59,2,3,18
60,60,3,0,4
60,61,3,0,22
60,62,3,0,15
61,0,3,0,21
61,1,3,0,13
61,2,3,0,6
61,3,3,0,18
61,4,3,0,24
61,5,3,0,10
61,6,3,0,6
61,7,3,0,23
61,8,3,0,23
61,9,2,3,16
61,10,2,3,16
61,11,2,3,19
61,12,2,0,5
61,13,2,0,16
61,14,2,0,23
61,15,2,0,5
61,16,2,0,5
61,17,2,0,17
61,18,2,0,18
61,19,2,0,0
61,20,2,0,2
61,21,2,0,1
61,22,2,3,0
61,23,3,0,21
61,24,3,0,16
61,25,3,0,18
61,26,2,3,23
61,27,2,3,20
61,28,2,0,21
61,29,2,0,12
61,30,2,0,14
61,31,2,0,5
61,32,2,0,7
61,33,2,0,1
61,34,2,3,20
61,35,2,0,7
61,36,2,0,0
61,37,2,0,7
61,38,2,0,8
61,39,2,0,5
61,40,2,0,8
61,41,2,0,1
61,42,2,3,2
61,43,2,3,16
61,44,2,3,14
61,45,2,0,24
61,46,2,0,20
61,47,2,0,12
61,48,2,0,17
61,49,2,0,1
61,50,2,0,21
61,51,2,0,4
61,52,2,0,24
61,53,2,0,0
61,54,2,0,19
61,55,2,0,7
61,56,2,0,24
61,57,2,0,20
61,58,2,3,0
61,59,3,0,12
61,60,3,0,23
61,61,3,0,22
61,62,3,0,13
62,0,3,0,18
62,1,3,0,7
62,2,3,0,10
62,3,3,0,23
62,4,3,0,22
62,5,3,0,16
62,6,3,0,21
62,7,3,0,17
62,8,2,3,6
62,9,2,3,4
62,10,2,3,4
62,11,2,0,16
62,12,2,0,7
62,13,2,0,10
62,14,2,0,14
62,15,2,0,17
62,16,2,0,24
62,17,2,0,4
62,18,2,0,1
62,19,2,0,24
62,20,2,0,22
62,21,2,0,13
62,22,2,3,18
62,23,3,0,14
62,24,3,0,16
62,25,3,0,7
62,26,2,3,8
62,27,2,3,23
62,28,2,0,14
62,29,2,0,8
62,30,2,0,24
62,31,2,0,4
62,32,2,3,20
62,33,2,3,10
62,34,2,3,23
62,35,2,0,6
62,36,2,0,15
62,37,2,0,22
62,38,2,0,6
62,39,2,0,14
62,40,2,0,6
62,41,2,0,21
62,42,2,3,4
62,43,2,3,4
62,44,2,3,20
62,45,2,0,7
62,46,2,0,2
62,47,2,0,5
62,48,2,0,13
62,49,2,0,16
62,50,2,0,19
62,51,2,0,0
62,52,2,0,3
62,53,2,0,22
62,54,2,0,18
62,55,2,0,3
62,56,2,0,20
62,57,2,0,12
62,58,2,3,17
62,59,3,0,18
62,60,3,0,22
62,61,3,0,24
62,62,3,0,4
63,0,3,0,19
63,1,3,0,16
63,2,3,0,12
63,3,3,0,10
63,4,3,0,24
63,5,3,0,7
63,6,3,0,18
63,7,3,0,6
63,8,2,3,21
63,9,2,0,17
63,10,2,0,5
63,11,2,0,0
63,12,2,0,3
63,13,2,0,23
63,14,2,0,1
63,15,2,0,4
63,16,2,0,21
63,17,2,0,4
63,18,2,0,3
63,19,2,0,23
63,20,2,0,2
63,21,2,3,5
63,22,3,0,17
63,23,3,0,9
63,24,3,0,15
63,25,3,0,20
63,26,3,0,1
63,27,2,3,7
63,28,2,0,21
63,29,2,0,11
63,30,2,0,12
63,31,2,3,5
63,32,2,3,8
63,33,3,0,3
63,34,2,3,24
63,35,2,0,14
63,36,2,0,12
63,37,2,0,6
63,38,2,0,6
63,39,2,0,5
63,40,2,0,20
63,41,2,0,20
63,42,2,0,20
63,43,2,3,13
63,44,2,3,21
63,45,2,0,9
63,46,2,0,0
63,47,2,0,21
63,48,2,0,17
63,49,2,0,7
63,50,2,0,9
63,51,2,0,14
63,52,2,0,12
63,53,2,0,5
63,54,2,0,3
63,55,2,0,22
63,56,2,0,2
63,57,2,0,8
63,58,2,3,18
63,59,3,0,16
63,60,3,0,0
63,61,3,0,8
63,62,3,0,8
64,0,3,0,1
64,1,3,0,14
64,2,3,0,0
64,3,3,0,13
64,4,3,0,19
64,5,3,0,20
64,6,3,0,3
64,7,3,0,3
64,8,2,3,24
64,9,2,0,15
64,10,2,0,22
64,11,2,0,10
64,12,2,0,22
64,13,2,0,0
64,14,2,0,8
64,15,2,0,3
64,16,2,0,0
64,17,2,0,10
64,18,2,0,7
64,19,2,0,21
64,20,2,3,13
64,21,3,0,20
64,22,3,0,23
64,23,3,0,0
64,24,3,0,10
64,25,3,0,10
64,26,3,0,24
64,27,2,3,22
64,28,2,0,5
64,29,2,0,0
64,30,2,3,5
64,31,3,0,4
64,32,3,0,24
64,33,2,3,11
64,34,2,0,6
64,35,2,0,11
64,36,2,0,18
64,37,2,0,4
64,38,2,0,2
64,39,2,0,20
64,40,2,0,18
64,41,2,3,20
64,42,2,3,15
64,43,3,0,9
64,44,2,3,24
64,45,2,0,20
64,46,2,0,4
64,47,2,0,7
64,48,2,0,7
64,49,2,0,21
64,50,2,0,11
64,51,2,0,21
64,52,2,0,7
64,53,2,0,20
64,54,2,0,1
64,55,2,0,0
64,56,2,0,23
64,57,2,3,0
64,58,3,0,6
64,59,3,0,0
64,60,3,0,24
64,61,3,0,24
64,62,3,0,15
