0,0,3,0,22
0,1,3,0,18
0,2,3,0,10
0,3,3,0,11
0,4,3,0,1
0,5,3,0,13
0,6,3,0,9
0,7,3,0,6
0,8,3,0,24
0,9,3,0,22
0,10,3,0,22
0,11,2,3,24
0,12,2,0,9
0,13,2,0,5
0,14,2,0,2
0,15,2,0,12
0,16,2,0,15
0,17,2,0,24
0,18,2,0,13
0,19,2,0,21
0,20,2,0,14
0,21,2,0,1
0,22,2,0,15
0,23,2,0,11
0,24,2,0,10
0,25,2,0,12
0,26,2,0,9
0,27,2,0,18
0,28,2,0,7
0,29,2,0,12
0,30,2,3,4
0,31,2,0,18
0,32,2,0,24
0,33,2,0,10
0,34,2,0,24
0,35,2,0,8
0,36,2,0,0
0,37,2,0,23
0,38,2,0,17
0,39,2,0,5
0,40,2,3,18
0,41,2,3,6
0,42,2,0,23
0,43,2,0,20
0,44,2,0,22
0,45,2,0,3
0,46,2,0,6
0,47,2,3,17
0,48,2,3,19
0,49,2,0,20
0,50,2,0,8
0,51,2,0,24
0,52,2,0,11
0,53,2,0,24
0,54,2,0,4
0,55,2,0,3
0,56,2,0,4
0,57,2,3,0
0,58,3,0,19
0,59,3,0,14
0,60,3,0,11
0,61,3,0,20
0,62,3,0,19
0,63,3,0,3
1,0,3,0,12
1,1,3,0,11
1,2,3,0,22
1,3,3,0,23
1,4,3,0,16
1,5,3,0,12
1,6,3,0,5
1,7,3,0,8
1,8,3,0,5
1,9,3,0,10
1,10,2,3,6
1,11,2,0,13
1,12,2,0,18
1,13,2,0,6
1,14,2,0,5
1,15,2,0,7
1,16,2,0,13
1,17,2,0,22
1,18,2,0,0
1,19,2,0,1
1,20,2,0,23
1,21,2,0,12
1,22,2,3,20
1,23,2,0,1
1,24,2,0,8
1,25,2,0,3
1,26,2,0,21
1,27,2,0,7
1,28,2,0,3
1,29,2,0,10
1,30,2,0,0
1,31,2,0,19
1,32,2,0,11
1,33,2,3,20
1,34,2,3,20
1,35,2,3,20
1,36,2,0,21
1,37,2,0,19
1,38,2,0,16
1,39,2,3,0
1,40,3,0,14
1,41,2,3,22
1,42,2,0,17
1,43,2,0,9
1,44,2,0,23
1,45,2,0,20
1,46,2,0,9
1,47,2,3,4
1,48,2,0,11
1,49,2,0,10
1,50,2,0,11
1,51,2,0,21
1,52,2,0,0
1,53,2,0,21
1,54,2,0,10
1,55,2,0,15
1,56,2,0,7
1,57,2,3,2
1,58,3,0,13
1,59,3,0,21
1,60,3,0,4
1,61,3,0,11
1,62,3,0,7
2,0,3,0,6
2,1,3,0,16
2,2,3,0,7
2,3,3,0,6
2,4,3,0,16
2,5,3,0,9
2,6,3,0,9
2,7,3,0,19
2,8,3,0,23
2,9,3,0,5
2,10,2,3,21
2,11,2,0,18
2,12,2,0,12
2,13,2,0,6
2,14,2,0,9
2,15,2,0,1
2,16,2,0,14
2,17,2,0,7
2,18,2,0,2
2,19,2,0,2
2,20,2,0,14
2,21,2,3,10
2,22,2,3,21
2,23,2,0,13
2,24,2,0,14
2,25,2,0,23
2,26,2,0,3
2,27,2,0,17
2,28,2,0,24
2,29,2,0,22
2,30,2,0,4
2,31,2,0,3
2,32,2,3,10
2,33,2,3,8
2,34,2,3,8
2,35,2,3,7
2,36,2,0,11
2,37,2,0,19
2,38,2,0,11
2,39,2,3,1
2,40,3,0,3
2,41,2,3,21
2,42,2,0,0
2,43,2,0,9
2,44,2,0,5
2,45,2,0,18
2,46,2,0,9
2,47,2,0,19
2,48,2,0,15
2,49,2,0,10
2,50,2,0,11
2,51,2,0,19
2,52,2,0,19
2,53,2,0,11
2,54,2,0,14
2,55,2,0,21
2,56,2,0,10
2,57,2,3,18
2,58,3,0,0
2,59,3,0,1
2,60,3,0,18
2,61,3,0,6
2,62,3,0,20
3,0,3,0,2
3,1,3,0,20
3,2,3,0,3
3,3,3,0,24
3,4,3,0,0
3,5,3,0,17
3,6,3,0,9
3,7,3,0,11
3,8,3,0,3
3,9,3,0,15
3,10,2,3,24
3,11,2,0,23
3,12,2,0,24
3,13,2,0,11
3,14,2,0,6
3,15,2,0,15
3,16,2,0,1
3,17,2,0,5
3,18,2,3,20
3,19,2,3,20
3,20,2,3,13
3,21,3,0,0
3,22,2,3,23
3,23,2,0,17
3,24,2,0,9
3,25,2,3,20
3,26,2,0,24
3,27,2,0,24
3,28,2,0,15
3,29,2,0,18
3,30,2,0,8
3,31,2,3,0
3,32,3,0,0
3,33,3,0,12
3,34,3,0,16
3,35,2,3,24
3,36,2,0,20
3,37,2,0,12
3,38,2,0,21
3,39,2,3,17
3,40,3,0,20
3,41,2,3,21
3,42,2,0,5
3,43,2,0,13
3,44,2,0,10
3,45,2,0,3
3,46,2,0,15
3,47,2,0,0
3,48,2,0,4
3,49,2,0,19
3,50,2,0,1
3,51,2,0,23
3,52,2,0,14
3,53,2,0,15
3,54,2,0,16
3,55,2,0,23
3,56,2,3,10
3,57,3,0,12
3,58,3,0,9
3,59,3,0,17
3,60,3,0,8
3,61,3,0,3
3,62,3,0,13
4,0,3,0,24
4,1,3,0,2
4,2,3,0,13
4,3,3,0,12
4,4,3,0,20
4,5,3,0,21
4,6,3,0,2
4,7,3,0,8
4,8,3,0,17
4,9,2,3,6
4,10,2,0,15
4,11,2,0,15
4,12,2,0,2
4,13,2,0,0
4,14,2,0,0
4,15,2,0,14
4,16,2,0,23
4,17,2,3,10
4,18,2,3,8
4,19,2,3,8
4,20,3,0,12
4,21,3,0,7
4,22,2,3,24
4,23,2,0,12
4,24,2,3,10
4,25,2,3,23
4,26,2,0,11
4,27,2,0,13
4,28,2,0,24
4,29,2,0,20
4,30,2,0,0
4,31,2,3,18
4,32,3,0,15
4,33,3,0,3
4,34,2,3,6
4,35,2,0,4
4,36,2,0,15
4,37,2,0,17
4,38,2,0,23
4,39,2,3,18
4,40,3,0,1
4,41,2,3,24
4,42,2,0,21
4,43,2,0,20
4,44,2,0,24
4,45,2,0,18
4,46,2,0,17
4,47,2,0,1
4,48,2,0,10
4,49,2,0,15
4,50,2,0,10
4,51,2,0,1
4,52,2,0,8
4,53,2,0,12
4,54,2,0,8
4,55,2,3,13
4,56,3,0,21
4,57,3,0,21
4,58,3,0,9
4,59,3,0,19
4,60,3,0,13
4,61,3,0,16
4,62,3,0,4
5,0,3,0,23
5,1,3,0,8
5,2,3,0,2
5,3,3,0,8
5,4,3,0,0
5,5,3,0,22
5,6,3,0,1
5,7,3,0,5
5,8,3,0,15
5,9,2,3,22
5,10,2,0,14
5,11,2,0,21
5,12,2,0,2
5,13,2,0,22
5,14,2,0,4
5,15,2,0,21
5,16,2,3,10
5,17,3,0,18
5,18,3,0,20
5,19,3,0,10
5,20,3,0,13
5,21,2,3,6
5,22,2,0,13
5,23,2,3,5
5,24,3,0,0
5,25,2,3,21
5,26,2,3,20
5,27,2,0,13
5,28,2,0,9
5,29,2,0,13
5,30,2,3,0
5,31,3,0,3
5,32,3,0,9
5,33,3,0,13
5,34,2,3,7
5,35,2,0,11
5,36,2,0,18
5,37,2,0,11
5,38,2,3,0
5,39,3,0,14
5,40,2,3,6
5,41,2,0,5
5,42,2,0,4
5,43,2,0,13
5,44,2,0,24
5,45,2,0,18
5,46,2,0,9
5,47,2,0,24
5,48,2,0,8
5,49,2,0,7
5,50,2,0,6
5,51,2,0,6
5,52,2,0,3
5,53,2,3,20
5,54,2,3,5
5,55,3,0,17
5,56,3,0,9
5,57,3,0,21
5,58,3,0,23
5,59,3,0,14
5,60,3,0,19
5,61,3,0,9
5,62,3,0,9
6,0,3,0,12
6,1,3,0,3
6,2,3,0,19
6,3,3,0,17
6,4,3,0,22
6,5,3,0,15
6,6,3,0,18
6,7,3,0,15
6,8,3,0,24
6,9,2,3,7
6,10,2,0,7
6,11,2,0,8
6,12,2,0,8
6,13,2,0,4
6,14,2,0,13
6,15,2,3,0
6,16,3,0,6
6,17,3,0,14
6,18,3,0,6
6,19,3,0,9
6,20,3,0,24
6,21,2,3,24
6,22,2,3,0
6,23,3,0,9
6,24,3,0,2
6,25,2,3,8
6,26,2,3,23
6,27,2,0,22
6,28,2,0,10
6,29,2,0,1
6,30,2,3,2
6,31,3,0,7
6,32,3,0,3
6,33,3,0,23
6,34,2,3,24
6,35,2,0,19
6,36,2,0,21
6,37,2,0,14
6,38,2,3,18
6,39,3,0,13
6,40,2,3,24
6,41,2,0,21
6,42,2,0,7
6,43,2,0,3
6,44,2,0,3
6,45,2,0,10
6,46,2,0,23
6,47,2,0,24
6,48,2,0,15
6,49,2,0,10
6,50,2,0,24
6,51,2,3,20
6,52,2,3,13
6,53,2,3,8
6,54,3,0,13
6,55,3,0,17
6,56,3,0,4
6,57,3,0,3
6,58,3,0,21
6,59,3,0,19
6,60,3,0,12
6,61,3,0,3
6,62,3,0,23
7,0,3,0,23
7,1,3,0,19
7,2,3,0,16
7,3,3,0,4
7,4,3,0,8
7,5,3,0,19
7,6,3,0,4
7,7,3,0,18
7,8,3,0,13
7,9,2,3,23
7,10,2,0,14
7,11,2,0,8
7,12,2,0,23
7,13,2,0,13
7,14,2,0,20
7,15,2,3,18
7,16,3,0,17
7,17,3,0,17
7,18,3,0,16
7,19,3,0,15
7,20,2,3,14
7,21,2,0,13
7,22,2,3,18
7,23,3,0,10
7,24,3,0,14
7,25,3,0,16
7,26,2,3,7
7,27,2,0,18
7,28,2,0,4
7,29,2,0,16
7,30,2,3,2
7,31,3,0,16
7,32,3,0,24
7,33,2,3,6
7,34,2,0,16
7,35,2,0,2
7,36,2,0,6
7,37,2,3,0
7,38,3,0,7
7,39,2,3,6
7,40,2,0,2
7,41,2,0,21
7,42,2,0,0
7,43,2,0,0
7,44,2,0,12
7,45,2,0,22
7,46,2,0,9
7,47,2,0,11
7,48,2,0,23
7,49,2,3,20
7,50,2,3,13
7,51,2,3,8
7,52,3,0,19
7,53,3,0,23
7,54,3,0,16
7,55,3,0,10
7,56,3,0,16
7,57,3,0,22
7,58,3,0,9
7,59,3,0,14
7,60,3,0,13
7,61,3,0,8
7,62,3,0,24
8,0,3,0,20
8,1,3,0,18
8,2,3,0,20
8,3,3,0,13
8,4,3,0,24
8,5,3,0,1
8,6,3,0,0
8,7,3,0,4
8,8,3,0,12
8,9,2,3,24
8,10,2,0,0
8,11,2,0,17
8,12,2,0,11
8,13,2,0,19
8,14,2,3,0
8,15,3,0,11
8,16,3,0,5
8,17,3,0,5
8,18,3,0,6
8,19,2,3,9
8,20,2,0,4
8,21,2,3,15
8,22,3,0,12
8,23,2,3,16
8,24,2,3,16
8,25,3,0,22
8,26,2,3,24
8,27,2,0,9
8,28,2,0,19
8,29,2,0,4
8,30,2,3,17
8,31,3,0,13
8,32,3,0,18
8,33,2,3,7
8,34,2,3,20
8,35,2,0,12
8,36,2,0,24
8,37,2,3,2
8,38,3,0,5
8,39,2,3,21
8,40,2,0,19
8,41,2,0,12
8,42,2,0,10
8,43,2,0,23
8,44,2,0,10
8,45,2,0,8
8,46,2,0,21
8,47,2,0,2
8,48,2,3,15
8,49,2,3,8
8,50,3,0,6
8,51,3,0,12
8,52,3,0,12
8,53,3,0,1
8,54,3,0,15
8,55,3,0,21
8,56,3,0,7
8,57,3,0,11
8,58,3,0,18
8,59,3,0,20
8,60,3,0,2
8,61,3,0,4
8,62,3,0,17
9,0,3,0,19
9,1,3,0,21
9,2,3,0,12
9,3,3,0,21
9,4,3,0,2
9,5,3,0,21
9,6,3,0,8
9,7,3,0,8
9,8,2,3,6
9,9,2,0,9
9,10,2,0,19
9,11,2,0,19
9,12,2,0,19
9,13,2,0,7
9,14,2,3,18
9,15,3,0,9
9,16,3,0,20
9,17,2,3,16
9,18,2,3,9
9,19,2,0,15
9,20,2,3,0
9,21,3,0,8
9,22,2,3,19
9,23,2,3,4
9,24,2,3,17
9,25,2,3,14
9,26,2,0,23
9,27,2,0,13
9,28,2,0,19
9,29,2,0,14
9,30,2,3,3
9,31,3,0,23
9,32,3,0,3
9,33,2,3,8
9,34,2,3,22
9,35,2,0,14
9,36,2,0,1
9,37,2,3,18
9,38,3,0,18
9,39,2,3,24
9,40,2,0,8
9,41,2,0,10
9,42,2,0,1
9,43,2,0,1
9,44,2,0,16
9,45,2,0,23
9,46,2,0,4
9,47,2,3,5
9,48,3,0,11
9,49,3,0,2
9,50,3,0,0
9,51,3,0,18
9,52,3,0,17
9,53,3,0,22
9,54,3,0,0
9,55,3,0,14
9,56,3,0,20
9,57,3,0,23
9,58,3,0,8
9,59,3,0,19
9,60,3,0,17
9,61,3,0,2
9,62,3,0,14
10,0,3,0,8
10,1,3,0,14
10,2,3,0,23
10,3,3,0,3
10,4,3,0,7
10,5,3,0,8
10,6,3,0,3
10,7,3,0,3
10,8,2,3,24
10,9,2,0,13
10,10,2,0,3
10,11,2,0,13
10,12,2,0,7
10,13,2,3,0
10,14,3,0,19
10,15,3,0,8
10,16,2,3,6
10,17,2,3,4
10,18,2,0,9
10,19,2,0,20
10,20,2,3,17
10,21,2,3,14
10,22,2,0,23
10,23,2,0,7
10,24,2,3,4
10,25,2,0,5
10,26,2,0,14
10,27,2,0,6
10,28,2,0,3
10,29,2,0,13
10,30,2,3,18
10,31,3,0,10
10,32,3,0,23
10,33,3,0,21
10,34,2,3,24
10,35,2,0,17
10,36,2,3,0
10,37,3,0,17
10,38,2,3,6
10,39,2,0,8
10,40,2,0,1
10,41,2,0,4
10,42,2,0,10
10,43,2,0,5
10,44,2,0,17
10,45,2,0,12
10,46,2,3,0
10,47,3,0,12
10,48,3,0,4
10,49,3,0,15
10,50,3,0,6
10,51,3,0,11
10,52,3,0,7
10,53,3,0,11
10,54,3,0,8
10,55,3,0,6
10,56,3,0,8
10,57,3,0,10
10,58,3,0,23
10,59,3,0,9
10,60,3,0,0
10,61,3,0,16
10,62,3,0,10
11,0,3,0,2
11,1,3,0,21
11,2,3,0,23
11,3,3,0,10
11,4,3,0,11
11,5,3,0,10
11,6,3,0,9
11,7,2,3,6
11,8,2,0,5
11,9,2,0,0
11,10,2,0,22
11,11,2,0,1
11,12,2,0,24
11,13,2,3,3
11,14,2,3,16
11,15,3,0,24
11,16,2,3,24
11,17,2,0,1
11,18,2,0,6
11,19,2,0,18
11,20,2,3,4
11,21,2,0,22
11,22,2,0,14
11,23,2,0,3
11,24,2,0,12
11,25,2,0,8
11,26,2,0,10
11,27,2,0,21
11,28,2,0,13
11,29,2,3,0
11,30,3,0,18
11,31,3,0,10
11,32,3,0,16
11,33,2,3,6
11,34,2,0,7
11,35,2,0,22
11,36,2,3,2
11,37,3,0,9
11,38,2,3,24
11,39,2,0,9
11,40,2,0,15
11,41,2,0,0
11,42,2,0,18
11,43,2,0,5
11,44,2,0,10
11,45,2,0,23
11,46,2,3,18
11,47,3,0,15
11,48,3,0,16
11,49,3,0,15
11,50,3,0,1
11,51,3,0,20
11,52,3,0,11
11,53,3,0,2
11,54,3,0,14
11,55,3,0,23
11,56,3,0,9
11,57,3,0,3
11,58,3,0,0
11,59,3,0,12
11,60,3,0,10
11,61,3,0,14
11,62,3,0,17
12,0,3,0,3
12,1,3,0,8
12,2,3,0,7
12,3,3,0,1
12,4,3,0,19
12,5,3,0,15
12,6,3,0,11
12,7,2,3,24
12,8,2,0,2
12,9,2,0,16
12,10,2,0,17
12,11,2,0,14
12,12,2,0,12
12,13,2,3,4
12,14,2,3,1
12,15,2,3,19
12,16,2,0,4
12,17,2,0,17
12,18,2,0,9
12,19,2,0,8
12,20,2,0,2
12,21,2,0,16
12,22,2,0,9
12,23,2,0,2
12,24,2,3,20
12,25,2,0,1
12,26,2,0,18
12,27,2,0,8
12,28,2,0,21
12,29,2,3,3
12,30,3,0,3
12,31,3,0,6
12,32,3,0,17
12,33,2,3,24
12,34,2,0,8
12,35,2,0,13
12,36,2,3,1
12,37,2,3,11
12,38,2,0,12
12,39,2,0,15
12,40,2,0,10
12,41,2,0,2
12,42,2,0,14
12,43,2,0,5
12,44,2,0,3
12,45,2,3,0
12,46,3,0,11
12,47,3,0,10
12,48,3,0,8
12,49,3,0,9
12,50,3,0,14
12,51,3,0,9
12,52,3,0,12
12,53,3,0,15
12,54,3,0,20
12,55,3,0,11
12,56,3,0,23
12,57,3,0,11
12,58,3,0,16
12,59,3,0,5
12,60,3,0,12
12,61,3,0,9
12,62,3,0,21
13,0,3,0,3
13,1,3,0,24
13,2,3,0,11
13,3,3,0,18
13,4,3,0,17
13,5,3,0,8
13,6,2,3,6
13,7,2,0,20
13,8,2,0,17
13,9,2,0,5
13,10,2,0,9
13,11,2,0,24
13,12,2,0,5
13,13,2,0,2
13,14,2,3,4
13,15,2,0,7
13,16,2,0,0
13,17,2,0,1
13,18,2,0,1
13,19,2,0,0
13,20,2,0,8
13,21,2,0,9
13,22,2,0,7
13,23,2,3,10
13,24,2,3,7
13,25,2,0,22
13,26,2,0,5
13,27,2,0,12
13,28,2,0,21
13,29,2,3,17
13,30,2,3,16
13,31,2,3,16
13,32,2,3,14
13,33,2,0,8
13,34,2,0,1
13,35,2,0,13
13,36,2,3,4
13,37,2,0,11
13,38,2,0,14
13,39,2,0,4
13,40,2,0,1
13,41,2,0,19
13,42,2,0,4
13,43,2,0,1
13,44,2,3,0
13,45,2,3,18
13,46,3,0,5
13,47,3,0,0
13,48,3,0,4
13,49,3,0,16
13,50,3,0,13
13,51,3,0,0
13,52,3,0,4
13,53,3,0,1
13,54,3,0,1
13,55,3,0,23
13,56,3,0,12
13,57,3,0,13
13,58,3,0,7
13,59,3,0,18
13,60,3,0,11
13,61,3,0,10
13,62,3,0,19
14,0,3,0,13
14,1,3,0,23
14,2,3,0,21
14,3,3,0,11
14,4,3,0,6
14,5,3,0,6
14,6,2,3,24
14,7,2,0,18
14,8,2,0,16
14,9,2,0,18
14,10,2,0,22
14,11,2,0,9
14,12,2,0,5
14,13,2,0,9
14,14,2,0,0
14,15,2,0,0
14,16,2,0,21
14,17,2,0,2
14,18,2,0,7
14,19,2,0,10
14,20,2,0,5
14,21,2,0,11
14,22,2,3,13
14,23,3,0,2
14,24,2,3,21
14,25,2,0,13
14,26,2,0,21
14,27,2,0,7
14,28,2,0,10
14,29,2,3,4
14,30,2,3,4
14,31,2,3,4
14,32,2,0,23
14,33,2,0,8
14,34,2,0,11
14,35,2,0,10
14,36,2,0,7
14,37,2,0,19
14,38,2,0,22
14,39,2,0,11
14,40,2,0,24
14,41,2,0,17
14,42,2,0,6
14,43,2,0,0
14,44,2,3,18
14,45,3,0,9
14,46,3,0,5
14,47,3,0,8
14,48,3,0,2
14,49,3,0,4
14,50,3,0,6
14,51,3,0,1
14,52,3,0,17
14,53,3,0,11
14,54,3,0,15
14,55,3,0,22
14,56,3,0,4
14,57,3,0,0
14,58,3,0,22
14,59,3,0,17
14,60,3,0,16
14,61,3,0,17
14,62,3,0,16
15,0,3,0,19
15,1,3,0,18
15,2,3,0,16
15,3,3,0,6
15,4,3,0,24
15,5,2,3,6
15,6,2,0,16
15,7,2,0,4
15,8,2,0,24
15,9,2,0,21
15,10,2,0,11
15,11,2,0,20
15,12,2,0,3
15,13,2,0,22
15,14,2,0,12
15,15,2,0,20
15,16,2,0,18
15,17,2,0,12
15,18,2,0,18
15,19,2,0,24
15,20,2,0,22
15,21,2,3,0
15,22,3,0,2
15,23,3,0,7
15,24,2,3,24
15,25,2,0,13
15,26,2,0,1
15,27,2,0,3
15,28,2,0,0
15,29,2,0,2
15,30,2,0,6
15,31,2,0,5
15,32,2,0,18
15,33,2,0,16
15,34,2,0,12
15,35,2,0,2
15,36,2,0,12
15,37,2,0,3
15,38,2,0,3
15,39,2,0,4
15,40,2,3,20
15,41,2,3,20
15,42,2,3,20
15,43,2,3,15
15,44,3,0,4
15,45,3,0,12
15,46,3,0,15
15,47,3,0,23
15,48,3,0,17
15,49,3,0,19
15,50,3,0,1
15,51,3,0,20
15,52,3,0,23
15,53,3,0,15
15,54,3,0,14
15,55,3,0,16
15,56,3,0,17
15,57,3,0,11
15,58,3,0,24
15,59,3,0,14
15,60,3,0,24
15,61,3,0,18
15,62,3,0,6
16,0,3,0,23
16,1,3,0,3
16,2,3,0,10
16,3,3,0,4
16,4,3,0,21
16,5,2,3,7
16,6,2,0,18
16,7,2,0,9
16,8,2,0,11
16,9,2,0,7
16,10,2,0,23
16,11,2,0,7
16,12,2,0,12
16,13,2,0,7
16,14,2,0,1
16,15,2,0,8
16,16,2,0,3
16,17,2,0,2
16,18,2,0,16
16,19,2,0,22
16,20,2,0,20
16,21,2,3,3
16,22,3,0,16
16,23,2,3,6
16,24,2,0,2
16,25,2,0,24
16,26,2,0,8
16,27,2,0,24
16,28,2,0,5
16,29,2,0,17
16,30,2,0,5
16,31,2,0,13
16,32,2,0,17
16,33,2,0,16
16,34,2,0,23
16,35,2,0,3
16,36,2,0,10
16,37,2,0,21
16,38,2,0,11
16,39,2,3,5
16,40,2,3,8
16,41,2,3,8
16,42,2,3,8
16,43,3,0,24
16,44,3,0,10
16,45,3,0,20
16,46,3,0,6
16,47,3,0,9
16,48,3,0,4
16,49,3,0,1
16,50,3,0,11
16,51,3,0,21
16,52,3,0,12
16,53,3,0,6
16,54,3,0,1
16,55,3,0,15
16,56,3,0,1
16,57,3,0,0
16,58,3,0,8
16,59,3,0,22
16,60,3,0,20
16,61,3,0,0
16,62,3,0,5
17,0,3,0,18
17,1,3,0,20
17,2,3,0,6
17,3,3,0,0
17,4,3,0,6
17,5,2,3,21
17,6,2,3,20
17,7,2,3,20
17,8,2,0,17
17,9,2,0,16
17,10,2,0,4
17,11,2,0,8
17,12,2,0,4
17,13,2,0,13
17,14,2,0,5
17,15,2,0,19
17,16,2,0,8
17,17,2,0,10
17,18,2,0,19
17,19,2,0,3
17,20,2,0,2
17,21,2,3,2
17,22,3,0,22
17,23,2,3,24
17,24,2,0,21
17,25,2,0,0
17,26,2,0,7
17,27,2,0,24
17,28,2,0,23
17,29,2,0,0
17,30,2,0,2
17,31,2,0,5
17,32,2,0,16
17,33,2,0,21
17,34,2,0,22
17,35,2,0,8
17,36,2,0,12
17,37,2,0,22
17,38,2,3,5
17,39,3,0,5
17,40,3,0,12
17,41,3,0,18
17,42,3,0,2
17,43,3,0,13
17,44,3,0,20
17,45,3,0,2
17,46,3,0,12
17,47,3,0,23
17,48,3,0,20
17,49,3,0,18
17,50,3,0,12
17,51,3,0,18
17,52,3,0,19
17,53,3,0,9
17,54,3,0,2
17,55,3,0,5
17,56,3,0,17
17,57,3,0,22
17,58,3,0,20
17,59,3,0,14
17,60,3,0,15
17,61,3,0,4
17,62,3,0,7
18,0,3,0,11
18,1,3,0,11
18,2,3,0,16
18,3,3,0,15
18,4,3,0,9
18,5,2,3,8
18,6,2,3,8
18,7,2,3,21
18,8,2,0,0
18,9,2,0,1
18,10,2,0,1
18,11,2,0,0
18,12,2,0,10
18,13,2,0,15
18,14,2,0,0
18,15,2,0,5
18,16,2,0,5
18,17,2,0,21
18,18,2,0,4
18,19,2,0,19
18,20,2,0,24
18,21,2,3,3
18,22,2,3,11
18,23,2,0,12
18,24,2,0,8
18,25,2,0,8
18,26,2,0,22
18,27,2,0,20
18,28,2,0,16
18,29,2,0,17
18,30,2,0,17
18,31,2,0,9
18,32,2,0,22
18,33,2,0,4
18,34,2,0,10
18,35,2,0,19
18,36,2,0,12
18,37,2,3,0
18,38,3,0,4
18,39,3,0,0
18,40,3,0,6
18,41,3,0,19
18,42,3,0,10
18,43,3,0,9
18,44,3,0,14
18,45,3,0,9
18,46,3,0,16
18,47,3,0,3
18,48,3,0,15
18,49,3,0,4
18,50,3,0,0
18,51,3,0,23
18,52,3,0,19
18,53,3,0,11
18,54,3,0,13
18,55,3,0,19
18,56,3,0,9
18,57,3,0,0
18,58,3,0,11
18,59,3,0,22
18,60,3,0,5
18,61,3,0,9
18,62,3,0,11
19,0,3,0,3
19,1,3,0,10
19,2,3,0,1
19,3,3,0,14
19,4,3,0,17
19,5,3,0,9
19,6,3,0,11
19,7,2,3,24
19,8,2,0,6
19,9,2,0,3
19,10,2,0,13
19,11,2,0,18
19,12,2,0,23
19,13,2,0,10
19,14,2,0,14
19,15,2,0,5
19,16,2,0,10
19,17,2,0,12
19,18,2,0,15
19,19,2,0,1
19,20,2,0,22
19,21,2,3,4
19,22,2,0,17
19,23,2,0,6
19,24,2,0,8
19,25,2,0,14
19,26,2,0,3
19,27,2,0,6
19,28,2,0,16
19,29,2,0,17
19,30,2,0,13
19,31,2,0,4
19,32,2,0,5
19,33,2,0,6
19,34,2,0,14
19,35,2,0,9
19,36,2,3,20
19,37,2,3,18
19,38,3,0,19
19,39,3,0,15
19,40,3,0,9
19,41,3,0,15
19,42,3,0,7
19,43,3,0,17
19,44,3,0,9
19,45,3,0,23
19,46,3,0,21
19,47,3,0,6
19,48,3,0,6
19,49,3,0,20
19,50,3,0,14
19,51,3,0,5
19,52,3,0,24
19,53,3,0,13
19,54,3,0,3
19,55,3,0,20
19,56,3,0,20
19,57,3,0,3
19,58,3,0,16
19,59,3,0,8
19,60,3,0,20
19,61,3,0,9
19,62,3,0,5
20,0,3,0,19
20,1,3,0,10
20,2,3,0,3
20,3,3,0,22
20,4,3,0,24
20,5,3,0,11
20,6,2,3,6
20,7,2,0,3
20,8,2,0,4
20,9,2,0,16
20,10,2,0,13
20,11,2,0,10
20,12,2,0,12
20,13,2,0,6
20,14,2,3,20
20,15,2,3,20
20,16,2,0,17
20,17,2,0,10
20,18,2,0,21
20,19,2,0,4
20,20,2,0,8
20,21,2,0,7
20,22,2,0,22
20,23,2,0,16
20,24,2,0,13
20,25,2,0,17
20,26,2,0,20
20,27,2,0,7
20,28,2,0,21
20,29,2,0,1
20,30,2,0,18
20,31,2,0,10
20,32,2,0,10
20,33,2,0,17
20,34,2,0,14
20,35,2,3,15
20,36,2,3,8
20,37,3,0,14
20,38,3,0,22
20,39,3,0,5
20,40,3,0,18
20,41,3,0,10
20,42,3,0,14
20,43,3,0,19
20,44,3,0,7
20,45,3,0,20
20,46,3,0,16
20,47,3,0,24
20,48,3,0,17
20,49,3,0,12
20,50,3,0,20
20,51,3,0,0
20,52,3,0,19
20,53,3,0,13
20,54,3,0,7
20,55,3,0,12
20,56,2,3,16
20,57,3,0,17
20,58,3,0,16
20,59,3,0,21
20,60,3,0,6
20,61,3,0,10
20,62,3,0,14
21,0,3,0,13
21,1,3,0,1
21,2,3,0,21
21,3,3,0,0
21,4,3,0,6
21,5,3,0,16
21,6,2,3,23
21,7,2,0,18
21,8,2,0,2
21,9,2,0,21
21,10,2,0,10
21,11,2,0,22
21,12,2,0,0
21,13,2,3,15
21,14,2,3,8
21,15,2,3,24
21,16,2,0,1
21,17,2,0,10
21,18,2,0,0
21,19,2,0,18
21,20,2,0,3
21,21,2,0,8
21,22,2,0,15
21,23,2,0,8
21,24,2,0,8
21,25,2,0,11
21,26,2,0,23
21,27,2,0,16
21,28,2,0,16
21,29,2,0,15
21,30,2,0,0
21,31,2,0,11
21,32,2,0,24
21,33,2,0,4
21,34,2,3,0
21,35,3,0,20
21,36,3,0,4
21,37,3,0,2
21,38,3,0,14
21,39,3,0,6
21,40,3,0,14
21,41,3,0,6
21,42,3,0,22
21,43,3,0,7
21,44,3,0,19
21,45,3,0,23
21,46,3,0,17
21,47,3,0,7
21,48,3,0,12
21,49,3,0,16
21,50,3,0,22
21,51,3,0,22
21,52,3,0,20
21,53,2,3,16
21,54,2,3,16
21,55,2,3,19
21,56,2,3,3
21,57,2,3,16
21,58,3,0,22
21,59,3,0,17
21,60,3,0,4
21,61,3,0,1
21,62,3,0,11
22,0,3,0,11
22,1,3,0,20
22,2,3,0,0
22,3,3,0,17
22,4,3,0,6
22,5,3,0,0
22,6,2,3,24
22,7,2,0,18
22,8,2,0,20
22,9,2,0,5
22,10,2,0,2
22,11,2,0,17
22,12,2,3,0
22,13,3,0,8
22,14,2,3,6
22,15,2,0,7
22,16,2,0,20
22,17,2,0,18
22,18,2,0,9
22,19,2,0,23
22,20,2,0,14
22,21,2,0,12
22,22,2,0,14
22,23,2,0,20
22,24,2,0,4
22,25,2,0,20
22,26,2,0,17
22,27,2,0,4
22,28,2,0,22
22,29,2,0,8
22,30,2,0,23
22,31,2,0,3
22,32,2,0,5
22,33,2,0,8
22,34,2,3,2
22,35,3,0,12
22,36,3,0,7
22,37,3,0,20
22,38,3,0,20
22,39,3,0,13
22,40,3,0,18
22,41,3,0,0
22,42,3,0,13
22,43,3,0,13
22,44,3,0,2
22,45,3,0,17
22,46,3,0,2
22,47,3,0,10
22,48,3,0,18
22,49,3,0,22
22,50,3,0,8
22,51,3,0,19
22,52,2,3,14
22,53,2,3,4
22,54,2,3,4
22,55,2,0,22
22,56,2,3,4
22,57,2,3,17
22,58,3,0,6
22,59,3,0,7
22,60,3,0,24
22,61,3,0,7
22,62,3,0,7
23,0,3,0,3
23,1,3,0,13
23,2,3,0,14
23,3,3,0,20
23,4,3,0,16
23,5,2,3,6
23,6,2,0,8
23,7,2,0,11
23,8,2,0,4
23,9,2,0,17
23,10,2,0,2
23,11,2,0,22
23,12,2,3,17
23,13,3,0,23
23,14,2,3,23
23,15,2,0,2
23,16,2,0,17
23,17,2,0,21
23,18,2,0,15
23,19,2,0,18
23,20,2,0,15
23,21,2,0,20
23,22,2,0,24
23,23,2,0,1
23,24,2,3,20
23,25,2,0,13
23,26,2,0,11
23,27,2,0,15
23,28,2,0,18
23,29,2,0,10
23,30,2,0,2
23,31,2,0,19
23,32,2,0,11
23,33,2,0,14
23,34,2,3,18
23,35,3,0,15
23,36,3,0,5
23,37,3,0,24
23,38,3,0,3
23,39,3,0,4
23,40,3,0,12
23,41,3,0,13
23,42,3,0,24
23,43,3,0,6
23,44,3,0,7
23,45,3,0,17
23,46,3,0,1
23,47,3,0,4
23,48,3,0,8
23,49,3,0,19
23,50,3,0,5
23,51,2,3,14
23,52,2,0,5
23,53,2,0,11
23,54,2,0,17
23,55,2,0,7
23,56,2,0,2
23,57,2,3,1
23,58,3,0,13
23,59,3,0,11
23,60,3,0,13
23,61,3,0,1
23,62,3,0,16
24,0,3,0,4
24,1,3,0,18
24,2,3,0,10
24,3,3,0,5
24,4,3,0,5
24,5,2,3,24
24,6,2,0,20
24,7,2,0,13
24,8,2,0,6
24,9,2,0,1
24,10,2,0,14
24,11,2,0,21
24,12,2,3,17
24,13,3,0,22
24,14,2,3,21
24,15,2,0,4
24,16,2,0,16
24,17,2,0,23
24,18,2,0,22
24,19,2,0,7
24,20,2,0,15
24,21,2,0,16
24,22,2,0,4
24,23,2,3,15
24,24,2,3,22
24,25,2,0,7
24,26,2,0,22
24,27,2,0,12
24,28,2,0,11
24,29,2,0,14
24,30,2,0,23
24,31,2,0,4
24,32,2,0,13
24,33,2,3,0
24,34,3,0,2
24,35,3,0,1
24,36,3,0,6
24,37,3,0,4
24,38,3,0,15
24,39,3,0,15
24,40,3,0,22
24,41,3,0,21
24,42,3,0,10
24,43,3,0,20
24,44,3,0,16
24,45,3,0,5
24,46,3,0,0
24,47,3,0,12
24,48,2,3,16
24,49,3,0,24
24,50,2,3,19
24,51,2,0,17
24,52,2,0,6
24,53,2,0,24
24,54,2,0,23
24,55,2,0,21
24,56,2,0,24
24,57,2,3,3
24,58,3,0,12
24,59,3,0,12
24,60,3,0,4
24,61,3,0,23
24,62,3,0,8
25,0,3,0,23
25,1,3,0,3
25,2,3,0,24
25,3,3,0,12
25,4,2,3,6
25,5,2,0,0
25,6,2,0,17
25,7,2,0,7
25,8,2,0,9
25,9,2,0,19
25,10,2,0,1
25,11,2,0,24
25,12,2,3,18
25,13,3,0,14
25,14,2,3,22
25,15,2,0,11
25,16,2,0,16
25,17,2,0,0
25,18,2,0,21
25,19,2,0,12
25,20,2,0,16
25,21,2,0,15
25,22,2,3,5
25,23,3,0,21
25,24,2,3,22
25,25,2,0,18
25,26,2,0,23
25,27,2,0,15
25,28,2,0,11
25,29,2,0,17
25,30,2,0,21
25,31,2,0,24
25,32,2,3,20
25,33,2,3,18
25,34,3,0,18
25,35,3,0,5
25,36,3,0,11
25,37,3,0,1
25,38,3,0,18
25,39,3,0,3
25,40,3,0,0
25,41,3,0,17
25,42,3,0,15
25,43,3,0,12
25,44,3,0,18
25,45,3,0,8
25,46,3,0,18
25,47,2,3,14
25,48,2,3,4
25,49,2,3,4
25,50,2,0,16
25,51,2,0,5
25,52,2,0,16
25,53,2,0,2
25,54,2,0,21
25,55,2,0,7
25,56,2,0,19
25,57,2,3,17
25,58,3,0,11
25,59,3,0,4
25,60,3,0,11
25,61,3,0,11
25,62,3,0,22
26,0,3,0,24
26,1,3,0,6
26,2,3,0,2
26,3,3,0,6
26,4,2,3,7
26,5,2,3,20
26,6,2,0,11
26,7,2,0,21
26,8,2,0,13
26,9,2,0,23
26,10,2,0,1
26,11,2,3,0
26,12,3,0,23
26,13,3,0,24
26,14,2,3,22
26,15,2,3,20
26,16,2,0,6
26,17,2,0,14
26,18,2,0,2
26,19,2,0,19
26,20,2,0,10
26,21,2,3,0
26,22,3,0,11
26,23,3,0,22
26,24,2,3,24
26,25,2,0,8
26,26,2,0,11
26,27,2,0,13
26,28,2,0,4
26,29,2,0,20
26,30,2,0,10
26,31,2,3,5
26,32,2,3,8
26,33,3,0,12
26,34,3,0,12
26,35,3,0,20
26,36,3,0,15
26,37,3,0,2
26,38,3,0,21
26,39,3,0,6
26,40,3,0,3
26,41,3,0,22
26,42,3,0,21
26,43,3,0,10
26,44,3,0,3
26,45,3,0,9
26,46,2,3,9
26,47,2,0,16
26,48,2,0,9
26,49,2,0,9
26,50,2,0,20
26,51,2,0,11
26,52,2,0,19
26,53,2,0,9
26,54,2,0,23
26,55,2,0,9
26,56,2,0,16
26,57,2,3,18
26,58,3,0,15
26,59,3,0,22
26,60,3,0,5
26,61,3,0,24
26,62,3,0,12
27,0,3,0,8
27,1,3,0,15
27,2,3,0,23
27,3,3,0,0
27,4,2,3,8
27,5,2,3,21
27,6,2,0,8
27,7,2,0,24
27,8,2,0,20
27,9,2,0,23
27,10,2,0,5
27,11,2,3,1
27,12,3,0,22
27,13,3,0,2
27,14,2,3,8
27,15,2,3,24
27,16,2,0,21
27,17,2,0,22
27,18,2,0,20
27,19,2,0,15
27,20,2,0,20
27,21,2,3,18
27,22,3,0,6
27,23,2,3,6
27,24,2,0,1
27,25,2,0,13
27,26,2,0,15
27,27,2,0,10
27,28,2,0,8
27,29,2,0,11
27,30,2,3,0
27,31,3,0,23
27,32,3,0,17
27,33,3,0,13
27,34,3,0,2
27,35,3,0,8
27,36,3,0,1
27,37,3,0,15
27,38,3,0,10
27,39,3,0,19
27,40,3,0,2
27,41,3,0,6
27,42,3,0,1
27,43,3,0,13
27,44,3,0,17
27,45,2,3,11
27,46,2,0,5
27,47,2,0,21
27,48,2,0,5
27,49,2,0,17
27,50,2,0,6
27,51,2,0,2
27,52,2,0,18
27,53,2,0,13
27,54,2,0,9
27,55,2,0,21
27,56,2,3,0
27,57,2,3,16
27,58,3,0,3
27,59,3,0,17
27,60,3,0,9
27,61,3,0,13
27,62,3,0,23
28,0,3,0,14
28,1,3,0,16
28,2,3,0,23
28,3,3,0,18
28,4,3,0,7
28,5,2,3,22
28,6,2,0,3
28,7,2,0,0
28,8,2,0,3
28,9,2,0,5
28,10,2,0,2
28,11,2,3,2
28,12,3,0,1
28,13,3,0,20
28,14,2,3,6
28,15,2,0,22
28,16,2,0,12
28,17,2,0,14
28,18,2,0,7
28,19,2,0,1
28,20,2,3,5
28,21,3,0,10
28,22,3,0,10
28,23,2,3,24
28,24,2,0,11
28,25,2,0,13
28,26,2,0,12
28,27,2,0,17
28,28,2,0,16
28,29,2,0,10
28,30,2,3,18
28,31,3,0,14
28,32,3,0,0
28,33,3,0,1
28,34,3,0,7
28,35,3,0,23
28,36,3,0,23
28,37,3,0,6
28,38,3,0,17
28,39,3,0,10
28,40,3,0,6
28,41,3,0,11
28,42,3,0,15
28,43,3,0,0
28,44,2,3,6
28,45,2,0,8
28,46,2,0,21
28,47,2,0,11
28,48,2,0,9
28,49,2,0,21
28,50,2,0,2
28,51,2,0,6
28,52,2,0,15
28,53,2,0,15
28,54,2,0,22
28,55,2,0,16
28,56,2,3,4
28,57,2,3,17
28,58,3,0,23
28,59,3,0,9
28,60,3,0,9
28,61,3,0,8
28,62,3,0,11
29,0,3,0,5
29,1,3,0,23
29,2,3,0,0
29,3,3,0,2
29,4,3,0,10
29,5,2,3,7
29,6,2,0,21
29,7,2,0,7
29,8,2,0,13
29,9,2,0,1
29,10,2,0,10
29,11,2,3,17
29,12,3,0,12
29,13,3,0,2
29,14,2,3,24
29,15,2,0,11
29,16,2,0,23
29,17,2,0,13
29,18,2,0,20
29,19,2,3,15
29,20,3,0,5
29,21,3,0,5
29,22,2,3,14
29,23,2,0,19
29,24,2,0,1
29,25,2,0,11
29,26,2,0,7
29,27,2,0,14
29,28,2,0,0
29,29,2,3,0
29,30,3,0,13
29,31,3,0,10
29,32,3,0,12
29,33,3,0,14
29,34,3,0,0
29,35,3,0,11
29,36,3,0,15
29,37,3,0,0
29,38,3,0,6
29,39,3,0,10
29,40,3,0,11
29,41,3,0,9
29,42,3,0,16
29,43,3,0,18
29,44,2,3,24
29,45,2,0,10
29,46,2,0,10
29,47,2,0,10
29,48,2,0,0
29,49,2,0,21
29,50,2,0,5
29,51,2,0,19
29,52,2,0,21
29,53,2,0,21
29,54,2,0,22
29,55,2,0,5
29,56,2,0,7
29,57,2,3,17
29,58,3,0,7
29,59,3,0,13
29,60,3,0,6
29,61,3,0,24
29,62,3,0,7
30,0,3,0,1
30,1,3,0,15
30,2,3,0,5
30,3,3,0,17
30,4,3,0,21
30,5,2,3,22
30,6,2,0,22
30,7,2,0,24
30,8,2,0,8
30,9,2,0,15
30,10,2,0,3
30,11,2,3,2
30,12,2,3,16
30,13,2,3,14
30,14,2,0,9
30,15,2,0,16
30,16,2,0,10
30,17,2,0,9
30,18,2,3,13
30,19,3,0,11
30,20,3,0,23
30,21,2,3,6
30,22,2,0,24
30,23,2,0,24
30,24,2,0,9
30,25,2,0,9
30,26,2,0,19
30,27,2,3,20
30,28,2,3,20
30,29,2,3,18
30,30,3,0,8
30,31,3,0,7
30,32,3,0,4
30,33,3,0,15
30,34,3,0,16
30,35,3,0,7
30,36,3,0,17
30,37,3,0,22
30,38,3,0,8
30,39,3,0,21
30,40,3,0,23
30,41,3,0,22
30,42,3,0,13
30,43,2,3,6
30,44,2,0,16
30,45,2,0,10
30,46,2,0,9
30,47,2,0,15
30,48,2,0,9
30,49,2,0,24
30,50,2,0,13
30,51,2,0,23
30,52,2,0,19
30,53,2,0,17
30,54,2,0,1
30,55,2,0,19
30,56,2,0,0
30,57,2,3,1
30,58,3,0,16
30,59,3,0,12
30,60,3,0,21
30,61,3,0,22
30,62,3,0,7
31,0,3,0,21
31,1,3,0,5
31,2,3,0,5
31,3,3,0,12
31,4,3,0,16
31,5,2,3,22
31,6,2,3,20
31,7,2,0,0
31,8,2,0,13
31,9,2,0,9
31,10,2,0,6
31,11,2,3,4
31,12,2,3,4
31,13,2,0,18
31,14,2,0,13
31,15,2,0,23
31,16,2,0,0
31,17,2,3,0
31,18,3,0,22
31,19,3,0,14
31,20,3,0,4
31,21,2,3,24
31,22,2,0,5
31,23,2,0,7
31,24,2,0,7
31,25,2,3,20
31,26,2,3,10
31,27,2,3,8
31,28,2,3,8
31,29,3,0,9
31,30,3,0,4
31,31,3,0,5
31,32,3,0,1
31,33,3,0,3
31,34,3,0,3
31,35,3,0,21
31,36,3,0,15
31,37,3,0,13
31,38,3,0,12
31,39,3,0,8
31,40,3,0,2
31,41,3,0,20
31,42,3,0,2
31,43,2,3,24
31,44,2,0,19
31,45,2,0,21
31,46,2,0,10
31,47,2,0,20
31,48,2,0,19
31,49,2,0,11
31,50,2,0,17
31,51,2,0,18
31,52,2,0,9
31,53,2,0,3
31,54,2,0,8
31,55,2,0,23
31,56,2,0,3
31,57,2,3,17
31,58,3,0,22
31,59,3,0,3
31,60,3,0,7
31,61,3,0,11
31,62,3,0,21
32,0,3,0,17
32,1,3,0,19
32,2,3,0,3
32,3,3,0,7
32,4,3,0,18
32,5,2,3,8
32,6,2,3,7
32,7,2,0,11
32,8,2,0,12
32,9,2,0,24
32,10,2,0,0
32,11,2,0,11
32,12,2,0,4
32,13,2,0,11
32,14,2,0,4
32,15,2,0,2
32,16,2,0,21
32,17,2,3,18
32,18,3,0,7
32,19,3,0,2
32,20,2,3,6
32,21,2,0,12
32,22,2,0,7
32,23,2,0,8
32,24,2,3,5
32,25,2,3,8
32,26,3,0,12
32,27,3,0,18
32,28,3,0,0
32,29,3,0,1
32,30,3,0,17
32,31,3,0,16
32,32,3,0,11
32,33,3,0,23
32,34,3,0,14
32,35,3,0,19
32,36,3,0,14
32,37,3,0,3
32,38,3,0,15
32,39,3,0,13
32,40,3,0,2
32,41,3,0,14
32,42,2,3,9
32,43,2,0,20
32,44,2,0,9
32,45,2,0,6
32,46,2,0,3
32,47,2,0,0
32,48,2,0,3
32,49,2,0,23
32,50,2,0,19
32,51,2,0,7
32,52,2,0,1
32,53,2,0,18
32,54,2,0,22
32,55,2,0,17
32,56,2,0,21
32,57,2,3,18
32,58,3,0,21
32,59,3,0,18
32,60,3,0,19
32,61,3,0,13
32,62,3,0,7
33,0,3,0,4
33,1,3,0,20
33,2,3,0,19
33,3,3,0,3
33,4,3,0,1
33,5,3,0,19
33,6,2,3,22
33,7,2,0,1
33,8,2,0,15
33,9,2,0,14
33,10,2,0,5
33,11,2,0,5
33,12,2,0,4
33,13,2,0,5
33,14,2,0,22
33,15,2,0,15
33,16,2,3,15
33,17,3,0,1
33,18,3,0,4
33,19,3,0,23
33,20,2,3,24
33,21,2,0,10
33,22,2,0,20
33,23,2,3,10
33,24,3,0,3
33,25,3,0,1
33,26,3,0,24
33,27,3,0,21
33,28,3,0,16
33,29,3,0,19
33,30,3,0,18
33,31,3,0,5
33,32,3,0,12
33,33,3,0,21
33,34,3,0,16
33,35,3,0,1
33,36,3,0,16
33,37,3,0,21
33,38,3,0,14
33,39,3,0,23
33,40,3,0,16
33,41,2,3,6
33,42,2,0,19
33,43,2,0,13
33,44,2,0,24
33,45,2,0,12
33,46,2,0,23
33,47,2,0,3
33,48,2,0,10
33,49,2,0,24
33,50,2,0,18
33,51,2,0,9
33,52,2,0,20
33,53,2,0,23
33,54,2,0,10
33,55,2,0,1
33,56,2,3,0
33,57,3,0,2
33,58,3,0,14
33,59,3,0,20
33,60,3,0,13
33,61,3,0,14
33,62,3,0,19
34,0,3,0,14
34,1,3,0,11
34,2,3,0,6
34,3,3,0,1
34,4,3,0,0
34,5,3,0,16
34,6,2,3,22
34,7,2,3,20
34,8,2,0,19
34,9,2,0,17
34,10,2,0,10
34,11,2,0,12
34,12,2,0,3
34,13,2,0,19
34,14,2,0,9
34,15,2,3,0
34,16,3,0,24
34,17,2,3,16
34,18,2,3,16
34,19,2,3,9
34,20,2,0,18
34,21,2,0,1
34,22,2,3,0
34,23,3,0,15
34,24,3,0,10
34,25,3,0,20
34,26,3,0,11
34,27,3,0,21
34,28,3,0,10
34,29,3,0,14
34,30,3,0,22
34,31,3,0,16
34,32,3,0,20
34,33,3,0,14
34,34,3,0,12
34,35,3,0,20
34,36,3,0,3
34,37,3,0,11
34,38,3,0,22
34,39,3,0,3
34,40,3,0,11
34,41,2,3,24
34,42,2,0,21
34,43,2,0,8
34,44,2,0,21
34,45,2,0,22
34,46,2,0,0
34,47,2,0,0
34,48,2,0,10
34,49,2,0,0
34,50,2,0,15
34,51,2,0,8
34,52,2,3,20
34,53,2,0,15
34,54,2,0,11
34,55,2,0,22
34,56,2,3,3
34,57,3,0,3
34,58,3,0,2
34,59,3,0,16
34,60,3,0,4
34,61,3,0,23
34,62,3,0,23
35,0,3,0,16
35,1,3,0,16
35,2,3,0,6
35,3,3,0,22
35,4,3,0,14
35,5,3,0,18
35,6,2,3,8
35,7,2,3,22
35,8,2,3,20
35,9,2,0,9
35,10,2,0,6
35,11,2,0,24
35,12,2,0,24
35,13,2,0,16
35,14,2,0,11
35,15,2,3,17
35,16,2,3,11
35,17,2,3,4
35,18,2,3,4
35,19,2,0,8
35,20,2,0,9
35,21,2,0,17
35,22,2,3,18
35,23,3,0,14
35,24,3,0,14
35,25,3,0,9
35,26,3,0,10
35,27,3,0,18
35,28,3,0,12
35,29,3,0,3
35,30,3,0,4
35,31,3,0,12
35,32,3,0,22
35,33,3,0,12
35,34,3,0,10
35,35,3,0,13
35,36,3,0,13
35,37,3,0,14
35,38,3,0,22
35,39,3,0,23
35,40,2,3,19
35,41,2,0,23
35,42,2,0,3
35,43,2,0,9
35,44,2,0,5
35,45,2,0,7
35,46,2,0,13
35,47,2,0,2
35,48,2,0,11
35,49,2,0,9
35,50,2,0,4
35,51,2,3,10
35,52,2,3,22
35,53,2,0,14
35,54,2,0,23
35,55,2,0,11
35,56,2,3,2
35,57,3,0,6
35,58,3,0,16
35,59,3,0,2
35,60,3,0,16
35,61,3,0,16
35,62,3,0,21
36,0,3,0,22
36,1,3,0,11
36,2,3,0,11
36,3,3,0,18
36,4,3,0,24
36,5,3,0,9
36,6,3,0,3
36,7,2,3,8
36,8,2,3,22
36,9,2,0,6
36,10,2,0,20
36,11,2,0,21
36,12,2,0,1
36,13,2,0,7
36,14,2,0,13
36,15,2,3,4
36,16,2,0,13
36,17,2,0,12
36,18,2,0,7
36,19,2,0,1
36,20,2,0,9
36,21,2,0,2
36,22,3,0,16
36,23,3,0,13
36,24,3,0,5
36,25,3,0,5
36,26,3,0,20
36,27,3,0,21
36,28,3,0,11
36,29,3,0,23
36,30,3,0,23
36,31,3,0,21
36,32,3,0,15
36,33,3,0,8
36,34,3,0,0
36,35,3,0,3
36,36,3,0,13
36,37,3,0,17
36,38,3,0,10
36,39,2,3,14
36,40,2,0,7
36,41,2,0,6
36,42,2,0,1
36,43,2,0,4
36,44,2,0,14
36,45,2,0,18
36,46,2,0,3
36,47,2,0,8
36,48,2,0,5
36,49,2,0,3
36,50,2,3,13
36,51,3,0,18
36,52,2,3,24
36,53,2,0,3
36,54,2,0,17
36,55,2,0,15
36,56,2,3,3
36,57,3,0,10
36,58,3,0,11
36,59,3,0,6
36,60,3,0,13
36,61,3,0,16
36,62,3,0,1
37,0,3,0,11
37,1,3,0,20
37,2,3,0,12
37,3,3,0,23
37,4,3,0,24
37,5,3,0,11
37,6,3,0,9
37,7,3,0,18
37,8,2,3,21
37,9,2,0,16
37,10,2,0,18
37,11,2,0,3
37,12,2,0,7
37,13,2,0,6
37,14,2,0,12
37,15,2,0,2
37,16,2,0,7
37,17,2,0,15
37,18,2,0,10
37,19,2,0,7
37,20,2,0,17
37,21,3,0,17
37,22,3,0,1
37,23,3,0,12
37,24,3,0,24
37,25,3,0,16
37,26,3,0,22
37,27,3,0,10
37,28,3,0,17
37,29,3,0,6
37,30,3,0,20
37,31,3,0,9
37,32,2,3,16
37,33,3,0,19
37,34,3,0,13
37,35,3,0,7
37,36,3,0,9
37,37,3,0,0
37,38,2,3,6
37,39,2,0,13
37,40,2,0,12
37,41,2,0,24
37,42,2,0,1
37,43,2,0,10
37,44,2,0,12
37,45,2,0,15
37,46,2,0,0
37,47,2,0,17
37,48,2,0,24
37,49,2,3,13
37,50,3,0,6
37,51,2,3,11
37,52,2,0,8
37,53,2,0,17
37,54,2,0,4
37,55,2,0,6
37,56,2,3,2
37,57,3,0,7
37,58,3,0,1
37,59,3,0,3
37,60,3,0,19
37,61,3,0,12
37,62,3,0,6
38,0,3,0,24
38,1,3,0,3
38,2,3,0,2
38,3,3,0,14
38,4,3,0,15
38,5,3,0,17
38,6,3,0,7
38,7,3,0,7
38,8,2,3,22
38,9,2,0,22
38,10,2,0,11
38,11,2,0,4
38,12,2,0,10
38,13,2,0,3
38,14,2,0,1
38,15,2,0,0
38,16,2,0,9
38,17,2,0,20
38,18,2,0,24
38,19,2,3,20
38,20,2,3,15
38,21,3,0,10
38,22,3,0,19
38,23,3,0,14
38,24,3,0,9
38,25,3,0,24
38,26,3,0,15
38,27,3,0,7
38,28,3,0,11
38,29,3,0,1
38,30,3,0,9
38,31,2,3,11
38,32,2,3,3
38,33,3,0,1
38,34,3,0,11
38,35,3,0,18
38,36,3,0,19
38,37,3,0,7
38,38,2,3,24
38,39,2,0,15
38,40,2,0,5
38,41,2,0,6
38,42,2,0,10
38,43,2,0,15
38,44,2,0,13
38,45,2,0,19
38,46,2,0,8
38,47,2,0,14
38,48,2,3,10
38,49,3,0,13
38,50,2,3,6
38,51,2,0,9
38,52,2,0,13
38,53,2,0,16
38,54,2,0,6
38,55,2,0,10
38,56,2,3,18
38,57,3,0,8
38,58,3,0,24
38,59,3,0,24
38,60,3,0,4
38,61,3,0,23
38,62,3,0,5
39,0,3,0,0
39,1,3,0,3
39,2,3,0,0
39,3,3,0,16
39,4,3,0,7
39,5,3,0,20
39,6,3,0,22
39,7,3,0,19
39,8,2,3,24
39,9,2,0,14
39,10,2,0,21
39,11,2,0,24
39,12,2,0,20
39,13,2,0,1
39,14,2,0,12
39,15,2,0,16
39,16,2,0,13
39,17,2,0,0
39,18,2,3,10
39,19,2,3,8
39,20,3,0,24
39,21,3,0,16
39,22,3,0,20
39,23,3,0,24
39,24,3,0,10
39,25,3,0,14
39,26,3,0,13
39,27,3,0,16
39,28,3,0,22
39,29,3,0,4
39,30,2,3,6
39,31,2,0,2
39,32,2,3,17
39,33,2,3,16
39,34,3,0,14
39,35,3,0,18
39,36,3,0,17
39,37,2,3,19
39,38,2,0,11
39,39,2,0,20
39,40,2,0,0
39,41,2,0,1
39,42,2,0,21
39,43,2,0,24
39,44,2,0,23
39,45,2,0,18
39,46,2,0,17
39,47,2,3,5
39,48,3,0,21
39,49,3,0,12
39,50,2,3,24
39,51,2,0,6
39,52,2,0,10
39,53,2,0,9
39,54,2,0,6
39,55,2,3,0
39,56,3,0,11
39,57,3,0,16
39,58,3,0,3
39,59,3,0,5
39,60,3,0,1
39,61,3,0,14
39,62,3,0,8
40,0,3,0,13
40,1,3,0,2
40,2,3,0,17
40,3,3,0,10
40,4,3,0,22
40,5,3,0,1
40,6,3,0,4
40,7,2,3,6
40,8,2,0,1
40,9,2,0,1
40,10,2,0,2
40,11,2,0,22
40,12,2,0,15
40,13,2,0,13
40,14,2,0,12
40,15,2,0,21
40,16,2,0,24
40,17,2,3,0
40,18,3,0,4
40,19,3,0,24
40,20,3,0,16
40,21,3,0,12
40,22,3,0,14
40,23,3,0,11
40,24,3,0,22
40,25,3,0,5
40,26,3,0,22
40,27,3,0,16
40,28,3,0,7
40,29,3,0,0
40,30,2,3,24
40,31,2,0,18
40,32,2,3,4
40,33,2,3,3
40,34,3,0,0
40,35,2,3,16
40,36,2,3,11
40,37,2,0,21
40,38,2,0,21
40,39,2,0,17
40,40,2,0,23
40,41,2,0,2
40,42,2,0,0
40,43,2,0,20
40,44,2,0,12
40,45,2,0,5
40,46,2,0,20
40,47,3,0,12
40,48,3,0,16
40,49,2,3,11
40,50,2,0,24
40,51,2,0,19
40,52,2,0,2
40,53,2,0,2
40,54,2,0,10
40,55,2,3,2
40,56,2,3,16
40,57,3,0,24
40,58,3,0,16
40,59,3,0,23
40,60,3,0,11
40,61,3,0,23
40,62,3,0,8
41,0,3,0,16
41,1,3,0,18
41,2,3,0,11
41,3,3,0,1
41,4,3,0,11
41,5,3,0,21
41,6,3,0,8
41,7,2,3,24
41,8,2,0,15
41,9,2,0,20
41,10,2,0,15
41,11,2,0,6
41,12,2,0,24
41,13,2,0,0
41,14,2,0,3
41,15,2,0,9
41,16,2,0,18
41,17,2,3,18
41,18,3,0,19
41,19,3,0,9
41,20,3,0,10
41,21,3,0,5
41,22,3,0,12
41,23,3,0,2
41,24,3,0,4
41,25,3,0,5
41,26,3,0,17
41,27,3,0,9
41,28,3,0,12
41,29,2,3,11
41,30,2,0,13
41,31,2,0,21
41,32,2,0,0
41,33,2,3,4
41,34,2,3,4
41,35,2,3,4
41,36,2,0,14
41,37,2,0,9
41,38,2,0,13
41,39,2,0,15
41,40,2,0,2
41,41,2,0,17
41,42,2,0,17
41,43,2,3,20
41,44,2,3,20
41,45,2,0,19
41,46,3,0,21
41,47,3,0,23
41,48,2,3,14
41,49,2,0,17
41,50,2,0,0
41,51,2,0,1
41,52,2,0,17
41,53,2,0,21
41,54,2,0,9
41,55,2,3,4
41,56,2,3,1
41,57,2,3,16
41,58,3,0,22
41,59,3,0,11
41,60,3,0,19
41,61,3,0,5
41,62,3,0,0
42,0,3,0,21
42,1,3,0,16
42,2,3,0,23
42,3,3,0,0
42,4,3,0,22
42,5,3,0,20
42,6,2,3,6
42,7,2,0,9
42,8,2,0,4
42,9,2,0,8
42,10,2,0,15
42,11,2,0,15
42,12,2,0,5
42,13,2,0,17
42,14,2,0,21
42,15,2,0,18
42,16,2,3,5
42,17,3,0,17
42,18,3,0,8
42,19,3,0,10
42,20,3,0,24
42,21,3,0,20
42,22,3,0,19
42,23,3,0,6
42,24,3,0,17
42,25,3,0,5
42,26,3,0,23
42,27,3,0,3
42,28,2,3,19
42,29,2,0,17
42,30,2,0,4
42,31,2,0,6
42,32,2,0,15
42,33,2,0,2
42,34,2,0,13
42,35,2,0,11
42,36,2,0,11
42,37,2,0,24
42,38,2,0,17
42,39,2,0,16
42,40,2,0,3
42,41,2,0,23
42,42,2,3,13
42,43,2,3,8
42,44,2,3,8
42,45,3,0,4
42,46,3,0,22
42,47,2,3,19
42,48,2,0,13
42,49,2,0,11
42,50,2,0,19
42,51,2,0,23
42,52,2,0,2
42,53,2,0,20
42,54,2,0,9
42,55,2,0,3
42,56,2,3,4
42,57,2,3,1
42,58,3,0,2
42,59,3,0,17
42,60,3,0,3
42,61,3,0,15
42,62,3,0,14
43,0,3,0,8
43,1,3,0,0
43,2,3,0,13
43,3,3,0,8
43,4,3,0,4
43,5,3,0,7
43,6,2,3,24
43,7,2,0,6
43,8,2,0,8
43,9,2,0,6
43,10,2,0,5
43,11,2,0,4
43,12,2,0,19
43,13,2,0,21
43,14,2,0,11
43,15,2,3,10
43,16,3,0,0
43,17,3,0,3
43,18,3,0,8
43,19,3,0,22
43,20,3,0,18
43,21,3,0,12
43,22,3,0,4
43,23,3,0,9
43,24,3,0,16
43,25,3,0,13
43,26,3,0,18
43,27,2,3,6
43,28,2,0,13
43,29,2,0,17
43,30,2,0,4
43,31,2,0,2
43,32,2,0,0
43,33,2,0,20
43,34,2,0,8
43,35,2,0,3
43,36,2,0,4
43,37,2,0,16
43,38,2,0,17
43,39,2,0,7
43,40,2,0,21
43,41,2,3,5
43,42,3,0,22
43,43,3,0,17
43,44,3,0,19
43,45,3,0,1
43,46,2,3,9
43,47,2,0,12
43,48,2,0,10
43,49,2,0,21
43,50,2,0,15
43,51,2,0,4
43,52,2,0,7
43,53,2,0,0
43,54,2,0,1
43,55,2,0,0
43,56,2,0,7
43,57,2,3,3
43,58,3,0,11
43,59,3,0,3
43,60,3,0,8
43,61,3,0,5
43,62,3,0,4
44,0,3,0,23
44,1,3,0,18
44,2,3,0,7
44,3,3,0,16
44,4,3,0,21
44,5,2,3,6
44,6,2,0,1
44,7,2,0,24
44,8,2,0,16
44,9,2,0,16
44,10,2,0,23
44,11,2,0,19
44,12,2,0,1
44,13,2,0,17
44,14,2,3,0
44,15,3,0,2
44,16,3,0,8
44,17,3,0,22
44,18,3,0,1
44,19,3,0,13
44,20,3,0,20
44,21,3,0,21
44,22,3,0,9
44,23,3,0,5
44,24,3,0,18
44,25,3,0,3
44,26,3,0,2
44,27,2,3,24
44,28,2,0,24
44,29,2,0,17
44,30,2,0,2
44,31,2,0,8
44,32,2,0,22
44,33,2,0,0
44,34,2,0,13
44,35,2,0,14
44,36,2,0,4
44,37,2,0,22
44,38,2,0,8
44,39,2,0,17
44,40,2,3,15
44,41,3,0,23
44,42,3,0,20
44,43,3,0,0
44,44,3,0,0
44,45,2,3,9
44,46,2,0,17
44,47,2,0,4
44,48,2,0,20
44,49,2,0,12
44,50,2,0,5
44,51,2,0,4
44,52,2,0,8
44,53,2,0,24
44,54,2,0,17
44,55,2,0,8
44,56,2,0,15
44,57,2,3,3
44,58,3,0,6
44,59,3,0,13
44,60,3,0,22
44,61,3,0,23
44,62,3,0,20
45,0,3,0,13
45,1,3,0,19
45,2,3,0,16
45,3,3,0,14
45,4,3,0,21
45,5,2,3,24
45,6,2,0,13
45,7,2,0,11
45,8,2,0,18
45,9,2,0,15
45,10,2,0,24
45,11,2,0,24
45,12,2,0,6
45,13,2,0,24
45,14,2,3,18
45,15,3,0,11
45,16,3,0,0
45,17,3,0,12
45,18,3,0,14
45,19,3,0,6
45,20,3,0,0
45,21,3,0,17
45,22,3,0,7
45,23,3,0,2
45,24,3,0,3
45,25,3,0,19
45,26,2,3,14
45,27,2,0,14
45,28,2,0,14
45,29,2,0,17
45,30,2,0,9
45,31,2,3,20
45,32,2,0,6
45,33,2,0,16
45,34,2,0,10
45,35,2,0,17
45,36,2,0,3
45,37,2,0,7
45,38,2,0,20
45,39,2,3,10
45,40,3,0,9
45,41,3,0,18
45,42,3,0,3
45,43,3,0,8
45,44,2,3,19
45,45,2,0,4
45,46,2,0,3
45,47,2,0,5
45,48,2,0,10
45,49,2,0,5
45,50,2,0,19
45,51,2,0,20
45,52,2,0,17
45,53,2,0,2
45,54,2,0,17
45,55,2,0,15
45,56,2,0,21
45,57,2,3,2
45,58,3,0,13
45,59,3,0,4
45,60,3,0,14
45,61,3,0,18
45,62,3,0,24
46,0,3,0,22
46,1,3,0,11
46,2,3,0,0
46,3,3,0,10
46,4,2,3,6
46,5,2,0,8
46,6,2,0,5
46,7,2,0,5
46,8,2,0,6
46,9,2,0,16
46,10,2,0,4
46,11,2,0,24
46,12,2,0,11
46,13,2,3,10
46,14,3,0,3
46,15,3,0,10
46,16,3,0,7
46,17,3,0,2
46,18,3,0,10
46,19,3,0,12
46,20,3,0,11
46,21,3,0,4
46,22,3,0,4
46,23,3,0,13
46,24,3,0,5
46,25,2,3,9
46,26,2,0,2
46,27,2,0,16
46,28,2,0,23
46,29,2,0,12
46,30,2,3,10
46,31,2,3,23
46,32,2,0,14
46,33,2,0,1
46,34,2,0,21
46,35,2,0,6
46,36,2,0,5
46,37,2,0,14
46,38,2,3,13
46,39,3,0,1
46,40,3,0,13
46,41,2,3,16
46,42,2,3,16
46,43,2,3,14
46,44,2,0,0
46,45,2,0,12
46,46,2,0,16
46,47,2,0,5
46,48,2,3,20
46,49,2,3,20
46,50,2,0,2
46,51,2,0,24
46,52,2,0,6
46,53,2,0,17
46,54,2,0,13
46,55,2,0,2
46,56,2,0,5
46,57,2,3,2
46,58,3,0,17
46,59,3,0,24
46,60,3,0,23
46,61,3,0,19
46,62,3,0,3
47,0,3,0,9
47,1,3,0,19
47,2,3,0,6
47,3,3,0,21
47,4,2,3,22
47,5,2,0,11
47,6,2,0,24
47,7,2,0,22
47,8,2,0,4
47,9,2,0,5
47,10,2,0,17
47,11,2,0,13
47,12,2,3,10
47,13,3,0,21
47,14,3,0,24
47,15,3,0,12
47,16,3,0,12
47,17,3,0,21
47,18,3,0,4
47,19,3,0,16
47,20,3,0,3
47,21,3,0,14
47,22,3,0,3
47,23,3,0,13
47,24,2,3,11
47,25,2,0,0
47,26,2,0,17
47,27,2,0,23
47,28,2,0,23
47,29,2,3,10
47,30,3,0,20
47,31,2,3,21
47,32,2,0,18
47,33,2,0,5
47,34,2,0,0
47,35,2,0,3
47,36,2,0,4
47,37,2,3,0
47,38,3,0,19
47,39,3,0,8
47,40,2,3,6
47,41,2,3,4
47,42,2,3,4
47,43,2,0,5
47,44,2,0,16
47,45,2,0,17
47,46,2,0,17
47,47,2,3,5
47,48,2,3,8
47,49,2,3,22
47,50,2,3,20
47,51,2,0,6
47,52,2,0,15
47,53,2,0,22
47,54,2,0,10
47,55,2,0,3
47,56,2,0,1
47,57,2,3,3
47,58,3,0,21
47,59,3,0,11
47,60,3,0,0
47,61,3,0,4
47,62,3,0,16
48,0,3,0,9
48,1,3,0,4
48,2,3,0,9
48,3,3,0,22
48,4,2,3,22
48,5,2,3,20
48,6,2,3,20
48,7,2,0,19
48,8,2,0,16
48,9,2,0,4
48,10,2,3,20
48,11,2,3,15
48,12,3,0,5
48,13,3,0,11
48,14,3,0,5
48,15,3,0,1
48,16,3,0,4
48,17,3,0,19
48,18,3,0,10
48,19,3,0,13
48,20,3,0,20
48,21,3,0,19
48,22,3,0,17
48,23,2,3,11
48,24,2,0,24
48,25,2,0,14
48,26,2,0,17
48,27,2,0,0
48,28,2,3,0
48,29,3,0,18
48,30,3,0,2
48,31,2,3,23
48,32,2,0,7
48,33,2,0,5
48,34,2,0,4
48,35,2,0,0
48,36,2,0,11
48,37,2,3,18
48,38,3,0,3
48,39,3,0,5
48,40,2,0,24
48,41,2,0,12
48,42,2,0,22
48,43,2,0,22
48,44,2,0,21
48,45,2,0,16
48,46,2,3,0
48,47,3,0,19
48,48,3,0,5
48,49,2,3,8
48,50,2,3,7
48,51,2,0,20
48,52,2,0,8
48,53,2,0,18
48,54,2,0,11
48,55,2,0,5
48,56,2,0,12
48,57,2,3,17
48,58,3,0,9
48,59,3,0,24
48,60,3,0,17
48,61,3,0,5
48,62,3,0,20
49,0,3,0,23
49,1,3,0,0
49,2,3,0,6
49,3,3,0,16
49,4,2,3,8
49,5,2,3,8
49,6,2,3,23
49,7,2,0,1
49,8,2,0,5
49,9,2,3,10
49,10,2,3,8
49,11,3,0,20
49,12,3,0,18
49,13,3,0,11
49,14,3,0,1
49,15,3,0,21
49,16,3,0,3
49,17,3,0,18
49,18,3,0,16
49,19,3,0,12
49,20,3,0,6
49,21,3,0,21
49,22,2,3,14
49,23,2,0,12
49,24,2,0,1
49,25,2,0,7
49,26,2,0,2
49,27,2,0,3
49,28,2,3,18
49,29,3,0,19
49,30,3,0,17
49,31,2,3,24
49,32,2,0,18
49,33,2,0,9
49,34,2,0,9
49,35,2,0,9
49,36,2,3,10
49,37,3,0,0
49,38,3,0,4
49,39,2,0,7
49,40,2,0,4
49,41,2,0,3
49,42,2,0,12
49,43,2,0,18
49,44,2,0,23
49,45,2,0,9
49,46,2,3,17
49,47,2,3,16
49,48,3,0,16
49,49,3,0,0
49,50,2,3,22
49,51,2,0,8
49,52,2,0,18
49,53,2,0,6
49,54,2,0,11
49,55,2,0,23
49,56,2,0,10
49,57,2,3,18
49,58,3,0,0
49,59,3,0,6
49,60,3,0,19
49,61,3,0,7
49,62,3,0,17
50,0,3,0,20
50,1,3,0,3
50,2,3,0,19
50,3,3,0,22
50,4,3,0,13
50,5,3,0,17
50,6,2,3,7
50,7,2,3,20
50,8,2,3,15
50,9,3,0,4
50,10,3,0,3
50,11,3,0,13
50,12,3,0,7
50,13,3,0,21
50,14,3,0,13
50,15,3,0,2
50,16,3,0,19
50,17,3,0,20
50,18,3,0,3
50,19,3,0,9
50,20,3,0,1
50,21,2,3,6
50,22,2,0,4
50,23,2,0,23
50,24,2,0,20
50,25,2,0,11
50,26,2,0,21
50,27,2,3,15
50,28,3,0,13
50,29,3,0,13
50,30,2,3,6
50,31,2,0,7
50,32,2,0,19
50,33,2,0,14
50,34,2,0,7
50,35,2,3,0
50,36,3,0,1
50,37,3,0,14
50,38,2,0,20
50,39,2,0,9
50,40,2,0,23
50,41,2,0,20
50,42,2,0,22
50,43,2,0,7
50,44,2,0,6
50,45,2,0,23
50,46,2,3,4
50,47,2,3,2
50,48,2,3,16
50,49,3,0,6
50,50,2,3,22
50,51,2,3,20
50,52,2,0,14
50,53,2,0,24
50,54,2,0,21
50,55,2,0,18
50,56,2,3,10
50,57,3,0,10
50,58,3,0,10
50,59,3,0,3
50,60,3,0,15
50,61,3,0,18
50,62,3,0,13
51,0,3,0,20
51,1,3,0,16
51,2,3,0,19
51,3,3,0,21
51,4,3,0,15
51,5,3,0,1
51,6,2,3,8
51,7,2,3,8
51,8,3,0,1
51,9,3,0,20
51,10,3,0,19
51,11,3,0,20
51,12,3,0,18
51,13,3,0,17
51,14,3,0,11
51,15,3,0,12
51,16,3,0,9
51,17,3,0,8
51,18,3,0,24
51,19,3,0,8
51,20,3,0,16
51,21,2,3,24
51,22,2,0,2
51,23,2,0,7
51,24,2,0,10
51,25,2,0,8
51,26,2,3,15
51,27,3,0,11
51,28,3,0,17
51,29,3,0,16
51,30,2,3,24
51,31,2,0,11
51,32,2,0,23
51,33,2,0,16
51,34,2,0,7
51,35,2,3,18
51,36,3,0,20
51,37,2,0,0
51,38,2,0,24
51,39,2,0,9
51,40,2,0,4
51,41,2,0,21
51,42,2,3,20
51,43,2,3,20
51,44,2,0,5
51,45,2,0,18
51,46,2,0,0
51,47,2,3,4
51,48,2,3,17
51,49,3,0,10
51,50,2,3,8
51,51,2,3,21
51,52,2,0,4
51,53,2,0,18
51,54,2,0,20
51,55,2,3,0
51,56,3,0,13
51,57,3,0,19
51,58,3,0,2
51,59,3,0,19
51,60,3,0,20
51,61,3,0,12
51,62,3,0,4
52,0,3,0,20
52,1,3,0,24
52,2,3,0,12
52,3,3,0,22
52,4,3,0,18
52,5,3,0,2
52,6,3,0,18
52,7,3,0,5
52,8,3,0,8
52,9,3,0,4
52,10,3,0,1
52,11,3,0,24
52,12,3,0,0
52,13,3,0,24
52,14,3,0,24
52,15,3,0,14
52,16,3,0,15
52,17,3,0,21
52,18,3,0,18
52,19,3,0,19
52,20,2,3,11
52,21,2,0,8
52,22,2,0,20
52,23,2,0,7
52,24,2,0,3
52,25,2,3,0
52,26,3,0,12
52,27,3,0,13
52,28,3,0,8
52,29,2,3,11
52,30,2,0,12
52,31,2,0,19
52,32,2,0,3
52,33,2,3,20
52,34,2,3,15
52,35,3,0,3
52,36,2,0,13
52,37,2,0,20
52,38,2,0,13
52,39,2,0,21
52,40,2,0,6
52,41,2,3,10
52,42,2,3,8
52,43,2,3,21
52,44,2,0,11
52,45,2,0,0
52,46,2,0,0
52,47,2,0,10
52,48,2,3,2
52,49,3,0,9
52,50,3,0,24
52,51,2,3,21
52,52,2,0,4
52,53,2,0,11
52,54,2,0,9
52,55,2,3,18
52,56,3,0,21
52,57,3,0,12
52,58,3,0,21
52,59,3,0,7
52,60,3,0,23
52,61,3,0,15
52,62,3,0,15
53,0,3,0,8
53,1,3,0,13
53,2,3,0,22
53,3,3,0,16
53,4,3,0,16
53,5,3,0,14
53,6,3,0,21
53,7,3,0,9
53,8,3,0,14
53,9,3,0,2
53,10,3,0,24
53,11,3,0,23
53,12,3,0,14
53,13,3,0,8
53,14,3,0,18
53,15,3,0,14
53,16,3,0,21
53,17,3,0,9
53,18,3,0,18
53,19,2,3,14
53,20,2,0,10
53,21,2,0,10
53,22,2,0,9
53,23,2,0,20
53,24,2,0,8
53,25,2,3,18
53,26,3,0,7
53,27,3,0,14
53,28,2,3,19
53,29,2,0,23
53,30,2,0,9
53,31,2,0,5
53,32,2,3,0
53,33,2,3,8
53,34,3,0,22
53,35,2,0,22
53,36,2,0,15
53,37,2,0,12
53,38,2,0,3
53,39,2,0,14
53,40,2,3,0
53,41,3,0,9
53,42,3,0,18
53,43,2,3,23
53,44,2,0,7
53,45,2,0,9
53,46,2,0,15
53,47,2,0,16
53,48,2,3,18
53,49,3,0,4
53,50,3,0,19
53,51,2,3,24
53,52,2,0,12
53,53,2,0,5
53,54,2,3,0
53,55,3,0,5
53,56,3,0,4
53,57,3,0,23
53,58,3,0,10
53,59,3,0,13
53,60,3,0,9
53,61,3,0,11
53,62,3,0,13
54,0,3,0,0
54,1,3,0,22
54,2,3,0,8
54,3,3,0,22
54,4,3,0,12
54,5,3,0,9
54,6,3,0,9
54,7,3,0,20
54,8,3,0,24
54,9,3,0,0
54,10,3,0,2
54,11,3,0,24
54,12,3,0,15
54,13,3,0,5
54,14,3,0,19
54,15,3,0,18
54,16,3,0,7
54,17,3,0,19
54,18,2,3,9
54,19,2,0,4
54,20,2,0,4
54,21,2,0,0
54,22,2,0,22
54,23,2,0,13
54,24,2,3,0
54,25,3,0,9
54,26,3,0,23
54,27,2,3,6
54,28,2,0,20
54,29,2,0,1
54,30,2,0,13
54,31,2,0,4
54,32,2,3,18
54,33,3,0,9
54,34,2,3,6
54,35,2,0,5
54,36,2,0,7
54,37,2,0,10
54,38,2,0,11
54,39,2,0,2
54,40,2,3,17
54,41,2,3,16
54,42,3,0,14
54,43,2,3,24
54,44,2,0,24
54,45,2,0,22
54,46,2,0,2
54,47,2,3,0
54,48,3,0,4
54,49,3,0,19
54,50,2,3,11
54,51,2,0,19
54,52,2,0,21
54,53,2,0,1
54,54,2,3,18
54,55,3,0,22
54,56,3,0,0
54,57,2,3,16
54,58,2,3,16
54,59,2,3,16
54,60,3,0,15
54,61,3,0,13
54,62,3,0,15
55,0,3,0,4
55,1,3,0,9
55,2,3,0,14
55,3,3,0,11
55,4,3,0,1
55,5,3,0,24
55,6,3,0,17
55,7,3,0,19
55,8,3,0,9
55,9,3,0,0
55,10,3,0,0
55,11,3,0,21
55,12,3,0,8
55,13,3,0,19
55,14,3,0,8
55,15,3,0,13
55,16,3,0,7
55,17,2,3,11
55,18,2,0,10
55,19,2,0,4
55,20,2,0,12
55,21,2,0,0
55,22,2,0,11
55,23,2,0,9
55,24,2,3,17
55,25,3,0,24
55,26,3,0,3
55,27,2,3,24
55,28,2,0,3
55,29,2,0,14
55,30,2,0,12
55,31,2,3,10
55,32,3,0,23
55,33,3,0,11
55,34,2,3,24
55,35,2,0,24
55,36,2,0,24
55,37,2,0,10
55,38,2,0,5
55,39,2,0,10
55,40,2,3,4
55,41,2,3,17
55,42,2,3,11
55,43,2,0,23
55,44,2,0,16
55,45,2,0,13
55,46,2,0,24
55,47,2,3,17
55,48,2,3,16
55,49,2,3,14
55,50,2,0,1
55,51,2,0,8
55,52,2,0,0
55,53,2,3,13
55,54,3,0,12
55,55,3,0,6
55,56,2,3,19
55,57,2,3,4
55,58,2,3,4
55,59,2,3,17
55,60,3,0,6
55,61,3,0,1
55,62,3,0,12
56,0,3,0,7
56,1,3,0,13
56,2,3,0,14
56,3,3,0,5
56,4,3,0,17
56,5,3,0,0
56,6,3,0,14
56,7,3,0,9
56,8,3,0,7
56,9,3,0,13
56,10,3,0,3
56,11,3,0,8
56,12,3,0,3
56,13,3,0,11
56,14,3,0,5
56,15,3,0,13
56,16,2,3,6
56,17,2,0,24
56,18,2,0,11
56,19,2,0,3
56,20,2,0,16
56,21,2,0,22
56,22,2,0,20
56,23,2,0,14
56,24,2,3,1
56,25,2,3,16
56,26,2,3,9
56,27,2,0,23
56,28,2,0,23
56,29,2,0,3
56,30,2,3,15
56,31,3,0,20
56,32,3,0,18
56,33,2,3,11
56,34,2,0,16
56,35,2,0,1
56,36,2,0,0
56,37,2,3,20
56,38,2,0,10
56,39,2,0,2
56,40,2,0,0
56,41,2,3,4
56,42,2,0,7
56,43,2,0,4
56,44,2,0,12
56,45,2,0,23
56,46,2,0,18
56,47,2,3,4
56,48,2,3,4
56,49,2,0,3
56,50,2,0,18
56,51,2,0,6
56,52,2,3,15
56,53,3,0,19
56,54,3,0,16
56,55,2,3,19
56,56,2,0,14
56,57,2,0,13
56,58,2,0,4
56,59,2,3,17
56,60,3,0,13
56,61,3,0,9
56,62,3,0,15
57,0,3,0,14
57,1,3,0,22
57,2,3,0,4
57,3,3,0,3
57,4,3,0,14
57,5,3,0,10
57,6,3,0,9
57,7,3,0,11
57,8,3,0,7
57,9,3,0,12
57,10,3,0,14
57,11,3,0,9
57,12,3,0,23
57,13,3,0,8
57,14,3,0,21
57,15,2,3,16
57,16,2,3,24
57,17,2,0,1
57,18,2,0,6
57,19,2,0,10
57,20,2,0,17
57,21,2,0,17
57,22,2,0,8
57,23,2,0,8
57,24,2,3,4
57,25,2,3,4
57,26,2,0,19
57,27,2,0,5
57,28,2,3,20
57,29,2,3,10
57,30,3,0,9
57,31,3,0,3
57,32,2,3,11
57,33,2,0,8
57,34,2,0,2
57,35,2,3,20
57,36,2,3,13
57,37,2,3,7
57,38,2,0,8
57,39,2,0,22
57,40,2,0,16
57,41,2,0,3
57,42,2,0,18
57,43,2,0,13
57,44,2,0,3
57,45,2,0,10
57,46,2,0,12
57,47,2,0,16
57,48,2,0,22
57,49,2,0,1
57,50,2,0,0
57,51,2,3,13
57,52,3,0,13
57,53,2,3,16
57,54,2,3,19
57,55,2,0,6
57,56,2,0,16
57,57,2,0,18
57,58,2,0,5
57,59,2,3,2
57,60,3,0,19
57,61,3,0,8
57,62,3,0,14
58,0,3,0,12
58,1,3,0,5
58,2,3,0,21
58,3,3,0,5
58,4,3,0,8
58,5,3,0,15
58,6,3,0,2
58,7,3,0,4
58,8,3,0,0
58,9,3,0,9
58,10,3,0,3
58,11,3,0,14
58,12,3,0,24
58,13,3,0,14
58,14,2,3,19
58,15,2,3,4
58,16,2,0,2
58,17,2,0,3
58,18,2,0,21
58,19,2,0,17
58,20,2,0,3
58,21,2,0,15
58,22,2,0,20
58,23,2,0,23
58,24,2,0,9
58,25,2,0,23
58,26,2,0,22
58,27,2,3,15
58,28,2,3,8
58,29,3,0,22
58,30,3,0,4
58,31,2,3,11
58,32,2,0,3
58,33,2,0,7
58,34,2,3,5
58,35,2,3,8
58,36,3,0,17
58,37,2,3,21
58,38,2,0,7
58,39,2,0,15
58,40,2,0,12
58,41,2,0,17
58,42,2,0,6
58,43,2,0,9
58,44,2,0,2
58,45,2,0,0
58,46,2,0,8
58,47,2,0,2
58,48,2,0,10
58,49,2,0,16
58,50,2,3,5
58,51,3,0,15
58,52,2,3,11
58,53,2,3,4
58,54,2,0,20
58,55,2,0,2
58,56,2,0,21
58,57,2,0,1
58,58,2,0,17
58,59,2,3,18
58,60,3,0,16
58,61,3,0,1
58,62,3,0,19
59,0,3,0,17
59,1,3,0,9
59,2,3,0,19
59,3,3,0,11
59,4,3,0,11
59,5,3,0,19
59,6,3,0,23
59,7,3,0,19
59,8,3,0,0
59,9,3,0,23
59,10,3,0,4
59,11,3,0,4
59,12,3,0,23
59,13,2,3,11
59,14,2,0,15
59,15,2,0,14
59,16,2,0,3
59,17,2,0,14
59,18,2,0,15
59,19,2,0,5
59,20,2,0,18
59,21,2,0,5
59,22,2,0,23
59,23,2,0,13
59,24,2,0,19
59,25,2,0,15
59,26,2,3,5
59,27,3,0,6
59,28,3,0,18
59,29,3,0,11
59,30,2,3,6
59,31,2,0,1
59,32,2,0,0
59,33,2,3,5
59,34,3,0,15
59,35,3,0,3
59,36,3,0,10
59,37,2,3,23
59,38,2,0,17
59,39,2,0,10
59,40,2,0,8
59,41,2,0,4
59,42,2,0,12
59,43,2,0,22
59,44,2,0,16
59,45,2,0,12
59,46,2,0,13
59,47,2,0,22
59,48,2,0,12
59,49,2,3,0
59,50,3,0,20
59,51,2,3,9
59,52,2,0,19
59,53,2,0,22
59,54,2,0,18
59,55,2,0,15
59,56,2,0,21
59,57,2,0,12
59,58,2,3,0
59,59,3,0,17
59,60,3,0,19
59,61,3,0,5
59,62,3,0,2
60,0,3,0,7
60,1,3,0,24
60,2,3,0,20
60,3,3,0,5
60,4,3,0,1
60,5,3,0,9
60,6,3,0,20
60,7,3,0,21
60,8,3,0,8
60,9,3,0,13
60,10,3,0,1
60,11,3,0,8
60,12,2,3,11
60,13,2,0,13
60,14,2,0,15
60,15,2,0,13
60,16,2,0,1
60,17,2,0,9
60,18,2,0,24
60,19,2,0,24
60,20,2,0,2
60,21,2,0,3
60,22,2,0,14
60,23,2,0,13
60,24,2,0,22
60,25,2,3,0
60,26,3,0,4
60,27,3,0,4
60,28,3,0,13
60,29,3,0,16
60,30,2,3,24
60,31,2,0,14
60,32,2,3,13
60,33,3,0,19
60,34,3,0,11
60,35,3,0,21
60,36,3,0,22
60,37,2,3,23
60,38,2,0,0
60,39,2,0,24
60,40,2,0,22
60,41,2,0,7
60,42,2,0,19
60,43,2,0,19
60,44,2,0,18
60,45,2,0,2
60,46,2,0,12
60,47,2,0,20
60,48,2,0,13
60,49,2,3,18
60,50,2,3,6
60,51,2,0,8
60,52,2,0,24
60,53,2,0,9
60,54,2,0,2
60,55,2,0,24
60,56,2,0,15
60,57,2,0,13
60,58,2,3,2
60,59,3,0,2
60,60,3,0,7
60,61,3,0,22
60,62,3,0,14
61,0,3,0,18
61,1,3,0,10
61,2,3,0,4
61,3,3,0,11
61,4,3,0,9
61,5,3,0,4
61,6,3,0,4
61,7,3,0,22
61,8,3,0,12
61,9,3,0,16
61,10,3,0,1
61,11,2,3,6
61,12,2,0,20
61,13,2,0,5
61,14,2,0,17
61,15,2,0,23
61,16,2,0,17
61,17,2,0,11
61,18,2,0,17
61,19,2,0,1
61,20,2,0,10
61,21,2,0,12
61,22,2,0,15
61,23,2,0,7
61,24,2,0,4
61,25,2,3,3
61,26,3,0,14
61,27,3,0,24
61,28,2,3,16
61,29,2,3,14
61,30,2,0,6
61,31,2,3,5
61,32,3,0,24
61,33,2,3,16
61,34,2,3,16
61,35,3,0,6
61,36,3,0,17
61,37,2,3,24
61,38,2,0,24
61,39,2,0,24
61,40,2,0,15
61,41,2,3,20
61,42,2,0,16
61,43,2,0,14
61,44,2,0,13
61,45,2,0,7
61,46,2,0,23
61,47,2,0,14
61,48,2,3,15
61,49,3,0,9
61,50,2,3,24
61,51,2,0,17
61,52,2,0,20
61,53,2,0,9
61,54,2,0,17
61,55,2,0,12
61,56,2,0,8
61,57,2,0,3
61,58,2,3,1
61,59,3,0,12
61,60,3,0,5
61,61,3,0,14
61,62,3,0,14
62,0,3,0,10
62,1,3,0,17
62,2,3,0,14
62,3,3,0,16
62,4,3,0,24
62,5,3,0,6
62,6,3,0,4
62,7,3,0,21
62,8,3,0,0
62,9,3,0,9
62,10,3,0,13
62,11,2,3,21
62,12,2,0,12
62,13,2,0,21
62,14,2,0,18
62,15,2,0,10
62,16,2,0,19
62,17,2,0,5
62,18,2,0,15
62,19,2,0,12
62,20,2,0,10
62,21,2,0,6
62,22,2,0,10
62,23,2,0,0
62,24,2,0,15
62,25,2,3,17
62,26,2,3,16
62,27,2,3,11
62,28,2,3,4
62,29,2,0,10
62,30,2,3,10
62,31,3,0,0
62,32,2,3,11
62,33,2,3,4
62,34,2,3,1
62,35,2,3,16
62,36,2,3,9
62,37,2,0,14
62,38,2,0,24
62,39,2,0,5
62,40,2,3,5
62,41,2,3,22
62,42,2,0,16
62,43,2,0,17
62,44,2,0,9
62,45,2,0,5
62,46,2,0,23
62,47,2,3,5
62,48,3,0,3
62,49,2,3,9
62,50,2,0,15
62,51,2,0,21
62,52,2,0,11
62,53,2,0,8
62,54,2,0,19
62,55,2,0,19
62,56,2,0,16
62,57,2,0,17
62,58,2,3,18
62,59,3,0,22
62,60,3,0,0
62,61,3,0,6
62,62,3,0,6
63,0,3,0,0
63,1,3,0,0
63,2,3,0,3
63,3,3,0,5
63,4,3,0,11
63,5,3,0,19
63,6,3,0,11
63,7,3,0,5
63,8,3,0,16
63,9,3,0,3
63,10,3,0,18
63,11,2,3,24
63,12,2,0,9
63,13,2,0,0
63,14,2,0,9
63,15,2,0,23
63,16,2,0,20
63,17,2,0,8
63,18,2,0,6
63,19,2,0,8
63,20,2,0,20
63,21,2,0,19
63,22,2,0,22
63,23,2,0,6
63,24,2,0,7
63,25,2,0,3
63,26,2,3,4
63,27,2,0,14
63,28,2,0,8
63,29,2,3,0
63,30,3,0,19
63,31,2,3,14
63,32,2,0,15
63,33,2,0,20
63,34,2,3,4
63,35,2,3,4
63,36,2,0,3
63,37,2,0,10
63,38,2,0,22
63,39,2,3,0
63,40,3,0,0
63,41,2,3,21
63,42,2,0,8
63,43,2,0,20
63,44,2,0,22
63,45,2,0,6
63,46,2,3,0
63,47,3,0,12
63,48,2,3,6
63,49,2,0,6
63,50,2,0,8
63,51,2,0,11
63,52,2,0,5
63,53,2,0,24
63,54,2,0,16
63,55,2,0,3
63,56,2,0,14
63,57,2,3,0
63,58,3,0,18
63,59,3,0,0
63,60,3,0,6
63,61,3,0,18
63,62,3,0,15
64,0,3,0,6
64,1,3,0,13
64,2,3,0,0
64,3,3,0,2
64,4,3,0,5
64,5,3,0,2
64,6,3,0,8
64,7,3,0,4
64,8,3,0,19
64,9,3,0,0
64,10,2,3,6
64,11,2,0,14
64,12,2,0,9
64,13,2,0,9
64,14,2,0,0
64,15,2,0,19
64,16,2,0,20
64,17,2,0,11
64,18,2,0,8
64,19,2,0,14
64,20,2,0,24
64,21,2,0,15
64,22,2,0,22
64,23,2,0,7
64,24,2,0,24
64,25,2,0,6
64,26,2,0,5
64,27,2,0,8
64,28,2,0,14
64,29,2,3,3
64,30,2,3,9
64,31,2,0,17
64,32,2,0,4
64,33,2,0,5
64,34,2,0,4
64,35,2,0,23
64,36,2,0,23
64,37,2,0,13
64,38,2,0,3
64,39,2,3,17
64,40,3,0,14
64,41,2,3,24
64,42,2,0,16
64,43,2,0,8
64,44,2,0,1
64,45,2,0,3
64,46,2,3,2
64,47,3,0,12
64,48,2,3,24
64,49,2,0,1
64,50,2,0,9
64,51,2,0,16
64,52,2,0,17
64,53,2,0,19
64,54,2,0,15
64,55,2,0,7
64,56,2,0,17
64,57,3,0,13
64,58,3,0,14
64,59,3,0,23
64,60,3,0,7
64,61,3,0,5
64,62,3,0,16
