0,0,3,0,13
0,1,3,0,3
0,2,3,0,1
0,3,3,0,3
0,4,3,0,6
0,5,3,0,18
0,6,3,0,10
0,7,3,0,7
0,8,2,3,6
0,9,2,0,9
0,10,2,0,24
0,11,2,0,0
0,12,2,0,17
0,13,2,0,24
0,14,2,0,16
0,15,2,0,20
0,16,2,0,13
0,17,2,0,12
0,18,2,0,4
0,19,2,3,10
0,20,3,0,8
0,21,3,0,15
0,22,2,3,6
0,23,2,0,17
0,24,2,0,19
0,25,2,0,6
0,26,2,0,14
0,27,2,0,5
0,28,2,3,2
0,29,3,0,4
0,30,2,3,16
0,31,2,3,9
0,32,2,0,21
0,33,2,0,16
0,34,2,0,24
0,35,2,0,0
0,36,2,3,20
0,37,2,3,20
0,38,2,0,8
0,39,2,3,0
0,40,3,0,9
0,41,3,0,7
0,42,3,0,4
0,43,2,3,24
0,44,2,0,10
0,45,2,0,19
0,46,2,0,17
0,47,2,0,19
0,48,2,0,22
0,49,2,0,6
0,50,2,0,10
0,51,2,0,21
0,52,2,3,17
0,53,3,0,4
0,54,3,0,22
0,55,3,0,7
0,56,3,0,6
0,57,3,0,21
0,58,3,0,16
0,59,3,0,9
0,60,3,0,14
0,61,3,0,21
0,62,3,0,18
0,63,3,0,7
1,0,3,0,20
1,1,3,0,19
1,2,3,0,16
1,3,3,0,4
1,4,3,0,2
1,5,3,0,23
1,6,3,0,1
1,7,3,0,14
1,8,2,3,7
1,9,2,0,21
1,10,2,0,2
1,11,2,0,16
1,12,2,0,23
1,13,2,0,0
1,14,2,0,8
1,15,2,0,20
1,16,2,0,1
1,17,2,0,0
1,18,2,3,15
1,19,3,0,9
1,20,3,0,0
1,21,3,0,22
1,22,2,3,24
1,23,2,0,16
1,24,2,0,19
1,25,2,0,5
1,26,2,0,20
1,27,2,0,8
1,28,2,3,1
1,29,2,3,14
1,30,2,3,4
1,31,2,0,16
1,32,2,0,11
1,33,2,0,0
1,34,2,0,13
1,35,2,3,5
1,36,2,3,8
1,37,2,3,21
1,38,2,0,0
1,39,2,3,3
1,40,3,0,11
1,41,3,0,9
1,42,2,3,6
1,43,2,0,23
1,44,2,0,10
1,45,2,0,18
1,46,2,0,15
1,47,2,0,15
1,48,2,0,17
1,49,2,0,10
1,50,2,0,6
1,51,2,0,6
1,52,2,3,18
1,53,3,0,22
1,54,3,0,2
1,55,3,0,7
1,56,3,0,21
1,57,3,0,8
1,58,3,0,12
1,59,3,0,10
1,60,3,0,4
1,61,3,0,24
1,62,3,0,10
2,0,3,0,8
2,1,3,0,4
2,2,3,0,14
2,3,3,0,16
2,4,3,0,1
2,5,3,0,18
2,6,3,0,12
2,7,3,0,7
2,8,2,3,23
2,9,2,0,7
2,10,2,0,23
2,11,2,0,3
2,12,2,0,6
2,13,2,0,2
2,14,2,3,20
2,15,2,0,6
2,16,2,0,17
2,17,2,3,13
2,18,3,0,14
2,19,3,0,0
2,20,3,0,20
2,21,2,3,6
2,22,2,0,3
2,23,2,0,4
2,24,2,0,2
2,25,2,0,6
2,26,2,0,6
2,27,2,0,17
2,28,2,3,4
2,29,2,0,6
2,30,2,0,19
2,31,2,0,19
2,32,2,0,5
2,33,2,0,12
2,34,2,3,10
2,35,3,0,23
2,36,3,0,14
2,37,2,3,21
2,38,2,0,14
2,39,2,3,18
2,40,3,0,6
2,41,3,0,17
2,42,2,3,24
2,43,2,0,16
2,44,2,0,10
2,45,2,0,2
2,46,2,0,8
2,47,2,0,18
2,48,2,0,1
2,49,2,0,18
2,50,2,0,16
2,51,2,3,0
2,52,3,0,13
2,53,3,0,22
2,54,3,0,5
2,55,3,0,23
2,56,3,0,7
2,57,3,0,19
2,58,3,0,18
2,59,3,0,14
2,60,3,0,13
2,61,3,0,19
2,62,3,0,12
3,0,3,0,11
3,1,3,0,13
3,2,3,0,17
3,3,3,0,10
3,4,3,0,3
3,5,3,0,21
3,6,3,0,14
3,7,3,0,8
3,8,2,3,24
3,9,2,0,13
3,10,2,0,21
3,11,2,0,24
3,12,2,0,23
3,13,2,3,5
3,14,2,3,21
3,15,2,0,19
3,16,2,3,0
3,17,3,0,0
3,18,3,0,23
3,19,3,0,1
3,20,3,0,0
3,21,2,3,21
3,22,2,3,20
3,23,2,3,20
3,24,2,3,20
3,25,2,0,7
3,26,2,0,17
3,27,2,0,24
3,28,2,0,23
3,29,2,0,7
3,30,2,0,22
3,31,2,0,2
3,32,2,0,18
3,33,2,3,15
3,34,3,0,15
3,35,3,0,8
3,36,3,0,20
3,37,2,3,21
3,38,2,3,0
3,39,3,0,6
3,40,3,0,9
3,41,2,3,14
3,42,2,0,19
3,43,2,0,4
3,44,2,0,1
3,45,2,0,2
3,46,2,0,17
3,47,2,0,24
3,48,2,0,3
3,49,2,0,10
3,50,2,0,20
3,51,2,3,18
3,52,3,0,13
3,53,3,0,2
3,54,3,0,11
3,55,3,0,3
3,56,3,0,24
3,57,3,0,13
3,58,3,0,9
3,59,3,0,23
3,60,3,0,4
3,61,3,0,24
3,62,3,0,16
4,0,3,0,3
4,1,3,0,14
4,2,3,0,13
4,3,3,0,2
4,4,3,0,18
4,5,3,0,3
4,6,3,0,3
4,7,2,3,6
4,8,2,0,14
4,9,2,0,11
4,10,2,0,18
4,11,2,0,16
4,12,2,3,0
4,13,3,0,18
4,14,2,3,24
4,15,2,0,6
4,16,2,3,2
4,17,3,0,1
4,18,3,0,3
4,19,3,0,17
4,20,3,0,6
4,21,2,3,8
4,22,2,3,8
4,23,2,3,8
4,24,2,3,22
4,25,2,0,13
4,26,2,0,5
4,27,2,0,14
4,28,2,0,7
4,29,2,0,2
4,30,2,0,6
4,31,2,0,2
4,32,2,3,5
4,33,3,0,5
4,34,2,3,16
4,35,2,3,16
4,36,3,0,13
4,37,2,3,24
4,38,2,3,17
4,39,2,3,16
4,40,2,3,14
4,41,2,0,2
4,42,2,0,16
4,43,2,0,6
4,44,2,0,23
4,45,2,0,21
4,46,2,0,16
4,47,2,0,6
4,48,2,0,15
4,49,2,0,5
4,50,2,3,0
4,51,3,0,20
4,52,3,0,23
4,53,3,0,17
4,54,3,0,8
4,55,3,0,24
4,56,3,0,24
4,57,3,0,23
4,58,3,0,18
4,59,3,0,9
4,60,3,0,9
4,61,3,0,14
4,62,3,0,23
5,0,3,0,13
5,1,3,0,24
5,2,3,0,10
5,3,3,0,4
5,4,3,0,7
5,5,3,0,16
5,6,3,0,14
5,7,2,3,7
5,8,2,0,5
5,9,2,0,1
5,10,2,0,0
5,11,2,0,6
5,12,2,3,18
5,13,2,3,6
5,14,2,0,18
5,15,2,0,20
5,16,2,3,18
5,17,3,0,15
5,18,3,0,4
5,19,3,0,0
5,20,3,0,22
5,21,3,0,17
5,22,3,0,0
5,23,3,0,5
5,24,2,3,22
5,25,2,0,6
5,26,2,0,24
5,27,2,0,20
5,28,2,0,18
5,29,2,3,20
5,30,2,3,20
5,31,2,3,13
5,32,3,0,0
5,33,2,3,11
5,34,2,3,4
5,35,2,3,3
5,36,2,3,11
5,37,2,0,4
5,38,2,3,4
5,39,2,3,4
5,40,2,0,22
5,41,2,0,10
5,42,2,0,13
5,43,2,0,22
5,44,2,0,12
5,45,2,0,17
5,46,2,0,23
5,47,2,0,6
5,48,2,0,18
5,49,2,0,0
5,50,2,3,2
5,51,3,0,21
5,52,3,0,24
5,53,3,0,13
5,54,3,0,13
5,55,3,0,1
5,56,3,0,13
5,57,3,0,13
5,58,3,0,6
5,59,3,0,18
5,60,3,0,2
5,61,3,0,3
5,62,3,0,2
6,0,3,0,7
6,1,3,0,23
6,2,3,0,5
6,3,3,0,8
6,4,3,0,12
6,5,3,0,8
6,6,3,0,4
6,7,2,3,21
6,8,2,0,13
6,9,2,0,22
6,10,2,0,0
6,11,2,3,5
6,12,3,0,8
6,13,2,3,22
6,14,2,0,7
6,15,2,3,0
6,16,3,0,2
6,17,3,0,8
6,18,3,0,15
6,19,3,0,0
6,20,3,0,1
6,21,3,0,2
6,22,3,0,3
6,23,3,0,6
6,24,2,3,24
6,25,2,0,23
6,26,2,0,23
6,27,2,0,2
6,28,2,3,10
6,29,2,3,8
6,30,2,3,8
6,31,3,0,7
6,32,2,3,6
6,33,2,0,6
6,34,2,0,18
6,35,2,3,4
6,36,2,0,3
6,37,2,0,17
6,38,2,0,4
6,39,2,0,13
6,40,2,0,0
6,41,2,0,18
6,42,2,3,20
6,43,2,0,0
6,44,2,0,16
6,45,2,0,24
6,46,2,0,10
6,47,2,0,17
6,48,2,0,22
6,49,2,0,15
6,50,2,3,3
6,51,3,0,16
6,52,3,0,6
6,53,3,0,12
6,54,3,0,22
6,55,3,0,12
6,56,3,0,21
6,57,3,0,15
6,58,3,0,3
6,59,3,0,15
6,60,3,0,21
6,61,3,0,18
6,62,3,0,4
7,0,3,0,10
7,1,3,0,0
7,2,3,0,16
7,3,3,0,6
7,4,3,0,6
7,5,3,0,22
7,6,3,0,11
7,7,2,3,24
7,8,2,0,1
7,9,2,0,1
7,10,2,3,0
7,11,3,0,19
7,12,3,0,10
7,13,2,3,21
7,14,2,0,21
7,15,2,3,17
7,16,3,0,22
7,17,3,0,5
7,18,3,0,14
7,19,3,0,12
7,20,3,0,2
7,21,3,0,12
7,22,3,0,17
7,23,2,3,6
7,24,2,0,6
7,25,2,0,18
7,26,2,0,11
7,27,2,3,0
7,28,3,0,20
7,29,3,0,22
7,30,3,0,10
7,31,3,0,24
7,32,2,3,24
7,33,2,0,23
7,34,2,0,6
7,35,2,0,13
7,36,2,0,6
7,37,2,0,14
7,38,2,0,7
7,39,2,0,24
7,40,2,3,20
7,41,2,3,10
7,42,2,3,22
7,43,2,0,2
7,44,2,0,4
7,45,2,0,5
7,46,2,0,9
7,47,2,0,6
7,48,2,0,18
7,49,2,0,2
7,50,2,3,18
7,51,3,0,1
7,52,3,0,17
7,53,3,0,12
7,54,3,0,3
7,55,3,0,8
7,56,3,0,6
7,57,3,0,16
7,58,3,0,9
7,59,3,0,16
7,60,3,0,13
7,61,3,0,2
7,62,3,0,1
8,0,3,0,13
8,1,3,0,12
8,2,3,0,10
8,3,3,0,3
8,4,3,0,5
8,5,3,0,15
8,6,2,3,6
8,7,2,0,9
8,8,2,0,12
8,9,2,0,22
8,10,2,3,1
8,11,2,3,16
8,12,3,0,20
8,13,2,3,23
8,14,2,0,4
8,15,2,3,2
8,16,3,0,19
8,17,3,0,23
8,18,3,0,13
8,19,3,0,21
8,20,3,0,8
8,21,3,0,7
8,22,3,0,21
8,23,2,3,24
8,24,2,0,5
8,25,2,0,5
8,26,2,0,20
8,27,2,3,2
8,28,2,3,16
8,29,3,0,17
8,30,3,0,8
8,31,2,3,6
8,32,2,0,17
8,33,2,0,15
8,34,2,0,24
8,35,2,0,15
8,36,2,0,13
8,37,2,0,12
8,38,2,3,20
8,39,2,3,13
8,40,2,3,8
8,41,3,0,19
8,42,2,3,24
8,43,2,0,9
8,44,2,0,16
8,45,2,0,3
8,46,2,0,16
8,47,2,0,18
8,48,2,0,13
8,49,2,3,5
8,50,3,0,12
8,51,3,0,21
8,52,3,0,23
8,53,3,0,19
8,54,3,0,10
8,55,3,0,24
8,56,3,0,8
8,57,3,0,18
8,58,3,0,2
8,59,3,0,8
8,60,3,0,19
8,61,3,0,21
8,62,3,0,18
9,0,3,0,4
9,1,3,0,15
9,2,3,0,21
9,3,3,0,8
9,4,3,0,3
9,5,3,0,12
9,6,2,3,24
9,7,2,0,7
9,8,2,0,5
9,9,2,0,24
9,10,2,3,4
9,11,2,3,3
9,12,3,0,22
9,13,2,3,24
9,14,2,0,14
9,15,2,3,18
9,16,3,0,8
9,17,3,0,18
9,18,3,0,4
9,19,3,0,18
9,20,3,0,8
9,21,3,0,18
9,22,2,3,6
9,23,2,0,13
9,24,2,0,16
9,25,2,0,19
9,26,2,0,16
9,27,2,3,4
9,28,2,3,1
9,29,3,0,17
9,30,3,0,23
9,31,2,3,23
9,32,2,0,13
9,33,2,0,23
9,34,2,0,13
9,35,2,0,2
9,36,2,0,10
9,37,2,3,5
9,38,2,3,8
9,39,3,0,16
9,40,3,0,16
9,41,2,3,6
9,42,2,0,9
9,43,2,0,20
9,44,2,0,6
9,45,2,0,15
9,46,2,0,11
9,47,2,0,8
9,48,2,3,0
9,49,3,0,4
9,50,3,0,22
9,51,3,0,6
9,52,3,0,16
9,53,3,0,19
9,54,3,0,14
9,55,3,0,6
9,56,3,0,24
9,57,3,0,19
9,58,3,0,24
9,59,3,0,9
9,60,3,0,17
9,61,3,0,21
9,62,3,0,16
10,0,3,0,9
10,1,3,0,3
10,2,3,0,5
10,3,3,0,10
10,4,3,0,4
10,5,2,3,6
10,6,2,0,14
10,7,2,0,15
10,8,2,0,20
10,9,2,0,5
10,10,2,0,19
10,11,2,3,3
10,12,2,3,19
10,13,2,0,8
10,14,2,3,0
10,15,3,0,4
10,16,3,0,15
10,17,3,0,21
10,18,3,0,18
10,19,3,0,4
10,20,3,0,6
10,21,3,0,17
10,22,2,3,24
10,23,2,0,0
10,24,2,0,8
10,25,2,0,16
10,26,2,0,18
10,27,2,0,22
10,28,2,3,2
10,29,3,0,5
10,30,3,0,22
10,31,2,3,24
10,32,2,0,1
10,33,2,0,20
10,34,2,0,8
10,35,2,0,11
10,36,2,3,0
10,37,3,0,15
10,38,3,0,8
10,39,3,0,15
10,40,3,0,0
10,41,2,3,23
10,42,2,0,19
10,43,2,0,1
10,44,2,0,19
10,45,2,0,17
10,46,2,0,11
10,47,2,0,1
10,48,3,0,16
10,49,3,0,14
10,50,3,0,14
10,51,3,0,4
10,52,3,0,23
10,53,3,0,23
10,54,3,0,11
10,55,3,0,10
10,56,3,0,5
10,57,3,0,6
10,58,3,0,21
10,59,3,0,22
10,60,3,0,13
10,61,3,0,6
10,62,3,0,11
11,0,3,0,21
11,1,3,0,23
11,2,3,0,19
11,3,3,0,21
11,4,3,0,3
11,5,2,3,21
11,6,2,0,11
11,7,2,0,15
11,8,2,0,21
11,9,2,0,7
11,10,2,0,8
11,11,2,3,4
11,12,2,0,19
11,13,2,0,4
11,14,2,3,2
11,15,3,0,20
11,16,3,0,17
11,17,3,0,9
11,18,3,0,1
11,19,3,0,23
11,20,3,0,17
11,21,2,3,14
11,22,2,0,18
11,23,2,0,3
11,24,2,0,10
11,25,2,0,14
11,26,2,0,10
11,27,2,0,16
11,28,2,3,18
11,29,3,0,12
11,30,2,3,6
11,31,2,0,21
11,32,2,0,7
11,33,2,0,7
11,34,2,0,21
11,35,2,0,1
11,36,2,3,1
11,37,2,3,16
11,38,3,0,24
11,39,3,0,0
11,40,3,0,24
11,41,2,3,22
11,42,2,0,21
11,43,2,0,15
11,44,2,0,7
11,45,2,0,0
11,46,2,0,3
11,47,3,0,11
11,48,3,0,17
11,49,3,0,23
11,50,3,0,16
11,51,3,0,10
11,52,3,0,20
11,53,3,0,0
11,54,3,0,9
11,55,3,0,0
11,56,3,0,24
11,57,3,0,8
11,58,3,0,20
11,59,3,0,9
11,60,3,0,7
11,61,3,0,5
11,62,3,0,18
12,0,3,0,15
12,1,3,0,10
12,2,3,0,1
12,3,3,0,1
12,4,3,0,21
12,5,2,3,7
12,6,2,0,22
12,7,2,0,17
12,8,2,0,15
12,9,2,0,11
12,10,2,0,21
12,11,2,0,18
12,12,2,0,9
12,13,2,0,6
12,14,2,3,3
12,15,3,0,14
12,16,3,0,19
12,17,3,0,9
12,18,3,0,8
12,19,3,0,2
12,20,2,3,14
12,21,2,0,0
12,22,2,0,17
12,23,2,0,19
12,24,2,0,4
12,25,2,0,9
12,26,2,0,10
12,27,2,3,0
12,28,3,0,20
12,29,3,0,19
12,30,2,3,23
12,31,2,0,19
12,32,2,0,0
12,33,2,3,20
12,34,2,0,10
12,35,2,0,1
12,36,2,3,4
12,37,2,3,17
12,38,3,0,8
12,39,3,0,5
12,40,3,0,7
12,41,2,3,23
12,42,2,0,18
12,43,2,0,0
12,44,2,0,2
12,45,2,0,12
12,46,2,3,0
12,47,3,0,2
12,48,3,0,10
12,49,3,0,7
12,50,3,0,20
12,51,3,0,0
12,52,3,0,24
12,53,3,0,4
12,54,3,0,17
12,55,3,0,23
12,56,3,0,22
12,57,3,0,17
12,58,3,0,22
12,59,3,0,14
12,60,3,0,21
12,61,3,0,13
12,62,3,0,13
13,0,3,0,19
13,1,3,0,7
13,2,3,0,3
13,3,3,0,23
13,4,3,0,18
13,5,2,3,21
13,6,2,0,14
13,7,2,0,20
13,8,2,0,15
13,9,2,0,22
13,10,2,0,24
13,11,2,0,22
13,12,2,0,3
13,13,2,0,8
13,14,2,3,1
13,15,3,0,23
13,16,3,0,9
13,17,2,3,16
13,18,2,3,16
13,19,2,3,19
13,20,2,0,5
13,21,2,0,14
13,22,2,0,13
13,23,2,0,13
13,24,2,0,0
13,25,2,0,9
13,26,2,0,16
13,27,2,3,3
13,28,2,3,16
13,29,3,0,18
13,30,2,3,24
13,31,2,0,15
13,32,2,3,13
13,33,2,3,22
13,34,2,0,6
13,35,2,0,21
13,36,2,0,4
13,37,2,3,1
13,38,3,0,12
13,39,3,0,0
13,40,3,0,17
13,41,2,3,24
13,42,2,0,18
13,43,2,0,18
13,44,2,0,9
13,45,2,0,7
13,46,2,3,18
13,47,3,0,0
13,48,3,0,13
13,49,3,0,18
13,50,3,0,9
13,51,3,0,10
13,52,3,0,3
13,53,3,0,21
13,54,3,0,24
13,55,3,0,13
13,56,3,0,21
13,57,3,0,16
13,58,3,0,22
13,59,3,0,13
13,60,3,0,3
13,61,3,0,13
13,62,3,0,15
14,0,3,0,5
14,1,3,0,5
14,2,3,0,18
14,3,3,0,19
14,4,3,0,5
14,5,2,3,24
14,6,2,0,22
14,7,2,0,3
14,8,2,0,10
14,9,2,0,9
14,10,2,0,20
14,11,2,0,16
14,12,2,0,19
14,13,2,0,13
14,14,2,3,3
14,15,2,3,16
14,16,2,3,14
14,17,2,3,4
14,18,2,3,4
14,19,2,0,16
14,20,2,0,9
14,21,2,3,20
14,22,2,3,20
14,23,2,0,16
14,24,2,0,4
14,25,2,0,9
14,26,2,0,0
14,27,2,3,4
14,28,2,3,3
14,29,2,3,11
14,30,2,0,3
14,31,2,3,0
14,32,3,0,0
14,33,2,3,23
14,34,2,0,1
14,35,2,0,14
14,36,2,0,1
14,37,2,3,2
14,38,2,3,16
14,39,2,3,16
14,40,2,3,11
14,41,2,0,4
14,42,2,0,24
14,43,2,0,3
14,44,2,0,12
14,45,2,3,15
14,46,3,0,21
14,47,3,0,15
14,48,3,0,16
14,49,3,0,18
14,50,3,0,10
14,51,3,0,13
14,52,3,0,0
14,53,3,0,23
14,54,3,0,8
14,55,3,0,16
14,56,3,0,7
14,57,3,0,2
14,58,3,0,7
14,59,3,0,21
14,60,3,0,19
14,61,3,0,15
14,62,3,0,12
15,0,3,0,2
15,1,3,0,8
15,2,3,0,12
15,3,3,0,8
15,4,2,3,6
15,5,2,0,0
15,6,2,0,7
15,7,2,0,24
15,8,2,0,17
15,9,2,0,4
15,10,2,0,3
15,11,2,0,18
15,12,2,0,6
15,13,2,0,23
15,14,2,3,4
15,15,2,3,4
15,16,2,0,5
15,17,2,0,5
15,18,2,0,15
15,19,2,0,15
15,20,2,3,10
15,21,2,3,8
15,22,2,3,22
15,23,2,3,20
15,24,2,0,18
15,25,2,0,0
15,26,2,0,8
15,27,2,0,4
15,28,2,3,4
15,29,2,0,15
15,30,2,0,11
15,31,2,3,1
15,32,3,0,15
15,33,2,3,24
15,34,2,0,16
15,35,2,0,16
15,36,2,0,11
15,37,2,3,4
15,38,2,3,4
15,39,2,3,4
15,40,2,0,6
15,41,2,0,22
15,42,2,0,1
15,43,2,3,20
15,44,2,3,13
15,45,3,0,24
15,46,3,0,21
15,47,3,0,5
15,48,3,0,21
15,49,3,0,0
15,50,3,0,17
15,51,3,0,20
15,52,3,0,13
15,53,3,0,9
15,54,3,0,9
15,55,3,0,6
15,56,3,0,24
15,57,3,0,4
15,58,3,0,24
15,59,3,0,21
15,60,3,0,12
15,61,3,0,6
15,62,3,0,14
16,0,3,0,20
16,1,3,0,5
16,2,3,0,5
16,3,3,0,10
16,4,2,3,7
16,5,2,3,20
16,6,2,0,3
16,7,2,0,19
16,8,2,0,0
16,9,2,0,21
16,10,2,0,20
16,11,2,0,6
16,12,2,0,21
16,13,2,0,21
16,14,2,0,15
16,15,2,0,13
16,16,2,0,18
16,17,2,0,11
16,18,2,0,21
16,19,2,3,0
16,20,3,0,1
16,21,3,0,6
16,22,2,3,8
16,23,2,3,22
16,24,2,0,24
16,25,2,0,23
16,26,2,0,21
16,27,2,0,2
16,28,2,0,2
16,29,2,3,20
16,30,2,0,4
16,31,2,3,18
16,32,2,3,6
16,33,2,0,17
16,34,2,0,19
16,35,2,0,18
16,36,2,0,13
16,37,2,0,17
16,38,2,0,7
16,39,2,0,17
16,40,2,0,14
16,41,2,0,10
16,42,2,3,13
16,43,2,3,8
16,44,3,0,11
16,45,3,0,15
16,46,3,0,22
16,47,3,0,13
16,48,3,0,7
16,49,3,0,23
16,50,3,0,18
16,51,3,0,17
16,52,3,0,18
16,53,3,0,8
16,54,3,0,5
16,55,3,0,8
16,56,3,0,6
16,57,3,0,20
16,58,3,0,8
16,59,3,0,1
16,60,3,0,2
16,61,3,0,12
16,62,3,0,5
17,0,3,0,5
17,1,3,0,10
17,2,3,0,12
17,3,3,0,9
17,4,2,3,8
17,5,2,3,21
17,6,2,3,20
17,7,2,0,11
17,8,2,0,5
17,9,2,0,14
17,10,2,0,6
17,11,2,0,21
17,12,2,0,20
17,13,2,0,4
17,14,2,0,9
17,15,2,0,13
17,16,2,0,11
17,17,2,0,17
17,18,2,0,22
17,19,2,3,18
17,20,3,0,20
17,21,3,0,3
17,22,3,0,15
17,23,2,3,7
17,24,2,3,20
17,25,2,0,14
17,26,2,0,20
17,27,2,0,18
17,28,2,3,10
17,29,2,3,7
17,30,2,3,0
17,31,3,0,13
17,32,2,3,24
17,33,2,0,24
17,34,2,0,8
17,35,2,0,18
17,36,2,0,0
17,37,2,0,7
17,38,2,0,9
17,39,2,0,2
17,40,2,0,15
17,41,2,3,15
17,42,3,0,13
17,43,3,0,7
17,44,3,0,3
17,45,3,0,8
17,46,3,0,16
17,47,3,0,6
17,48,3,0,14
17,49,3,0,9
17,50,3,0,3
17,51,3,0,10
17,52,3,0,21
17,53,3,0,16
17,54,3,0,24
17,55,3,0,15
17,56,3,0,17
17,57,3,0,18
17,58,3,0,2
17,59,3,0,3
17,60,3,0,24
17,61,3,0,14
17,62,3,0,15
18,0,3,0,11
18,1,3,0,16
18,2,3,0,19
18,3,3,0,21
18,4,3,0,12
18,5,2,3,8
18,6,2,3,22
18,7,2,0,10
18,8,2,0,12
18,9,2,0,4
18,10,2,0,22
18,11,2,0,2
18,12,2,0,20
18,13,2,0,13
18,14,2,0,16
18,15,2,0,23
18,16,2,0,17
18,17,2,0,22
18,18,2,3,5
18,19,3,0,16
18,20,3,0,20
18,21,3,0,19
18,22,3,0,4
18,23,2,3,8
18,24,2,3,23
18,25,2,0,10
18,26,2,0,12
18,27,2,3,0
18,28,3,0,10
18,29,2,3,24
18,30,2,3,17
18,31,2,3,19
18,32,2,0,22
18,33,2,0,0
18,34,2,0,6
18,35,2,0,12
18,36,2,0,22
18,37,2,0,1
18,38,2,0,11
18,39,2,0,22
18,40,2,3,0
18,41,3,0,15
18,42,3,0,16
18,43,3,0,19
18,44,3,0,2
18,45,3,0,0
18,46,3,0,1
18,47,3,0,22
18,48,3,0,6
18,49,3,0,18
18,50,3,0,14
18,51,3,0,5
18,52,3,0,4
18,53,3,0,19
18,54,3,0,6
18,55,3,0,23
18,56,3,0,16
18,57,3,0,10
18,58,3,0,10
18,59,3,0,10
18,60,3,0,7
18,61,3,0,22
18,62,3,0,19
19,0,3,0,17
19,1,3,0,10
19,2,3,0,20
19,3,3,0,20
19,4,3,0,15
19,5,3,0,6
19,6,2,3,23
19,7,2,0,6
19,8,2,0,18
19,9,2,0,4
19,10,2,0,23
19,11,2,0,4
19,12,2,0,20
19,13,2,0,5
19,14,2,0,4
19,15,2,0,9
19,16,2,0,4
19,17,2,3,0
19,18,3,0,1
19,19,3,0,3
19,20,3,0,19
19,21,3,0,13
19,22,3,0,9
19,23,3,0,13
19,24,2,3,24
19,25,2,0,12
19,26,2,0,2
19,27,2,3,18
19,28,2,3,6
19,29,2,0,23
19,30,2,3,4
19,31,2,0,0
19,32,2,0,16
19,33,2,0,2
19,34,2,0,12
19,35,2,0,18
19,36,2,0,14
19,37,2,0,18
19,38,2,0,15
19,39,2,0,14
19,40,2,3,18
19,41,3,0,13
19,42,3,0,21
19,43,3,0,17
19,44,3,0,9
19,45,3,0,17
19,46,3,0,6
19,47,3,0,0
19,48,3,0,7
19,49,3,0,4
19,50,3,0,19
19,51,3,0,8
19,52,3,0,11
19,53,3,0,7
19,54,3,0,20
19,55,3,0,16
19,56,3,0,21
19,57,3,0,24
19,58,3,0,2
19,59,3,0,22
19,60,3,0,10
19,61,3,0,18
19,62,3,0,19
20,0,3,0,8
20,1,3,0,23
20,2,3,0,0
20,3,3,0,20
20,4,3,0,18
20,5,3,0,20
20,6,2,3,21
20,7,2,0,20
20,8,2,0,15
20,9,2,0,16
20,10,2,0,18
20,11,2,0,1
20,12,2,0,6
20,13,2,0,14
20,14,2,0,8
20,15,2,0,13
20,16,2,0,13
20,17,2,3,1
20,18,3,0,16
20,19,3,0,13
20,20,3,0,3
20,21,3,0,3
20,22,3,0,20
20,23,2,3,6
20,24,2,0,20
20,25,2,0,24
20,26,2,3,13
20,27,3,0,1
20,28,2,0,18
20,29,2,0,17
20,30,2,0,23
20,31,2,0,0
20,32,2,0,8
20,33,2,0,7
20,34,2,0,9
20,35,2,0,19
20,36,2,0,0
20,37,2,0,1
20,38,2,3,20
20,39,2,3,5
20,40,3,0,0
20,41,3,0,16
20,42,3,0,17
20,43,3,0,14
20,44,3,0,5
20,45,3,0,23
20,46,3,0,4
20,47,3,0,15
20,48,3,0,8
20,49,3,0,20
20,50,3,0,17
20,51,3,0,22
20,52,3,0,19
20,53,3,0,17
20,54,3,0,7
20,55,3,0,5
20,56,3,0,22
20,57,3,0,7
20,58,3,0,24
20,59,3,0,24
20,60,3,0,18
20,61,3,0,11
20,62,3,0,18
21,0,3,0,15
21,1,3,0,14
21,2,3,0,20
21,3,3,0,1
21,4,3,0,15
21,5,3,0,8
21,6,2,3,7
21,7,2,3,20
21,8,2,0,15
21,9,2,0,2
21,10,2,0,1
21,11,2,0,20
21,12,2,0,8
21,13,2,0,3
21,14,2,0,20
21,15,2,0,12
21,16,2,0,21
21,17,2,3,18
21,18,3,0,19
21,19,3,0,1
21,20,3,0,4
21,21,3,0,11
21,22,3,0,15
21,23,2,3,24
21,24,2,0,8
21,25,2,3,0
21,26,3,0,3
21,27,2,3,6
21,28,2,0,5
21,29,2,0,6
21,30,2,0,22
21,31,2,0,1
21,32,2,0,5
21,33,2,0,8
21,34,2,0,10
21,35,2,0,9
21,36,2,3,20
21,37,2,3,15
21,38,2,3,8
21,39,3,0,4
21,40,3,0,12
21,41,3,0,17
21,42,3,0,10
21,43,3,0,19
21,44,3,0,7
21,45,3,0,7
21,46,3,0,11
21,47,3,0,3
21,48,3,0,17
21,49,3,0,20
21,50,3,0,22
21,51,3,0,19
21,52,3,0,21
21,53,3,0,2
21,54,3,0,7
21,55,3,0,5
21,56,3,0,8
21,57,3,0,1
21,58,3,0,10
21,59,3,0,20
21,60,3,0,10
21,61,3,0,18
21,62,3,0,9
22,0,3,0,4
22,1,3,0,11
22,2,3,0,6
22,3,3,0,13
22,4,3,0,20
22,5,3,0,18
22,6,2,3,8
22,7,2,3,7
22,8,2,0,21
22,9,2,0,15
22,10,2,0,24
22,11,2,0,21
22,12,2,0,8
22,13,2,0,20
22,14,2,0,20
22,15,2,0,21
22,16,2,3,0
22,17,3,0,8
22,18,3,0,8
22,19,3,0,21
22,20,3,0,23
22,21,3,0,21
22,22,2,3,6
22,23,2,3,20
22,24,2,0,1
22,25,2,3,17
22,26,3,0,21
22,27,2,3,24
22,28,2,0,11
22,29,2,0,3
22,30,2,0,8
22,31,2,0,14
22,32,2,0,4
22,33,2,0,8
22,34,2,0,20
22,35,2,3,5
22,36,2,3,8
22,37,3,0,15
22,38,3,0,0
22,39,3,0,17
22,40,3,0,5
22,41,3,0,18
22,42,3,0,8
22,43,3,0,14
22,44,3,0,23
22,45,3,0,18
22,46,3,0,14
22,47,3,0,16
22,48,3,0,6
22,49,3,0,6
22,50,3,0,8
22,51,3,0,16
22,52,3,0,17
22,53,3,0,23
22,54,3,0,1
22,55,3,0,14
22,56,3,0,18
22,57,3,0,13
22,58,3,0,2
22,59,3,0,23
22,60,3,0,7
22,61,3,0,7
22,62,3,0,24
23,0,3,0,13
23,1,3,0,9
23,2,3,0,23
23,3,3,0,8
23,4,3,0,4
23,5,3,0,1
23,6,3,0,9
23,7,2,3,22
23,8,2,0,14
23,9,2,0,20
23,10,2,0,10
23,11,2,0,12
23,12,2,0,9
23,13,2,0,13
23,14,2,0,17
23,15,2,0,23
23,16,2,3,18
23,17,3,0,1
23,18,3,0,11
23,19,3,0,22
23,20,3,0,2
23,21,3,0,1
23,22,2,3,8
23,23,2,3,23
23,24,2,0,20
23,25,2,3,1
23,26,2,3,11
23,27,2,0,3
23,28,2,0,14
23,29,2,0,5
23,30,2,0,16
23,31,2,0,13
23,32,2,3,20
23,33,2,3,20
23,34,2,3,15
23,35,3,0,9
23,36,3,0,14
23,37,3,0,16
23,38,3,0,14
23,39,3,0,21
23,40,3,0,9
23,41,3,0,0
23,42,3,0,3
23,43,3,0,17
23,44,3,0,4
23,45,3,0,18
23,46,3,0,0
23,47,3,0,14
23,48,3,0,19
23,49,3,0,13
23,50,3,0,8
23,51,3,0,14
23,52,3,0,23
23,53,3,0,10
23,54,3,0,7
23,55,3,0,14
23,56,3,0,4
23,57,3,0,14
23,58,3,0,7
23,59,3,0,24
23,60,3,0,13
23,61,3,0,21
23,62,3,0,8
24,0,3,0,13
24,1,3,0,2
24,2,3,0,11
24,3,3,0,9
24,4,3,0,1
24,5,3,0,21
24,6,3,0,16
24,7,2,3,22
24,8,2,0,8
24,9,2,0,8
24,10,2,0,3
24,11,2,0,6
24,12,2,0,17
24,13,2,0,16
24,14,2,0,20
24,15,2,3,0
24,16,3,0,7
24,17,3,0,7
24,18,3,0,20
24,19,3,0,0
24,20,3,0,3
24,21,3,0,13
24,22,3,0,12
24,23,2,3,24
24,24,2,0,2
24,25,2,3,4
24,26,2,0,22
24,27,2,0,24
24,28,2,0,18
24,29,2,0,20
24,30,2,3,20
24,31,2,3,13
24,32,3,0,9
24,33,2,3,8
24,34,3,0,19
24,35,3,0,14
24,36,3,0,3
24,37,3,0,10
24,38,3,0,4
24,39,3,0,1
24,40,3,0,21
24,41,3,0,6
24,42,3,0,1
24,43,3,0,16
24,44,3,0,18
24,45,3,0,4
24,46,3,0,8
24,47,3,0,7
24,48,2,3,16
24,49,2,3,16
24,50,2,3,16
24,51,2,3,16
24,52,2,3,16
24,53,2,3,16
24,54,3,0,3
24,55,3,0,2
24,56,3,0,8
24,57,3,0,21
24,58,3,0,7
24,59,3,0,23
24,60,3,0,5
24,61,3,0,23
24,62,3,0,10
25,0,3,0,8
25,1,3,0,18
25,2,3,0,2
25,3,3,0,15
25,4,3,0,19
25,5,3,0,21
25,6,3,0,21
25,7,2,3,22
25,8,2,0,22
25,9,2,0,22
25,10,2,0,7
25,11,2,0,11
25,12,2,0,2
25,13,2,0,18
25,14,2,0,2
25,15,2,3,17
25,16,2,3,16
25,17,3,0,8
25,18,3,0,14
25,19,3,0,19
25,20,3,0,1
25,21,3,0,17
25,22,2,3,6
25,23,2,0,7
25,24,2,0,19
25,25,2,0,6
25,26,2,0,4
25,27,2,0,24
25,28,2,0,8
25,29,2,3,15
25,30,2,3,8
25,31,3,0,14
25,32,3,0,3
25,33,3,0,10
25,34,3,0,10
25,35,3,0,13
25,36,3,0,14
25,37,3,0,17
25,38,3,0,16
25,39,3,0,22
25,40,3,0,7
25,41,3,0,16
25,42,3,0,23
25,43,3,0,14
25,44,3,0,8
25,45,3,0,3
25,46,3,0,15
25,47,2,3,11
25,48,2,3,4
25,49,2,3,4
25,50,2,3,4
25,51,2,3,4
25,52,2,3,4
25,53,2,3,3
25,54,3,0,3
25,55,3,0,11
25,56,3,0,23
25,57,3,0,22
25,58,3,0,8
25,59,3,0,3
25,60,3,0,0
25,61,3,0,5
25,62,3,0,10
26,0,3,0,18
26,1,3,0,5
26,2,3,0,19
26,3,3,0,11
26,4,3,0,17
26,5,3,0,20
26,6,3,0,20
26,7,2,3,24
26,8,2,0,7
26,9,2,0,7
26,10,2,0,19
26,11,2,0,6
26,12,2,0,4
26,13,2,0,2
26,14,2,0,12
26,15,2,3,4
26,16,2,3,18
26,17,3,0,11
26,18,3,0,3
26,19,3,0,15
26,20,3,0,24
26,21,3,0,5
26,22,2,3,23
26,23,2,0,14
26,24,2,0,19
26,25,2,0,24
26,26,2,0,0
26,27,2,0,13
26,28,2,3,15
26,29,3,0,24
26,30,3,0,4
26,31,3,0,13
26,32,3,0,21
26,33,3,0,22
26,34,3,0,23
26,35,3,0,8
26,36,3,0,1
26,37,3,0,24
26,38,3,0,6
26,39,3,0,13
26,40,3,0,1
26,41,3,0,21
26,42,3,0,8
26,43,3,0,22
26,44,3,0,12
26,45,3,0,14
26,46,2,3,14
26,47,2,0,24
26,48,2,0,21
26,49,2,0,5
26,50,2,0,10
26,51,2,0,10
26,52,2,0,14
26,53,2,3,17
26,54,2,3,16
26,55,3,0,19
26,56,3,0,7
26,57,3,0,11
26,58,3,0,16
26,59,3,0,21
26,60,3,0,16
26,61,3,0,18
26,62,3,0,14
27,0,3,0,13
27,1,3,0,15
27,2,3,0,5
27,3,3,0,17
27,4,3,0,10
27,5,3,0,22
27,6,2,3,6
27,7,2,0,21
27,8,2,0,2
27,9,2,0,19
27,10,2,0,13
27,11,2,0,19
27,12,2,0,12
27,13,2,0,14
27,14,2,0,12
27,15,2,3,0
27,16,3,0,14
27,17,3,0,4
27,18,3,0,14
27,19,3,0,22
27,20,3,0,20
27,21,3,0,4
27,22,2,3,23
27,23,2,0,0
27,24,2,0,5
27,25,2,0,22
27,26,2,0,18
27,27,2,3,15
27,28,3,0,11
27,29,3,0,4
27,30,3,0,21
27,31,3,0,15
27,32,3,0,20
27,33,3,0,8
27,34,3,0,0
27,35,3,0,18
27,36,3,0,21
27,37,3,0,24
27,38,3,0,7
27,39,3,0,19
27,40,3,0,6
27,41,3,0,2
27,42,3,0,2
27,43,3,0,24
27,44,2,3,16
27,45,2,3,19
27,46,2,0,11
27,47,2,0,17
27,48,2,0,19
27,49,2,0,15
27,50,2,0,4
27,51,2,0,15
27,52,2,0,20
27,53,2,3,4
27,54,2,3,3
27,55,3,0,1
27,56,3,0,4
27,57,3,0,21
27,58,3,0,19
27,59,3,0,8
27,60,3,0,24
27,61,3,0,17
27,62,3,0,6
28,0,3,0,4
28,1,3,0,10
28,2,3,0,10
28,3,3,0,11
28,4,3,0,23
28,5,3,0,19
28,6,2,3,24
28,7,2,0,11
28,8,2,0,12
28,9,2,0,4
28,10,2,0,1
28,11,2,0,1
28,12,2,0,10
28,13,2,0,12
28,14,2,0,21
28,15,2,3,2
28,16,2,3,16
28,17,3,0,5
28,18,3,0,0
28,19,3,0,5
28,20,3,0,23
28,21,3,0,17
28,22,2,3,24
28,23,2,0,16
28,24,2,0,17
28,25,2,0,5
28,26,2,3,0
28,27,3,0,1
28,28,3,0,17
28,29,3,0,9
28,30,3,0,6
28,31,3,0,0
28,32,3,0,20
28,33,3,0,23
28,34,3,0,8
28,35,3,0,1
28,36,3,0,2
28,37,3,0,21
28,38,3,0,9
28,39,3,0,21
28,40,3,0,22
28,41,3,0,7
28,42,3,0,4
28,43,2,3,14
28,44,2,3,4
28,45,2,0,9
28,46,2,0,15
28,47,2,0,19
28,48,2,0,15
28,49,2,0,23
28,50,2,0,16
28,51,2,0,2
28,52,2,0,13
28,53,2,0,5
28,54,2,3,2
28,55,2,3,16
28,56,3,0,19
28,57,3,0,3
28,58,3,0,20
28,59,3,0,21
28,60,3,0,23
28,61,3,0,8
28,62,3,0,15
29,0,3,0,7
29,1,3,0,11
29,2,3,0,18
29,3,3,0,0
29,4,3,0,3
29,5,2,3,6
29,6,2,0,6
29,7,2,0,0
29,8,2,0,13
29,9,2,0,14
29,10,2,0,16
29,11,2,0,2
29,12,2,0,7
29,13,2,0,6
29,14,2,0,15
29,15,2,3,4
29,16,2,3,3
29,17,3,0,23
29,18,3,0,5
29,19,3,0,9
29,20,2,3,16
29,21,2,3,19
29,22,2,0,4
29,23,2,0,11
29,24,2,0,8
29,25,2,0,21
29,26,2,3,18
29,27,3,0,19
29,28,3,0,11
29,29,3,0,9
29,30,3,0,8
29,31,3,0,12
29,32,3,0,9
29,33,3,0,11
29,34,3,0,9
29,35,3,0,17
29,36,3,0,14
29,37,3,0,11
29,38,3,0,14
29,39,3,0,19
29,40,3,0,20
29,41,3,0,15
29,42,2,3,6
29,43,2,0,12
29,44,2,0,2
29,45,2,0,7
29,46,2,0,24
29,47,2,0,14
29,48,2,0,2
29,49,2,0,4
29,50,2,0,19
29,51,2,0,17
29,52,2,0,10
29,53,2,0,23
29,54,2,3,4
29,55,2,3,2
29,56,3,0,5
29,57,3,0,16
29,58,3,0,7
29,59,3,0,11
29,60,3,0,11
29,61,3,0,9
29,62,3,0,14
30,0,3,0,8
30,1,3,0,3
30,2,3,0,5
30,3,3,0,18
30,4,3,0,13
30,5,2,3,21
30,6,2,0,9
30,7,2,0,22
30,8,2,0,23
30,9,2,0,2
30,10,2,0,15
30,11,2,0,5
30,12,2,0,0
30,13,2,0,5
30,14,2,0,8
30,15,2,0,19
30,16,2,3,17
30,17,2,3,16
30,18,2,3,16
30,19,2,3,19
30,20,2,3,4
30,21,2,0,13
30,22,2,0,6
30,23,2,0,9
30,24,2,0,5
30,25,2,3,0
30,26,3,0,11
30,27,3,0,10
30,28,3,0,13
30,29,3,0,12
30,30,3,0,9
30,31,3,0,17
30,32,3,0,14
30,33,3,0,17
30,34,3,0,21
30,35,3,0,19
30,36,3,0,14
30,37,3,0,4
30,38,3,0,21
30,39,3,0,24
30,40,3,0,22
30,41,3,0,17
30,42,2,3,24
30,43,2,0,23
30,44,2,0,4
30,45,2,0,6
30,46,2,0,13
30,47,2,0,23
30,48,2,0,19
30,49,2,0,15
30,50,2,0,12
30,51,2,0,16
30,52,2,0,3
30,53,2,0,23
30,54,2,0,1
30,55,2,3,1
30,56,2,3,16
30,57,3,0,0
30,58,3,0,7
30,59,3,0,21
30,60,3,0,14
30,61,3,0,23
30,62,3,0,20
31,0,3,0,9
31,1,3,0,13
31,2,3,0,21
31,3,3,0,14
31,4,3,0,8
31,5,2,3,22
31,6,2,0,14
31,7,2,0,16
31,8,2,0,3
31,9,2,0,2
31,10,2,0,14
31,11,2,0,17
31,12,2,0,5
31,13,2,0,23
31,14,2,0,9
31,15,2,0,6
31,16,2,3,4
31,17,2,3,4
31,18,2,3,4
31,19,2,0,15
31,20,2,0,13
31,21,2,0,4
31,22,2,0,17
31,23,2,0,13
31,24,2,0,23
31,25,2,3,18
31,26,3,0,12
31,27,3,0,7
31,28,3,0,9
31,29,3,0,13
31,30,3,0,5
31,31,3,0,7
31,32,3,0,20
31,33,3,0,15
31,34,3,0,18
31,35,3,0,7
31,36,3,0,11
31,37,3,0,4
31,38,3,0,0
31,39,3,0,13
31,40,3,0,22
31,41,2,3,6
31,42,2,0,4
31,43,2,0,22
31,44,2,0,9
31,45,2,0,13
31,46,2,0,17
31,47,2,0,1
31,48,2,0,10
31,49,2,0,0
31,50,2,0,6
31,51,2,0,0
31,52,2,0,3
31,53,2,0,14
31,54,2,0,19
31,55,2,3,4
31,56,2,3,3
31,57,3,0,13
31,58,3,0,23
31,59,3,0,19
31,60,3,0,23
31,61,3,0,8
31,62,3,0,3
32,0,3,0,2
32,1,3,0,21
32,2,3,0,16
32,3,3,0,5
32,4,3,0,23
32,5,2,3,23
32,6,2,0,7
32,7,2,0,16
32,8,2,0,14
32,9,2,0,17
32,10,2,0,22
32,11,2,0,12
32,12,2,0,14
32,13,2,0,22
32,14,2,0,20
32,15,2,0,18
32,16,2,0,6
32,17,2,0,18
32,18,2,0,24
32,19,2,0,1
32,20,2,0,5
32,21,2,0,13
32,22,2,0,9
32,23,2,0,7
32,24,2,3,0
32,25,3,0,2
32,26,3,0,4
32,27,3,0,19
32,28,3,0,1
32,29,3,0,4
32,30,3,0,5
32,31,3,0,12
32,32,3,0,0
32,33,3,0,18
32,34,3,0,3
32,35,3,0,6
32,36,3,0,20
32,37,3,0,7
32,38,3,0,3
32,39,3,0,14
32,40,3,0,2
32,41,2,3,24
32,42,2,0,0
32,43,2,0,4
32,44,2,0,15
32,45,2,0,20
32,46,2,0,13
32,47,2,0,1
32,48,2,0,8
32,49,2,3,20
32,50,2,3,20
32,51,2,0,24
32,52,2,0,1
32,53,2,0,22
32,54,2,0,20
32,55,2,0,15
32,56,2,3,17
32,57,3,0,24
32,58,3,0,11
32,59,3,0,8
32,60,3,0,19
32,61,3,0,23
32,62,3,0,7
33,0,3,0,0
33,1,3,0,7
33,2,3,0,19
33,3,3,0,6
33,4,3,0,4
33,5,2,3,21
33,6,2,0,10
33,7,2,0,3
33,8,2,0,21
33,9,2,0,4
33,10,2,0,20
33,11,2,0,7
33,12,2,0,16
33,13,2,0,10
33,14,2,0,4
33,15,2,0,23
33,16,2,0,22
33,17,2,0,11
33,18,2,0,21
33,19,2,0,13
33,20,2,0,6
33,21,2,0,8
33,22,2,0,21
33,23,2,0,21
33,24,2,3,18
33,25,3,0,20
33,26,3,0,13
33,27,3,0,24
33,28,3,0,23
33,29,3,0,21
33,30,3,0,15
33,31,3,0,4
33,32,3,0,4
33,33,3,0,17
33,34,3,0,8
33,35,3,0,19
33,36,3,0,3
33,37,3,0,6
33,38,3,0,14
33,39,3,0,1
33,40,2,3,11
33,41,2,0,2
33,42,2,0,11
33,43,2,0,22
33,44,2,0,12
33,45,2,0,20
33,46,2,0,8
33,47,2,0,13
33,48,2,3,15
33,49,2,3,8
33,50,2,3,7
33,51,2,0,13
33,52,2,0,24
33,53,2,0,16
33,54,2,0,4
33,55,2,0,9
33,56,2,3,1
33,57,3,0,7
33,58,3,0,0
33,59,3,0,4
33,60,3,0,9
33,61,3,0,8
33,62,3,0,11
34,0,3,0,2
34,1,3,0,19
34,2,3,0,16
34,3,3,0,18
34,4,3,0,17
34,5,2,3,21
34,6,2,0,19
34,7,2,0,10
34,8,2,0,1
34,9,2,0,1
34,10,2,0,4
34,11,2,0,0
34,12,2,0,14
34,13,2,0,6
34,14,2,0,15
34,15,2,0,16
34,16,2,0,15
34,17,2,0,19
34,18,2,0,2
34,19,2,0,3
34,20,2,0,23
34,21,2,0,10
34,22,2,0,16
34,23,2,3,15
34,24,3,0,17
34,25,3,0,10
34,26,3,0,9
34,27,3,0,20
34,28,3,0,19
34,29,3,0,22
34,30,3,0,3
34,31,3,0,7
34,32,3,0,13
34,33,3,0,15
34,34,3,0,4
34,35,3,0,21
34,36,3,0,11
34,37,2,3,16
34,38,2,3,16
34,39,2,3,14
34,40,2,0,16
34,41,2,0,0
34,42,2,0,9
34,43,2,0,2
34,44,2,3,20
34,45,2,0,0
34,46,2,0,15
34,47,2,3,0
34,48,3,0,22
34,49,3,0,20
34,50,2,3,7
34,51,2,0,8
34,52,2,0,17
34,53,2,0,6
34,54,2,0,2
34,55,2,0,3
34,56,2,3,3
34,57,2,3,16
34,58,3,0,15
34,59,3,0,19
34,60,3,0,23
34,61,3,0,11
34,62,3,0,10
35,0,3,0,2
35,1,3,0,5
35,2,3,0,20
35,3,3,0,14
35,4,3,0,24
35,5,2,3,22
35,6,2,0,16
35,7,2,0,3
35,8,2,0,24
35,9,2,0,7
35,10,2,0,5
35,11,2,0,21
35,12,2,3,20
35,13,2,0,7
35,14,2,0,6
35,15,2,0,24
35,16,2,0,15
35,17,2,0,0
35,18,2,0,13
35,19,2,0,18
35,20,2,0,21
35,21,2,0,9
35,22,2,3,0
35,23,3,0,11
35,24,3,0,6
35,25,3,0,7
35,26,3,0,3
35,27,3,0,14
35,28,3,0,6
35,29,3,0,22
35,30,3,0,11
35,31,3,0,6
35,32,3,0,20
35,33,3,0,1
35,34,3,0,18
35,35,2,3,16
35,36,2,3,14
35,37,2,3,4
35,38,2,3,4
35,39,2,0,7
35,40,2,0,17
35,41,2,0,4
35,42,2,0,23
35,43,2,3,15
35,44,2,3,23
35,45,2,0,16
35,46,2,0,17
35,47,2,3,18
35,48,3,0,11
35,49,3,0,24
35,50,2,3,24
35,51,2,0,10
35,52,2,0,18
35,53,2,0,11
35,54,2,0,22
35,55,2,0,11
35,56,2,3,4
35,57,2,3,17
35,58,3,0,10
35,59,3,0,15
35,60,3,0,20
35,61,3,0,11
35,62,3,0,6
36,0,3,0,0
36,1,3,0,20
36,2,3,0,15
36,3,3,0,10
36,4,3,0,18
36,5,2,3,23
36,6,2,0,24
36,7,2,0,9
36,8,2,0,17
36,9,2,0,16
36,10,2,0,22
36,11,2,3,10
36,12,2,3,7
36,13,2,3,20
36,14,2,0,3
36,15,2,0,4
36,16,2,0,8
36,17,2,0,18
36,18,2,0,8
36,19,2,0,22
36,20,2,0,3
36,21,2,0,12
36,22,2,3,18
36,23,3,0,21
36,24,3,0,20
36,25,3,0,4
36,26,3,0,19
36,27,3,0,11
36,28,3,0,15
36,29,3,0,23
36,30,3,0,8
36,31,3,0,19
36,32,3,0,12
36,33,3,0,3
36,34,2,3,9
36,35,2,3,4
36,36,2,0,3
36,37,2,0,14
36,38,2,0,14
36,39,2,0,8
36,40,2,0,8
36,41,2,0,8
36,42,2,3,0
36,43,3,0,23
36,44,2,3,23
36,45,2,0,21
36,46,2,3,0
36,47,3,0,24
36,48,3,0,24
36,49,2,3,6
36,50,2,0,11
36,51,2,0,9
36,52,2,0,12
36,53,2,0,22
36,54,2,0,23
36,55,2,0,15
36,56,2,0,22
36,57,2,3,18
36,58,3,0,24
36,59,3,0,7
36,60,3,0,23
36,61,3,0,0
36,62,3,0,4
37,0,3,0,1
37,1,3,0,10
37,2,3,0,9
37,3,3,0,3
37,4,3,0,10
37,5,2,3,24
37,6,2,0,3
37,7,2,0,11
37,8,2,0,14
37,9,2,0,3
37,10,2,3,0
37,11,3,0,24
37,12,2,3,8
37,13,2,3,22
37,14,2,0,7
37,15,2,0,4
37,16,2,0,1
37,17,2,0,7
37,18,2,0,11
37,19,2,0,22
37,20,2,0,4
37,21,2,3,0
37,22,3,0,1
37,23,3,0,0
37,24,3,0,6
37,25,3,0,24
37,26,3,0,7
37,27,3,0,7
37,28,3,0,1
37,29,3,0,9
37,30,3,0,7
37,31,3,0,13
37,32,3,0,7
37,33,2,3,6
37,34,2,0,19
37,35,2,0,18
37,36,2,0,21
37,37,2,0,1
37,38,2,0,16
37,39,2,0,22
37,40,2,0,14
37,41,2,0,20
37,42,2,3,18
37,43,3,0,23
37,44,2,3,24
37,45,2,0,14
37,46,2,3,17
37,47,3,0,7
37,48,2,3,6
37,49,2,3,24
37,50,2,0,1
37,51,2,0,8
37,52,2,0,10
37,53,2,0,19
37,54,2,0,9
37,55,2,0,21
37,56,2,3,0
37,57,3,0,15
37,58,3,0,17
37,59,3,0,21
37,60,3,0,22
37,61,3,0,18
37,62,3,0,12
38,0,3,0,13
38,1,3,0,15
38,2,3,0,23
38,3,3,0,15
38,4,2,3,6
38,5,2,0,0
38,6,2,0,15
38,7,2,0,7
38,8,2,0,6
38,9,2,0,5
38,10,2,3,17
38,11,3,0,17
38,12,3,0,3
38,13,2,3,23
38,14,2,0,12
38,15,2,0,19
38,16,2,0,3
38,17,2,0,6
38,18,2,0,20
38,19,2,0,4
38,20,2,0,8
38,21,2,3,18
38,22,3,0,23
38,23,3,0,17
38,24,3,0,17
38,25,3,0,15
38,26,3,0,0
38,27,3,0,3
38,28,3,0,23
38,29,3,0,5
38,30,3,0,5
38,31,3,0,15
38,32,3,0,4
38,33,2,3,21
38,34,2,0,23
38,35,2,0,19
38,36,2,0,7
38,37,2,0,13
38,38,2,0,24
38,39,2,0,24
38,40,2,0,9
38,41,2,3,5
38,42,3,0,7
38,43,2,3,6
38,44,2,0,12
38,45,2,0,24
38,46,2,3,3
38,47,3,0,20
38,48,2,3,24
38,49,2,0,13
38,50,2,0,23
38,51,2,0,18
38,52,2,0,12
38,53,2,0,12
38,54,2,0,2
38,55,2,0,4
38,56,2,3,17
38,57,3,0,21
38,58,3,0,8
38,59,3,0,5
38,60,3,0,2
38,61,3,0,17
38,62,3,0,6
39,0,3,0,0
39,1,3,0,4
39,2,3,0,17
39,3,3,0,15
39,4,2,3,23
39,5,2,0,6
39,6,2,0,3
39,7,2,0,18
39,8,2,0,17
39,9,2,0,13
39,10,2,3,17
39,11,3,0,1
39,12,3,0,10
39,13,2,3,24
39,14,2,0,7
39,15,2,0,10
39,16,2,0,3
39,17,2,0,22
39,18,2,0,22
39,19,2,0,1
39,20,2,3,0
39,21,3,0,15
39,22,3,0,20
39,23,3,0,13
39,24,3,0,4
39,25,3,0,21
39,26,3,0,11
39,27,3,0,15
39,28,3,0,7
39,29,3,0,17
39,30,3,0,8
39,31,3,0,4
39,32,3,0,7
39,33,2,3,23
39,34,2,0,14
39,35,2,0,21
39,36,2,0,19
39,37,2,0,14
39,38,2,0,21
39,39,2,0,2
39,40,2,3,5
39,41,3,0,21
39,42,3,0,2
39,43,2,3,22
39,44,2,0,2
39,45,2,0,2
39,46,2,3,1
39,47,2,3,19
39,48,2,0,16
39,49,2,0,11
39,50,2,0,5
39,51,2,0,18
39,52,2,0,17
39,53,2,0,17
39,54,2,0,1
39,55,2,0,19
39,56,2,3,2
39,57,3,0,9
39,58,3,0,6
39,59,3,0,21
39,60,3,0,14
39,61,3,0,3
39,62,3,0,4
40,0,3,0,22
40,1,3,0,1
40,2,3,0,2
40,3,3,0,10
40,4,2,3,21
40,5,2,0,11
40,6,2,0,4
40,7,2,0,17
40,8,2,0,7
40,9,2,0,21
40,10,2,3,17
40,11,2,3,16
40,12,2,3,11
40,13,2,0,20
40,14,2,0,19
40,15,2,0,22
40,16,2,0,6
40,17,2,0,14
40,18,2,0,11
40,19,2,0,6
40,20,2,3,18
40,21,3,0,22
40,22,3,0,1
40,23,3,0,21
40,24,3,0,21
40,25,3,0,9
40,26,3,0,23
40,27,3,0,10
40,28,3,0,23
40,29,3,0,19
40,30,3,0,15
40,31,3,0,3
40,32,3,0,6
40,33,2,3,24
40,34,2,0,7
40,35,2,0,5
40,36,2,0,19
40,37,2,0,13
40,38,2,0,12
40,39,2,3,0
40,40,3,0,18
40,41,3,0,3
40,42,3,0,6
40,43,2,3,24
40,44,2,0,16
40,45,2,0,22
40,46,2,3,4
40,47,2,0,4
40,48,2,0,22
40,49,2,0,3
40,50,2,0,24
40,51,2,0,20
40,52,2,0,18
40,53,2,0,19
40,54,2,0,12
40,55,2,0,18
40,56,2,3,18
40,57,3,0,8
40,58,3,0,14
40,59,3,0,1
40,60,3,0,10
40,61,3,0,21
40,62,3,0,0
41,0,3,0,0
41,1,3,0,3
41,2,3,0,14
41,3,3,0,5
41,4,2,3,22
41,5,2,3,20
41,6,2,0,0
41,7,2,0,11
41,8,2,0,10
41,9,2,0,16
41,10,2,3,4
41,11,2,3,4
41,12,2,0,18
41,13,2,0,17
41,14,2,0,10
41,15,2,0,22
41,16,2,0,13
41,17,2,0,1
41,18,2,0,22
41,19,2,3,10
41,20,3,0,7
41,21,3,0,19
41,22,3,0,11
41,23,3,0,2
41,24,3,0,5
41,25,3,0,11
41,26,3,0,9
41,27,3,0,1
41,28,3,0,7
41,29,3,0,1
41,30,3,0,19
41,31,3,0,13
41,32,2,3,6
41,33,2,0,4
41,34,2,0,15
41,35,2,0,16
41,36,2,0,7
41,37,2,0,5
41,38,2,0,4
41,39,2,3,18
41,40,3,0,16
41,41,2,3,16
41,42,2,3,14
41,43,2,0,19
41,44,2,0,0
41,45,2,0,14
41,46,2,0,24
41,47,2,0,8
41,48,2,0,21
41,49,2,0,21
41,50,2,0,17
41,51,2,0,5
41,52,2,0,16
41,53,2,0,16
41,54,2,0,1
41,55,2,3,10
41,56,3,0,18
41,57,2,3,16
41,58,3,0,20
41,59,3,0,4
41,60,3,0,18
41,61,3,0,6
41,62,3,0,20
42,0,3,0,6
42,1,3,0,2
42,2,3,0,16
42,3,3,0,15
42,4,2,3,8
42,5,2,3,21
42,6,2,0,2
42,7,2,0,2
42,8,2,0,10
42,9,2,0,11
42,10,2,0,12
42,11,2,0,8
42,12,2,0,20
42,13,2,0,11
42,14,2,0,22
42,15,2,0,3
42,16,2,0,10
42,17,2,0,4
42,18,2,3,13
42,19,3,0,7
42,20,3,0,8
42,21,3,0,19
42,22,3,0,14
42,23,3,0,5
42,24,3,0,19
42,25,3,0,23
42,26,3,0,1
42,27,3,0,4
42,28,3,0,2
42,29,3,0,1
42,30,3,0,16
42,31,3,0,15
42,32,2,3,24
42,33,2,0,20
42,34,2,0,7
42,35,2,0,12
42,36,2,0,18
42,37,2,0,14
42,38,2,3,0
42,39,3,0,0
42,40,2,3,19
42,41,2,3,4
42,42,2,0,12
42,43,2,0,21
42,44,2,0,3
42,45,2,0,20
42,46,2,0,21
42,47,2,0,16
42,48,2,0,21
42,49,2,0,3
42,50,2,0,6
42,51,2,0,24
42,52,2,0,23
42,53,2,0,9
42,54,2,3,0
42,55,3,0,21
42,56,2,3,4
42,57,2,3,3
42,58,3,0,12
42,59,3,0,0
42,60,3,0,13
42,61,3,0,3
42,62,3,0,20
43,0,3,0,20
43,1,3,0,21
43,2,3,0,2
43,3,3,0,22
43,4,3,0,22
43,5,2,3,21
43,6,2,0,4
43,7,2,0,22
43,8,2,0,22
43,9,2,0,11
43,10,2,0,23
43,11,2,0,15
43,12,2,0,20
43,13,2,0,8
43,14,2,0,15
43,15,2,0,3
43,16,2,0,22
43,17,2,3,5
43,18,3,0,5
43,19,3,0,5
43,20,3,0,14
43,21,3,0,11
43,22,3,0,19
43,23,3,0,10
43,24,3,0,24
43,25,3,0,2
43,26,3,0,18
43,27,3,0,6
43,28,3,0,18
43,29,3,0,15
43,30,3,0,5
43,31,3,0,13
43,32,2,0,15
43,33,2,0,17
43,34,2,0,10
43,35,2,0,16
43,36,2,0,18
43,37,2,0,17
43,38,2,3,18
43,39,2,3,6
43,40,2,0,1
43,41,2,0,22
43,42,2,3,20
43,43,2,0,22
43,44,2,0,13
43,45,2,0,12
43,46,2,0,20
43,47,2,0,14
43,48,2,0,24
43,49,2,0,22
43,50,2,0,1
43,51,2,0,19
43,52,2,0,13
43,53,2,0,21
43,54,2,3,18
43,55,2,3,11
43,56,2,0,17
43,57,2,3,18
43,58,3,0,2
43,59,3,0,9
43,60,3,0,0
43,61,3,0,18
43,62,3,0,4
44,0,3,0,20
44,1,3,0,7
44,2,3,0,19
44,3,3,0,2
44,4,3,0,0
44,5,2,3,23
44,6,2,0,17
44,7,2,0,14
44,8,2,0,8
44,9,2,0,20
44,10,2,0,17
44,11,2,0,7
44,12,2,0,7
44,13,2,0,8
44,14,2,0,19
44,15,2,0,23
44,16,2,3,13
44,17,3,0,9
44,18,3,0,0
44,19,3,0,19
44,20,3,0,18
44,21,3,0,3
44,22,3,0,24
44,23,3,0,6
44,24,3,0,3
44,25,3,0,7
44,26,3,0,2
44,27,3,0,16
44,28,3,0,13
44,29,3,0,7
44,30,3,0,3
44,31,2,3,24
44,32,2,0,24
44,33,2,0,9
44,34,2,0,14
44,35,2,0,10
44,36,2,0,8
44,37,2,3,0
44,38,3,0,3
44,39,2,3,24
44,40,2,0,0
44,41,2,3,13
44,42,2,3,8
44,43,2,3,20
44,44,2,3,20
44,45,2,0,18
44,46,2,0,15
44,47,2,0,24
44,48,2,0,5
44,49,2,0,6
44,50,2,0,20
44,51,2,0,7
44,52,2,0,20
44,53,2,3,0
44,54,2,3,9
44,55,2,0,10
44,56,2,3,0
44,57,3,0,5
44,58,3,0,8
44,59,3,0,7
44,60,3,0,8
44,61,3,0,3
44,62,3,0,3
45,0,3,0,12
45,1,3,0,10
45,2,3,0,21
45,3,3,0,11
45,4,3,0,18
45,5,2,3,21
45,6,2,0,7
45,7,2,0,4
45,8,2,0,8
45,9,2,0,15
45,10,2,0,19
45,11,2,0,20
45,12,2,0,15
45,13,2,0,21
45,14,2,0,0
45,15,2,3,10
45,16,3,0,1
45,17,3,0,7
45,18,3,0,2
45,19,3,0,12
45,20,3,0,16
45,21,3,0,24
45,22,3,0,15
45,23,3,0,8
45,24,3,0,3
45,25,3,0,5
45,26,3,0,16
45,27,3,0,12
45,28,3,0,4
45,29,3,0,10
45,30,2,3,9
45,31,2,0,4
45,32,2,0,18
45,33,2,0,24
45,34,2,0,12
45,35,2,3,20
45,36,2,0,1
45,37,2,3,2
45,38,2,3,11
45,39,2,0,23
45,40,2,3,0
45,41,3,0,10
45,42,3,0,22
45,43,2,3,8
45,44,2,3,24
45,45,2,0,12
45,46,2,0,23
45,47,2,0,6
45,48,2,0,20
45,49,2,0,14
45,50,2,0,13
45,51,2,0,19
45,52,2,0,6
45,53,2,3,4
45,54,2,0,17
45,55,2,0,7
45,56,2,3,2
45,57,3,0,0
45,58,3,0,19
45,59,3,0,16
45,60,3,0,15
45,61,3,0,3
45,62,3,0,20
46,0,3,0,10
46,1,3,0,0
46,2,3,0,14
46,3,3,0,21
46,4,3,0,10
46,5,2,3,24
46,6,2,0,1
46,7,2,0,19
46,8,2,0,23
46,9,2,0,0
46,10,2,0,23
46,11,2,0,18
46,12,2,0,24
46,13,2,3,20
46,14,2,3,10
46,15,3,0,15
46,16,3,0,15
46,17,3,0,10
46,18,3,0,20
46,19,3,0,15
46,20,3,0,0
46,21,3,0,21
46,22,3,0,16
46,23,3,0,14
46,24,3,0,3
46,25,3,0,12
46,26,3,0,12
46,27,3,0,3
46,28,3,0,24
46,29,2,3,19
46,30,2,0,8
46,31,2,0,17
46,32,2,0,12
46,33,2,0,18
46,34,2,3,5
46,35,2,3,23
46,36,2,0,7
46,37,2,3,4
46,38,2,0,18
46,39,2,0,10
46,40,2,3,18
46,41,3,0,3
46,42,3,0,20
46,43,2,3,6
46,44,2,0,19
46,45,2,0,19
46,46,2,0,2
46,47,2,0,2
46,48,2,0,16
46,49,2,0,0
46,50,2,0,19
46,51,2,0,3
46,52,2,0,13
46,53,2,0,10
46,54,2,0,9
46,55,2,0,24
46,56,2,3,3
46,57,2,3,16
46,58,3,0,20
46,59,3,0,22
46,60,3,0,23
46,61,3,0,22
46,62,3,0,17
47,0,3,0,10
47,1,3,0,12
47,2,3,0,15
47,3,3,0,12
47,4,2,3,6
47,5,2,0,1
47,6,2,0,11
47,7,2,0,6
47,8,2,0,21
47,9,2,0,18
47,10,2,0,1
47,11,2,0,17
47,12,2,3,10
47,13,2,3,8
47,14,3,0,8
47,15,3,0,14
47,16,3,0,12
47,17,3,0,18
47,18,3,0,8
47,19,3,0,16
47,20,3,0,19
47,21,3,0,6
47,22,3,0,24
47,23,3,0,11
47,24,3,0,0
47,25,3,0,15
47,26,3,0,12
47,27,3,0,9
47,28,2,3,6
47,29,2,0,14
47,30,2,0,17
47,31,2,0,16
47,32,2,0,24
47,33,2,3,13
47,34,3,0,21
47,35,2,3,24
47,36,2,0,9
47,37,2,0,10
47,38,2,0,22
47,39,2,3,10
47,40,3,0,12
47,41,3,0,15
47,42,3,0,19
47,43,2,3,7
47,44,2,0,4
47,45,2,0,19
47,46,2,0,10
47,47,2,0,14
47,48,2,0,13
47,49,2,0,21
47,50,2,0,5
47,51,2,0,18
47,52,2,0,8
47,53,2,0,8
47,54,2,0,5
47,55,2,0,16
47,56,2,3,4
47,57,2,3,3
47,58,3,0,7
47,59,3,0,3
47,60,3,0,14
47,61,3,0,24
47,62,3,0,3
48,0,3,0,5
48,1,3,0,8
48,2,3,0,2
48,3,3,0,21
48,4,2,3,7
48,5,2,3,20
48,6,2,0,2
48,7,2,0,2
48,8,2,0,7
48,9,2,0,20
48,10,2,0,13
48,11,2,3,15
48,12,3,0,10
48,13,3,0,14
48,14,3,0,16
48,15,3,0,4
48,16,3,0,7
48,17,3,0,4
48,18,3,0,11
48,19,3,0,6
48,20,3,0,3
48,21,3,0,15
48,22,3,0,18
48,23,3,0,0
48,24,3,0,23
48,25,3,0,15
48,26,3,0,3
48,27,3,0,6
48,28,2,3,24
48,29,2,0,23
48,30,2,0,0
48,31,2,0,1
48,32,2,0,12
48,33,3,0,15
48,34,2,3,6
48,35,2,0,1
48,36,2,0,2
48,37,2,0,0
48,38,2,3,0
48,39,3,0,19
48,40,3,0,21
48,41,3,0,15
48,42,3,0,21
48,43,2,3,24
48,44,2,0,9
48,45,2,0,1
48,46,2,0,23
48,47,2,0,24
48,48,2,0,1
48,49,2,0,22
48,50,2,0,8
48,51,2,0,7
48,52,2,0,4
48,53,2,0,19
48,54,2,0,18
48,55,2,0,14
48,56,2,0,20
48,57,2,3,18
48,58,3,0,6
48,59,3,0,18
48,60,3,0,5
48,61,3,0,1
48,62,3,0,1
49,0,3,0,9
49,1,3,0,20
49,2,3,0,21
49,3,3,0,14
49,4,2,3,8
49,5,2,3,7
49,6,2,0,13
49,7,2,0,16
49,8,2,0,10
49,9,2,3,20
49,10,2,3,5
49,11,3,0,10
49,12,3,0,14
49,13,3,0,12
49,14,3,0,6
49,15,3,0,15
49,16,3,0,9
49,17,3,0,23
49,18,3,0,0
49,19,3,0,9
49,20,3,0,19
49,21,3,0,12
49,22,3,0,8
49,23,3,0,13
49,24,3,0,18
49,25,3,0,20
49,26,2,3,16
49,27,2,3,9
49,28,2,0,20
49,29,2,0,3
49,30,2,0,17
49,31,2,0,19
49,32,2,3,18
49,33,3,0,1
49,34,2,3,24
49,35,2,0,20
49,36,2,0,3
49,37,2,0,21
49,38,2,3,3
49,39,3,0,14
49,40,3,0,18
49,41,3,0,18
49,42,2,3,11
49,43,2,0,24
49,44,2,3,20
49,45,2,3,20
49,46,2,0,2
49,47,2,0,13
49,48,2,0,10
49,49,2,0,0
49,50,2,0,3
49,51,2,0,0
49,52,2,0,24
49,53,2,0,20
49,54,2,0,24
49,55,2,0,20
49,56,2,3,0
49,57,3,0,22
49,58,3,0,3
49,59,3,0,13
49,60,3,0,23
49,61,3,0,8
49,62,3,0,21
50,0,3,0,5
50,1,3,0,24
50,2,3,0,5
50,3,3,0,2
50,4,3,0,14
50,5,2,3,7
50,6,2,3,20
50,7,2,0,1
50,8,2,3,15
50,9,2,3,8
50,10,3,0,21
50,11,3,0,17
50,12,3,0,16
50,13,3,0,13
50,14,3,0,17
50,15,3,0,7
50,16,3,0,18
50,17,3,0,22
50,18,3,0,1
50,19,3,0,20
50,20,3,0,9
50,21,3,0,18
50,22,3,0,11
50,23,2,3,16
50,24,2,3,16
50,25,2,3,14
50,26,2,3,4
50,27,2,0,15
50,28,2,0,15
50,29,2,0,20
50,30,2,0,23
50,31,2,3,5
50,32,3,0,12
50,33,2,3,6
50,34,2,0,16
50,35,2,0,12
50,36,2,0,24
50,37,2,0,11
50,38,2,3,3
50,39,3,0,10
50,40,3,0,7
50,41,2,3,9
50,42,2,0,15
50,43,2,3,10
50,44,2,3,8
50,45,2,3,22
50,46,2,0,6
50,47,2,0,1
50,48,2,0,5
50,49,2,0,14
50,50,2,0,22
50,51,2,0,2
50,52,2,0,8
50,53,2,0,15
50,54,2,0,21
50,55,2,0,9
50,56,2,3,2
50,57,3,0,15
50,58,3,0,22
50,59,3,0,1
50,60,3,0,16
50,61,3,0,22
50,62,3,0,6
51,0,3,0,1
51,1,3,0,5
51,2,3,0,22
51,3,3,0,9
51,4,3,0,7
51,5,2,3,8
51,6,2,3,7
51,7,2,3,10
51,8,3,0,20
51,9,3,0,20
51,10,3,0,6
51,11,3,0,15
51,12,3,0,21
51,13,3,0,16
51,14,3,0,5
51,15,3,0,8
51,16,3,0,19
51,17,3,0,4
51,18,3,0,1
51,19,3,0,21
51,20,3,0,2
51,21,2,3,16
51,22,2,3,9
51,23,2,3,4
51,24,2,3,4
51,25,2,0,4
51,26,2,0,15
51,27,2,0,0
51,28,2,0,4
51,29,2,0,2
51,30,2,0,4
51,31,3,0,20
51,32,3,0,1
51,33,2,3,22
51,34,2,0,12
51,35,2,0,20
51,36,2,0,10
51,37,2,0,19
51,38,2,3,17
51,39,2,3,16
51,40,2,3,9
51,41,2,0,8
51,42,2,3,13
51,43,3,0,5
51,44,3,0,17
51,45,2,3,24
51,46,2,0,5
51,47,2,0,15
51,48,2,0,13
51,49,2,0,22
51,50,2,0,13
51,51,2,0,23
51,52,2,0,9
51,53,2,0,0
51,54,2,0,10
51,55,2,0,22
51,56,2,3,3
51,57,3,0,11
51,58,3,0,18
51,59,3,0,13
51,60,3,0,14
51,61,3,0,24
51,62,3,0,4
52,0,3,0,15
52,1,3,0,12
52,2,3,0,23
52,3,3,0,6
52,4,3,0,5
52,5,3,0,24
52,6,2,3,8
52,7,3,0,6
52,8,3,0,10
52,9,3,0,12
52,10,3,0,0
52,11,3,0,0
52,12,3,0,12
52,13,3,0,11
52,14,3,0,8
52,15,3,0,9
52,16,3,0,22
52,17,3,0,19
52,18,3,0,13
52,19,3,0,4
52,20,2,3,9
52,21,2,3,4
52,22,2,0,6
52,23,2,0,9
52,24,2,0,13
52,25,2,0,4
52,26,2,0,21
52,27,2,0,14
52,28,2,0,7
52,29,2,0,20
52,30,2,3,2
52,31,3,0,10
52,32,3,0,21
52,33,2,3,24
52,34,2,0,23
52,35,2,0,15
52,36,2,0,10
52,37,2,0,20
52,38,2,3,4
52,39,2,3,4
52,40,2,0,5
52,41,2,3,0
52,42,3,0,22
52,43,3,0,19
52,44,2,3,6
52,45,2,0,4
52,46,2,0,17
52,47,2,0,18
52,48,2,0,1
52,49,2,0,13
52,50,2,0,4
52,51,2,0,0
52,52,2,0,8
52,53,2,0,3
52,54,2,0,10
52,55,2,0,0
52,56,2,3,18
52,57,3,0,7
52,58,3,0,13
52,59,3,0,18
52,60,3,0,19
52,61,3,0,6
52,62,3,0,19
53,0,3,0,4
53,1,3,0,21
53,2,3,0,16
53,3,3,0,11
53,4,3,0,21
53,5,3,0,21
53,6,3,0,6
53,7,3,0,15
53,8,3,0,20
53,9,3,0,10
53,10,3,0,21
53,11,3,0,8
53,12,3,0,9
53,13,3,0,8
53,14,3,0,14
53,15,3,0,4
53,16,3,0,6
53,17,3,0,24
53,18,2,3,16
53,19,2,3,14
53,20,2,0,24
53,21,2,0,9
53,22,2,0,24
53,23,2,0,9
53,24,2,0,14
53,25,2,0,17
53,26,2,0,21
53,27,2,0,14
53,28,2,0,17
53,29,2,0,7
53,30,2,3,2
53,31,2,3,16
53,32,2,3,9
53,33,2,0,22
53,34,2,0,19
53,35,2,0,19
53,36,2,0,3
53,37,2,0,14
53,38,2,0,6
53,39,2,0,8
53,40,2,0,6
53,41,2,3,18
53,42,3,0,19
53,43,3,0,20
53,44,2,3,7
53,45,2,0,1
53,46,2,0,1
53,47,2,0,10
53,48,2,0,10
53,49,2,0,15
53,50,2,0,8
53,51,2,0,23
53,52,2,0,21
53,53,2,0,17
53,54,2,0,14
53,55,2,3,0
53,56,3,0,1
53,57,3,0,7
53,58,3,0,3
53,59,3,0,15
53,60,3,0,14
53,61,3,0,6
53,62,3,0,24
54,0,3,0,17
54,1,3,0,9
54,2,3,0,20
54,3,3,0,2
54,4,3,0,11
54,5,3,0,15
54,6,3,0,14
54,7,3,0,12
54,8,3,0,8
54,9,3,0,3
54,10,3,0,6
54,11,3,0,6
54,12,3,0,21
54,13,3,0,3
54,14,3,0,4
54,15,2,3,16
54,16,2,3,16
54,17,2,3,19
54,18,2,3,4
54,19,2,0,24
54,20,2,0,7
54,21,2,0,2
54,22,2,0,16
54,23,2,0,4
54,24,2,0,3
54,25,2,0,20
54,26,2,0,0
54,27,2,0,4
54,28,2,3,20
54,29,2,0,3
54,30,2,3,4
54,31,2,3,4
54,32,2,0,7
54,33,2,0,19
54,34,2,0,24
54,35,2,0,7
54,36,2,0,10
54,37,2,0,19
54,38,2,0,19
54,39,2,0,12
54,40,2,3,10
54,41,3,0,14
54,42,3,0,7
54,43,3,0,17
54,44,2,3,7
54,45,2,0,7
54,46,2,0,1
54,47,2,0,12
54,48,2,0,20
54,49,2,0,4
54,50,2,0,21
54,51,2,0,22
54,52,2,0,6
54,53,2,0,11
54,54,2,0,18
54,55,2,3,18
54,56,3,0,7
54,57,3,0,16
54,58,3,0,16
54,59,3,0,9
54,60,3,0,1
54,61,3,0,11
54,62,3,0,17
55,0,3,0,3
55,1,3,0,8
55,2,3,0,24
55,3,3,0,4
55,4,3,0,5
55,5,3,0,8
55,6,3,0,21
55,7,3,0,9
55,8,3,0,17
55,9,3,0,5
55,10,3,0,9
55,11,3,0,11
55,12,3,0,22
55,13,3,0,22
55,14,2,3,19
55,15,2,3,4
55,16,2,3,4
55,17,2,0,24
55,18,2,0,23
55,19,2,0,12
55,20,2,0,14
55,21,2,0,12
55,22,2,0,5
55,23,2,0,18
55,24,2,0,7
55,25,2,0,17
55,26,2,0,12
55,27,2,3,15
55,28,2,3,7
55,29,2,0,14
55,30,2,0,14
55,31,2,0,16
55,32,2,0,9
55,33,2,0,0
55,34,2,0,14
55,35,2,3,20
55,36,2,0,10
55,37,2,0,13
55,38,2,0,6
55,39,2,3,0
55,40,3,0,23
55,41,3,0,10
55,42,3,0,21
55,43,3,0,20
55,44,2,3,24
55,45,2,0,2
55,46,2,0,1
55,47,2,0,7
55,48,2,3,20
55,49,2,0,3
55,50,2,0,14
55,51,2,0,17
55,52,2,0,11
55,53,2,0,14
55,54,2,3,0
55,55,3,0,2
55,56,3,0,0
55,57,3,0,22
55,58,3,0,1
55,59,3,0,19
55,60,3,0,6
55,61,3,0,19
55,62,3,0,3
56,0,3,0,2
56,1,3,0,21
56,2,3,0,12
56,3,3,0,21
56,4,3,0,22
56,5,3,0,5
56,6,3,0,1
56,7,3,0,9
56,8,3,0,9
56,9,3,0,1
56,10,3,0,17
56,11,3,0,16
56,12,3,0,10
56,13,2,3,19
56,14,2,0,13
56,15,2,0,4
56,16,2,0,3
56,17,2,0,2
56,18,2,0,14
56,19,2,0,6
56,20,2,0,23
56,21,2,0,2
56,22,2,0,1
56,23,2,0,1
56,24,2,0,16
56,25,2,0,24
56,26,2,3,0
56,27,3,0,3
56,28,2,3,24
56,29,2,0,5
56,30,2,0,13
56,31,2,0,10
56,32,2,0,1
56,33,2,0,8
56,34,2,3,13
56,35,2,3,23
56,36,2,0,18
56,37,2,0,20
56,38,2,0,17
56,39,2,3,18
56,40,3,0,4
56,41,3,0,2
56,42,3,0,8
56,43,2,3,14
56,44,2,0,13
56,45,2,0,12
56,46,2,0,16
56,47,2,3,10
56,48,2,3,23
56,49,2,0,4
56,50,2,0,15
56,51,2,3,20
56,52,2,0,22
56,53,2,0,15
56,54,2,3,1
56,55,3,0,3
56,56,3,0,9
56,57,3,0,21
56,58,3,0,24
56,59,3,0,6
56,60,3,0,12
56,61,3,0,10
56,62,3,0,16
57,0,3,0,0
57,1,3,0,1
57,2,3,0,7
57,3,3,0,10
57,4,3,0,20
57,5,3,0,0
57,6,3,0,23
57,7,3,0,19
57,8,3,0,17
57,9,3,0,3
57,10,3,0,6
57,11,3,0,19
57,12,2,3,6
57,13,2,0,15
57,14,2,0,4
57,15,2,0,0
57,16,2,0,20
57,17,2,0,2
57,18,2,0,22
57,19,2,0,1
57,20,2,0,1
57,21,2,0,15
57,22,2,0,23
57,23,2,0,24
57,24,2,0,0
57,25,2,0,9
57,26,2,3,17
57,27,2,3,14
57,28,2,0,8
57,29,2,0,13
57,30,2,0,18
57,31,2,0,1
57,32,2,0,21
57,33,2,3,0
57,34,3,0,7
57,35,2,3,24
57,36,2,0,13
57,37,2,0,5
57,38,2,3,0
57,39,3,0,15
57,40,3,0,17
57,41,3,0,9
57,42,2,3,6
57,43,2,0,10
57,44,2,0,1
57,45,2,0,12
57,46,2,3,0
57,47,3,0,2
57,48,2,3,7
57,49,2,3,20
57,50,2,3,13
57,51,2,3,23
57,52,2,0,6
57,53,2,0,12
57,54,2,3,2
57,55,3,0,6
57,56,3,0,2
57,57,3,0,5
57,58,3,0,5
57,59,3,0,21
57,60,3,0,19
57,61,3,0,1
57,62,3,0,11
58,0,3,0,10
58,1,3,0,10
58,2,3,0,21
58,3,3,0,1
58,4,3,0,18
58,5,3,0,5
58,6,3,0,10
58,7,3,0,12
58,8,3,0,9
58,9,3,0,12
58,10,3,0,1
58,11,3,0,20
58,12,2,3,24
58,13,2,0,18
58,14,2,0,18
58,15,2,0,9
58,16,2,0,16
58,17,2,0,8
58,18,2,0,23
58,19,2,0,10
58,20,2,0,1
58,21,2,0,18
58,22,2,0,17
58,23,2,0,20
58,24,2,0,12
58,25,2,0,0
58,26,2,3,4
58,27,2,0,5
58,28,2,0,5
58,29,2,0,2
58,30,2,0,3
58,31,2,0,11
58,32,2,0,2
58,33,2,3,18
58,34,2,3,6
58,35,2,0,18
58,36,2,0,19
58,37,2,0,12
58,38,2,3,3
58,39,2,3,16
58,40,3,0,13
58,41,3,0,12
58,42,2,3,24
58,43,2,0,1
58,44,2,0,7
58,45,2,0,23
58,46,2,3,18
58,47,3,0,10
58,48,2,3,8
58,49,2,3,8
58,50,3,0,5
58,51,2,3,22
58,52,2,0,4
58,53,2,0,16
58,54,2,3,2
58,55,3,0,3
58,56,3,0,2
58,57,3,0,0
58,58,3,0,24
58,59,3,0,13
58,60,3,0,1
58,61,3,0,7
58,62,3,0,1
59,0,3,0,24
59,1,3,0,9
59,2,3,0,5
59,3,3,0,20
59,4,3,0,1
59,5,3,0,11
59,6,3,0,20
59,7,3,0,24
59,8,3,0,4
59,9,3,0,8
59,10,3,0,17
59,11,2,3,6
59,12,2,0,19
59,13,2,0,9
59,14,2,0,2
59,15,2,0,19
59,16,2,0,10
59,17,2,0,14
59,18,2,0,12
59,19,2,0,21
59,20,2,0,7
59,21,2,0,22
59,22,2,0,19
59,23,2,3,20
59,24,2,0,10
59,25,2,0,5
59,26,2,0,5
59,27,2,0,2
59,28,2,0,8
59,29,2,0,8
59,30,2,0,11
59,31,2,0,23
59,32,2,3,0
59,33,3,0,11
59,34,2,3,24
59,35,2,0,23
59,36,2,0,6
59,37,2,0,24
59,38,2,3,4
59,39,2,3,1
59,40,3,0,11
59,41,2,3,19
59,42,2,0,20
59,43,2,3,20
59,44,2,0,13
59,45,2,3,0
59,46,3,0,17
59,47,3,0,13
59,48,3,0,2
59,49,3,0,8
59,50,3,0,2
59,51,2,3,24
59,52,2,0,19
59,53,2,0,5
59,54,2,3,18
59,55,3,0,3
59,56,3,0,9
59,57,3,0,21
59,58,3,0,23
59,59,3,0,5
59,60,3,0,16
59,61,3,0,19
59,62,3,0,15
60,0,3,0,24
60,1,3,0,15
60,2,3,0,20
60,3,3,0,5
60,4,3,0,22
60,5,3,0,24
60,6,3,0,11
60,7,3,0,2
60,8,3,0,17
60,9,3,0,14
60,10,3,0,16
60,11,2,3,24
60,12,2,0,22
60,13,2,0,7
60,14,2,0,0
60,15,2,0,22
60,16,2,0,2
60,17,2,0,16
60,18,2,0,16
60,19,2,0,10
60,20,2,0,15
60,21,2,0,3
60,22,2,3,5
60,23,2,3,7
60,24,2,0,13
60,25,2,0,15
60,26,2,0,19
60,27,2,0,6
60,28,2,0,18
60,29,2,0,4
60,30,2,0,0
60,31,2,0,21
60,32,2,3,18
60,33,2,3,6
60,34,2,0,7
60,35,2,0,16
60,36,2,0,0
60,37,2,0,17
60,38,2,0,7
60,39,2,3,17
60,40,2,3,14
60,41,2,0,16
60,42,2,3,13
60,43,2,3,22
60,44,2,0,9
60,45,2,3,17
60,46,3,0,20
60,47,3,0,24
60,48,3,0,4
60,49,3,0,23
60,50,2,3,9
60,51,2,0,20
60,52,2,0,12
60,53,2,3,0
60,54,3,0,22
60,55,3,0,4
60,56,3,0,14
60,57,3,0,8
60,58,3,0,2
60,59,3,0,8
60,60,3,0,22
60,61,3,0,13
60,62,3,0,16
61,0,3,0,14
61,1,3,0,7
61,2,3,0,13
61,3,3,0,20
61,4,3,0,6
61,5,3,0,10
61,6,3,0,2
61,7,3,0,3
61,8,3,0,18
61,9,3,0,10
61,10,2,3,6
61,11,2,0,11
61,12,2,0,7
61,13,2,0,24
61,14,2,0,14
61,15,2,0,12
61,16,2,0,4
61,17,2,0,23
61,18,2,0,22
61,19,2,0,23
61,20,2,0,6
61,21,2,3,5
61,22,3,0,5
61,23,2,3,22
61,24,2,0,17
61,25,2,0,20
61,26,2,0,17
61,27,2,0,9
61,28,2,0,22
61,29,2,0,24
61,30,2,0,7
61,31,2,3,13
61,32,3,0,4
61,33,2,3,24
61,34,2,0,11
61,35,2,0,24
61,36,2,0,20
61,37,2,0,0
61,38,2,0,12
61,39,2,3,4
61,40,2,0,22
61,41,2,3,0
61,42,3,0,17
61,43,2,3,24
61,44,2,0,3
61,45,2,3,1
61,46,3,0,20
61,47,3,0,19
61,48,3,0,12
61,49,2,3,19
61,50,2,0,15
61,51,2,0,8
61,52,2,0,0
61,53,2,3,18
61,54,3,0,4
61,55,3,0,5
61,56,3,0,1
61,57,3,0,5
61,58,3,0,4
61,59,3,0,13
61,60,3,0,17
61,61,3,0,10
61,62,3,0,2
62,0,3,0,20
62,1,3,0,20
62,2,3,0,7
62,3,3,0,0
62,4,3,0,9
62,5,3,0,0
62,6,3,0,18
62,7,3,0,13
62,8,3,0,1
62,9,3,0,12
62,10,2,3,24
62,11,2,0,9
62,12,2,0,4
62,13,2,0,8
62,14,2,0,23
62,15,2,0,8
62,16,2,0,8
62,17,2,0,14
62,18,2,0,23
62,19,2,0,11
62,20,2,3,0
62,21,3,0,6
62,22,3,0,15
62,23,2,3,24
62,24,2,0,18
62,25,2,0,11
62,26,2,0,9
62,27,2,0,23
62,28,2,0,9
62,29,2,3,20
62,30,2,3,13
62,31,3,0,8
62,32,2,3,19
62,33,2,0,13
62,34,2,0,0
62,35,2,0,22
62,36,2,0,3
62,37,2,0,6
62,38,2,0,8
62,39,2,0,20
62,40,2,0,21
62,41,2,3,18
62,42,2,3,6
62,43,2,0,23
62,44,2,0,16
62,45,2,3,2
62,46,2,3,16
62,47,3,0,0
62,48,2,3,9
62,49,2,0,0
62,50,2,0,20
62,51,2,0,6
62,52,2,3,0
62,53,3,0,6
62,54,3,0,20
62,55,3,0,9
62,56,3,0,5
62,57,3,0,24
62,58,3,0,17
62,59,3,0,9
62,60,3,0,15
62,61,3,0,19
62,62,3,0,7
63,0,3,0,21
63,1,3,0,8
63,2,3,0,13
63,3,3,0,23
63,4,3,0,14
63,5,3,0,14
63,6,3,0,6
63,7,3,0,0
63,8,3,0,8
63,9,2,3,19
63,10,2,0,22
63,11,2,0,5
63,12,2,0,24
63,13,2,0,9
63,14,2,0,12
63,15,2,0,9
63,16,2,0,6
63,17,2,0,16
63,18,2,0,0
63,19,2,0,22
63,20,2,3,18
63,21,3,0,13
63,22,2,3,6
63,23,2,0,4
63,24,2,0,8
63,25,2,0,17
63,26,2,0,16
63,27,2,0,18
63,28,2,3,5
63,29,2,3,8
63,30,3,0,12
63,31,2,3,6
63,32,2,0,17
63,33,2,0,2
63,34,2,0,3
63,35,2,0,2
63,36,2,0,5
63,37,2,0,10
63,38,2,0,19
63,39,2,0,2
63,40,2,3,15
63,41,3,0,10
63,42,2,3,23
63,43,2,0,9
63,44,2,0,21
63,45,2,3,4
63,46,2,3,3
63,47,2,3,11
63,48,2,0,19
63,49,2,0,1
63,50,2,0,20
63,51,2,0,5
63,52,2,3,18
63,53,3,0,11
63,54,3,0,15
63,55,3,0,15
63,56,3,0,14
63,57,3,0,13
63,58,3,0,23
63,59,3,0,21
63,60,3,0,8
63,61,3,0,2
63,62,3,0,9
64,0,3,0,2
64,1,3,0,3
64,2,3,0,16
64,3,3,0,17
64,4,3,0,18
64,5,3,0,5
64,6,3,0,24
64,7,3,0,16
64,8,2,3,19
64,9,2,0,2
64,10,2,0,15
64,11,2,0,6
64,12,2,0,23
64,13,2,0,23
64,14,2,0,15
64,15,2,0,18
64,16,2,0,4
64,17,2,0,6
64,18,2,0,17
64,19,2,3,10
64,20,3,0,10
64,21,3,0,12
64,22,2,3,24
64,23,2,0,3
64,24,2,0,12
64,25,2,0,8
64,26,2,0,15
64,27,2,3,0
64,28,3,0,19
64,29,3,0,0
64,30,3,0,17
64,31,2,3,24
64,32,2,0,9
64,33,2,0,24
64,34,2,0,13
64,35,2,0,4
64,36,2,0,10
64,37,2,0,1
64,38,2,0,18
64,39,2,3,10
64,40,3,0,22
64,41,3,0,5
64,42,2,3,7
64,43,2,0,15
64,44,2,0,0
64,45,2,0,8
64,46,2,3,4
64,47,2,0,19
64,48,2,0,1
64,49,2,0,1
64,50,2,0,14
64,51,2,3,0
64,52,3,0,5
64,53,3,0,3
64,54,3,0,24
64,55,3,0,18
64,56,3,0,0
64,57,3,0,16
64,58,3,0,16
64,59,3,0,14
64,60,3,0,4
64,61,3,0,9
64,62,3,0,5
