0,0,5,0,11
0,1,5,0,7
0,2,5,0,15
0,3,5,0,14
0,4,5,0,13
0,5,5,0,15
0,6,4,10,0
0,7,10,0,9
0,8,10,0,21
0,9,10,0,23
0,10,10,0,21
0,11,4,10,24
0,12,1,4,6
0,13,1,4,4
0,14,1,4,4
0,15,1,4,4
0,16,1,4,1
0,17,1,4,6
0,18,1,0,8
0,19,1,0,21
0,20,1,0,6
0,21,1,0,5
0,22,1,0,22
0,23,1,0,22
0,24,1,0,24
0,25,1,4,1
0,26,4,0,12
0,27,5,4,21
0,28,5,0,2
0,29,5,0,8
0,30,5,4,0
0,31,4,0,23
0,32,5,4,19
0,33,5,4,2
0,34,4,6,18
0,35,6,0,0
0,36,4,6,24
0,37,1,0,23
0,38,1,4,3
0,39,4,0,4
0,40,4,0,8
0,41,4,0,8
0,42,4,10,0
0,43,10,0,6
0,44,10,0,17
0,45,10,0,23
0,46,10,0,8
0,47,10,0,20
0,48,4,10,24
0,49,4,0,24
0,50,4,0,21
0,51,5,4,6
0,52,5,0,7
0,53,5,0,9
0,54,5,0,5
0,55,5,0,10
0,56,5,0,4
0,57,5,0,4
0,58,5,0,22
0,59,5,0,23
1,0,5,0,16
1,1,5,0,7
1,2,5,0,8
1,3,5,0,3
1,4,5,0,20
1,5,5,0,12
1,6,4,10,17
1,7,10,0,12
1,8,4,10,16
1,9,4,10,16
1,10,4,10,9
1,11,4,0,19
1,12,1,4,24
1,13,1,0,15
1,14,1,0,21
1,15,1,0,3
1,16,1,4,18
1,17,1,4,24
1,18,1,0,24
1,19,1,0,5
1,20,1,0,14
1,21,1,0,4
1,22,1,0,2
1,23,1,0,17
1,24,1,0,3
1,25,1,4,18
1,26,4,0,0
1,27,5,4,22
1,28,5,4,20
1,29,5,0,17
1,30,5,4,18
1,31,5,4,6
1,32,5,0,11
1,33,4,6,5
1,34,6,0,17
1,35,4,6,6
1,36,1,4,22
1,37,1,0,21
1,38,1,4,18
1,39,4,0,22
1,40,4,0,3
1,41,4,0,15
1,42,4,10,17
1,43,4,10,16
1,44,4,10,16
1,45,4,10,16
1,46,10,0,24
1,47,4,10,6
1,48,4,0,6
1,49,4,0,1
1,50,4,0,0
1,51,5,4,24
1,52,5,0,18
1,53,5,0,22
1,54,5,0,7
1,55,5,0,5
1,56,5,0,21
1,57,5,0,3
1,58,5,0,10
2,0,5,0,18
2,1,5,0,17
2,2,5,0,11
2,3,5,0,4
2,4,5,0,14
2,5,5,4,0
2,6,4,10,17
2,7,4,10,9
2,8,4,10,4
2,9,4,10,4
2,10,4,0,15
2,11,1,4,11
2,12,1,4,20
2,13,1,0,16
2,14,1,0,15
2,15,1,4,0
2,16,1,4,19
2,17,1,0,21
2,18,1,0,18
2,19,1,0,18
2,20,1,0,24
2,21,1,0,22
2,22,1,0,5
2,23,1,0,12
2,24,1,4,0
2,25,4,0,4
2,26,4,0,6
2,27,5,4,8
2,28,5,4,7
2,29,5,4,13
2,30,4,0,15
2,31,4,6,20
2,32,4,6,5
2,33,6,0,13
2,34,6,0,3
2,35,4,6,24
2,36,1,4,24
2,37,1,4,0
2,38,4,0,15
2,39,4,0,10
2,40,4,0,8
2,41,4,0,5
2,42,4,10,4
2,43,4,10,4
2,44,4,10,4
2,45,4,10,3
2,46,10,0,6
2,47,4,10,22
2,48,4,0,7
2,49,4,0,6
2,50,5,4,6
2,51,5,0,21
2,52,5,0,4
2,53,5,0,18
2,54,5,0,22
2,55,5,0,6
2,56,5,0,19
2,57,5,0,11
2,58,5,0,23
3,0,5,0,16
3,1,5,0,18
3,2,5,0,7
3,3,5,0,2
3,4,5,0,11
3,5,5,4,17
3,6,4,10,4
3,7,4,0,19
3,8,4,0,6
3,9,4,0,6
3,10,1,4,19
3,11,1,4,8
3,12,1,4,22
3,13,1,4,20
3,14,1,0,1
3,15,1,4,1
3,16,1,0,14
3,17,1,4,20
3,18,1,4,20
3,19,1,4,20
3,20,1,4,20
3,21,1,4,20
3,22,1,4,20
3,23,1,0,23
3,24,1,4,18
3,25,4,0,4
3,26,4,0,9
3,27,4,0,13
3,28,1,4,16
3,29,4,0,6
3,30,4,6,13
3,31,4,6,8
3,32,6,0,3
3,33,4,6,16
3,34,4,6,19
3,35,1,4,6
3,36,1,0,6
3,37,1,4,1
3,38,4,0,6
3,39,4,0,12
3,40,4,0,10
3,41,4,0,20
3,42,4,0,3
3,43,4,0,19
3,44,4,0,3
3,45,4,10,18
3,46,10,0,1
3,47,4,10,24
3,48,4,0,6
3,49,4,0,3
3,50,5,4,24
3,51,5,0,8
3,52,5,0,8
3,53,5,0,23
3,54,5,0,11
3,55,5,0,1
3,56,5,0,15
3,57,5,0,13
3,58,5,0,22
4,0,5,4,20
4,1,4,10,20
4,2,5,4,20
4,3,5,0,0
4,4,5,0,21
4,5,5,4,4
4,6,5,4,18
4,7,4,0,12
4,8,4,0,24
4,9,1,4,6
4,10,1,0,13
4,11,1,4,18
4,12,1,4,8
4,13,1,4,23
4,14,1,0,1
4,15,1,4,17
4,16,1,4,16
4,17,1,4,8
4,18,1,4,8
4,19,1,4,8
4,20,1,4,8
4,21,1,4,8
4,22,1,4,7
4,23,1,4,13
4,24,4,0,19
4,25,4,0,17
4,26,4,0,21
4,27,1,4,9
4,28,1,4,1
4,29,4,6,13
4,30,6,0,24
4,31,6,0,1
4,32,4,6,6
4,33,4,6,4
4,34,4,0,9
4,35,1,4,24
4,36,1,0,19
4,37,1,4,18
4,38,4,0,10
4,39,4,0,3
4,40,4,0,1
4,41,4,0,3
4,42,4,0,20
4,43,4,0,6
4,44,4,10,0
4,45,10,0,17
4,46,4,10,6
4,47,4,0,15
4,48,4,0,22
4,49,5,4,6
4,50,5,0,16
4,51,5,0,15
4,52,5,0,5
4,53,5,0,12
4,54,5,0,8
4,55,5,0,12
4,56,5,0,22
4,57,5,0,4
4,58,5,0,17
5,0,4,10,15
5,1,4,10,22
5,2,5,4,24
5,3,5,0,12
5,4,5,0,5
5,5,5,4,0
5,6,4,0,2
5,7,4,0,4
5,8,4,0,18
5,9,1,4,24
5,10,1,4,0
5,11,4,0,17
5,12,4,0,1
5,13,1,4,22
5,14,1,0,19
5,15,1,4,4
5,16,1,4,1
5,17,4,0,24
5,18,4,0,13
5,19,4,10,20
5,20,4,0,2
5,21,4,0,16
5,22,1,4,8
5,23,4,0,8
5,24,4,0,15
5,25,4,0,22
5,26,1,4,6
5,27,1,0,9
5,28,4,6,0
5,29,6,0,4
5,30,6,0,21
5,31,6,0,10
5,32,4,6,24
5,33,4,0,23
5,34,1,4,6
5,35,1,0,20
5,36,1,4,0
5,37,4,0,10
5,38,4,0,24
5,39,4,0,12
5,40,4,0,5
5,41,4,0,24
5,42,4,0,19
5,43,4,0,11
5,44,4,10,18
5,45,10,0,19
5,46,4,10,24
5,47,4,0,21
5,48,4,0,11
5,49,5,4,24
5,50,5,0,3
5,51,5,0,13
5,52,5,0,11
5,53,5,0,23
5,54,5,0,15
5,55,5,0,22
5,56,5,0,7
5,57,5,0,1
5,58,5,0,13
6,0,10,0,9
6,1,4,10,24
6,2,5,0,12
6,3,5,0,13
6,4,5,0,10
6,5,5,4,17
6,6,4,0,1
6,7,4,0,1
6,8,1,4,6
6,9,1,0,1
6,10,1,4,18
6,11,4,0,22
6,12,1,4,14
6,13,1,4,21
6,14,1,0,4
6,15,1,0,3
6,16,1,4,17
6,17,4,0,9
6,18,4,10,5
6,19,4,10,22
6,20,4,10,20
6,21,4,0,11
6,22,4,0,4
6,23,4,0,17
6,24,4,0,11
6,25,4,0,15
6,26,1,4,24
6,27,1,4,0
6,28,4,6,3
6,29,4,6,16
6,30,6,0,23
6,31,4,6,6
6,32,4,0,22
6,33,4,0,19
6,34,1,4,24
6,35,1,0,14
6,36,1,4,18
6,37,4,0,11
6,38,4,0,1
6,39,4,0,11
6,40,4,0,15
6,41,4,0,8
6,42,4,0,5
6,43,4,10,0
6,44,10,0,13
6,45,4,10,14
6,46,4,0,21
6,47,4,0,6
6,48,5,4,6
6,49,5,0,11
6,50,5,0,17
6,51,5,0,9
6,52,5,0,3
6,53,5,0,14
6,54,5,0,7
6,55,5,0,7
6,56,5,0,16
6,57,5,0,3
6,58,5,0,21
7,0,4,10,9
7,1,5,4,24
7,2,5,0,16
7,3,5,0,1
7,4,5,0,13
7,5,5,4,17
7,6,4,0,9
7,7,4,0,15
7,8,1,4,24
7,9,1,4,0
7,10,4,0,3
7,11,1,4,9
7,12,1,0,1
7,13,1,4,21
7,14,1,0,13
7,15,1,0,1
7,16,1,4,18
7,17,4,10,0
7,18,10,0,16
7,19,4,10,8
7,20,4,10,23
7,21,4,10,20
7,22,4,0,12
7,23,4,0,8
7,24,4,0,21
7,25,1,4,6
7,26,1,0,24
7,27,1,4,17
7,28,4,6,4
7,29,4,6,1
7,30,6,0,17
7,31,4,6,22
7,32,4,0,11
7,33,1,4,6
7,34,1,0,3
7,35,1,4,0
7,36,4,0,4
7,37,4,0,12
7,38,4,0,22
7,39,4,0,24
7,40,4,0,10
7,41,4,0,12
7,42,4,0,12
7,43,4,10,18
7,44,4,10,6
7,45,4,0,18
7,46,4,0,3
7,47,4,0,23
7,48,5,4,24
7,49,5,0,13
7,50,5,0,8
7,51,5,0,6
7,52,5,0,22
7,53,5,0,24
7,54,5,0,6
7,55,5,0,19
7,56,5,0,2
7,57,5,0,21
7,58,5,0,8
8,0,5,4,6
8,1,5,0,3
8,2,5,0,5
8,3,5,0,13
8,4,5,0,9
8,5,5,4,18
8,6,4,0,8
8,7,1,4,6
8,8,1,0,20
8,9,1,4,18
8,10,1,4,6
8,11,1,0,22
8,12,1,0,4
8,13,1,4,7
8,14,1,4,20
8,15,1,4,15
8,16,4,0,4
8,17,4,10,2
8,18,10,0,19
8,19,10,0,24
8,20,4,10,8
8,21,4,10,22
8,22,4,0,8
8,23,4,0,12
8,24,4,0,0
8,25,1,4,22
8,26,1,0,9
8,27,1,4,18
8,28,4,0,0
8,29,4,6,3
8,30,6,0,7
8,31,4,6,23
8,32,4,0,13
8,33,1,4,24
8,34,1,0,23
8,35,1,4,18
8,36,4,0,15
8,37,4,0,14
8,38,4,0,11
8,39,4,0,15
8,40,4,0,2
8,41,4,0,13
8,42,4,10,0
8,43,10,0,13
8,44,4,10,24
8,45,4,0,4
8,46,4,0,3
8,47,5,4,6
8,48,5,0,20
8,49,5,0,9
8,50,5,0,15
8,51,5,0,4
8,52,5,0,17
8,53,5,0,6
8,54,5,0,17
8,55,5,0,0
8,56,5,0,7
8,57,5,0,24
8,58,5,0,11
9,0,5,4,24
9,1,5,0,19
9,2,5,0,2
9,3,5,0,8
9,4,5,4,0
9,5,4,0,11
9,6,4,0,0
9,7,1,4,24
9,8,1,4,0
9,9,4,0,6
9,10,1,4,23
9,11,1,0,16
9,12,1,4,0
9,13,1,4,8
9,14,1,4,8
9,15,4,0,21
9,16,4,0,7
9,17,4,10,3
9,18,10,0,1
9,19,10,0,13
9,20,10,0,11
9,21,4,10,21
9,22,4,0,16
9,23,4,0,10
9,24,4,0,9
9,25,1,4,24
9,26,1,4,0
9,27,4,0,16
9,28,4,0,7
9,29,4,6,18
9,30,6,0,22
9,31,4,6,24
9,32,1,4,6
9,33,1,0,8
9,34,1,4,0
9,35,4,0,7
9,36,4,6,20
9,37,4,6,20
9,38,4,6,20
9,39,4,0,21
9,40,4,0,2
9,41,4,0,24
9,42,4,10,17
9,43,4,10,9
9,44,4,0,9
9,45,4,0,3
9,46,4,0,1
9,47,5,4,24
9,48,5,0,14
9,49,5,0,13
9,50,5,0,23
9,51,5,0,6
9,52,5,0,7
9,53,5,0,20
9,54,5,0,11
9,55,5,0,0
9,56,5,0,17
9,57,5,0,16
9,58,5,0,17
10,0,5,0,12
10,1,5,0,7
10,2,5,0,8
10,3,5,0,24
10,4,5,4,18
10,5,4,0,16
10,6,1,4,11
10,7,1,0,12
10,8,1,4,17
10,9,4,0,5
10,10,1,4,24
10,11,1,0,20
10,12,1,4,18
10,13,4,0,13
10,14,1,4,16
10,15,1,4,16
10,16,4,0,15
10,17,4,10,18
10,18,10,0,15
10,19,10,0,18
10,20,10,0,1
10,21,4,10,21
10,22,4,0,10
10,23,4,0,0
10,24,1,4,6
10,25,1,0,14
10,26,1,4,18
10,27,4,0,21
10,28,4,6,0
10,29,6,0,4
10,30,4,6,6
10,31,4,0,7
10,32,1,4,24
10,33,1,0,7
10,34,1,4,18
10,35,4,6,13
10,36,4,6,8
10,37,4,6,8
10,38,4,6,22
10,39,4,0,6
10,40,4,0,5
10,41,4,0,4
10,42,4,10,4
10,43,4,0,21
10,44,4,0,3
10,45,4,0,7
10,46,5,4,6
10,47,5,0,0
10,48,5,0,7
10,49,5,0,19
10,50,5,0,13
10,51,5,0,12
10,52,5,0,9
10,53,5,0,23
10,54,5,0,20
10,55,5,0,14
10,56,5,0,9
10,57,5,0,20
10,58,5,0,14
11,0,5,0,5
11,1,5,0,15
11,2,5,0,22
11,3,5,4,0
11,4,4,0,2
11,5,1,4,9
11,6,1,0,17
11,7,1,0,19
11,8,1,4,18
11,9,1,4,6
11,10,1,0,3
11,11,1,4,0
11,12,4,0,14
11,13,1,4,9
11,14,1,4,4
11,15,1,4,2
11,16,4,10,0
11,17,10,0,14
11,18,10,0,0
11,19,10,0,9
11,20,10,0,19
11,21,4,10,21
11,22,4,0,0
11,23,4,0,9
11,24,1,4,24
11,25,1,4,0
11,26,1,4,16
11,27,1,4,16
11,28,4,6,18
11,29,6,0,9
11,30,4,6,24
11,31,1,4,6
11,32,1,0,14
11,33,1,4,5
11,34,4,6,15
11,35,6,0,9
11,36,6,0,13
11,37,6,0,1
11,38,4,6,24
11,39,4,0,9
11,40,4,0,14
11,41,4,0,4
11,42,4,0,17
11,43,4,0,14
11,44,1,4,16
11,45,4,0,15
11,46,5,4,24
11,47,5,0,6
11,48,5,0,6
11,49,5,0,7
11,50,5,0,23
11,51,5,0,17
11,52,5,0,1
11,53,5,0,13
11,54,5,0,16
11,55,5,0,22
11,56,5,0,17
11,57,5,0,19
11,58,5,0,3
12,0,5,0,13
12,1,5,0,16
12,2,5,0,5
12,3,5,4,18
12,4,1,4,6
12,5,1,0,2
12,6,1,0,22
12,7,1,4,0
12,8,4,0,1
12,9,1,4,23
12,10,1,0,7
12,11,1,4,16
12,12,1,4,19
12,13,1,0,4
12,14,1,0,12
12,15,1,4,18
12,16,4,10,2
12,17,4,10,16
12,18,10,0,1
12,19,10,0,21
12,20,10,0,13
12,21,4,10,24
12,22,4,0,12
12,23,1,4,6
12,24,1,0,11
12,25,1,4,4
12,26,1,4,4
12,27,1,4,2
12,28,6,0,2
12,29,4,6,19
12,30,4,0,14
12,31,1,4,23
12,32,1,4,5
12,33,4,6,0
12,34,6,0,6
12,35,6,0,21
12,36,6,0,4
12,37,4,6,6
12,38,4,0,19
12,39,4,0,21
12,40,4,0,14
12,41,4,0,21
12,42,4,0,16
12,43,1,4,9
12,44,1,4,3
12,45,5,4,6
12,46,5,0,17
12,47,5,0,22
12,48,5,0,8
12,49,5,0,15
12,50,5,0,3
12,51,5,0,8
12,52,5,0,23
12,53,5,0,0
12,54,5,0,12
12,55,5,0,23
12,56,5,0,12
12,57,5,0,9
12,58,5,0,19
13,0,5,0,20
13,1,5,0,24
13,2,5,4,0
13,3,4,0,2
13,4,1,4,7
13,5,1,0,9
13,6,1,0,9
13,7,1,4,18
13,8,4,0,13
13,9,1,4,24
13,10,1,4,9
13,11,1,4,2
13,12,1,0,17
13,13,1,0,8
13,14,1,4,0
13,15,4,0,5
13,16,4,10,4
13,17,4,10,3
13,18,10,0,17
13,19,10,0,6
13,20,4,10,6
13,21,4,0,19
13,22,4,0,0
13,23,1,4,7
13,24,1,0,20
13,25,1,0,23
13,26,1,0,21
13,27,1,4,18
13,28,4,6,14
13,29,4,0,13
13,30,4,0,19
13,31,1,4,8
13,32,4,0,5
13,33,4,6,3
13,34,4,6,16
13,35,6,0,16
13,36,6,0,17
13,37,4,6,24
13,38,4,0,13
13,39,4,0,17
13,40,4,0,13
13,41,4,0,19
13,42,1,4,11
13,43,1,0,18
13,44,1,4,18
13,45,5,4,24
13,46,5,0,8
13,47,5,0,12
13,48,5,0,15
13,49,5,0,24
13,50,5,0,10
13,51,5,0,21
13,52,5,0,18
13,53,5,0,14
13,54,5,0,2
13,55,5,0,15
13,56,5,0,6
13,57,5,0,8
13,58,5,0,20
14,0,5,0,3
14,1,5,0,12
14,2,5,4,18
14,3,4,0,13
14,4,1,4,7
14,5,1,0,10
14,6,1,4,0
14,7,4,0,17
14,8,1,4,6
14,9,1,4,6
14,10,1,0,21
14,11,1,4,18
14,12,1,0,21
14,13,1,0,24
14,14,1,4,18
14,15,4,0,6
14,16,4,0,22
14,17,4,10,18
14,18,10,0,20
14,19,10,0,21
14,20,4,10,24
14,21,4,0,7
14,22,4,0,4
14,23,1,4,24
14,24,1,0,0
14,25,1,0,9
14,26,1,4,5
14,27,4,6,4
14,28,1,4,16
14,29,4,0,4
14,30,4,0,18
14,31,4,10,20
14,32,4,0,5
14,33,4,6,4
14,34,4,6,18
14,35,6,0,17
14,36,4,6,9
14,37,4,0,4
14,38,4,0,9
14,39,4,0,17
14,40,4,0,4
14,41,1,4,11
14,42,1,0,22
14,43,1,4,5
14,44,5,4,9
14,45,5,0,1
14,46,5,0,15
14,47,5,0,0
14,48,5,0,12
14,49,5,0,19
14,50,5,0,2
14,51,5,0,20
14,52,5,0,9
14,53,5,0,19
14,54,5,0,23
14,55,5,0,19
14,56,5,0,0
14,57,5,0,12
14,58,5,0,10
15,0,5,0,15
15,1,5,4,15
15,2,4,0,19
15,3,4,0,15
15,4,1,4,24
15,5,1,0,20
15,6,1,4,3
15,7,4,0,6
15,8,1,4,24
15,9,1,4,23
15,10,1,4,5
15,11,1,0,22
15,12,1,0,18
15,13,1,4,0
15,14,4,0,0
15,15,4,0,16
15,16,4,10,0
15,17,10,0,14
15,18,10,0,24
15,19,4,10,6
15,20,4,0,15
15,21,4,0,3
15,22,1,4,6
15,23,1,0,10
15,24,1,0,7
15,25,1,4,10
15,26,4,0,15
15,27,1,4,14
15,28,1,4,17
15,29,4,0,10
15,30,4,10,13
15,31,4,10,23
15,32,4,0,14
15,33,4,6,0
15,34,6,0,15
15,35,4,6,6
15,36,4,0,7
15,37,4,0,10
15,38,4,0,10
15,39,4,0,5
15,40,1,4,9
15,41,1,0,5
15,42,1,4,10
15,43,5,4,11
15,44,5,0,17
15,45,5,0,11
15,46,5,0,21
15,47,5,0,1
15,48,5,0,1
15,49,5,0,12
15,50,5,0,9
15,51,5,0,6
15,52,5,0,12
15,53,5,0,5
15,54,5,0,0
15,55,5,0,3
15,56,5,0,24
15,57,5,0,19
15,58,5,0,3
16,0,5,4,0
16,1,4,0,10
16,2,4,0,0
16,3,1,4,6
16,4,1,0,15
16,5,1,0,21
16,6,1,4,18
16,7,1,4,6
16,8,1,0,3
16,9,1,4,8
16,10,1,4,24
16,11,1,0,20
16,12,1,0,20
16,13,1,4,18
16,14,4,0,0
16,15,4,0,9
16,16,4,10,18
16,17,10,0,6
16,18,10,0,6
16,19,4,10,24
16,20,4,0,5
16,21,4,0,23
16,22,1,4,24
16,23,1,0,17
16,24,1,4,15
16,25,4,0,24
16,26,1,4,9
16,27,1,0,20
16,28,1,4,18
16,29,4,10,15
16,30,10,0,6
16,31,4,10,24
16,32,4,0,16
16,33,4,6,18
16,34,6,0,16
16,35,4,6,24
16,36,4,0,16
16,37,4,0,19
16,38,4,0,4
16,39,1,4,14
16,40,1,0,12
16,41,1,4,15
16,42,5,4,6
16,43,5,0,18
16,44,5,0,21
16,45,5,0,6
16,46,5,0,24
16,47,5,0,18
16,48,5,0,20
16,49,5,0,11
16,50,5,0,12
16,51,5,0,20
16,52,5,0,8
16,53,5,0,2
16,54,5,0,24
16,55,5,0,23
16,56,5,0,0
16,57,5,0,4
16,58,5,0,14
17,0,5,4,18
17,1,4,0,24
17,2,4,0,4
17,3,1,4,24
17,4,1,0,23
17,5,1,4,0
17,6,4,0,23
17,7,1,4,24
17,8,1,4,0
17,9,1,4,6
17,10,1,0,7
17,11,1,0,9
17,12,1,4,0
17,13,4,0,21
17,14,4,0,21
17,15,4,10,15
17,16,10,0,7
17,17,10,0,14
17,18,4,10,14
17,19,4,0,19
17,20,4,0,24
17,21,1,4,9
17,22,1,0,16
17,23,1,4,10
17,24,4,0,8
17,25,1,4,6
17,26,1,0,14
17,27,1,4,10
17,28,4,10,0
17,29,10,0,12
17,30,4,10,14
17,31,4,6,20
17,32,4,6,5
17,33,6,0,20
17,34,4,6,9
17,35,4,0,22
17,36,4,0,21
17,37,4,0,10
17,38,1,4,6
17,39,1,0,14
17,40,1,4,10
17,41,4,0,4
17,42,5,4,24
17,43,5,0,15
17,44,5,0,4
17,45,5,0,13
17,46,5,0,10
17,47,5,0,23
17,48,5,0,3
17,49,5,0,10
17,50,5,4,20
17,51,5,4,20
17,52,5,4,20
17,53,5,0,21
17,54,5,0,21
17,55,5,0,23
17,56,5,0,9
17,57,5,0,12
17,58,5,0,0
18,0,4,0,9
18,1,4,0,22
18,2,1,4,6
18,3,1,0,20
18,4,1,0,17
18,5,1,4,18
18,6,1,4,6
18,7,1,0,10
18,8,1,4,18
18,9,1,4,7
18,10,1,0,24
18,11,1,0,4
18,12,1,4,18
18,13,4,0,10
18,14,4,10,0
18,15,10,0,16
18,16,10,0,5
18,17,4,10,6
18,18,4,0,2
18,19,4,0,16
18,20,1,4,14
18,21,1,0,4
18,22,1,4,0
18,23,4,0,4
18,24,4,0,22
18,25,1,4,21
18,26,1,4,5
18,27,4,0,23
18,28,4,10,2
18,29,4,10,14
18,30,4,6,10
18,31,4,6,21
18,32,6,0,1
18,33,4,6,14
18,34,4,0,22
18,35,4,0,17
18,36,4,0,5
18,37,4,0,6
18,38,1,4,24
18,39,1,4,0
18,40,4,0,3
18,41,5,4,6
18,42,5,0,13
18,43,5,0,19
18,44,5,0,1
18,45,5,0,17
18,46,5,0,15
18,47,5,4,20
18,48,5,4,20
18,49,5,4,10
18,50,5,4,8
18,51,5,4,8
18,52,5,4,7
18,53,5,4,20
18,54,5,0,8
18,55,5,0,19
18,56,5,0,6
18,57,5,0,4
18,58,5,0,11
19,0,4,0,11
19,1,4,0,0
19,2,1,4,24
19,3,1,0,13
19,4,1,4,0
19,5,4,0,20
19,6,1,4,24
19,7,1,4,0
19,8,4,0,16
19,9,1,4,23
19,10,1,4,20
19,11,1,4,13
19,12,4,0,3
19,13,4,0,15
19,14,4,10,18
19,15,10,0,24
19,16,10,0,8
19,17,4,10,24
19,18,4,0,11
19,19,1,4,14
19,20,1,0,10
19,21,1,0,22
19,22,1,4,18
19,23,4,0,2
19,24,4,0,3
19,25,1,4,8
19,26,4,0,21
19,27,4,0,12
19,28,4,10,4
19,29,4,6,5
19,30,6,0,8
19,31,4,6,24
19,32,4,6,9
19,33,4,0,13
19,34,4,0,8
19,35,4,0,22
19,36,4,0,11
19,37,1,4,9
19,38,1,0,7
19,39,1,4,18
19,40,4,0,5
19,41,5,0,11
19,42,5,0,2
19,43,5,0,21
19,44,5,4,20
19,45,5,4,20
19,46,5,4,10
19,47,5,4,8
19,48,1,4,16
19,49,1,4,16
19,50,4,0,17
19,51,4,0,1
19,52,5,4,8
19,53,5,4,7
19,54,5,4,20
19,55,5,4,20
19,56,5,4,20
19,57,5,4,20
19,58,5,0,1
20,0,4,0,20
20,1,1,4,11
20,2,1,0,14
20,3,1,0,23
20,4,1,4,3
20,5,1,4,6
20,6,1,0,2
20,7,1,4,18
20,8,4,0,12
20,9,1,4,8
20,10,1,4,8
20,11,4,0,0
20,12,4,0,22
20,13,4,10,10
20,14,10,0,16
20,15,10,0,16
20,16,4,10,9
20,17,4,0,0
20,18,1,4,19
20,19,1,0,8
20,20,1,0,22
20,21,1,4,0
20,22,4,0,9
20,23,4,0,2
20,24,4,0,13
20,25,4,6,20
20,26,4,0,4
20,27,4,0,23
20,28,4,6,0
20,29,6,0,6
20,30,4,6,6
20,31,4,6,4
20,32,4,0,15
20,33,4,0,22
20,34,4,0,18
20,35,4,0,8
20,36,1,4,6
20,37,1,0,10
20,38,1,4,5
20,39,4,0,16
20,40,5,0,5
20,41,5,4,20
20,42,5,4,20
20,43,5,4,13
20,44,5,4,8
20,45,5,4,8
20,46,4,0,11
20,47,1,4,9
20,48,1,4,4
20,49,1,4,2
20,50,4,0,23
20,51,4,0,3
20,52,4,0,22
20,53,5,4,8
20,54,5,4,8
20,55,5,4,8
20,56,5,4,8
20,57,5,4,22
20,58,5,4,5
21,0,1,4,6
21,1,1,0,15
21,2,1,0,2
21,3,1,0,11
21,4,1,4,18
21,5,1,4,24
21,6,1,4,0
21,7,4,0,1
21,8,4,10,20
21,9,4,10,20
21,10,4,10,20
21,11,4,10,20
21,12,4,10,13
21,13,10,0,1
21,14,4,10,16
21,15,4,10,19
21,16,4,0,20
21,17,1,4,9
21,18,1,0,1
21,19,1,0,14
21,20,1,0,16
21,21,1,4,18
21,22,4,0,6
21,23,4,0,15
21,24,4,6,5
21,25,4,6,21
21,26,4,6,20
21,27,4,6,20
21,28,4,6,18
21,29,6,0,12
21,30,4,6,22
21,31,4,0,22
21,32,4,0,10
21,33,4,0,2
21,34,4,0,11
21,35,4,0,24
21,36,1,4,21
21,37,1,4,13
21,38,4,0,9
21,39,5,4,22
21,40,5,4,13
21,41,5,4,8
21,42,5,4,8
21,43,4,0,7
21,44,4,0,23
21,45,4,0,6
21,46,1,4,9
21,47,1,0,11
21,48,1,0,13
21,49,1,4,17
21,50,4,0,16
21,51,4,0,16
21,52,4,0,22
21,53,4,0,9
21,54,1,4,16
21,55,4,0,20
21,56,4,0,18
21,57,5,4,8
21,58,4,0,12
22,0,1,4,24
22,1,1,0,3
22,2,1,0,3
22,3,1,4,5
22,4,1,4,6
22,5,1,0,17
22,6,1,4,18
22,7,4,10,10
22,8,4,10,8
22,9,4,10,8
22,10,4,10,8
22,11,4,10,8
22,12,10,0,24
22,13,4,10,14
22,14,4,10,4
22,15,4,0,13
22,16,1,4,6
22,17,1,0,16
22,18,1,0,7
22,19,1,0,8
22,20,1,4,0
22,21,4,0,17
22,22,4,0,18
22,23,4,6,15
22,24,6,0,22
22,25,4,6,8
22,26,4,6,8
22,27,4,6,8
22,28,6,0,9
22,29,6,0,5
22,30,4,6,21
22,31,4,6,20
22,32,4,0,6
22,33,4,0,10
22,34,4,0,3
22,35,4,0,10
22,36,1,4,8
22,37,4,0,22
22,38,4,0,8
22,39,5,4,8
22,40,4,0,0
22,41,4,0,16
22,42,4,0,11
22,43,4,0,12
22,44,4,0,7
22,45,1,4,6
22,46,1,0,12
22,47,1,0,17
22,48,1,0,24
22,49,1,4,3
22,50,4,0,4
22,51,4,0,19
22,52,4,0,10
22,53,1,4,14
22,54,1,4,1
22,55,4,0,7
22,56,4,0,10
22,57,4,0,18
22,58,4,0,19
23,0,1,0,2
23,1,1,0,4
23,2,1,4,0
23,3,4,0,21
23,4,1,4,23
23,5,1,4,5
23,6,4,10,5
23,7,10,0,21
23,8,10,0,13
23,9,10,0,10
23,10,10,0,17
23,11,10,0,6
23,12,4,10,9
23,13,4,0,6
23,14,4,0,15
23,15,4,0,3
23,16,1,4,24
23,17,1,0,8
23,18,1,0,8
23,19,1,0,21
23,20,1,4,18
23,21,4,0,6
23,22,4,6,0
23,23,6,0,14
23,24,6,0,24
23,25,6,0,13
23,26,6,0,8
23,27,6,0,19
23,28,6,0,3
23,29,6,0,20
23,30,4,6,8
23,31,4,6,22
23,32,4,0,18
23,33,4,0,24
23,34,4,0,10
23,35,4,0,5
23,36,4,0,20
23,37,4,0,8
23,38,4,0,15
23,39,4,0,0
23,40,4,0,4
23,41,4,0,5
23,42,4,0,0
23,43,4,0,22
23,44,4,0,11
23,45,1,4,7
23,46,1,0,2
23,47,1,0,17
23,48,1,0,14
23,49,1,4,18
23,50,4,0,4
23,51,4,0,21
23,52,1,4,6
23,53,1,0,11
23,54,1,4,1
23,55,1,4,16
23,56,4,0,22
23,57,4,0,20
23,58,4,0,9
24,0,1,0,21
24,1,1,0,21
24,2,1,4,18
24,3,4,0,20
24,4,1,4,8
24,5,4,10,5
24,6,10,0,15
24,7,10,0,21
24,8,10,0,19
24,9,10,0,18
24,10,10,0,17
24,11,4,10,14
24,12,4,0,19
24,13,4,0,17
24,14,4,0,2
24,15,1,4,14
24,16,1,0,24
24,17,1,0,6
24,18,1,0,14
24,19,1,4,10
24,20,4,0,12
24,21,4,0,15
24,22,4,6,17
24,23,4,6,16
24,24,6,0,19
24,25,6,0,9
24,26,6,0,12
24,27,6,0,8
24,28,6,0,8
24,29,6,0,16
24,30,6,0,7
24,31,4,6,7
24,32,4,0,6
24,33,4,0,13
24,34,4,0,22
24,35,4,0,17
24,36,4,0,10
24,37,4,0,9
24,38,4,0,22
24,39,4,0,16
24,40,1,4,16
24,41,4,0,13
24,42,4,0,9
24,43,4,0,22
24,44,4,0,21
24,45,1,4,23
24,46,1,0,17
24,47,1,0,3
24,48,1,4,0
24,49,4,0,3
24,50,4,0,23
24,51,4,0,11
24,52,1,4,24
24,53,1,0,5
24,54,1,4,4
24,55,1,4,2
24,56,4,0,22
24,57,4,0,23
24,58,4,0,16
25,0,1,0,4
25,1,1,4,15
25,2,4,0,17
25,3,4,0,4
25,4,4,10,13
25,5,10,0,8
25,6,4,10,16
25,7,4,10,16
25,8,4,10,16
25,9,4,10,16
25,10,4,10,14
25,11,4,0,6
25,12,4,0,8
25,13,4,0,12
25,14,1,4,6
25,15,1,0,14
25,16,1,0,16
25,17,1,0,11
25,18,1,4,0
25,19,4,0,17
25,20,4,0,23
25,21,4,0,15
25,22,4,6,4
25,23,4,6,3
25,24,4,6,16
25,25,4,6,16
25,26,4,6,16
25,27,4,6,16
25,28,4,6,16
25,29,6,0,2
25,30,6,0,19
25,31,4,6,23
25,32,4,0,20
25,33,4,0,2
25,34,4,0,1
25,35,4,0,8
25,36,4,0,5
25,37,4,0,22
25,38,1,4,16
25,39,1,4,19
25,40,1,4,17
25,41,1,4,16
25,42,4,0,1
25,43,4,0,20
25,44,4,0,20
25,45,1,4,24
25,46,1,0,5
25,47,1,0,6
25,48,1,4,18
25,49,4,0,0
25,50,4,0,15
25,51,1,4,14
25,52,1,0,17
25,53,1,0,22
25,54,1,0,4
25,55,1,4,3
25,56,1,4,16
25,57,4,0,20
25,58,4,0,23
26,0,1,4,15
26,1,4,0,12
26,2,4,0,6
26,3,4,10,5
26,4,10,0,19
26,5,4,10,11
26,6,4,10,4
26,7,4,10,4
26,8,4,10,4
26,9,4,10,4
26,10,4,0,24
26,11,4,0,1
26,12,4,0,4
26,13,4,0,17
26,14,1,4,24
26,15,1,0,2
26,16,1,0,7
26,17,1,0,7
26,18,1,4,18
26,19,4,0,15
26,20,4,0,15
26,21,4,0,2
26,22,4,0,6
26,23,4,6,4
26,24,4,6,4
26,25,4,6,4
26,26,4,6,4
26,27,4,6,4
26,28,4,6,1
26,29,4,6,16
26,30,6,0,13
26,31,4,6,21
26,32,4,0,5
26,33,4,0,11
26,34,1,4,16
26,35,1,4,16
26,36,1,4,16
26,37,1,4,14
26,38,1,4,4
26,39,1,0,23
26,40,1,4,4
26,41,1,4,1
26,42,4,0,17
26,43,4,0,7
26,44,1,4,14
26,45,1,0,7
26,46,1,4,20
26,47,1,4,13
26,48,1,4,1
26,49,4,0,1
26,50,1,4,9
26,51,1,0,24
26,52,1,0,11
26,53,1,0,10
26,54,1,0,15
26,55,1,4,4
26,56,1,4,1
26,57,4,0,1
26,58,4,0,22
27,0,4,0,8
27,1,4,0,4
27,2,4,10,10
27,3,10,0,20
27,4,4,10,11
27,5,4,0,24
27,6,4,0,11
27,7,4,0,4
27,8,4,0,13
27,9,4,0,8
27,10,1,4,16
27,11,1,4,16
27,12,4,0,12
27,13,1,4,6
27,14,1,0,4
27,15,1,0,21
27,16,1,0,24
27,17,1,4,0
27,18,4,0,5
27,19,4,0,1
27,20,4,0,22
27,21,4,0,2
27,22,4,0,8
27,23,4,0,12
27,24,4,0,2
27,25,4,0,13
27,26,4,0,5
27,27,4,0,6
27,28,4,6,4
27,29,4,6,3
27,30,6,0,2
27,31,4,6,24
27,32,4,0,13
27,33,1,4,11
27,34,1,4,4
27,35,1,4,4
27,36,1,4,4
27,37,1,0,0
27,38,1,0,22
27,39,1,0,3
27,40,1,0,15
27,41,1,4,1
27,42,1,4,16
27,43,1,4,11
27,44,1,0,0
27,45,1,4,5
27,46,1,4,8
27,47,1,0,9
27,48,1,4,18
27,49,1,4,19
27,50,1,0,0
27,51,1,4,20
27,52,1,4,20
27,53,1,0,21
27,54,1,0,11
27,55,1,0,18
27,56,1,4,18
27,57,4,0,5
27,58,4,0,5
28,0,4,0,6
28,1,4,10,0
28,2,10,0,6
28,3,4,10,19
28,4,4,0,11
28,5,4,0,21
28,6,4,0,10
28,7,4,0,18
28,8,4,0,13
28,9,1,4,11
28,10,1,4,4
28,11,1,4,1
28,12,1,4,16
28,13,1,4,24
28,14,1,0,1
28,15,1,0,8
28,16,1,0,14
28,17,1,4,18
28,18,4,0,16
28,19,4,0,13
28,20,4,0,20
28,21,4,0,21
28,22,4,0,13
28,23,4,0,24
28,24,4,0,11
28,25,4,0,24
28,26,4,0,10
28,27,4,0,20
28,28,4,0,12
28,29,4,6,17
28,30,4,6,11
28,31,4,0,19
28,32,1,4,6
28,33,1,0,21
28,34,1,0,23
28,35,1,0,5
28,36,1,0,4
28,37,1,4,20
28,38,1,4,20
28,39,1,0,3
28,40,1,0,13
28,41,1,4,4
28,42,1,4,4
28,43,1,0,23
28,44,1,0,7
28,45,1,0,3
28,46,1,0,7
28,47,1,4,15
28,48,1,4,6
28,49,1,0,0
28,50,1,4,0
28,51,1,4,8
28,52,1,4,21
28,53,1,0,11
28,54,1,0,2
28,55,1,4,13
28,56,4,0,0
28,57,4,0,6
28,58,4,6,20
29,0,4,0,5
29,1,4,10,3
29,2,4,10,9
29,3,4,0,11
29,4,4,0,17
29,5,4,0,22
29,6,4,0,21
29,7,4,0,24
29,8,1,4,14
29,9,1,0,0
29,10,1,0,19
29,11,1,4,4
29,12,1,4,4
29,13,1,0,15
29,14,1,0,8
29,15,1,0,24
29,16,1,4,0
29,17,1,4,16
29,18,1,4,16
29,19,1,4,16
29,20,1,4,16
29,21,1,4,16
29,22,4,0,10
29,23,4,0,0
29,24,4,0,15
29,25,4,0,19
29,26,4,0,8
29,27,1,4,16
29,28,4,0,7
29,29,4,6,4
29,30,4,0,19
29,31,4,0,0
29,32,1,4,22
29,33,1,0,17
29,34,1,0,20
29,35,1,0,22
29,36,1,4,10
29,37,1,4,8
29,38,1,4,22
29,39,1,0,3
29,40,1,0,21
29,41,1,0,24
29,42,1,0,13
29,43,1,0,18
29,44,1,0,24
29,45,1,0,11
29,46,1,4,5
29,47,4,0,12
29,48,1,4,24
29,49,1,0,15
29,50,1,4,18
29,51,4,0,4
29,52,1,4,23
29,53,1,0,20
29,54,1,4,13
29,55,4,0,3
29,56,4,6,20
29,57,4,6,13
29,58,4,6,8
30,0,4,0,13
30,1,4,10,4
30,2,4,0,8
30,3,4,0,15
30,4,4,0,10
30,5,4,0,23
30,6,4,0,23
30,7,1,4,9
30,8,1,0,22
30,9,1,0,10
30,10,1,0,18
30,11,1,0,13
30,12,1,0,9
30,13,1,0,3
30,14,1,0,23
30,15,1,0,6
30,16,1,4,4
30,17,1,4,4
30,18,1,4,4
30,19,1,4,4
30,20,1,4,4
30,21,1,4,1
30,22,4,0,12
30,23,4,0,17
30,24,4,0,1
30,25,4,0,12
30,26,1,4,9
30,27,1,4,3
30,28,4,0,5
30,29,4,0,1
30,30,1,4,1
30,31,4,0,20
30,32,1,4,7
30,33,1,4,20
30,34,1,4,20
30,35,1,4,10
30,36,4,0,0
30,37,4,0,14
30,38,1,4,23
30,39,1,4,20
30,40,1,0,23
30,41,1,4,20
30,42,1,4,20
30,43,1,0,19
30,44,1,0,4
30,45,1,4,0
30,46,4,0,7
30,47,1,4,6
30,48,1,0,14
30,49,1,4,10
30,50,4,0,22
30,51,4,6,20
30,52,1,4,7
30,53,1,4,13
30,54,4,0,10
30,55,4,6,5
30,56,4,6,8
30,57,6,0,8
30,58,6,0,4
31,0,4,0,20
31,1,4,0,9
31,2,4,0,4
31,3,4,0,19
31,4,4,0,0
31,5,1,4,16
31,6,1,4,19
31,7,1,0,3
31,8,1,0,11
31,9,1,0,14
31,10,1,4,20
31,11,1,4,20
31,12,1,4,20
31,13,1,0,20
31,14,1,0,5
31,15,1,0,23
31,16,1,0,23
31,17,1,0,4
31,18,1,0,18
31,19,1,0,1
31,20,1,0,6
31,21,1,4,1
31,22,4,0,19
31,23,4,0,4
31,24,4,0,7
31,25,1,4,6
31,26,1,0,15
31,27,1,4,1
31,28,4,0,6
31,29,1,0,22
31,30,1,4,18
31,31,4,0,15
31,32,1,4,8
31,33,1,4,8
31,34,1,4,8
31,35,4,0,8
31,36,4,0,14
31,37,4,10,20
31,38,1,4,8
31,39,1,4,21
31,40,1,4,5
31,41,1,4,8
31,42,1,4,24
31,43,1,0,18
31,44,1,0,15
31,45,1,4,18
31,46,4,0,21
31,47,1,4,22
31,48,1,4,13
31,49,4,0,9
31,50,4,6,15
31,51,4,6,22
31,52,1,4,8
31,53,4,6,20
31,54,4,6,10
31,55,6,0,21
31,56,6,0,14
31,57,6,0,21
31,58,6,0,19
32,0,4,0,22
32,1,4,0,22
32,2,1,4,16
32,3,1,4,16
32,4,1,4,14
32,5,1,4,4
32,6,1,0,12
32,7,1,0,24
32,8,1,0,14
32,9,1,4,13
32,10,1,4,8
32,11,1,4,8
32,12,1,4,23
32,13,1,0,22
32,14,1,0,13
32,15,1,4,20
32,16,1,4,20
32,17,1,4,20
32,18,1,0,10
32,19,1,0,19
32,20,1,0,14
32,21,1,4,1
32,22,4,0,21
32,23,4,0,21
32,24,1,4,16
32,25,1,4,23
32,26,1,0,8
32,27,1,4,18
32,28,1,0,8
32,29,1,4,15
32,30,4,0,10
32,31,4,0,20
32,32,4,10,20
32,33,4,10,20
32,34,4,0,1
32,35,4,0,4
32,36,4,10,13
32,37,4,10,21
32,38,4,10,20
32,39,4,10,20
32,40,4,0,19
32,41,1,4,6
32,42,1,0,12
32,43,1,0,8
32,44,1,4,0
32,45,4,0,24
32,46,4,0,4
32,47,1,4,8
32,48,4,0,11
32,49,4,6,5
32,50,6,0,4
32,51,4,6,8
32,52,4,6,8
32,53,4,6,8
32,54,6,0,18
32,55,6,0,22
32,56,4,6,16
32,57,4,6,16
32,58,6,0,16
33,0,4,0,9
33,1,1,4,9
33,2,1,4,4
33,3,1,4,17
33,4,1,0,8
33,5,1,0,20
33,6,1,0,1
33,7,1,0,24
33,8,1,4,10
33,9,4,0,24
33,10,4,0,19
33,11,4,0,10
33,12,1,4,23
33,13,1,4,20
33,14,1,4,13
33,15,1,4,8
33,16,1,4,8
33,17,4,6,20
33,18,1,4,20
33,19,1,4,20
33,20,1,0,5
33,21,1,4,18
33,22,4,0,4
33,23,1,4,14
33,24,1,4,17
33,25,1,4,22
33,26,1,4,15
33,27,1,0,0
33,28,1,4,0
33,29,4,0,10
33,30,4,0,1
33,31,4,10,13
33,32,4,10,8
33,33,4,10,21
33,34,4,0,23
33,35,4,10,0
33,36,10,0,15
33,37,10,1,20
33,38,10,1,20
33,39,4,10,7
33,40,4,0,14
33,41,1,4,24
33,42,1,0,6
33,43,1,0,9
33,44,1,4,18
33,45,4,0,11
33,46,4,6,20
33,47,4,6,20
33,48,4,6,10
33,49,6,0,11
33,50,6,0,11
33,51,6,0,3
33,52,6,0,22
33,53,6,0,9
33,54,4,6,16
33,55,4,6,9
33,56,4,6,4
33,57,4,6,18
33,58,4,6,6
34,0,1,4,11
34,1,1,0,0
34,2,1,0,5
34,3,1,4,18
34,4,1,4,20
34,5,1,4,20
34,6,1,0,4
34,7,1,4,0
34,8,4,0,17
34,9,4,0,6
34,10,4,0,20
34,11,4,0,19
34,12,1,4,8
34,13,1,4,8
34,14,4,0,8
34,15,4,0,12
34,16,4,6,15
34,17,4,6,21
34,18,1,4,8
34,19,1,4,24
34,20,1,4,0
34,21,1,4,16
34,22,1,4,9
34,23,1,0,5
34,24,1,4,18
34,25,1,4,8
34,26,1,4,24
34,27,1,0,11
34,28,1,4,18
34,29,4,0,14
34,30,4,10,10
34,31,10,1,20
34,32,10,0,20
34,33,4,10,21
34,34,4,10,20
34,35,4,10,18
34,36,10,1,13
34,37,10,1,8
34,38,10,1,23
34,39,4,10,23
34,40,1,4,6
34,41,1,0,23
34,42,1,0,8
34,43,1,4,0
34,44,4,0,19
34,45,4,6,13
34,46,4,6,8
34,47,4,6,8
34,48,6,0,15
34,49,6,0,11
34,50,6,0,1
34,51,6,0,24
34,52,6,0,2
34,53,4,6,11
34,54,4,6,4
34,55,4,0,10
34,56,4,6,0
34,57,6,0,18
34,58,4,6,21
35,0,1,0,19
35,1,1,4,20
35,2,1,4,13
35,3,1,4,8
35,4,1,4,8
35,5,1,4,24
35,6,1,0,18
35,7,1,4,18
35,8,4,0,19
35,9,1,4,16
35,10,1,4,16
35,11,1,4,16
35,12,4,0,2
35,13,4,0,17
35,14,4,0,11
35,15,4,6,0
35,16,6,0,15
35,17,4,6,24
35,18,1,4,6
35,19,1,0,14
35,20,1,4,4
35,21,1,4,4
35,22,1,0,13
35,23,1,4,10
35,24,4,0,19
35,25,1,4,6
35,26,1,0,9
35,27,1,4,10
35,28,4,0,2
35,29,4,10,13
35,30,10,1,15
35,31,10,1,22
35,32,10,0,7
35,33,4,10,8
35,34,4,10,8
35,35,10,1,13
35,36,1,0,6
35,37,1,0,24
35,38,10,1,21
35,39,4,10,23
35,40,1,4,23
35,41,1,0,15
35,42,1,0,22
35,43,1,4,18
35,44,4,6,0
35,45,6,0,9
35,46,6,0,14
35,47,6,0,0
35,48,4,6,16
35,49,4,6,16
35,50,4,6,16
35,51,4,6,16
35,52,4,6,19
35,53,4,0,24
35,54,4,0,1
35,55,4,0,21
35,56,4,6,18
35,57,6,0,7
35,58,4,6,24
36,0,1,4,13
36,1,1,4,8
36,2,4,0,17
36,3,4,0,3
36,4,1,4,6
36,5,1,0,13
36,6,1,4,0
36,7,1,4,16
36,8,1,4,9
36,9,1,4,4
36,10,1,4,4
36,11,1,4,2
36,12,4,0,9
36,13,4,0,22
36,14,4,0,3
36,15,4,6,3
36,16,4,6,14
36,17,4,0,24
36,18,1,4,23
36,19,1,0,11
36,20,1,0,11
36,21,1,0,16
36,22,1,4,15
36,23,4,0,3
36,24,4,0,23
36,25,1,4,7
36,26,1,4,5
36,27,4,0,13
36,28,4,10,10
36,29,10,1,0
36,30,1,0,21
36,31,10,1,23
36,32,10,0,19
36,33,10,0,22
36,34,10,1,5
36,35,10,1,16
36,36,1,0,4
36,37,1,0,6
36,38,10,1,21
36,39,4,10,23
36,40,1,4,24
36,41,1,0,5
36,42,1,4,0
36,43,4,0,5
36,44,4,6,18
36,45,6,0,12
36,46,6,0,23
36,47,4,6,14
36,48,4,6,4
36,49,4,6,4
36,50,4,6,4
36,51,4,6,4
36,52,4,0,11
36,53,4,6,20
36,54,4,6,20
36,55,4,6,13
36,56,6,0,21
36,57,4,6,14
36,58,4,0,6
37,0,4,0,21
37,1,4,0,24
37,2,4,0,24
37,3,4,0,9
37,4,1,4,22
37,5,1,0,15
37,6,1,4,4
37,7,1,4,4
37,8,1,0,6
37,9,1,0,23
37,10,1,0,8
37,11,1,4,3
37,12,4,0,8
37,13,4,0,17
37,14,4,0,3
37,15,4,6,4
37,16,4,0,22
37,17,4,0,15
37,18,1,4,24
37,19,1,0,5
37,20,1,0,3
37,21,1,4,15
37,22,4,0,12
37,23,4,0,21
37,24,4,0,4
37,25,1,4,8
37,26,4,0,23
37,27,4,10,0
37,28,10,0,20
37,29,10,1,17
37,30,1,0,2
37,31,10,1,22
37,32,10,1,20
37,33,10,1,15
37,34,10,1,14
37,35,10,1,1
37,36,1,0,13
37,37,1,0,19
37,38,10,1,24
37,39,4,10,24
37,40,1,0,24
37,41,1,0,9
37,42,1,4,18
37,43,4,6,0
37,44,6,0,10
37,45,6,0,18
37,46,4,6,11
37,47,4,0,6
37,48,4,10,20
37,49,4,0,23
37,50,4,0,8
37,51,4,0,1
37,52,4,6,5
37,53,4,6,8
37,54,4,6,8
37,55,6,0,24
37,56,4,6,6
37,57,4,0,3
37,58,4,0,2
38,0,4,0,7
38,1,4,0,17
38,2,4,0,17
38,3,4,0,9
38,4,1,4,7
38,5,1,0,14
38,6,1,0,21
38,7,1,0,5
38,8,1,0,9
38,9,1,0,14
38,10,1,0,1
38,11,1,4,18
38,12,4,0,23
38,13,4,0,13
38,14,4,0,19
38,15,4,0,19
38,16,4,0,23
38,17,1,4,6
38,18,1,0,5
38,19,1,0,14
38,20,1,4,5
38,21,4,0,23
38,22,1,4,2
38,23,4,0,4
38,24,4,0,1
38,25,4,0,8
38,26,4,0,14
38,27,4,10,18
38,28,10,0,7
38,29,10,1,17
38,30,1,0,1
38,31,10,1,8
38,32,10,1,8
38,33,10,1,6
38,34,10,0,4
38,35,10,1,1
38,36,1,0,3
38,37,10,1,6
38,38,4,10,6
38,39,1,4,21
38,40,1,0,2
38,41,1,4,5
38,42,4,0,21
38,43,4,6,18
38,44,6,0,16
38,45,4,6,11
38,46,4,0,21
38,47,4,10,13
38,48,4,10,7
38,49,4,10,20
38,50,4,0,17
38,51,4,6,0
38,52,6,0,19
38,53,6,0,6
38,54,6,0,9
38,55,6,0,0
38,56,4,6,24
38,57,4,0,3
38,58,4,0,1
39,0,4,0,7
39,1,4,0,9
39,2,4,0,13
39,3,4,0,9
39,4,1,4,7
39,5,1,4,20
39,6,1,0,21
39,7,1,4,20
39,8,1,4,20
39,9,1,0,17
39,10,1,4,0
39,11,4,0,17
39,12,4,0,4
39,13,4,0,20
39,14,4,0,4
39,15,4,0,13
39,16,4,0,1
39,17,1,4,23
39,18,1,0,13
39,19,1,4,13
39,20,4,0,12
39,21,1,0,13
39,22,1,4,2
39,23,4,0,8
39,24,4,0,21
39,25,4,0,17
39,26,4,10,0
39,27,10,0,17
39,28,10,0,10
39,29,10,1,3
39,30,1,0,4
39,31,1,0,22
39,32,1,0,0
39,33,10,1,24
39,34,10,0,12
39,35,10,1,3
39,36,10,1,16
39,37,10,1,24
39,38,4,10,24
39,39,1,4,21
39,40,1,4,5
39,41,4,0,20
39,42,4,6,10
39,43,6,0,2
39,44,4,6,11
39,45,4,0,21
39,46,4,10,0
39,47,10,0,24
39,48,4,10,8
39,49,4,10,7
39,50,4,0,15
39,51,4,6,17
39,52,4,6,16
39,53,6,0,23
39,54,6,0,9
39,55,4,6,11
39,56,1,4,16
39,57,1,4,16
39,58,4,0,7
40,0,4,0,16
40,1,4,0,15
40,2,4,0,21
40,3,4,0,23
40,4,1,4,8
40,5,1,4,23
40,6,1,4,10
40,7,1,4,8
40,8,1,4,24
40,9,1,0,12
40,10,1,4,18
40,11,4,0,1
40,12,4,0,22
40,13,4,0,15
40,14,4,0,5
40,15,4,0,15
40,16,4,0,4
40,17,1,4,22
40,18,1,4,15
40,19,4,0,6
40,20,1,0,23
40,21,1,0,8
40,22,1,4,2
40,23,4,0,13
40,24,4,0,7
40,25,4,0,17
40,26,4,10,17
40,27,4,10,16
40,28,4,10,16
40,29,10,1,2
40,30,10,1,16
40,31,1,0,22
40,32,10,1,6
40,33,10,0,8
40,34,10,0,6
40,35,10,1,4
40,36,10,1,4
40,37,4,10,6
40,38,4,0,20
40,39,1,4,8
40,40,4,0,22
40,41,4,6,0
40,42,6,0,8
40,43,4,6,6
40,44,4,0,4
40,45,4,0,0
40,46,4,10,3
40,47,10,0,17
40,48,10,0,6
40,49,4,10,24
40,50,4,0,18
40,51,4,6,4
40,52,4,6,1
40,53,6,0,5
40,54,4,6,6
40,55,1,4,19
40,56,1,4,4
40,57,1,4,3
40,58,4,0,11
41,0,4,0,3
41,1,4,0,12
41,2,4,0,6
41,3,4,0,21
41,4,4,0,11
41,5,1,4,8
41,6,4,0,15
41,7,1,4,6
41,8,1,0,16
41,9,1,4,0
41,10,4,0,7
41,11,4,0,8
41,12,4,0,17
41,13,4,0,20
41,14,4,0,12
41,15,4,0,19
41,16,4,0,4
41,17,1,4,8
41,18,5,4,1
41,19,1,4,7
41,20,1,4,20
41,21,1,0,23
41,22,1,4,18
41,23,4,0,18
41,24,4,0,4
41,25,4,0,3
41,26,4,10,4
41,27,4,10,4
41,28,4,10,18
41,29,10,1,4
41,30,10,1,17
41,31,1,0,9
41,32,10,1,23
41,33,10,0,15
41,34,10,0,23
41,35,10,0,7
41,36,10,0,21
41,37,4,10,24
41,38,4,0,18
41,39,4,0,21
41,40,4,0,16
41,41,4,6,18
41,42,6,0,22
41,43,4,6,24
41,44,4,0,12
41,45,4,0,23
41,46,4,10,17
41,47,10,0,19
41,48,4,10,14
41,49,4,10,20
41,50,4,0,21
41,51,4,0,17
41,52,4,6,18
41,53,6,0,11
41,54,1,4,6
41,55,1,0,19
41,56,1,0,6
41,57,1,4,2
41,58,4,0,9
42,0,4,0,1
42,1,4,0,3
42,2,4,0,2
42,3,4,0,12
42,4,4,0,20
42,5,4,0,6
42,6,4,0,7
42,7,1,4,24
42,8,1,0,23
42,9,1,4,18
42,10,4,0,11
42,11,4,0,24
42,12,4,0,3
42,13,5,4,16
42,14,5,4,16
42,15,5,4,16
42,16,5,4,19
42,17,5,0,15
42,18,4,0,8
42,19,1,4,8
42,20,1,4,23
42,21,1,4,10
42,22,1,4,16
42,23,4,0,24
42,24,4,0,19
42,25,4,0,2
42,26,4,6,10
42,27,4,10,0
42,28,10,0,13
42,29,10,0,20
42,30,10,1,1
42,31,1,0,0
42,32,10,1,24
42,33,10,0,21
42,34,10,0,13
42,35,10,0,20
42,36,10,1,0
42,37,4,0,23
42,38,4,0,13
42,39,4,0,15
42,40,4,6,5
42,41,6,0,19
42,42,4,6,6
42,43,4,0,4
42,44,4,0,15
42,45,4,0,0
42,46,4,10,2
42,47,4,10,19
42,48,4,10,15
42,49,4,10,7
42,50,4,0,14
42,51,4,6,0
42,52,6,0,20
42,53,4,6,6
42,54,1,4,7
42,55,1,4,20
42,56,1,0,13
42,57,1,4,1
42,58,4,0,8
43,0,4,0,13
43,1,4,0,24
43,2,5,4,16
43,3,4,0,3
43,4,4,0,16
43,5,4,0,3
43,6,1,4,6
43,7,1,0,18
43,8,1,4,15
43,9,4,0,15
43,10,4,0,0
43,11,4,0,24
43,12,5,4,9
43,13,5,4,4
43,14,5,4,4
43,15,5,4,4
43,16,5,0,9
43,17,4,0,24
43,18,4,0,3
43,19,4,0,9
43,20,1,4,8
43,21,1,4,9
43,22,1,4,2
43,23,4,0,20
43,24,4,0,11
43,25,4,6,10
43,26,6,0,16
43,27,4,10,1
43,28,4,10,16
43,29,10,1,20
43,30,10,1,17
43,31,10,1,14
43,32,10,0,15
43,33,10,0,14
43,34,10,0,15
43,35,10,0,14
43,36,4,10,24
43,37,4,0,18
43,38,4,0,0
43,39,4,6,0
43,40,6,0,1
43,41,6,0,17
43,42,4,6,7
43,43,4,6,20
43,44,4,0,7
43,45,4,0,10
43,46,4,10,4
43,47,4,10,0
43,48,10,0,3
43,49,4,10,23
43,50,4,0,11
43,51,4,6,1
43,52,6,0,20
43,53,4,6,24
43,54,1,4,8
43,55,1,4,21
43,56,1,0,10
43,57,1,4,2
43,58,5,4,6
44,0,4,0,19
44,1,5,4,19
44,2,5,4,2
44,3,5,4,16
44,4,5,4,16
44,5,4,0,10
44,6,1,4,7
44,7,1,4,10
44,8,4,0,1
44,9,4,0,9
44,10,5,4,16
44,11,5,4,9
44,12,5,0,18
44,13,5,0,13
44,14,5,0,5
44,15,5,0,13
44,16,5,4,18
44,17,4,0,15
44,18,4,0,4
44,19,4,0,22
44,20,1,4,6
44,21,1,0,24
44,22,1,4,18
44,23,4,0,12
44,24,4,6,0
44,25,6,0,21
44,26,4,6,6
44,27,4,10,4
44,28,4,10,4
44,29,112,0,0
44,30,10,1,4
44,31,10,0,18
44,32,10,0,5
44,33,10,0,7
44,34,10,0,19
44,35,10,1,0
44,36,4,0,7
44,37,4,0,21
44,38,4,0,9
44,39,4,6,1
44,40,6,0,3
44,41,6,0,7
44,42,4,6,8
44,43,4,6,21
44,44,4,6,20
44,45,4,0,4
44,46,4,0,12
44,47,4,10,18
44,48,10,0,6
44,49,4,10,24
44,50,4,0,14
44,51,4,6,18
44,52,4,6,6
44,53,4,0,2
44,54,4,0,5
44,55,1,4,21
44,56,1,0,11
44,57,1,4,18
44,58,5,4,24
45,0,5,4,14
45,1,5,0,6
45,2,5,4,4
45,3,5,4,4
45,4,5,4,1
45,5,4,0,21
45,6,1,4,8
45,7,4,0,3
45,8,4,0,15
45,9,5,4,14
45,10,5,4,4
45,11,5,0,3
45,12,5,0,8
45,13,5,0,16
45,14,5,0,5
45,15,5,4,10
45,16,4,0,24
45,17,4,0,3
45,18,4,0,6
45,19,4,0,19
45,20,1,4,21
45,21,1,4,13
45,22,1,4,18
45,23,4,0,13
45,24,4,6,3
45,25,6,0,13
45,26,4,6,24
45,27,4,0,4
45,28,4,0,24
45,29,112,0,1
45,30,10,1,20
45,31,10,1,20
45,32,10,1,20
45,33,10,0,12
45,34,10,0,21
45,35,4,10,24
45,36,4,0,4
45,37,4,0,5
45,38,4,0,24
45,39,4,6,3
45,40,6,0,21
45,41,6,0,9
45,42,6,0,22
45,43,4,6,8
45,44,4,6,7
45,45,4,0,21
45,46,4,10,0
45,47,10,0,17
45,48,4,10,6
45,49,4,0,14
45,50,4,6,0
45,51,6,0,24
45,52,4,6,23
45,53,4,0,16
45,54,4,0,15
45,55,1,4,23
45,56,1,4,5
45,57,5,4,6
45,58,5,0,4
46,0,5,0,16
46,1,5,0,0
46,2,5,0,0
46,3,5,0,7
46,4,5,4,3
46,5,4,0,10
46,6,4,0,4
46,7,4,0,7
46,8,5,4,19
46,9,5,0,4
46,10,5,0,7
46,11,5,0,14
46,12,5,0,2
46,13,5,0,12
46,14,5,4,0
46,15,4,0,19
46,16,4,0,0
46,17,4,0,2
46,18,4,0,23
46,19,1,4,11
46,20,1,4,8
46,21,1,4,0
46,22,4,0,22
46,23,4,0,9
46,24,4,6,18
46,25,4,6,6
46,26,4,0,5
46,27,4,0,5
46,28,4,0,10
46,29,10,1,8
46,30,10,1,8
46,31,10,1,8
46,32,10,1,24
46,33,10,0,1
46,34,4,10,14
46,35,4,0,3
46,36,4,0,18
46,37,4,0,19
46,38,4,0,20
46,39,4,6,18
46,40,6,0,13
46,41,6,0,8
46,42,6,0,11
46,43,6,0,5
46,44,4,6,21
46,45,4,0,15
46,46,4,10,18
46,47,10,0,13
46,48,4,10,24
46,49,4,0,6
46,50,4,6,18
46,51,6,0,16
46,52,4,6,24
46,53,4,0,19
46,54,4,0,15
46,55,1,4,8
46,56,4,0,19
46,57,5,4,23
46,58,5,0,8
47,0,5,0,1
47,1,5,0,2
47,2,5,0,22
47,3,5,0,16
47,4,5,4,3
47,5,4,0,10
47,6,4,0,24
47,7,5,4,19
47,8,5,0,1
47,9,5,0,13
47,10,5,0,20
47,11,5,0,6
47,12,5,0,10
47,13,5,0,21
47,14,5,4,18
47,15,4,0,17
47,16,4,0,14
47,17,4,0,19
47,18,1,4,6
47,19,1,0,21
47,20,1,0,5
47,21,1,4,18
47,22,4,0,21
47,23,4,6,0
47,24,6,0,13
47,25,4,6,22
47,26,4,0,16
47,27,4,0,10
47,28,4,0,5
47,29,10,1,17
47,30,10,1,9
47,31,4,10,2
47,32,10,0,17
47,33,4,10,11
47,34,4,0,17
47,35,4,0,6
47,36,4,0,5
47,37,4,0,16
47,38,4,6,0
47,39,6,0,22
47,40,6,0,7
47,41,6,0,17
47,42,6,0,17
47,43,6,0,4
47,44,4,6,24
47,45,4,10,0
47,46,10,0,17
47,47,4,10,9
47,48,4,0,17
47,49,4,6,0
47,50,6,0,12
47,51,4,6,9
47,52,4,0,11
47,53,4,10,20
47,54,4,0,4
47,55,4,0,21
47,56,4,0,21
47,57,5,4,22
47,58,5,0,4
48,0,5,0,6
48,1,5,0,18
48,2,5,0,9
48,3,5,0,3
48,4,5,4,1
48,5,5,4,16
48,6,5,4,14
48,7,5,0,16
48,8,5,0,2
48,9,5,0,15
48,10,5,0,1
48,11,5,0,0
48,12,5,0,4
48,13,5,4,0
48,14,4,0,23
48,15,4,0,16
48,16,4,0,15
48,17,4,0,1
48,18,1,4,24
48,19,1,0,14
48,20,1,4,13
48,21,4,0,22
48,22,4,0,8
48,23,4,6,18
48,24,6,0,2
48,25,4,6,23
48,26,4,6,20
48,27,4,6,20
48,28,4,6,20
48,29,10,1,4
48,30,4,6,23
48,31,4,10,1
48,32,4,10,11
48,33,4,0,0
48,34,4,0,1
48,35,4,0,21
48,36,4,0,6
48,37,4,0,7
48,38,4,6,2
48,39,6,0,8
48,40,6,0,2
48,41,6,0,13
48,42,6,0,18
48,43,4,6,6
48,44,4,0,6
48,45,4,10,3
48,46,4,10,19
48,47,4,0,22
48,48,4,0,12
48,49,4,6,18
48,50,4,6,6
48,51,4,0,4
48,52,4,10,5
48,53,4,10,23
48,54,4,0,9
48,55,4,0,22
48,56,4,0,17
48,57,5,4,24
48,58,5,0,17
49,0,5,0,8
49,1,5,0,17
49,2,5,0,5
49,3,5,0,24
49,4,5,4,4
49,5,5,4,4
49,6,5,0,1
49,7,5,0,8
49,8,5,0,13
49,9,5,0,6
49,10,5,0,9
49,11,5,0,20
49,12,5,0,11
49,13,5,4,18
49,14,4,0,12
49,15,4,0,19
49,16,4,0,4
49,17,1,4,11
49,18,1,0,22
49,19,1,4,0
49,20,4,0,0
49,21,4,0,20
49,22,4,6,0
49,23,6,0,13
49,24,6,0,8
49,25,4,6,8
49,26,4,6,8
49,27,4,6,8
49,28,4,6,8
49,29,6,0,18
49,30,4,6,24
49,31,4,10,4
49,32,4,0,1
49,33,4,0,10
49,34,4,0,6
49,35,4,0,11
49,36,4,0,22
49,37,4,0,6
49,38,4,6,18
49,39,6,0,9
49,40,6,0,22
49,41,6,0,8
49,42,6,0,3
49,43,4,6,24
49,44,4,0,3
49,45,4,10,4
49,46,4,6,20
49,47,4,6,20
49,48,4,6,10
49,49,6,0,23
49,50,4,6,24
49,51,4,10,0
49,52,10,0,3
49,53,4,10,22
49,54,4,0,11
49,55,4,0,3
49,56,5,4,6
49,57,5,0,1
49,58,5,0,17
50,0,5,0,10
50,1,5,0,4
50,2,5,0,21
50,3,5,0,17
50,4,5,0,1
50,5,5,0,6
50,6,5,0,14
50,7,5,0,4
50,8,5,0,15
50,9,5,0,13
50,10,5,0,0
50,11,5,0,16
50,12,5,4,0
50,13,4,0,2
50,14,4,0,13
50,15,4,0,3
50,16,1,4,6
50,17,1,0,6
50,18,1,0,22
50,19,1,4,18
50,20,4,0,9
50,21,4,0,20
50,22,4,6,18
50,23,6,0,17
50,24,6,0,16
50,25,6,0,6
50,26,6,0,0
50,27,6,0,16
50,28,6,0,13
50,29,4,6,14
50,30,4,0,7
50,31,4,0,24
50,32,4,0,18
50,33,4,0,0
50,34,4,0,0
50,35,4,0,3
50,36,4,0,23
50,37,4,6,0
50,38,6,0,11
50,39,6,0,18
50,40,6,0,7
50,41,6,0,12
50,42,4,6,6
50,43,4,6,20
50,44,4,6,20
50,45,4,6,10
50,46,4,6,8
50,47,4,6,8
50,48,6,0,16
50,49,4,6,19
50,50,4,0,5
50,51,4,10,18
50,52,10,0,1
50,53,4,10,24
50,54,4,0,21
50,55,4,0,2
50,56,5,4,22
50,57,5,0,21
50,58,5,0,3
51,0,5,0,2
51,1,5,0,6
51,2,5,0,0
51,3,5,0,10
51,4,5,0,10
51,5,5,0,2
51,6,5,0,1
51,7,5,0,1
51,8,5,0,15
51,9,5,0,2
51,10,5,0,3
51,11,5,0,7
51,12,5,4,18
51,13,4,0,6
51,14,4,0,13
51,15,4,0,21
51,16,1,4,24
51,17,1,0,15
51,18,1,4,0
51,19,4,0,22
51,20,4,0,23
51,21,4,6,0
51,22,6,0,12
51,23,6,0,13
51,24,6,0,19
51,25,4,6,16
51,26,4,6,16
51,27,6,0,18
51,28,4,6,9
51,29,4,0,24
51,30,4,0,18
51,31,4,0,7
51,32,4,0,15
51,33,4,6,20
51,34,4,0,3
51,35,5,4,16
51,36,4,0,12
51,37,4,6,18
51,38,6,0,3
51,39,6,0,22
51,40,6,0,21
51,41,6,0,5
51,42,4,6,8
51,43,4,6,8
51,44,4,6,8
51,45,6,0,16
51,46,6,0,0
51,47,6,0,20
51,48,4,6,11
51,49,4,0,20
51,50,4,10,0
51,51,10,0,19
51,52,4,10,6
51,53,4,0,16
51,54,4,0,14
51,55,4,0,12
51,56,5,4,7
51,57,5,0,23
51,58,5,0,7
52,0,5,0,12
52,1,5,0,4
52,2,5,0,15
52,3,5,0,13
52,4,5,0,6
52,5,5,0,19
52,6,5,0,8
52,7,5,0,15
52,8,5,0,10
52,9,5,0,9
52,10,5,0,24
52,11,5,4,0
52,12,4,0,5
52,13,4,0,23
52,14,4,0,19
52,15,1,4,9
52,16,1,0,23
52,17,1,0,17
52,18,1,4,18
52,19,4,0,13
52,20,4,0,16
52,21,4,6,1
52,22,6,0,4
52,23,4,6,16
52,24,4,6,9
52,25,4,6,4
52,26,4,6,1
52,27,4,6,11
52,28,4,0,9
52,29,4,0,12
52,30,4,0,9
52,31,4,0,17
52,32,4,6,10
52,33,4,6,23
52,34,5,4,19
52,35,5,4,1
52,36,4,6,13
52,37,6,0,5
52,38,6,0,12
52,39,6,0,20
52,40,6,0,13
52,41,6,0,23
52,42,6,0,0
52,43,6,0,7
52,44,6,0,18
52,45,6,0,5
52,46,6,0,16
52,47,4,6,14
52,48,4,0,15
52,49,4,0,6
52,50,4,10,18
52,51,10,0,1
52,52,4,10,21
52,53,4,0,6
52,54,4,0,4
52,55,4,0,17
52,56,5,4,24
52,57,5,0,8
52,58,5,0,22
53,0,5,0,18
53,1,5,0,11
53,2,5,0,16
53,3,5,0,8
53,4,5,0,21
53,5,5,0,6
53,6,5,0,16
53,7,5,0,6
53,8,5,0,0
53,9,5,0,8
53,10,5,0,3
53,11,5,4,18
53,12,4,0,21
53,13,4,0,5
53,14,1,4,6
53,15,1,0,5
53,16,1,0,22
53,17,1,4,0
53,18,4,0,15
53,19,4,0,17
53,20,4,0,17
53,21,4,6,1
53,22,4,6,9
53,23,4,6,4
53,24,4,0,23
53,25,4,0,7
53,26,4,6,4
53,27,4,0,24
53,28,4,0,6
53,29,4,0,7
53,30,4,0,20
53,31,4,6,0
53,32,6,0,15
53,33,4,6,24
53,34,5,0,7
53,35,5,4,18
53,36,6,0,0
53,37,6,0,8
53,38,4,6,16
53,39,4,6,16
53,40,6,0,3
53,41,6,0,4
53,42,6,0,16
53,43,6,0,9
53,44,4,6,16
53,45,4,6,16
53,46,4,6,11
53,47,4,0,11
53,48,4,0,14
53,49,4,10,0
53,50,10,0,10
53,51,10,0,18
53,52,4,10,24
53,53,4,0,24
53,54,4,0,13
53,55,5,4,6
53,56,5,0,20
53,57,5,0,7
53,58,5,0,24
54,0,5,0,19
54,1,5,0,23
54,2,5,0,16
54,3,5,0,22
54,4,5,0,15
54,5,5,0,19
54,6,5,0,23
54,7,5,0,15
54,8,5,0,2
54,9,5,0,11
54,10,5,4,0
54,11,4,0,22
54,12,4,0,23
54,13,4,0,12
54,14,1,4,22
54,15,1,0,0
54,16,1,0,3
54,17,1,4,18
54,18,4,0,9
54,19,4,0,4
54,20,4,0,23
54,21,1,4,16
54,22,1,4,16
54,23,1,4,16
54,24,1,4,16
54,25,1,4,16
54,26,4,0,8
54,27,4,0,19
54,28,4,0,23
54,29,4,0,11
54,30,4,0,8
54,31,4,6,17
54,32,4,6,14
54,33,5,4,22
54,34,5,4,5
54,35,4,6,18
54,36,6,0,19
54,37,4,6,6
54,38,4,6,4
54,39,4,6,2
54,40,4,6,16
54,41,6,0,2
54,42,4,6,16
54,43,4,6,11
54,44,4,6,4
54,45,4,6,4
54,46,4,0,2
54,47,4,0,20
54,48,4,0,11
54,49,4,10,18
54,50,10,0,16
54,51,4,10,14
54,52,4,0,3
54,53,4,0,0
54,54,4,0,20
54,55,5,4,23
54,56,5,0,0
54,57,5,0,13
54,58,5,0,9
55,0,5,0,8
55,1,5,0,13
55,2,5,0,10
55,3,5,0,6
55,4,5,0,24
55,5,5,0,19
55,6,5,0,17
55,7,5,0,4
55,8,5,0,21
55,9,5,0,17
55,10,5,4,18
55,11,4,0,20
55,12,4,0,1
55,13,4,0,17
55,14,1,4,22
55,15,1,0,11
55,16,1,4,0
55,17,4,0,1
55,18,4,0,9
55,19,4,0,17
55,20,1,4,14
55,21,1,4,4
55,22,1,4,4
55,23,1,4,4
55,24,1,4,4
55,25,1,4,3
55,26,4,0,13
55,27,4,0,23
55,28,4,0,0
55,29,4,0,0
55,30,4,0,18
55,31,4,6,4
55,32,4,0,22
55,33,5,4,8
55,34,4,6,0
55,35,6,0,3
55,36,6,0,22
55,37,4,6,24
55,38,4,0,16
55,39,4,6,4
55,40,4,6,1
55,41,4,6,9
55,42,4,6,4
55,43,4,0,14
55,44,4,0,14
55,45,4,0,10
55,46,4,0,1
55,47,4,0,21
55,48,4,10,0
55,49,10,0,22
55,50,4,10,6
55,51,4,0,0
55,52,4,0,19
55,53,4,0,15
55,54,4,0,7
55,55,5,4,24
55,56,5,0,21
55,57,5,0,9
55,58,5,0,16
56,0,5,0,6
56,1,5,0,0
56,2,5,0,0
56,3,5,0,10
56,4,5,0,2
56,5,5,0,21
56,6,5,0,7
56,7,5,0,9
56,8,5,0,19
56,9,5,4,10
56,10,4,0,15
56,11,4,0,0
56,12,4,0,15
56,13,4,0,6
56,14,1,4,23
56,15,1,0,18
56,16,1,4,17
56,17,1,4,16
56,18,1,4,16
56,19,1,4,11
56,20,1,0,5
56,21,1,0,9
56,22,1,0,23
56,23,1,0,15
56,24,1,0,17
56,25,1,4,18
56,26,4,0,20
56,27,4,0,21
56,28,4,0,24
56,29,4,0,7
56,30,5,4,9
56,31,5,4,3
56,32,4,0,3
56,33,4,0,4
56,34,4,6,18
56,35,6,0,21
56,36,4,6,6
56,37,4,0,4
56,38,4,0,23
56,39,4,0,16
56,40,4,6,4
56,41,4,0,4
56,42,4,0,10
56,43,4,0,22
56,44,4,0,4
56,45,4,0,7
56,46,4,0,4
56,47,4,0,21
56,48,4,10,18
56,49,10,0,8
56,50,4,10,24
56,51,4,0,7
56,52,4,0,5
56,53,4,0,12
56,54,5,4,6
56,55,5,0,10
56,56,5,0,12
56,57,5,0,19
56,58,5,0,4
57,0,5,0,6
57,1,5,0,16
57,2,5,0,3
57,3,5,0,3
57,4,5,0,15
57,5,5,0,8
57,6,5,0,3
57,7,5,0,16
57,8,5,4,5
57,9,4,0,3
57,10,4,0,11
57,11,4,0,16
57,12,4,0,13
57,13,4,0,24
57,14,1,4,22
57,15,1,0,16
57,16,1,4,4
57,17,1,4,4
57,18,1,4,4
57,19,1,0,21
57,20,1,0,19
57,21,1,0,2
57,22,1,0,20
57,23,1,0,7
57,24,1,4,0
57,25,4,0,10
57,26,4,0,24
57,27,4,0,13
57,28,4,0,13
57,29,5,4,9
57,30,5,0,20
57,31,5,4,18
57,32,4,0,10
57,33,4,6,0
57,34,6,0,5
57,35,6,0,0
57,36,4,6,21
57,37,1,4,16
57,38,4,0,21
57,39,4,0,13
57,40,4,0,7
57,41,4,0,12
57,42,4,0,7
57,43,4,0,5
57,44,4,0,16
57,45,4,0,20
57,46,4,0,0
57,47,4,10,10
57,48,10,0,24
57,49,4,10,11
57,50,4,0,5
57,51,4,0,9
57,52,4,0,8
57,53,4,0,21
57,54,5,4,24
57,55,5,0,13
57,56,5,0,6
57,57,5,0,18
57,58,5,0,8
58,0,5,0,1
58,1,5,0,3
58,2,5,0,7
58,3,5,0,15
58,4,5,0,1
58,5,5,0,4
58,6,5,0,16
58,7,5,4,5
58,8,4,0,6
58,9,4,0,11
58,10,4,0,5
58,11,4,0,24
58,12,4,0,18
58,13,4,0,5
58,14,1,4,7
58,15,1,0,17
58,16,1,0,6
58,17,1,0,2
58,18,1,0,16
58,19,1,0,21
58,20,1,0,15
58,21,1,0,12
58,22,1,0,23
58,23,1,0,1
58,24,1,4,1
58,25,4,0,9
58,26,4,0,7
58,27,4,0,8
58,28,5,4,9
58,29,5,0,13
58,30,5,4,0
58,31,4,0,16
58,32,4,0,19
58,33,4,6,2
58,34,4,6,16
58,35,6,0,24
58,36,4,6,21
58,37,1,4,1
58,38,4,0,1
58,39,4,0,3
58,40,4,0,3
58,41,4,0,9
58,42,4,0,8
58,43,4,0,4
58,44,4,10,20
58,45,4,10,20
58,46,4,10,10
58,47,10,0,4
58,48,4,10,6
58,49,4,0,1
58,50,4,0,24
58,51,4,0,24
58,52,4,0,19
58,53,5,4,14
58,54,5,0,8
58,55,5,0,5
58,56,5,0,8
58,57,5,0,14
58,58,5,0,10
59,0,5,0,13
59,1,5,0,21
59,2,5,0,8
59,3,5,0,8
59,4,5,0,14
59,5,5,0,2
59,6,5,4,0
59,7,4,10,20
59,8,4,10,20
59,9,4,10,20
59,10,4,10,20
59,11,4,0,23
59,12,4,0,19
59,13,4,0,23
59,14,1,4,21
59,15,1,0,22
59,16,1,4,20
59,17,1,4,20
59,18,1,0,6
59,19,1,0,7
59,20,1,0,16
59,21,1,0,23
59,22,1,0,13
59,23,1,0,22
59,24,1,4,17
59,25,4,0,14
59,26,4,0,14
59,27,5,4,11
59,28,5,0,3
59,29,5,0,24
59,30,5,4,3
59,31,4,0,21
59,32,4,0,10
59,33,4,6,4
59,34,4,6,18
59,35,6,0,4
59,36,4,6,24
59,37,1,4,3
59,38,4,0,20
59,39,4,0,17
59,40,4,0,16
59,41,4,0,9
59,42,4,0,23
59,43,4,10,13
59,44,4,10,8
59,45,4,10,8
59,46,10,0,1
59,47,10,0,17
59,48,4,10,24
59,49,4,0,18
59,50,4,0,10
59,51,4,0,13
59,52,5,4,9
59,53,5,0,17
59,54,5,0,16
59,55,5,0,5
59,56,5,0,3
59,57,5,0,14
59,58,5,0,18
60,0,5,0,3
60,1,5,0,9
60,2,5,0,22
60,3,5,0,8
60,4,5,0,7
60,5,5,0,1
60,6,4,10,5
60,7,4,10,8
60,8,4,10,8
60,9,4,10,8
60,10,4,10,21
60,11,4,0,7
60,12,1,4,16
60,13,1,4,16
60,14,1,4,16
60,15,1,4,16
60,16,1,4,8
60,17,1,4,24
60,18,1,0,23
60,19,1,0,10
60,20,1,0,15
60,21,1,0,1
60,22,1,0,10
60,23,1,0,6
60,24,1,4,2
60,25,4,0,17
60,26,5,4,6
60,27,5,0,2
60,28,5,0,5
60,29,5,0,11
60,30,5,4,18
60,31,4,0,8
60,32,5,4,16
60,33,4,6,0
60,34,6,0,15
60,35,4,6,6
60,36,1,0,3
60,37,1,4,1
60,38,4,0,11
60,39,4,0,18
60,40,4,0,2
60,41,4,0,24
60,42,4,10,5
60,43,10,0,7
60,44,10,0,10
60,45,10,0,15
60,46,10,0,18
60,47,4,10,6
60,48,4,0,13
60,49,4,0,18
60,50,4,0,12
60,51,5,4,14
60,52,5,0,10
60,53,5,0,17
60,54,5,0,18
60,55,5,0,13
60,56,5,0,22
60,57,5,0,3
60,58,5,0,17
