0,0,3,0,13
0,1,3,0,18
0,2,3,0,0
0,3,3,0,9
0,4,3,0,20
0,5,3,0,23
0,6,3,0,9
0,7,3,0,19
0,8,2,3,24
0,9,2,0,16
0,10,2,0,16
0,11,2,0,22
0,12,2,0,13
0,13,2,0,7
0,14,2,0,5
0,15,2,0,19
0,16,2,0,22
0,17,2,0,14
0,18,2,0,3
0,19,2,0,8
0,20,2,0,17
0,21,2,0,16
0,22,2,0,7
0,23,2,3,2
0,24,2,3,16
0,25,2,3,11
0,26,2,0,2
0,27,2,0,6
0,28,2,3,13
0,29,2,3,8
0,30,2,3,8
0,31,2,3,21
0,32,2,0,1
0,33,2,0,20
0,34,2,0,2
0,35,2,0,2
0,36,2,0,21
0,37,2,0,11
0,38,2,0,16
0,39,2,0,10
0,40,2,0,18
0,41,2,0,6
0,42,2,0,21
0,43,2,0,5
0,44,2,0,5
0,45,2,0,7
0,46,2,0,8
0,47,2,0,14
0,48,2,3,20
0,49,2,0,19
0,50,2,0,21
0,51,2,0,0
0,52,2,0,11
0,53,2,3,3
0,54,3,0,5
0,55,3,0,23
0,56,3,0,17
0,57,3,0,24
0,58,3,0,2
0,59,3,0,3
0,60,3,0,13
0,61,3,0,13
0,62,3,0,23
0,63,3,0,15
1,0,3,0,8
1,1,3,0,5
1,2,3,0,5
1,3,3,0,14
1,4,3,0,10
1,5,3,0,4
1,6,3,0,14
1,7,2,3,6
1,8,2,0,1
1,9,2,0,17
1,10,2,0,3
1,11,2,0,21
1,12,2,0,2
1,13,2,0,6
1,14,2,0,4
1,15,2,0,18
1,16,2,0,9
1,17,2,0,20
1,18,2,0,13
1,19,2,0,2
1,20,2,0,1
1,21,2,0,22
1,22,2,0,6
1,23,2,3,4
1,24,2,3,4
1,25,2,0,19
1,26,2,0,3
1,27,2,3,15
1,28,3,0,24
1,29,3,0,15
1,30,3,0,24
1,31,2,3,23
1,32,2,0,3
1,33,2,0,16
1,34,2,0,13
1,35,2,0,7
1,36,2,0,2
1,37,2,0,10
1,38,2,0,13
1,39,2,3,20
1,40,2,3,20
1,41,2,0,8
1,42,2,0,12
1,43,2,0,3
1,44,2,0,22
1,45,2,0,17
1,46,2,0,3
1,47,2,3,13
1,48,2,3,7
1,49,2,0,11
1,50,2,0,16
1,51,2,0,9
1,52,2,0,13
1,53,2,3,2
1,54,3,0,14
1,55,3,0,20
1,56,3,0,24
1,57,3,0,20
1,58,3,0,0
1,59,3,0,22
1,60,3,0,14
1,61,3,0,4
1,62,3,0,16
2,0,3,0,3
2,1,3,0,13
2,2,3,0,9
2,3,3,0,19
2,4,3,0,2
2,5,3,0,21
2,6,3,0,12
2,7,2,3,22
2,8,2,0,18
2,9,2,0,3
2,10,2,0,14
2,11,2,0,18
2,12,2,0,8
2,13,2,0,16
2,14,2,0,11
2,15,2,0,6
2,16,2,0,13
2,17,2,0,21
2,18,2,0,15
2,19,2,0,22
2,20,2,0,7
2,21,2,0,10
2,22,2,0,20
2,23,2,0,1
2,24,2,0,10
2,25,2,0,12
2,26,2,3,15
2,27,3,0,18
2,28,3,0,18
2,29,3,0,22
2,30,3,0,23
2,31,2,3,24
2,32,2,0,20
2,33,2,0,24
2,34,2,0,6
2,35,2,0,22
2,36,2,0,21
2,37,2,0,17
2,38,2,3,5
2,39,2,3,8
2,40,2,3,23
2,41,2,3,20
2,42,2,0,5
2,43,2,0,22
2,44,2,0,22
2,45,2,0,14
2,46,2,3,0
2,47,3,0,10
2,48,2,3,21
2,49,2,0,8
2,50,2,0,9
2,51,2,0,10
2,52,2,0,17
2,53,2,3,18
2,54,3,0,13
2,55,3,0,13
2,56,3,0,3
2,57,3,0,16
2,58,3,0,16
2,59,3,0,5
2,60,3,0,24
2,61,3,0,10
2,62,3,0,6
3,0,3,0,8
3,1,3,0,12
3,2,3,0,14
3,3,3,0,24
3,4,3,0,16
3,5,3,0,7
3,6,3,0,14
3,7,2,3,22
3,8,2,0,23
3,9,2,0,1
3,10,2,0,20
3,11,2,0,6
3,12,2,0,4
3,13,2,0,9
3,14,2,0,19
3,15,2,0,3
3,16,2,0,7
3,17,2,0,14
3,18,2,0,17
3,19,2,0,6
3,20,2,0,8
3,21,2,0,17
3,22,2,0,1
3,23,2,0,19
3,24,2,0,10
3,25,2,3,13
3,26,3,0,13
3,27,3,0,24
3,28,3,0,6
3,29,3,0,20
3,30,2,3,6
3,31,2,0,11
3,32,2,0,10
3,33,2,0,24
3,34,2,0,11
3,35,2,0,18
3,36,2,0,0
3,37,2,3,0
3,38,3,0,11
3,39,3,0,13
3,40,2,3,8
3,41,2,3,23
3,42,2,0,22
3,43,2,0,18
3,44,2,0,24
3,45,2,0,5
3,46,2,3,18
3,47,3,0,19
3,48,2,3,24
3,49,2,0,19
3,50,2,0,3
3,51,2,0,11
3,52,2,3,5
3,53,3,0,2
3,54,3,0,6
3,55,3,0,20
3,56,3,0,2
3,57,3,0,1
3,58,3,0,23
3,59,3,0,4
3,60,3,0,22
3,61,3,0,15
3,62,3,0,18
4,0,3,0,7
4,1,3,0,9
4,2,3,0,15
4,3,3,0,0
4,4,3,0,19
4,5,3,0,21
4,6,3,0,1
4,7,2,3,22
4,8,2,0,14
4,9,2,0,22
4,10,2,0,22
4,11,2,0,21
4,12,2,0,19
4,13,2,0,11
4,14,2,0,11
4,15,2,0,22
4,16,2,0,7
4,17,2,0,0
4,18,2,0,15
4,19,2,3,20
4,20,2,3,20
4,21,2,0,20
4,22,2,0,18
4,23,2,0,23
4,24,2,3,0
4,25,3,0,24
4,26,3,0,4
4,27,3,0,0
4,28,3,0,18
4,29,3,0,24
4,30,2,3,24
4,31,2,0,23
4,32,2,0,21
4,33,2,0,7
4,34,2,0,23
4,35,2,0,12
4,36,2,0,1
4,37,2,3,1
4,38,2,3,16
4,39,3,0,10
4,40,3,0,0
4,41,2,3,21
4,42,2,0,0
4,43,2,0,10
4,44,2,0,7
4,45,2,3,0
4,46,3,0,4
4,47,2,3,6
4,48,2,0,22
4,49,2,0,3
4,50,2,0,16
4,51,2,3,0
4,52,3,0,21
4,53,3,0,16
4,54,3,0,19
4,55,3,0,8
4,56,3,0,11
4,57,3,0,9
4,58,3,0,15
4,59,3,0,5
4,60,3,0,20
4,61,3,0,20
4,62,3,0,16
5,0,3,0,19
5,1,3,0,21
5,2,3,0,1
5,3,3,0,6
5,4,3,0,20
5,5,3,0,24
5,6,3,0,3
5,7,2,3,21
5,8,2,0,12
5,9,2,0,24
5,10,2,0,19
5,11,2,0,23
5,12,2,0,22
5,13,2,0,6
5,14,2,0,20
5,15,2,0,1
5,16,2,0,10
5,17,2,0,5
5,18,2,3,10
5,19,2,3,8
5,20,2,3,23
5,21,2,3,20
5,22,2,0,2
5,23,2,0,12
5,24,2,3,18
5,25,3,0,3
5,26,3,0,8
5,27,3,0,24
5,28,3,0,19
5,29,2,3,9
5,30,2,0,14
5,31,2,0,3
5,32,2,0,0
5,33,2,0,6
5,34,2,0,7
5,35,2,0,8
5,36,2,0,8
5,37,2,3,4
5,38,2,3,3
5,39,3,0,9
5,40,3,0,1
5,41,2,3,24
5,42,2,0,22
5,43,2,0,13
5,44,2,0,1
5,45,2,3,18
5,46,3,0,10
5,47,2,3,24
5,48,2,0,2
5,49,2,0,1
5,50,2,0,11
5,51,2,3,18
5,52,3,0,7
5,53,3,0,18
5,54,3,0,12
5,55,3,0,3
5,56,3,0,1
5,57,3,0,1
5,58,3,0,11
5,59,3,0,6
5,60,3,0,15
5,61,3,0,2
5,62,3,0,20
6,0,3,0,12
6,1,3,0,19
6,2,3,0,0
6,3,3,0,2
6,4,3,0,3
6,5,3,0,17
6,6,3,0,24
6,7,2,3,24
6,8,2,0,10
6,9,2,0,23
6,10,2,0,6
6,11,2,0,16
6,12,2,0,9
6,13,2,0,0
6,14,2,0,5
6,15,2,0,12
6,16,2,0,20
6,17,2,3,15
6,18,3,0,4
6,19,3,0,22
6,20,2,3,8
6,21,2,3,7
6,22,2,0,2
6,23,2,3,0
6,24,3,0,16
6,25,3,0,5
6,26,3,0,21
6,27,3,0,15
6,28,2,3,11
6,29,2,0,10
6,30,2,0,3
6,31,2,0,4
6,32,2,0,11
6,33,2,3,20
6,34,2,0,24
6,35,2,0,2
6,36,2,0,3
6,37,2,0,6
6,38,2,3,17
6,39,2,3,16
6,40,2,3,11
6,41,2,0,13
6,42,2,0,5
6,43,2,0,20
6,44,2,3,0
6,45,3,0,0
6,46,2,3,6
6,47,2,0,11
6,48,2,0,13
6,49,2,0,13
6,50,2,3,13
6,51,3,0,19
6,52,3,0,13
6,53,3,0,16
6,54,3,0,11
6,55,3,0,14
6,56,3,0,8
6,57,3,0,15
6,58,3,0,4
6,59,3,0,17
6,60,3,0,17
6,61,3,0,18
6,62,3,0,12
7,0,3,0,7
7,1,3,0,11
7,2,3,0,6
7,3,3,0,9
7,4,3,0,7
7,5,3,0,13
7,6,2,3,6
7,7,2,0,23
7,8,2,0,11
7,9,2,0,24
7,10,2,0,7
7,11,2,0,16
7,12,2,0,16
7,13,2,0,2
7,14,2,0,19
7,15,2,0,7
7,16,2,3,0
7,17,3,0,7
7,18,3,0,8
7,19,3,0,4
7,20,3,0,18
7,21,2,3,21
7,22,2,0,19
7,23,2,3,2
7,24,3,0,18
7,25,3,0,18
7,26,3,0,1
7,27,2,3,14
7,28,2,0,12
7,29,2,0,5
7,30,2,0,8
7,31,2,0,10
7,32,2,3,15
7,33,2,3,21
7,34,2,0,4
7,35,2,0,16
7,36,2,0,8
7,37,2,0,14
7,38,2,3,4
7,39,2,3,4
7,40,2,0,9
7,41,2,0,15
7,42,2,0,4
7,43,2,0,1
7,44,2,3,18
7,45,3,0,17
7,46,2,3,24
7,47,2,0,21
7,48,2,0,18
7,49,2,3,0
7,50,3,0,16
7,51,3,0,24
7,52,3,0,21
7,53,3,0,17
7,54,3,0,11
7,55,3,0,7
7,56,3,0,19
7,57,3,0,23
7,58,3,0,16
7,59,3,0,7
7,60,3,0,8
7,61,3,0,21
7,62,3,0,6
8,0,3,0,19
8,1,3,0,20
8,2,3,0,11
8,3,3,0,0
8,4,3,0,9
8,5,3,0,6
8,6,2,3,21
8,7,2,0,8
8,8,2,0,10
8,9,2,0,9
8,10,2,0,20
8,11,2,0,17
8,12,2,0,23
8,13,2,0,21
8,14,2,0,10
8,15,2,0,17
8,16,2,3,1
8,17,3,0,19
8,18,3,0,13
8,19,3,0,7
8,20,3,0,20
8,21,2,3,21
8,22,2,0,16
8,23,2,3,3
8,24,2,3,16
8,25,2,3,16
8,26,2,3,19
8,27,2,0,23
8,28,2,0,16
8,29,2,0,1
8,30,2,0,22
8,31,2,3,15
8,32,3,0,17
8,33,2,3,7
8,34,2,0,5
8,35,2,0,6
8,36,2,0,0
8,37,2,0,6
8,38,2,0,23
8,39,2,0,12
8,40,2,0,3
8,41,2,0,15
8,42,2,0,23
8,43,2,3,0
8,44,3,0,20
8,45,2,3,19
8,46,2,0,22
8,47,2,0,0
8,48,2,0,1
8,49,2,3,18
8,50,3,0,23
8,51,3,0,2
8,52,3,0,4
8,53,3,0,7
8,54,3,0,17
8,55,3,0,0
8,56,3,0,20
8,57,3,0,24
8,58,3,0,17
8,59,3,0,18
8,60,3,0,20
8,61,3,0,5
8,62,3,0,5
9,0,3,0,9
9,1,3,0,5
9,2,3,0,22
9,3,3,0,20
9,4,3,0,16
9,5,3,0,15
9,6,2,3,22
9,7,2,0,23
9,8,2,0,11
9,9,2,0,19
9,10,2,0,7
9,11,2,0,3
9,12,2,0,6
9,13,2,0,24
9,14,2,0,3
9,15,2,0,12
9,16,2,3,3
9,17,3,0,14
9,18,3,0,19
9,19,3,0,13
9,20,2,3,16
9,21,2,3,24
9,22,2,0,24
9,23,2,3,4
9,24,2,3,4
9,25,2,3,4
9,26,2,0,18
9,27,2,0,18
9,28,2,0,22
9,29,2,0,18
9,30,2,3,5
9,31,3,0,10
9,32,3,0,9
9,33,2,3,24
9,34,2,0,2
9,35,2,0,19
9,36,2,0,22
9,37,2,0,16
9,38,2,0,23
9,39,2,0,0
9,40,2,0,19
9,41,2,0,23
9,42,2,0,7
9,43,2,3,17
9,44,2,3,11
9,45,2,0,9
9,46,2,0,13
9,47,2,0,11
9,48,2,3,15
9,49,3,0,3
9,50,3,0,13
9,51,3,0,5
9,52,3,0,16
9,53,3,0,9
9,54,3,0,10
9,55,3,0,3
9,56,3,0,7
9,57,3,0,17
9,58,3,0,23
9,59,3,0,17
9,60,3,0,10
9,61,3,0,24
9,62,3,0,7
10,0,3,0,12
10,1,3,0,24
10,2,3,0,4
10,3,3,0,11
10,4,3,0,9
10,5,3,0,14
10,6,2,3,24
10,7,2,0,2
10,8,2,0,7
10,9,2,0,10
10,10,2,0,23
10,11,2,0,14
10,12,2,0,21
10,13,2,0,18
10,14,2,0,3
10,15,2,0,24
10,16,2,3,17
10,17,3,0,5
10,18,3,0,22
10,19,2,3,14
10,20,2,3,4
10,21,2,0,20
10,22,2,0,6
10,23,2,0,11
10,24,2,0,18
10,25,2,0,24
10,26,2,0,20
10,27,2,0,10
10,28,2,0,18
10,29,2,3,5
10,30,3,0,19
10,31,3,0,17
10,32,2,3,6
10,33,2,0,22
10,34,2,0,3
10,35,2,0,12
10,36,2,0,18
10,37,2,0,18
10,38,2,0,15
10,39,2,0,3
10,40,2,0,23
10,41,2,0,19
10,42,2,0,5
10,43,2,3,4
10,44,2,0,5
10,45,2,0,7
10,46,2,0,22
10,47,2,3,0
10,48,3,0,11
10,49,3,0,5
10,50,3,0,2
10,51,3,0,1
10,52,3,0,4
10,53,3,0,24
10,54,3,0,5
10,55,3,0,3
10,56,3,0,3
10,57,3,0,1
10,58,3,0,19
10,59,3,0,11
10,60,3,0,13
10,61,3,0,24
10,62,3,0,6
11,0,3,0,10
11,1,3,0,19
11,2,3,0,4
11,3,3,0,12
11,4,3,0,1
11,5,2,3,6
11,6,2,0,21
11,7,2,0,4
11,8,2,0,5
11,9,2,0,17
11,10,2,0,9
11,11,2,0,19
11,12,2,0,14
11,13,2,0,14
11,14,2,0,20
11,15,2,0,17
11,16,2,3,2
11,17,2,3,16
11,18,2,3,6
11,19,2,0,4
11,20,2,0,13
11,21,2,0,2
11,22,2,0,21
11,23,2,0,5
11,24,2,0,18
11,25,2,0,5
11,26,2,0,4
11,27,2,0,18
11,28,2,3,13
11,29,3,0,2
11,30,3,0,13
11,31,3,0,3
11,32,2,3,24
11,33,2,0,12
11,34,2,0,14
11,35,2,0,23
11,36,2,0,0
11,37,2,0,5
11,38,2,0,8
11,39,2,0,17
11,40,2,0,22
11,41,2,0,2
11,42,2,0,24
11,43,2,0,3
11,44,2,0,9
11,45,2,0,18
11,46,2,0,3
11,47,2,3,18
11,48,3,0,4
11,49,3,0,4
11,50,3,0,2
11,51,3,0,21
11,52,3,0,20
11,53,3,0,9
11,54,3,0,2
11,55,3,0,20
11,56,3,0,2
11,57,3,0,9
11,58,3,0,22
11,59,3,0,18
11,60,3,0,16
11,61,3,0,14
11,62,3,0,9
12,0,3,0,23
12,1,3,0,9
12,2,3,0,19
12,3,3,0,4
12,4,3,0,22
12,5,2,3,21
12,6,2,0,6
12,7,2,0,17
12,8,2,0,17
12,9,2,0,4
12,10,2,0,16
12,11,2,0,16
12,12,2,3,20
12,13,2,3,20
12,14,2,0,12
12,15,2,0,8
12,16,2,3,4
12,17,2,3,17
12,18,2,3,24
12,19,2,0,6
12,20,2,0,12
12,21,2,0,17
12,22,2,0,11
12,23,2,0,2
12,24,2,0,5
12,25,2,0,19
12,26,2,3,20
12,27,2,3,5
12,28,3,0,17
12,29,3,0,11
12,30,3,0,22
12,31,2,3,6
12,32,2,0,2
12,33,2,0,17
12,34,2,0,2
12,35,2,0,20
12,36,2,0,3
12,37,2,3,20
12,38,2,0,1
12,39,2,0,17
12,40,2,0,5
12,41,2,0,23
12,42,2,0,24
12,43,2,0,21
12,44,2,0,6
12,45,2,0,8
12,46,2,3,10
12,47,3,0,11
12,48,3,0,18
12,49,3,0,8
12,50,3,0,6
12,51,3,0,24
12,52,3,0,22
12,53,3,0,17
12,54,3,0,13
12,55,3,0,4
12,56,3,0,19
12,57,3,0,6
12,58,3,0,9
12,59,3,0,8
12,60,3,0,19
12,61,3,0,10
12,62,3,0,16
13,0,3,0,15
13,1,3,0,2
13,2,3,0,0
13,3,3,0,18
13,4,3,0,0
13,5,2,3,21
13,6,2,0,24
13,7,2,0,7
13,8,2,0,15
13,9,2,0,5
13,10,2,0,2
13,11,2,3,13
13,12,2,3,8
13,13,2,3,7
13,14,2,0,2
13,15,2,0,0
13,16,2,0,13
13,17,2,3,4
13,18,2,0,23
13,19,2,0,18
13,20,2,0,11
13,21,2,0,7
13,22,2,0,1
13,23,2,0,3
13,24,2,0,17
13,25,2,3,15
13,26,2,3,8
13,27,3,0,21
13,28,3,0,2
13,29,3,0,18
13,30,3,0,20
13,31,2,3,24
13,32,2,0,10
13,33,2,0,0
13,34,2,3,20
13,35,2,3,20
13,36,2,3,5
13,37,2,3,23
13,38,2,3,20
13,39,2,0,21
13,40,2,0,7
13,41,2,0,14
13,42,2,0,20
13,43,2,0,19
13,44,2,0,7
13,45,2,3,13
13,46,3,0,3
13,47,3,0,2
13,48,3,0,7
13,49,3,0,4
13,50,3,0,13
13,51,3,0,3
13,52,3,0,13
13,53,3,0,3
13,54,3,0,8
13,55,2,3,16
13,56,2,3,16
13,57,3,0,8
13,58,3,0,2
13,59,3,0,3
13,60,3,0,3
13,61,3,0,13
13,62,3,0,11
14,0,3,0,4
14,1,3,0,15
14,2,3,0,4
14,3,3,0,13
14,4,3,0,5
14,5,2,3,7
14,6,2,0,18
14,7,2,0,4
14,8,2,0,8
14,9,2,0,22
14,10,2,3,0
14,11,3,0,6
14,12,3,0,13
14,13,2,3,24
14,14,2,0,2
14,15,2,0,8
14,16,2,0,17
14,17,2,0,18
14,18,2,0,3
14,19,2,0,18
14,20,2,3,20
14,21,2,3,20
14,22,2,0,7
14,23,2,3,20
14,24,2,3,10
14,25,3,0,15
14,26,3,0,23
14,27,3,0,23
14,28,3,0,11
14,29,3,0,4
14,30,2,3,9
14,31,2,0,7
14,32,2,0,13
14,33,2,3,13
14,34,2,3,8
14,35,2,3,8
14,36,3,0,20
14,37,2,3,8
14,38,2,3,21
14,39,2,0,15
14,40,2,0,17
14,41,2,0,6
14,42,2,0,15
14,43,2,0,14
14,44,2,3,15
14,45,3,0,8
14,46,3,0,13
14,47,3,0,15
14,48,3,0,10
14,49,3,0,13
14,50,3,0,9
14,51,3,0,4
14,52,3,0,10
14,53,3,0,16
14,54,2,3,9
14,55,2,3,4
14,56,2,3,1
14,57,2,3,16
14,58,2,3,16
14,59,3,0,3
14,60,3,0,9
14,61,3,0,16
14,62,3,0,15
15,0,3,0,0
15,1,3,0,14
15,2,3,0,10
15,3,3,0,18
15,4,3,0,0
15,5,2,3,21
15,6,2,0,11
15,7,2,0,19
15,8,2,0,4
15,9,2,0,11
15,10,2,3,18
15,11,3,0,9
15,12,2,3,6
15,13,2,0,10
15,14,2,0,22
15,15,2,0,21
15,16,2,0,16
15,17,2,0,0
15,18,2,0,3
15,19,2,3,0
15,20,2,3,8
15,21,2,3,7
15,22,2,3,20
15,23,2,3,8
15,24,3,0,13
15,25,3,0,4
15,26,3,0,13
15,27,3,0,22
15,28,3,0,20
15,29,2,3,14
15,30,2,0,22
15,31,2,0,10
15,32,2,3,0
15,33,3,0,24
15,34,3,0,9
15,35,3,0,20
15,36,3,0,22
15,37,3,0,24
15,38,2,3,24
15,39,2,0,5
15,40,2,0,6
15,41,2,0,2
15,42,2,0,18
15,43,2,3,15
15,44,3,0,1
15,45,3,0,11
15,46,3,0,19
15,47,3,0,20
15,48,3,0,0
15,49,3,0,23
15,50,3,0,3
15,51,3,0,4
15,52,3,0,4
15,53,2,3,9
15,54,2,0,14
15,55,2,0,5
15,56,2,3,4
15,57,2,3,4
15,58,2,3,3
15,59,3,0,24
15,60,3,0,8
15,61,3,0,19
15,62,3,0,5
16,0,3,0,4
16,1,3,0,6
16,2,3,0,17
16,3,3,0,23
16,4,3,0,14
16,5,2,3,24
16,6,2,0,9
16,7,2,0,24
16,8,2,0,13
16,9,2,3,5
16,10,3,0,14
16,11,3,0,2
16,12,2,0,6
16,13,2,0,22
16,14,2,3,20
16,15,2,3,20
16,16,2,0,16
16,17,2,0,4
16,18,2,0,9
16,19,2,3,18
16,20,3,0,14
16,21,2,3,8
16,22,2,3,8
16,23,3,0,8
16,24,3,0,24
16,25,3,0,13
16,26,3,0,21
16,27,3,0,19
16,28,2,3,9
16,29,2,0,19
16,30,2,0,12
16,31,2,0,8
16,32,2,3,1
16,33,3,0,0
16,34,3,0,15
16,35,3,0,2
16,36,3,0,2
16,37,2,3,9
16,38,2,0,22
16,39,2,0,23
16,40,2,0,12
16,41,2,3,20
16,42,2,3,15
16,43,3,0,8
16,44,3,0,2
16,45,3,0,10
16,46,3,0,5
16,47,3,0,2
16,48,3,0,2
16,49,3,0,0
16,50,3,0,6
16,51,3,0,23
16,52,2,3,11
16,53,2,0,8
16,54,2,0,21
16,55,2,0,12
16,56,2,0,12
16,57,2,0,0
16,58,2,3,17
16,59,3,0,13
16,60,3,0,10
16,61,3,0,3
16,62,3,0,19
17,0,3,0,14
17,1,3,0,23
17,2,3,0,22
17,3,3,0,13
17,4,2,3,6
17,5,2,0,23
17,6,2,0,9
17,7,2,0,7
17,8,2,3,0
17,9,3,0,22
17,10,3,0,3
17,11,2,3,6
17,12,2,0,20
17,13,2,3,13
17,14,2,3,8
17,15,2,3,21
17,16,2,0,11
17,17,2,0,16
17,18,2,3,0
17,19,3,0,8
17,20,3,0,11
17,21,3,0,17
17,22,3,0,5
17,23,3,0,15
17,24,3,0,11
17,25,3,0,4
17,26,3,0,4
17,27,2,3,19
17,28,2,0,13
17,29,2,0,15
17,30,2,0,16
17,31,2,0,14
17,32,2,3,18
17,33,3,0,3
17,34,3,0,7
17,35,3,0,24
17,36,2,3,19
17,37,2,0,14
17,38,2,0,7
17,39,2,0,4
17,40,2,3,0
17,41,2,3,8
17,42,3,0,8
17,43,3,0,19
17,44,3,0,1
17,45,3,0,8
17,46,3,0,20
17,47,3,0,6
17,48,3,0,9
17,49,3,0,11
17,50,3,0,1
17,51,2,3,6
17,52,2,0,21
17,53,2,0,24
17,54,2,0,6
17,55,2,0,18
17,56,2,0,1
17,57,2,0,15
17,58,2,3,1
17,59,3,0,21
17,60,3,0,20
17,61,3,0,11
17,62,3,0,13
18,0,3,0,5
18,1,3,0,22
18,2,3,0,16
18,3,3,0,6
18,4,2,3,21
18,5,2,0,9
18,6,2,0,0
18,7,2,0,19
18,8,2,3,17
18,9,2,3,16
18,10,3,0,18
18,11,2,3,24
18,12,2,3,15
18,13,3,0,23
18,14,3,0,12
18,15,2,3,21
18,16,2,0,13
18,17,2,0,15
18,18,2,3,2
18,19,3,0,17
18,20,3,0,6
18,21,3,0,3
18,22,3,0,9
18,23,3,0,20
18,24,3,0,15
18,25,2,3,16
18,26,2,3,14
18,27,2,0,17
18,28,2,0,13
18,29,2,0,21
18,30,2,0,0
18,31,2,3,0
18,32,3,0,2
18,33,3,0,14
18,34,3,0,23
18,35,2,3,6
18,36,2,0,1
18,37,2,0,10
18,38,2,0,9
18,39,2,0,3
18,40,2,3,18
18,41,3,0,0
18,42,3,0,20
18,43,3,0,6
18,44,3,0,2
18,45,3,0,5
18,46,3,0,16
18,47,3,0,18
18,48,3,0,14
18,49,3,0,13
18,50,3,0,13
18,51,2,3,24
18,52,2,0,10
18,53,2,0,9
18,54,2,0,18
18,55,2,0,15
18,56,2,0,8
18,57,2,0,22
18,58,2,3,18
18,59,3,0,19
18,60,3,0,8
18,61,3,0,9
18,62,3,0,23
19,0,3,0,1
19,1,3,0,5
19,2,3,0,0
19,3,3,0,4
19,4,2,3,7
19,5,2,0,0
19,6,2,0,12
19,7,2,0,4
19,8,2,3,4
19,9,2,3,17
19,10,2,3,19
19,11,2,3,0
19,12,3,0,1
19,13,3,0,9
19,14,3,0,21
19,15,2,3,23
19,16,2,0,18
19,17,2,0,14
19,18,2,3,2
19,19,3,0,8
19,20,3,0,5
19,21,3,0,15
19,22,3,0,6
19,23,3,0,0
19,24,2,3,9
19,25,2,3,4
19,26,2,0,21
19,27,2,0,3
19,28,2,0,24
19,29,2,0,23
19,30,2,0,7
19,31,2,3,18
19,32,3,0,24
19,33,3,0,8
19,34,3,0,8
19,35,2,3,24
19,36,2,0,8
19,37,2,0,11
19,38,2,0,11
19,39,2,3,10
19,40,3,0,12
19,41,3,0,13
19,42,3,0,14
19,43,3,0,6
19,44,3,0,10
19,45,3,0,15
19,46,3,0,18
19,47,3,0,10
19,48,3,0,12
19,49,3,0,14
19,50,2,3,6
19,51,2,0,0
19,52,2,0,24
19,53,2,0,19
19,54,2,0,4
19,55,2,0,0
19,56,2,0,2
19,57,2,3,0
19,58,3,0,15
19,59,3,0,7
19,60,3,0,6
19,61,3,0,19
19,62,3,0,0
20,0,3,0,13
20,1,3,0,8
20,2,3,0,13
20,3,3,0,15
20,4,2,3,22
20,5,2,0,24
20,6,2,0,19
20,7,2,0,12
20,8,2,0,3
20,9,2,3,4
20,10,2,0,9
20,11,2,3,2
20,12,3,0,6
20,13,3,0,3
20,14,3,0,13
20,15,2,3,23
20,16,2,0,18
20,17,2,0,23
20,18,2,3,18
20,19,3,0,12
20,20,3,0,15
20,21,3,0,6
20,22,2,3,16
20,23,2,3,14
20,24,2,0,16
20,25,2,0,13
20,26,2,0,4
20,27,2,0,3
20,28,2,0,17
20,29,2,0,0
20,30,2,3,10
20,31,3,0,14
20,32,3,0,10
20,33,2,3,16
20,34,2,3,14
20,35,2,0,4
20,36,2,0,18
20,37,2,0,11
20,38,2,3,5
20,39,3,0,20
20,40,3,0,6
20,41,3,0,15
20,42,3,0,15
20,43,3,0,10
20,44,3,0,11
20,45,3,0,22
20,46,3,0,21
20,47,3,0,24
20,48,3,0,24
20,49,3,0,12
20,50,2,3,24
20,51,2,0,2
20,52,2,0,5
20,53,2,0,9
20,54,2,0,13
20,55,2,0,3
20,56,2,0,2
20,57,2,3,3
20,58,3,0,3
20,59,3,0,5
20,60,3,0,18
20,61,3,0,24
20,62,3,0,19
21,0,3,0,18
21,1,3,0,2
21,2,3,0,24
21,3,3,0,3
21,4,2,3,24
21,5,2,0,19
21,6,2,0,22
21,7,2,0,7
21,8,2,0,7
21,9,2,0,22
21,10,2,0,18
21,11,2,3,18
21,12,3,0,22
21,13,3,0,5
21,14,3,0,4
21,15,2,3,21
21,16,2,0,2
21,17,2,3,0
21,18,3,0,1
21,19,3,0,18
21,20,3,0,11
21,21,2,3,19
21,22,2,3,4
21,23,2,0,16
21,24,2,0,8
21,25,2,3,20
21,26,2,3,20
21,27,2,0,15
21,28,2,0,4
21,29,2,3,0
21,30,3,0,11
21,31,2,3,16
21,32,2,3,11
21,33,2,3,4
21,34,2,0,24
21,35,2,0,13
21,36,2,0,17
21,37,2,3,5
21,38,3,0,1
21,39,3,0,7
21,40,3,0,22
21,41,3,0,24
21,42,3,0,7
21,43,3,0,12
21,44,3,0,18
21,45,3,0,15
21,46,3,0,0
21,47,3,0,0
21,48,3,0,15
21,49,2,3,19
21,50,2,0,20
21,51,2,0,7
21,52,2,0,19
21,53,2,0,16
21,54,2,0,1
21,55,2,0,21
21,56,2,0,2
21,57,2,3,2
21,58,3,0,7
21,59,3,0,5
21,60,3,0,4
21,61,3,0,11
21,62,3,0,13
22,0,3,0,16
22,1,3,0,5
22,2,3,0,22
22,3,2,3,6
22,4,2,0,23
22,5,2,0,24
22,6,2,0,21
22,7,2,0,11
22,8,2,0,24
22,9,2,0,10
22,10,2,3,0
22,11,3,0,16
22,12,3,0,20
22,13,3,0,17
22,14,3,0,14
22,15,2,3,22
22,16,2,0,12
22,17,2,3,3
22,18,2,3,16
22,19,3,0,9
22,20,2,3,11
22,21,2,0,14
22,22,2,0,0
22,23,2,0,19
22,24,2,3,15
22,25,2,3,8
22,26,2,3,23
22,27,2,0,9
22,28,2,0,19
22,29,2,3,2
22,30,2,3,11
22,31,2,3,4
22,32,2,0,6
22,33,2,0,19
22,34,2,0,3
22,35,2,0,19
22,36,2,3,0
22,37,3,0,6
22,38,3,0,22
22,39,3,0,24
22,40,3,0,5
22,41,3,0,3
22,42,3,0,0
22,43,3,0,22
22,44,3,0,14
22,45,3,0,17
22,46,3,0,0
22,47,3,0,8
22,48,2,3,6
22,49,2,3,20
22,50,2,3,20
22,51,2,0,22
22,52,2,0,5
22,53,2,0,21
22,54,2,0,24
22,55,2,0,22
22,56,2,0,15
22,57,2,3,18
22,58,3,0,12
22,59,3,0,2
22,60,3,0,15
22,61,3,0,6
22,62,3,0,23
23,0,3,0,10
23,1,3,0,5
23,2,3,0,16
23,3,2,3,7
23,4,2,3,20
23,5,2,0,3
23,6,2,0,22
23,7,2,0,10
23,8,2,0,18
23,9,2,0,5
23,10,2,3,17
23,11,2,3,16
23,12,3,0,11
23,13,3,0,23
23,14,3,0,7
23,15,2,3,22
23,16,2,0,4
23,17,2,3,4
23,18,2,3,2
23,19,2,3,9
23,20,2,0,19
23,21,2,3,20
23,22,2,3,20
23,23,2,3,13
23,24,3,0,8
23,25,3,0,1
23,26,2,3,24
23,27,2,0,5
23,28,2,0,4
23,29,2,3,4
23,30,2,0,13
23,31,2,0,23
23,32,2,0,15
23,33,2,0,21
23,34,2,0,6
23,35,2,0,18
23,36,2,3,18
23,37,3,0,11
23,38,3,0,11
23,39,3,0,2
23,40,3,0,24
23,41,3,0,9
23,42,3,0,22
23,43,3,0,13
23,44,3,0,2
23,45,3,0,7
23,46,3,0,4
23,47,3,0,1
23,48,2,3,8
23,49,2,3,8
23,50,2,3,21
23,51,2,0,0
23,52,2,0,16
23,53,2,0,19
23,54,2,0,19
23,55,2,0,23
23,56,2,3,0
23,57,2,3,16
23,58,3,0,7
23,59,3,0,2
23,60,3,0,8
23,61,3,0,8
23,62,3,0,21
24,0,3,0,8
24,1,3,0,21
24,2,3,0,3
24,3,2,3,8
24,4,2,3,24
24,5,2,0,5
24,6,2,0,1
24,7,2,0,19
24,8,2,0,9
24,9,2,0,14
24,10,2,3,4
24,11,2,3,18
24,12,3,0,16
24,13,3,0,11
24,14,3,0,6
24,15,2,3,24
24,16,2,0,15
24,17,2,0,17
24,18,2,3,4
24,19,2,0,21
24,20,2,3,13
24,21,2,3,8
24,22,2,3,8
24,23,3,0,4
24,24,3,0,6
24,25,2,3,6
24,26,2,0,0
24,27,2,0,4
24,28,2,0,5
24,29,2,0,10
24,30,2,0,7
24,31,2,0,16
24,32,2,0,0
24,33,2,0,16
24,34,2,0,17
24,35,2,3,15
24,36,3,0,6
24,37,3,0,22
24,38,3,0,11
24,39,3,0,22
24,40,3,0,22
24,41,3,0,8
24,42,3,0,7
24,43,3,0,7
24,44,3,0,4
24,45,3,0,17
24,46,3,0,14
24,47,3,0,1
24,48,3,0,21
24,49,3,0,14
24,50,2,3,23
24,51,2,0,12
24,52,2,0,13
24,53,2,0,8
24,54,2,0,8
24,55,2,0,3
24,56,2,3,4
24,57,2,3,1
24,58,3,0,18
24,59,3,0,19
24,60,3,0,9
24,61,3,0,4
24,62,3,0,14
25,0,3,0,14
25,1,3,0,19
25,2,3,0,7
25,3,2,3,6
25,4,2,0,0
25,5,2,0,18
25,6,2,0,14
25,7,2,0,2
25,8,2,0,19
25,9,2,0,0
25,10,2,3,0
25,11,3,0,1
25,12,3,0,17
25,13,3,0,6
25,14,2,3,6
25,15,2,0,3
25,16,2,0,4
25,17,2,0,0
25,18,2,0,20
25,19,2,3,10
25,20,3,0,19
25,21,3,0,13
25,22,3,0,8
25,23,3,0,20
25,24,3,0,11
25,25,2,3,24
25,26,2,0,17
25,27,2,0,14
25,28,2,0,10
25,29,2,0,3
25,30,2,0,21
25,31,2,0,23
25,32,2,0,14
25,33,2,3,20
25,34,2,3,5
25,35,3,0,15
25,36,3,0,20
25,37,3,0,1
25,38,3,0,23
25,39,3,0,20
25,40,3,0,17
25,41,3,0,16
25,42,3,0,7
25,43,3,0,23
25,44,3,0,11
25,45,3,0,2
25,46,3,0,18
25,47,3,0,20
25,48,3,0,6
25,49,3,0,15
25,50,2,3,21
25,51,2,0,15
25,52,2,0,3
25,53,2,0,17
25,54,2,0,11
25,55,2,0,7
25,56,2,0,24
25,57,2,3,1
25,58,3,0,17
25,59,3,0,11
25,60,3,0,6
25,61,3,0,20
25,62,3,0,11
26,0,3,0,21
26,1,3,0,23
26,2,3,0,9
26,3,2,3,23
26,4,2,0,4
26,5,2,0,5
26,6,2,0,18
26,7,2,0,7
26,8,2,0,7
26,9,2,0,22
26,10,2,3,18
26,11,3,0,16
26,12,3,0,10
26,13,3,0,24
26,14,2,3,24
26,15,2,0,15
26,16,2,0,21
26,17,2,0,18
26,18,2,3,10
26,19,3,0,13
26,20,3,0,9
26,21,3,0,22
26,22,3,0,2
26,23,3,0,5
26,24,2,3,6
26,25,2,0,19
26,26,2,0,14
26,27,2,0,3
26,28,2,0,7
26,29,2,0,8
26,30,2,0,23
26,31,2,0,13
26,32,2,3,0
26,33,2,3,8
26,34,3,0,20
26,35,3,0,20
26,36,3,0,19
26,37,3,0,4
26,38,3,0,13
26,39,3,0,16
26,40,3,0,11
26,41,3,0,4
26,42,3,0,23
26,43,3,0,1
26,44,3,0,10
26,45,3,0,8
26,46,3,0,1
26,47,3,0,23
26,48,3,0,1
26,49,3,0,14
26,50,2,3,21
26,51,2,3,20
26,52,2,0,19
26,53,2,0,6
26,54,2,0,22
26,55,2,0,12
26,56,2,0,15
26,57,2,3,17
26,58,3,0,21
26,59,3,0,17
26,60,3,0,12
26,61,3,0,11
26,62,3,0,22
27,0,3,0,15
27,1,3,0,16
27,2,3,0,4
27,3,2,3,21
27,4,2,0,18
27,5,2,0,14
27,6,2,0,16
27,7,2,0,13
27,8,2,0,8
27,9,2,3,0
27,10,3,0,21
27,11,3,0,13
27,12,3,0,10
27,13,2,3,9
27,14,2,0,15
27,15,2,0,4
27,16,2,0,18
27,17,2,3,0
27,18,3,0,18
27,19,3,0,8
27,20,3,0,22
27,21,3,0,9
27,22,3,0,19
27,23,3,0,14
27,24,2,3,24
27,25,2,0,10
27,26,2,0,3
27,27,2,0,14
27,28,2,0,3
27,29,2,0,7
27,30,2,0,3
27,31,2,0,11
27,32,2,3,18
27,33,3,0,5
27,34,3,0,10
27,35,3,0,9
27,36,3,0,17
27,37,3,0,7
27,38,3,0,16
27,39,3,0,12
27,40,3,0,0
27,41,3,0,10
27,42,3,0,0
27,43,3,0,10
27,44,2,3,16
27,45,3,0,20
27,46,3,0,4
27,47,3,0,24
27,48,3,0,23
27,49,3,0,22
27,50,2,3,8
27,51,2,3,21
27,52,2,0,13
27,53,2,0,21
27,54,2,0,15
27,55,2,0,11
27,56,2,0,2
27,57,2,3,3
27,58,3,0,1
27,59,3,0,11
27,60,3,0,14
27,61,3,0,2
27,62,3,0,6
28,0,3,0,5
28,1,3,0,17
28,2,3,0,20
28,3,2,3,7
28,4,2,0,24
28,5,2,0,10
28,6,2,0,12
28,7,2,0,7
28,8,2,0,9
28,9,2,3,3
28,10,3,0,11
28,11,2,3,16
28,12,2,3,19
28,13,2,0,18
28,14,2,0,19
28,15,2,0,20
28,16,2,0,19
28,17,2,3,18
28,18,3,0,5
28,19,3,0,10
28,20,3,0,24
28,21,3,0,17
28,22,2,3,16
28,23,2,3,19
28,24,2,0,12
28,25,2,0,24
28,26,2,0,18
28,27,2,0,7
28,28,2,0,8
28,29,2,0,23
28,30,2,0,10
28,31,2,3,5
28,32,3,0,2
28,33,3,0,6
28,34,3,0,17
28,35,3,0,13
28,36,3,0,10
28,37,3,0,8
28,38,3,0,14
28,39,3,0,21
28,40,3,0,19
28,41,3,0,23
28,42,3,0,21
28,43,2,3,9
28,44,2,3,1
28,45,2,3,16
28,46,3,0,4
28,47,3,0,15
28,48,3,0,17
28,49,3,0,15
28,50,3,0,10
28,51,2,3,24
28,52,2,0,12
28,53,2,0,21
28,54,2,0,18
28,55,2,0,18
28,56,2,0,20
28,57,2,3,3
28,58,3,0,12
28,59,3,0,22
28,60,3,0,2
28,61,3,0,23
28,62,3,0,10
29,0,3,0,23
29,1,3,0,15
29,2,3,0,18
29,3,2,3,7
29,4,2,3,20
29,5,2,0,1
29,6,2,0,23
29,7,2,0,14
29,8,2,0,6
29,9,2,3,17
29,10,2,3,14
29,11,2,3,4
29,12,2,0,13
29,13,2,0,10
29,14,2,0,1
29,15,2,0,14
29,16,2,3,0
29,17,3,0,22
29,18,3,0,13
29,19,3,0,5
29,20,2,3,16
29,21,2,3,14
29,22,2,3,4
29,23,2,0,3
29,24,2,0,4
29,25,2,0,17
29,26,2,0,23
29,27,2,0,9
29,28,2,0,12
29,29,2,0,22
29,30,2,3,0
29,31,3,0,18
29,32,3,0,20
29,33,3,0,14
29,34,3,0,18
29,35,3,0,7
29,36,3,0,6
29,37,3,0,13
29,38,3,0,20
29,39,3,0,6
29,40,3,0,9
29,41,3,0,14
29,42,2,3,11
29,43,2,0,7
29,44,2,3,4
29,45,2,3,2
29,46,3,0,15
29,47,3,0,2
29,48,3,0,24
29,49,3,0,15
29,50,2,3,6
29,51,2,0,3
29,52,2,0,19
29,53,2,0,4
29,54,2,0,1
29,55,2,0,0
29,56,2,0,17
29,57,2,3,1
29,58,3,0,12
29,59,3,0,5
29,60,3,0,22
29,61,3,0,7
29,62,3,0,3
30,0,3,0,11
30,1,3,0,7
30,2,3,0,14
30,3,2,3,8
30,4,2,3,7
30,5,2,0,6
30,6,2,0,0
30,7,2,0,13
30,8,2,0,23
30,9,2,3,4
30,10,2,0,20
30,11,2,0,13
30,12,2,0,0
30,13,2,0,13
30,14,2,0,6
30,15,2,0,22
30,16,2,3,18
30,17,3,0,6
30,18,3,0,9
30,19,2,3,19
30,20,2,3,4
30,21,2,0,0
30,22,2,0,14
30,23,2,0,9
30,24,2,0,4
30,25,2,0,2
30,26,2,0,18
30,27,2,0,9
30,28,2,0,18
30,29,2,0,11
30,30,2,3,18
30,31,3,0,17
30,32,3,0,18
30,33,3,0,10
30,34,3,0,3
30,35,3,0,23
30,36,3,0,4
30,37,3,0,22
30,38,3,0,6
30,39,2,3,16
30,40,2,3,16
30,41,2,3,19
30,42,2,0,16
30,43,2,0,20
30,44,2,0,20
30,45,2,3,18
30,46,3,0,8
30,47,3,0,10
30,48,3,0,20
30,49,3,0,5
30,50,2,3,24
30,51,2,0,24
30,52,2,0,15
30,53,2,0,4
30,54,2,0,20
30,55,2,0,2
30,56,2,0,3
30,57,2,3,1
30,58,3,0,18
30,59,3,0,16
30,60,3,0,1
30,61,3,0,9
30,62,3,0,11
31,0,3,0,1
31,1,3,0,10
31,2,3,0,17
31,3,3,0,4
31,4,2,3,21
31,5,2,0,0
31,6,2,0,8
31,7,2,0,3
31,8,2,0,23
31,9,2,0,23
31,10,2,0,8
31,11,2,0,6
31,12,2,0,7
31,13,2,0,3
31,14,2,0,16
31,15,2,3,0
31,16,3,0,17
31,17,2,3,16
31,18,2,3,9
31,19,2,0,8
31,20,2,0,21
31,21,2,0,4
31,22,2,0,2
31,23,2,0,0
31,24,2,0,20
31,25,2,0,17
31,26,2,0,4
31,27,2,0,17
31,28,2,0,5
31,29,2,3,15
31,30,3,0,12
31,31,3,0,2
31,32,3,0,15
31,33,3,0,7
31,34,3,0,24
31,35,3,0,7
31,36,3,0,4
31,37,2,3,16
31,38,2,3,19
31,39,2,3,4
31,40,2,3,4
31,41,2,0,19
31,42,2,0,21
31,43,2,0,21
31,44,2,3,0
31,45,3,0,18
31,46,3,0,11
31,47,3,0,19
31,48,3,0,5
31,49,2,3,6
31,50,2,0,23
31,51,2,0,22
31,52,2,0,2
31,53,2,0,12
31,54,2,0,17
31,55,2,0,8
31,56,2,0,19
31,57,2,3,3
31,58,3,0,20
31,59,3,0,12
31,60,3,0,20
31,61,3,0,17
31,62,3,0,10
32,0,3,0,1
32,1,3,0,17
32,2,3,0,8
32,3,3,0,6
32,4,2,3,23
32,5,2,3,20
32,6,2,0,8
32,7,2,0,13
32,8,2,0,13
32,9,2,0,11
32,10,2,0,1
32,11,2,0,9
32,12,2,0,12
32,13,2,0,17
32,14,2,0,15
32,15,2,3,3
32,16,2,3,19
32,17,2,3,4
32,18,2,0,2
32,19,2,0,16
32,20,2,3,20
32,21,2,3,20
32,22,2,0,1
32,23,2,0,4
32,24,2,0,15
32,25,2,0,9
32,26,2,0,16
32,27,2,0,14
32,28,2,3,10
32,29,3,0,17
32,30,3,0,10
32,31,3,0,8
32,32,3,0,2
32,33,3,0,23
32,34,3,0,18
32,35,3,0,18
32,36,2,3,19
32,37,2,3,4
32,38,2,0,10
32,39,2,0,4
32,40,2,0,1
32,41,2,0,7
32,42,2,0,11
32,43,2,0,11
32,44,2,3,18
32,45,3,0,16
32,46,3,0,9
32,47,3,0,2
32,48,3,0,2
32,49,2,3,24
32,50,2,0,19
32,51,2,0,22
32,52,2,0,8
32,53,2,0,0
32,54,2,0,22
32,55,2,0,14
32,56,2,0,6
32,57,2,3,3
32,58,3,0,11
32,59,3,0,13
32,60,3,0,4
32,61,3,0,21
32,62,3,0,14
33,0,3,0,22
33,1,3,0,8
33,2,3,0,1
33,3,3,0,22
33,4,2,3,8
33,5,2,3,21
33,6,2,0,4
33,7,2,0,0
33,8,2,0,13
33,9,2,0,4
33,10,2,0,23
33,11,2,0,18
33,12,2,0,15
33,13,2,0,12
33,14,2,0,23
33,15,2,3,4
33,16,2,0,14
33,17,2,0,12
33,18,2,0,11
33,19,2,3,13
33,20,2,3,8
33,21,2,3,7
33,22,2,0,6
33,23,2,0,20
33,24,2,0,14
33,25,2,0,9
33,26,2,0,15
33,27,2,3,10
33,28,3,0,22
33,29,3,0,12
33,30,3,0,18
33,31,3,0,21
33,32,3,0,8
33,33,3,0,6
33,34,3,0,16
33,35,2,3,11
33,36,2,0,7
33,37,2,0,7
33,38,2,0,20
33,39,2,0,18
33,40,2,0,15
33,41,2,0,10
33,42,2,0,13
33,43,2,3,0
33,44,3,0,14
33,45,2,3,16
33,46,2,3,16
33,47,2,3,16
33,48,2,3,14
33,49,2,0,2
33,50,2,0,16
33,51,2,0,17
33,52,2,0,15
33,53,2,0,14
33,54,2,0,22
33,55,2,0,22
33,56,2,0,13
33,57,2,3,18
33,58,3,0,15
33,59,3,0,5
33,60,3,0,17
33,61,3,0,19
33,62,3,0,21
34,0,3,0,24
34,1,3,0,19
34,2,3,0,10
34,3,3,0,9
34,4,3,0,3
34,5,2,3,23
34,6,2,0,15
34,7,2,0,2
34,8,2,0,11
34,9,2,0,23
34,10,2,0,1
34,11,2,0,23
34,12,2,0,4
34,13,2,0,21
34,14,2,0,22
34,15,2,0,13
34,16,2,0,9
34,17,2,0,8
34,18,2,3,0
34,19,3,0,24
34,20,3,0,22
34,21,2,3,7
34,22,2,0,13
34,23,2,0,8
34,24,2,0,17
34,25,2,0,9
34,26,2,3,13
34,27,3,0,17
34,28,3,0,4
34,29,3,0,20
34,30,3,0,21
34,31,3,0,20
34,32,3,0,18
34,33,2,3,16
34,34,2,3,19
34,35,2,0,17
34,36,2,0,13
34,37,2,0,21
34,38,2,0,4
34,39,2,0,11
34,40,2,0,14
34,41,2,0,7
34,42,2,0,3
34,43,2,3,3
34,44,2,3,14
34,45,2,3,4
34,46,2,3,4
34,47,2,3,4
34,48,2,0,17
34,49,2,0,11
34,50,2,0,22
34,51,2,0,0
34,52,2,0,6
34,53,2,0,19
34,54,2,0,5
34,55,2,0,6
34,56,2,3,0
34,57,3,0,3
34,58,3,0,1
34,59,3,0,12
34,60,3,0,11
34,61,3,0,21
34,62,3,0,3
35,0,3,0,13
35,1,3,0,18
35,2,3,0,19
35,3,3,0,9
35,4,3,0,17
35,5,2,3,24
35,6,2,0,17
35,7,2,0,16
35,8,2,0,11
35,9,2,0,21
35,10,2,0,5
35,11,2,0,12
35,12,2,0,18
35,13,2,0,12
35,14,2,0,19
35,15,2,0,13
35,16,2,0,8
35,17,2,0,10
35,18,2,3,1
35,19,2,3,16
35,20,3,0,17
35,21,2,3,24
35,22,2,0,6
35,23,2,0,11
35,24,2,0,23
35,25,2,3,13
35,26,3,0,15
35,27,3,0,6
35,28,3,0,16
35,29,3,0,10
35,30,3,0,21
35,31,3,0,24
35,32,2,3,14
35,33,2,3,4
35,34,2,0,23
35,35,2,0,23
35,36,2,0,8
35,37,2,0,17
35,38,2,0,8
35,39,2,0,18
35,40,2,0,19
35,41,2,0,9
35,42,2,0,23
35,43,2,3,4
35,44,2,0,7
35,45,2,0,4
35,46,2,0,7
35,47,2,0,8
35,48,2,0,7
35,49,2,0,5
35,50,2,0,21
35,51,2,0,17
35,52,2,0,7
35,53,2,0,12
35,54,2,0,15
35,55,2,0,12
35,56,2,3,17
35,57,3,0,1
35,58,3,0,20
35,59,3,0,11
35,60,3,0,4
35,61,3,0,8
35,62,3,0,3
36,0,3,0,4
36,1,3,0,12
36,2,3,0,21
36,3,3,0,19
36,4,2,3,6
36,5,2,0,21
36,6,2,0,16
36,7,2,0,15
36,8,2,0,9
36,9,2,0,1
36,10,2,0,6
36,11,2,0,16
36,12,2,0,23
36,13,2,0,23
36,14,2,0,19
36,15,2,0,13
36,16,2,0,12
36,17,2,0,4
36,18,2,3,4
36,19,2,3,1
36,20,2,3,19
36,21,2,0,21
36,22,2,0,10
36,23,2,3,20
36,24,2,3,13
36,25,3,0,5
36,26,3,0,13
36,27,3,0,8
36,28,3,0,22
36,29,3,0,2
36,30,3,0,18
36,31,2,3,19
36,32,2,0,5
36,33,2,0,15
36,34,2,0,6
36,35,2,0,8
36,36,2,0,14
36,37,2,0,20
36,38,2,0,16
36,39,2,0,1
36,40,2,0,8
36,41,2,0,11
36,42,2,0,5
36,43,2,0,2
36,44,2,0,11
36,45,2,0,19
36,46,2,0,21
36,47,2,0,7
36,48,2,0,24
36,49,2,0,16
36,50,2,0,18
36,51,2,0,14
36,52,2,0,1
36,53,2,0,3
36,54,2,0,14
36,55,2,0,16
36,56,2,3,2
36,57,3,0,4
36,58,3,0,15
36,59,3,0,23
36,60,3,0,5
36,61,3,0,16
36,62,3,0,15
37,0,3,0,2
37,1,3,0,12
37,2,3,0,1
37,3,3,0,11
37,4,2,3,24
37,5,2,0,6
37,6,2,0,10
37,7,2,0,0
37,8,2,0,24
37,9,2,0,8
37,10,2,0,15
37,11,2,0,13
37,12,2,0,11
37,13,2,0,22
37,14,2,0,0
37,15,2,0,15
37,16,2,0,21
37,17,2,0,7
37,18,2,0,18
37,19,2,3,4
37,20,2,0,18
37,21,2,0,9
37,22,2,3,10
37,23,2,3,8
37,24,3,0,2
37,25,3,0,21
37,26,3,0,22
37,27,3,0,13
37,28,3,0,0
37,29,3,0,21
37,30,2,3,14
37,31,2,0,4
37,32,2,0,8
37,33,2,0,8
37,34,2,0,23
37,35,2,0,3
37,36,2,0,12
37,37,2,0,6
37,38,2,0,5
37,39,2,0,8
37,40,2,0,24
37,41,2,0,2
37,42,2,0,1
37,43,2,0,6
37,44,2,0,11
37,45,2,0,2
37,46,2,0,12
37,47,2,3,20
37,48,2,3,20
37,49,2,3,20
37,50,2,3,20
37,51,2,0,5
37,52,2,0,11
37,53,2,0,7
37,54,2,0,20
37,55,2,0,19
37,56,2,3,17
37,57,2,3,16
37,58,3,0,2
37,59,3,0,3
37,60,3,0,2
37,61,3,0,1
37,62,3,0,13
38,0,3,0,0
38,1,3,0,17
38,2,3,0,19
38,3,2,3,6
38,4,2,0,5
38,5,2,0,23
38,6,2,0,0
38,7,2,0,14
38,8,2,0,11
38,9,2,0,17
38,10,2,0,13
38,11,2,0,0
38,12,2,0,18
38,13,2,0,19
38,14,2,0,1
38,15,2,0,24
38,16,2,0,11
38,17,2,0,6
38,18,2,0,9
38,19,2,0,10
38,20,2,0,5
38,21,2,3,0
38,22,3,0,11
38,23,3,0,19
38,24,3,0,0
38,25,3,0,10
38,26,3,0,17
38,27,3,0,6
38,28,3,0,4
38,29,2,3,11
38,30,2,0,2
38,31,2,0,14
38,32,2,0,0
38,33,2,0,4
38,34,2,0,17
38,35,2,0,22
38,36,2,0,6
38,37,2,0,6
38,38,2,0,18
38,39,2,0,0
38,40,2,0,11
38,41,2,0,6
38,42,2,0,20
38,43,2,0,22
38,44,2,0,20
38,45,2,3,20
38,46,2,3,13
38,47,2,3,8
38,48,2,3,8
38,49,2,3,8
38,50,2,3,21
38,51,2,0,2
38,52,2,0,8
38,53,2,0,15
38,54,2,0,2
38,55,2,0,11
38,56,2,3,4
38,57,2,3,3
38,58,3,0,9
38,59,3,0,0
38,60,3,0,14
38,61,3,0,21
38,62,3,0,13
39,0,3,0,18
39,1,3,0,19
39,2,3,0,17
39,3,2,3,21
39,4,2,0,6
39,5,2,0,17
39,6,2,0,10
39,7,2,0,11
39,8,2,0,0
39,9,2,0,8
39,10,2,0,3
39,11,2,0,3
39,12,2,0,23
39,13,2,0,3
39,14,2,0,2
39,15,2,0,11
39,16,2,0,20
39,17,2,0,16
39,18,2,0,12
39,19,2,0,17
39,20,2,0,4
39,21,2,3,18
39,22,3,0,21
39,23,3,0,21
39,24,3,0,23
39,25,3,0,16
39,26,3,0,8
39,27,3,0,12
39,28,2,3,6
39,29,2,0,7
39,30,2,0,24
39,31,2,0,2
39,32,2,0,3
39,33,2,0,14
39,34,2,0,14
39,35,2,0,13
39,36,2,0,8
39,37,2,0,19
39,38,2,0,5
39,39,2,0,3
39,40,2,0,17
39,41,2,0,13
39,42,2,0,15
39,43,2,0,20
39,44,2,3,10
39,45,2,3,8
39,46,3,0,13
39,47,3,0,12
39,48,3,0,4
39,49,3,0,16
39,50,2,3,22
39,51,2,3,20
39,52,2,0,3
39,53,2,0,21
39,54,2,0,10
39,55,2,0,23
39,56,2,0,2
39,57,2,3,1
39,58,3,0,23
39,59,3,0,23
39,60,3,0,10
39,61,3,0,24
39,62,3,0,20
40,0,3,0,21
40,1,3,0,23
40,2,3,0,15
40,3,2,3,21
40,4,2,0,9
40,5,2,0,1
40,6,2,0,4
40,7,2,0,15
40,8,2,0,4
40,9,2,0,8
40,10,2,0,21
40,11,2,0,13
40,12,2,0,5
40,13,2,0,21
40,14,2,0,4
40,15,2,0,13
40,16,2,0,8
40,17,2,0,12
40,18,2,0,16
40,19,2,0,14
40,20,2,3,5
40,21,3,0,21
40,22,3,0,3
40,23,3,0,12
40,24,3,0,19
40,25,3,0,20
40,26,3,0,15
40,27,3,0,8
40,28,2,3,24
40,29,2,0,1
40,30,2,0,9
40,31,2,0,22
40,32,2,0,1
40,33,2,0,3
40,34,2,0,21
40,35,2,0,10
40,36,2,0,19
40,37,2,0,1
40,38,2,0,23
40,39,2,0,11
40,40,2,0,16
40,41,2,0,6
40,42,2,0,24
40,43,2,3,0
40,44,3,0,17
40,45,3,0,20
40,46,3,0,1
40,47,3,0,22
40,48,3,0,12
40,49,3,0,14
40,50,2,3,8
40,51,2,3,21
40,52,2,0,7
40,53,2,0,18
40,54,2,0,17
40,55,2,0,1
40,56,2,0,5
40,57,2,3,1
40,58,3,0,1
40,59,3,0,4
40,60,3,0,12
40,61,3,0,3
40,62,3,0,9
41,0,3,0,14
41,1,3,0,16
41,2,3,0,13
41,3,2,3,21
41,4,2,0,0
41,5,2,0,10
41,6,2,0,12
41,7,2,0,11
41,8,2,0,6
41,9,2,0,17
41,10,2,0,15
41,11,2,0,13
41,12,2,0,17
41,13,2,0,8
41,14,2,0,11
41,15,2,0,19
41,16,2,0,0
41,17,2,0,22
41,18,2,0,3
41,19,2,3,13
41,20,3,0,9
41,21,3,0,17
41,22,3,0,6
41,23,3,0,8
41,24,3,0,6
41,25,3,0,8
41,26,3,0,3
41,27,2,3,6
41,28,2,0,9
41,29,2,0,16
41,30,2,0,11
41,31,2,0,12
41,32,2,0,3
41,33,2,0,0
41,34,2,0,15
41,35,2,0,2
41,36,2,0,3
41,37,2,0,16
41,38,2,0,16
41,39,2,0,12
41,40,2,0,7
41,41,2,0,2
41,42,2,0,12
41,43,2,3,18
41,44,3,0,22
41,45,3,0,5
41,46,3,0,15
41,47,3,0,5
41,48,3,0,14
41,49,3,0,24
41,50,3,0,16
41,51,2,3,23
41,52,2,3,20
41,53,2,0,16
41,54,2,0,17
41,55,2,0,9
41,56,2,0,3
41,57,2,3,2
41,58,3,0,7
41,59,3,0,8
41,60,3,0,24
41,61,3,0,14
41,62,3,0,13
42,0,3,0,8
42,1,3,0,15
42,2,3,0,1
42,3,2,3,23
42,4,2,0,24
42,5,2,0,20
42,6,2,0,9
42,7,2,0,10
42,8,2,0,13
42,9,2,0,7
42,10,2,0,12
42,11,2,0,7
42,12,2,0,21
42,13,2,0,15
42,14,2,0,6
42,15,2,0,14
42,16,2,0,6
42,17,2,0,23
42,18,2,3,10
42,19,3,0,23
42,20,3,0,8
42,21,3,0,4
42,22,3,0,16
42,23,3,0,6
42,24,3,0,11
42,25,3,0,20
42,26,3,0,16
42,27,2,3,22
42,28,2,3,20
42,29,2,0,23
42,30,2,0,4
42,31,2,0,2
42,32,2,0,22
42,33,2,0,0
42,34,2,0,1
42,35,2,0,0
42,36,2,0,2
42,37,2,0,7
42,38,2,0,10
42,39,2,0,8
42,40,2,0,23
42,41,2,0,16
42,42,2,3,0
42,43,3,0,8
42,44,3,0,21
42,45,3,0,10
42,46,3,0,2
42,47,3,0,3
42,48,3,0,17
42,49,3,0,19
42,50,3,0,15
42,51,2,3,8
42,52,2,3,22
42,53,2,0,2
42,54,2,0,3
42,55,2,0,13
42,56,2,0,14
42,57,2,3,3
42,58,3,0,21
42,59,3,0,24
42,60,3,0,2
42,61,3,0,12
42,62,3,0,23
43,0,3,0,17
43,1,3,0,16
43,2,3,0,7
43,3,2,3,22
43,4,2,3,20
43,5,2,3,20
43,6,2,3,20
43,7,2,0,3
43,8,2,0,15
43,9,2,0,8
43,10,2,0,4
43,11,2,0,11
43,12,2,0,3
43,13,2,0,3
43,14,2,0,19
43,15,2,0,12
43,16,2,0,0
43,17,2,3,0
43,18,3,0,4
43,19,3,0,21
43,20,3,0,8
43,21,3,0,0
43,22,3,0,8
43,23,3,0,21
43,24,3,0,10
43,25,3,0,2
43,26,3,0,1
43,27,2,3,8
43,28,2,3,21
43,29,2,0,10
43,30,2,0,16
43,31,2,0,6
43,32,2,0,15
43,33,2,0,22
43,34,2,0,6
43,35,2,0,3
43,36,2,0,11
43,37,2,0,17
43,38,2,0,24
43,39,2,0,9
43,40,2,0,9
43,41,2,0,24
43,42,2,3,2
43,43,3,0,19
43,44,3,0,9
43,45,2,3,16
43,46,2,3,16
43,47,2,3,16
43,48,3,0,21
43,49,3,0,2
43,50,3,0,6
43,51,3,0,10
43,52,2,3,24
43,53,2,0,19
43,54,2,0,5
43,55,2,0,16
43,56,2,0,18
43,57,2,3,1
43,58,3,0,15
43,59,3,0,20
43,60,3,0,0
43,61,3,0,15
43,62,3,0,18
44,0,3,0,13
44,1,3,0,17
44,2,3,0,7
44,3,2,3,8
44,4,2,3,8
44,5,2,3,8
44,6,2,3,21
44,7,2,3,20
44,8,2,3,20
44,9,2,0,21
44,10,2,0,24
44,11,2,0,0
44,12,2,0,17
44,13,2,0,5
44,14,2,0,11
44,15,2,0,10
44,16,2,0,12
44,17,2,3,18
44,18,3,0,3
44,19,3,0,21
44,20,3,0,19
44,21,3,0,2
44,22,3,0,8
44,23,3,0,1
44,24,3,0,8
44,25,3,0,13
44,26,3,0,19
44,27,3,0,20
44,28,2,3,24
44,29,2,0,6
44,30,2,0,23
44,31,2,0,13
44,32,2,0,24
44,33,2,0,10
44,34,2,0,12
44,35,2,0,5
44,36,2,0,15
44,37,2,0,18
44,38,2,0,4
44,39,2,0,17
44,40,2,0,13
44,41,2,0,11
44,42,2,3,3
44,43,2,3,16
44,44,2,3,14
44,45,2,3,4
44,46,2,3,4
44,47,2,3,3
44,48,3,0,13
44,49,3,0,12
44,50,3,0,21
44,51,2,3,6
44,52,2,0,17
44,53,2,0,18
44,54,2,0,17
44,55,2,0,4
44,56,2,0,5
44,57,2,3,2
44,58,3,0,12
44,59,3,0,4
44,60,3,0,7
44,61,3,0,5
44,62,3,0,14
45,0,3,0,17
45,1,3,0,18
45,2,3,0,15
45,3,3,0,13
45,4,3,0,23
45,5,3,0,23
45,6,2,3,8
45,7,2,3,8
45,8,2,3,23
45,9,2,0,6
45,10,2,0,8
45,11,2,0,6
45,12,2,0,9
45,13,2,0,23
45,14,2,0,6
45,15,2,0,12
45,16,2,3,10
45,17,3,0,23
45,18,3,0,18
45,19,3,0,6
45,20,3,0,2
45,21,3,0,15
45,22,3,0,20
45,23,2,3,16
45,24,2,3,16
45,25,3,0,6
45,26,3,0,9
45,27,2,3,6
45,28,2,3,20
45,29,2,0,18
45,30,2,0,19
45,31,2,0,15
45,32,2,0,1
45,33,2,0,1
45,34,2,0,15
45,35,2,0,14
45,36,2,0,3
45,37,2,0,4
45,38,2,0,19
45,39,2,0,8
45,40,2,0,7
45,41,2,0,18
45,42,2,3,4
45,43,2,3,4
45,44,2,0,23
45,45,2,0,20
45,46,2,0,5
45,47,2,3,17
45,48,3,0,22
45,49,3,0,17
45,50,3,0,13
45,51,2,3,24
45,52,2,0,16
45,53,2,0,12
45,54,2,0,5
45,55,2,0,15
45,56,2,0,6
45,57,2,3,3
45,58,3,0,0
45,59,3,0,5
45,60,3,0,21
45,61,3,0,17
45,62,3,0,13
46,0,3,0,18
46,1,3,0,2
46,2,3,0,10
46,3,3,0,16
46,4,3,0,18
46,5,3,0,22
46,6,3,0,10
46,7,3,0,0
46,8,2,3,7
46,9,2,3,20
46,10,2,0,3
46,11,2,0,21
46,12,2,0,19
46,13,2,0,14
46,14,2,3,20
46,15,2,3,13
46,16,3,0,1
46,17,3,0,2
46,18,3,0,17
46,19,3,0,21
46,20,3,0,15
46,21,3,0,16
46,22,2,3,14
46,23,2,3,4
46,24,2,3,18
46,25,3,0,1
46,26,3,0,14
46,27,2,3,8
46,28,2,3,21
46,29,2,0,12
46,30,2,0,3
46,31,2,0,18
46,32,2,3,20
46,33,2,0,17
46,34,2,0,20
46,35,2,0,21
46,36,2,0,3
46,37,2,0,14
46,38,2,0,18
46,39,2,0,18
46,40,2,0,9
46,41,2,0,18
46,42,2,0,12
46,43,2,0,10
46,44,2,0,5
46,45,2,0,15
46,46,2,0,13
46,47,2,3,4
46,48,3,0,20
46,49,3,0,16
46,50,2,3,6
46,51,2,0,13
46,52,2,0,21
46,53,2,0,21
46,54,2,0,24
46,55,2,0,8
46,56,2,0,0
46,57,2,3,2
46,58,3,0,17
46,59,3,0,3
46,60,3,0,22
46,61,3,0,10
46,62,3,0,22
47,0,3,0,7
47,1,3,0,13
47,2,3,0,11
47,3,3,0,14
47,4,3,0,9
47,5,3,0,24
47,6,3,0,14
47,7,3,0,6
47,8,2,3,8
47,9,2,3,22
47,10,2,3,20
47,11,2,3,20
47,12,2,3,20
47,13,2,3,13
47,14,2,3,8
47,15,3,0,8
47,16,3,0,23
47,17,3,0,12
47,18,3,0,23
47,19,3,0,2
47,20,3,0,18
47,21,2,3,9
47,22,2,0,5
47,23,2,3,0
47,24,3,0,24
47,25,3,0,4
47,26,3,0,11
47,27,3,0,24
47,28,2,3,24
47,29,2,0,19
47,30,2,0,1
47,31,2,3,15
47,32,2,3,22
47,33,2,0,16
47,34,2,0,8
47,35,2,0,24
47,36,2,0,5
47,37,2,0,0
47,38,2,0,7
47,39,2,0,13
47,40,2,0,22
47,41,2,0,22
47,42,2,0,8
47,43,2,0,7
47,44,2,0,5
47,45,2,0,19
47,46,2,0,7
47,47,2,0,0
47,48,2,3,16
47,49,3,0,19
47,50,2,3,24
47,51,2,0,15
47,52,2,0,5
47,53,2,0,14
47,54,2,0,8
47,55,2,0,12
47,56,2,0,3
47,57,2,3,17
47,58,3,0,16
47,59,3,0,24
47,60,3,0,12
47,61,3,0,16
47,62,3,0,6
48,0,3,0,5
48,1,3,0,21
48,2,3,0,6
48,3,3,0,19
48,4,3,0,0
48,5,3,0,6
48,6,3,0,15
48,7,3,0,17
48,8,3,0,2
48,9,2,3,8
48,10,2,3,8
48,11,2,3,8
48,12,2,3,8
48,13,3,0,9
48,14,3,0,14
48,15,3,0,9
48,16,3,0,22
48,17,3,0,24
48,18,3,0,22
48,19,3,0,2
48,20,2,3,11
48,21,2,0,1
48,22,2,0,11
48,23,2,3,17
48,24,3,0,22
48,25,3,0,4
48,26,3,0,0
48,27,2,3,6
48,28,2,0,23
48,29,2,0,13
48,30,2,3,15
48,31,3,0,7
48,32,2,3,24
48,33,2,0,5
48,34,2,0,9
48,35,2,0,19
48,36,2,3,20
48,37,2,3,20
48,38,2,0,1
48,39,2,0,12
48,40,2,0,8
48,41,2,0,4
48,42,2,3,20
48,43,2,3,20
48,44,2,0,4
48,45,2,0,12
48,46,2,0,1
48,47,2,0,4
48,48,2,3,2
48,49,2,3,9
48,50,2,0,14
48,51,2,0,8
48,52,2,0,17
48,53,2,0,21
48,54,2,0,5
48,55,2,0,11
48,56,2,0,17
48,57,2,3,3
48,58,3,0,19
48,59,3,0,22
48,60,3,0,16
48,61,3,0,13
48,62,3,0,13
49,0,3,0,11
49,1,3,0,14
49,2,3,0,4
49,3,3,0,21
49,4,3,0,14
49,5,3,0,24
49,6,3,0,11
49,7,3,0,19
49,8,3,0,20
49,9,3,0,11
49,10,3,0,23
49,11,3,0,18
49,12,3,0,4
49,13,3,0,15
49,14,3,0,10
49,15,3,0,7
49,16,3,0,11
49,17,3,0,19
49,18,3,0,18
49,19,2,3,11
49,20,2,0,17
49,21,2,0,3
49,22,2,0,16
49,23,2,3,17
49,24,3,0,20
49,25,3,0,10
49,26,3,0,17
49,27,2,3,23
49,28,2,3,20
49,29,2,3,5
49,30,3,0,22
49,31,2,3,6
49,32,2,0,0
49,33,2,0,6
49,34,2,0,6
49,35,2,3,5
49,36,2,3,8
49,37,2,3,22
49,38,2,0,16
49,39,2,0,2
49,40,2,0,12
49,41,2,3,0
49,42,2,3,8
49,43,2,3,7
49,44,2,0,1
49,45,2,0,20
49,46,2,0,18
49,47,2,0,7
49,48,2,3,4
49,49,2,0,13
49,50,2,0,6
49,51,2,0,17
49,52,2,0,10
49,53,2,0,24
49,54,2,0,19
49,55,2,0,21
49,56,2,0,14
49,57,2,3,17
49,58,3,0,15
49,59,3,0,4
49,60,3,0,3
49,61,3,0,3
49,62,3,0,13
50,0,3,0,9
50,1,3,0,15
50,2,3,0,19
50,3,3,0,2
50,4,3,0,3
50,5,3,0,24
50,6,3,0,1
50,7,3,0,5
50,8,3,0,20
50,9,3,0,19
50,10,3,0,10
50,11,3,0,13
50,12,3,0,5
50,13,3,0,4
50,14,3,0,22
50,15,3,0,0
50,16,3,0,15
50,17,3,0,20
50,18,2,3,6
50,19,2,0,15
50,20,2,0,3
50,21,2,0,14
50,22,2,0,24
50,23,2,3,3
50,24,3,0,0
50,25,3,0,17
50,26,3,0,23
50,27,2,3,8
50,28,2,3,8
50,29,3,0,12
50,30,3,0,24
50,31,2,3,21
50,32,2,0,9
50,33,2,0,18
50,34,2,3,0
50,35,3,0,15
50,36,3,0,8
50,37,2,3,21
50,38,2,0,14
50,39,2,0,23
50,40,2,0,21
50,41,2,3,18
50,42,3,0,23
50,43,2,3,24
50,44,2,0,1
50,45,2,0,13
50,46,2,0,1
50,47,2,0,23
50,48,2,0,8
50,49,2,0,2
50,50,2,0,21
50,51,2,0,15
50,52,2,0,15
50,53,2,0,2
50,54,2,0,20
50,55,2,0,4
50,56,2,0,18
50,57,2,3,3
50,58,3,0,11
50,59,3,0,15
50,60,3,0,18
50,61,3,0,9
50,62,3,0,16
51,0,3,0,5
51,1,3,0,2
51,2,3,0,9
51,3,3,0,23
51,4,3,0,8
51,5,3,0,4
51,6,3,0,18
51,7,3,0,14
51,8,3,0,9
51,9,3,0,19
51,10,3,0,1
51,11,3,0,5
51,12,3,0,17
51,13,3,0,2
51,14,3,0,3
51,15,3,0,5
51,16,3,0,8
51,17,3,0,21
51,18,2,3,24
51,19,2,0,7
51,20,2,0,23
51,21,2,0,23
51,22,2,0,2
51,23,2,3,2
51,24,2,3,16
51,25,3,0,11
51,26,3,0,16
51,27,3,0,17
51,28,3,0,2
51,29,3,0,10
51,30,3,0,17
51,31,2,3,24
51,32,2,0,7
51,33,2,0,3
51,34,2,3,1
51,35,2,3,16
51,36,3,0,18
51,37,2,3,24
51,38,2,0,0
51,39,2,0,21
51,40,2,3,5
51,41,3,0,22
51,42,2,3,6
51,43,2,3,24
51,44,2,0,16
51,45,2,0,5
51,46,2,0,2
51,47,2,0,19
51,48,2,0,21
51,49,2,0,13
51,50,2,0,24
51,51,2,0,21
51,52,2,0,12
51,53,2,0,22
51,54,2,0,5
51,55,2,0,13
51,56,2,0,10
51,57,2,3,18
51,58,3,0,11
51,59,3,0,4
51,60,3,0,2
51,61,3,0,18
51,62,3,0,14
52,0,3,0,4
52,1,3,0,0
52,2,3,0,3
52,3,3,0,14
52,4,3,0,12
52,5,3,0,23
52,6,3,0,13
52,7,3,0,20
52,8,3,0,3
52,9,3,0,6
52,10,3,0,11
52,11,3,0,1
52,12,3,0,3
52,13,3,0,10
52,14,3,0,8
52,15,3,0,9
52,16,3,0,2
52,17,2,3,6
52,18,2,0,9
52,19,2,0,21
52,20,2,0,6
52,21,2,0,22
52,22,2,0,0
52,23,2,3,4
52,24,2,3,2
52,25,3,0,11
52,26,3,0,6
52,27,3,0,19
52,28,2,3,16
52,29,2,3,16
52,30,2,3,14
52,31,2,0,0
52,32,2,0,12
52,33,2,0,5
52,34,2,3,4
52,35,2,3,3
52,36,2,3,14
52,37,2,0,7
52,38,2,0,14
52,39,2,3,0
52,40,3,0,7
52,41,3,0,16
52,42,2,3,6
52,43,2,0,5
52,44,2,0,2
52,45,2,0,14
52,46,2,0,17
52,47,2,0,15
52,48,2,0,24
52,49,2,0,2
52,50,2,0,15
52,51,2,0,1
52,52,2,0,12
52,53,2,0,7
52,54,2,0,6
52,55,2,0,14
52,56,2,3,0
52,57,3,0,8
52,58,3,0,6
52,59,3,0,19
52,60,3,0,7
52,61,3,0,16
52,62,3,0,24
53,0,3,0,13
53,1,3,0,14
53,2,3,0,19
53,3,3,0,8
53,4,3,0,10
53,5,3,0,13
53,6,3,0,4
53,7,3,0,19
53,8,3,0,17
53,9,3,0,17
53,10,3,0,7
53,11,3,0,10
53,12,3,0,10
53,13,3,0,20
53,14,3,0,24
53,15,3,0,23
53,16,3,0,22
53,17,2,3,24
53,18,2,0,8
53,19,2,0,7
53,20,2,0,21
53,21,2,0,1
53,22,2,0,9
53,23,2,0,23
53,24,2,3,18
53,25,3,0,12
53,26,3,0,14
53,27,2,3,6
53,28,2,3,4
53,29,2,3,4
53,30,2,0,23
53,31,2,0,15
53,32,2,0,14
53,33,2,0,4
53,34,2,0,16
53,35,2,3,4
53,36,2,0,8
53,37,2,0,22
53,38,2,0,8
53,39,2,3,1
53,40,3,0,10
53,41,3,0,24
53,42,2,3,24
53,43,2,0,0
53,44,2,0,24
53,45,2,0,21
53,46,2,3,20
53,47,2,3,20
53,48,2,0,13
53,49,2,0,16
53,50,2,0,19
53,51,2,0,20
53,52,2,0,0
53,53,2,0,19
53,54,2,0,8
53,55,2,0,11
53,56,2,3,2
53,57,3,0,20
53,58,3,0,11
53,59,3,0,18
53,60,3,0,16
53,61,3,0,11
53,62,3,0,5
54,0,3,0,1
54,1,3,0,24
54,2,3,0,24
54,3,3,0,17
54,4,3,0,9
54,5,3,0,12
54,6,3,0,1
54,7,3,0,24
54,8,3,0,20
54,9,3,0,11
54,10,3,0,4
54,11,3,0,18
54,12,3,0,12
54,13,3,0,6
54,14,3,0,19
54,15,2,3,16
54,16,2,3,14
54,17,2,0,12
54,18,2,0,7
54,19,2,0,13
54,20,2,0,13
54,21,2,0,17
54,22,2,0,13
54,23,2,3,0
54,24,3,0,6
54,25,3,0,15
54,26,3,0,24
54,27,2,3,24
54,28,2,0,17
54,29,2,0,2
54,30,2,0,19
54,31,2,0,24
54,32,2,0,19
54,33,2,0,8
54,34,2,0,6
54,35,2,0,17
54,36,2,0,15
54,37,2,0,8
54,38,2,0,19
54,39,2,3,18
54,40,3,0,8
54,41,2,3,6
54,42,2,0,6
54,43,2,0,20
54,44,2,0,2
54,45,2,3,5
54,46,2,3,8
54,47,2,3,23
54,48,2,3,20
54,49,2,3,20
54,50,2,0,6
54,51,2,0,21
54,52,2,0,22
54,53,2,0,19
54,54,2,0,5
54,55,2,0,5
54,56,2,3,2
54,57,3,0,5
54,58,3,0,6
54,59,3,0,1
54,60,3,0,20
54,61,3,0,22
54,62,3,0,4
55,0,3,0,6
55,1,3,0,18
55,2,3,0,9
55,3,3,0,21
55,4,3,0,22
55,5,3,0,5
55,6,3,0,15
55,7,3,0,13
55,8,3,0,16
55,9,3,0,19
55,10,3,0,21
55,11,3,0,3
55,12,3,0,5
55,13,3,0,22
55,14,2,3,14
55,15,2,3,4
55,16,2,0,8
55,17,2,0,15
55,18,2,0,13
55,19,2,0,5
55,20,2,0,24
55,21,2,0,21
55,22,2,0,0
55,23,2,3,18
55,24,3,0,23
55,25,3,0,24
55,26,2,3,6
55,27,2,0,6
55,28,2,0,15
55,29,2,0,8
55,30,2,0,1
55,31,2,0,11
55,32,2,0,23
55,33,2,0,18
55,34,2,0,23
55,35,2,3,20
55,36,2,3,20
55,37,2,0,11
55,38,2,3,0
55,39,3,0,7
55,40,3,0,19
55,41,2,3,24
55,42,2,0,17
55,43,2,0,5
55,44,2,3,0
55,45,3,0,7
55,46,3,0,14
55,47,2,3,8
55,48,2,3,8
55,49,2,3,7
55,50,2,0,11
55,51,2,0,9
55,52,2,0,23
55,53,2,0,7
55,54,2,0,9
55,55,2,0,12
55,56,2,3,17
55,57,3,0,6
55,58,3,0,11
55,59,3,0,23
55,60,3,0,22
55,61,3,0,17
55,62,3,0,13
56,0,3,0,23
56,1,3,0,24
56,2,3,0,21
56,3,3,0,8
56,4,3,0,16
56,5,3,0,5
56,6,3,0,19
56,7,3,0,22
56,8,3,0,12
56,9,3,0,10
56,10,3,0,15
56,11,3,0,23
56,12,3,0,14
56,13,2,3,9
56,14,2,0,15
56,15,2,0,24
56,16,2,0,14
56,17,2,0,9
56,18,2,0,24
56,19,2,0,8
56,20,2,0,3
56,21,2,0,3
56,22,2,3,0
56,23,3,0,14
56,24,3,0,9
56,25,3,0,5
56,26,2,3,24
56,27,2,0,12
56,28,2,0,15
56,29,2,0,9
56,30,2,0,23
56,31,2,3,20
56,32,2,0,18
56,33,2,0,16
56,34,2,3,0
56,35,2,3,8
56,36,2,3,24
56,37,2,0,1
56,38,2,3,18
56,39,3,0,12
56,40,2,3,11
56,41,2,0,4
56,42,2,0,0
56,43,2,0,2
56,44,2,3,17
56,45,3,0,7
56,46,3,0,17
56,47,3,0,22
56,48,3,0,14
56,49,2,3,21
56,50,2,0,2
56,51,2,0,21
56,52,2,0,2
56,53,2,0,18
56,54,2,0,6
56,55,2,0,5
56,56,2,3,18
56,57,3,0,10
56,58,3,0,13
56,59,3,0,6
56,60,3,0,21
56,61,3,0,2
56,62,3,0,6
57,0,3,0,2
57,1,3,0,2
57,2,3,0,24
57,3,3,0,16
57,4,3,0,7
57,5,3,0,6
57,6,3,0,7
57,7,3,0,17
57,8,3,0,24
57,9,3,0,17
57,10,3,0,12
57,11,3,0,4
57,12,2,3,11
57,13,2,0,17
57,14,2,0,10
57,15,2,0,11
57,16,2,0,16
57,17,2,0,15
57,18,2,0,20
57,19,2,0,17
57,20,2,0,12
57,21,2,0,13
57,22,2,3,2
57,23,3,0,13
57,24,3,0,19
57,25,2,3,6
57,26,2,0,21
57,27,2,0,21
57,28,2,0,10
57,29,2,0,2
57,30,2,3,13
57,31,2,3,22
57,32,2,0,9
57,33,2,0,4
57,34,2,3,18
57,35,2,3,6
57,36,2,0,24
57,37,2,3,0
57,38,2,3,16
57,39,2,3,11
57,40,2,0,20
57,41,2,0,9
57,42,2,0,21
57,43,2,0,5
57,44,2,3,2
57,45,2,3,16
57,46,3,0,1
57,47,3,0,3
57,48,3,0,2
57,49,2,3,24
57,50,2,0,16
57,51,2,0,23
57,52,2,0,23
57,53,2,0,18
57,54,2,0,14
57,55,2,3,0
57,56,3,0,12
57,57,3,0,12
57,58,3,0,1
57,59,3,0,0
57,60,3,0,5
57,61,3,0,23
57,62,3,0,16
58,0,3,0,11
58,1,3,0,20
58,2,3,0,12
58,3,3,0,12
58,4,3,0,20
58,5,3,0,22
58,6,3,0,15
58,7,3,0,0
58,8,3,0,5
58,9,3,0,23
58,10,3,0,24
58,11,2,3,6
58,12,2,0,14
58,13,2,0,19
58,14,2,0,15
58,15,2,0,23
58,16,2,0,24
58,17,2,0,10
58,18,2,0,22
58,19,2,0,16
58,20,2,0,9
58,21,2,0,3
58,22,2,3,3
58,23,3,0,8
58,24,3,0,0
58,25,2,3,24
58,26,2,0,11
58,27,2,0,21
58,28,2,3,20
58,29,2,3,10
58,30,3,0,15
58,31,2,3,24
58,32,2,0,13
58,33,2,3,0
58,34,3,0,0
58,35,2,3,24
58,36,2,0,17
58,37,2,3,4
58,38,2,3,4
58,39,2,0,3
58,40,2,0,0
58,41,2,0,0
58,42,2,0,0
58,43,2,0,24
58,44,2,3,4
58,45,2,3,3
58,46,3,0,0
58,47,3,0,6
58,48,2,3,6
58,49,2,0,9
58,50,2,0,1
58,51,2,0,11
58,52,2,0,18
58,53,2,0,7
58,54,2,0,1
58,55,2,3,17
58,56,3,0,15
58,57,3,0,9
58,58,3,0,10
58,59,3,0,12
58,60,3,0,2
58,61,3,0,11
58,62,3,0,7
59,0,3,0,24
59,1,3,0,12
59,2,3,0,7
59,3,3,0,7
59,4,3,0,19
59,5,3,0,15
59,6,3,0,4
59,7,3,0,23
59,8,3,0,9
59,9,3,0,7
59,10,3,0,24
59,11,2,3,24
59,12,2,0,2
59,13,2,0,7
59,14,2,0,18
59,15,2,0,19
59,16,2,0,7
59,17,2,0,24
59,18,2,0,3
59,19,2,0,19
59,20,2,0,3
59,21,2,0,8
59,22,2,3,1
59,23,2,3,16
59,24,2,3,11
59,25,2,0,16
59,26,2,0,4
59,27,2,3,10
59,28,2,3,8
59,29,3,0,3
59,30,2,3,6
59,31,2,0,8
59,32,2,0,13
59,33,2,3,1
59,34,2,3,14
59,35,2,0,1
59,36,2,0,4
59,37,2,0,15
59,38,2,0,19
59,39,2,0,21
59,40,2,0,15
59,41,2,0,20
59,42,2,0,2
59,43,2,0,13
59,44,2,0,1
59,45,2,3,2
59,46,3,0,9
59,47,3,0,14
59,48,2,3,7
59,49,2,0,20
59,50,2,0,22
59,51,2,0,1
59,52,2,0,9
59,53,2,0,24
59,54,2,0,5
59,55,2,3,18
59,56,3,0,6
59,57,3,0,11
59,58,3,0,12
59,59,3,0,14
59,60,3,0,13
59,61,3,0,5
59,62,3,0,9
60,0,3,0,0
60,1,3,0,6
60,2,3,0,12
60,3,3,0,23
60,4,3,0,24
60,5,3,0,0
60,6,3,0,19
60,7,3,0,19
60,8,3,0,11
60,9,3,0,0
60,10,2,3,11
60,11,2,0,11
60,12,2,0,21
60,13,2,0,16
60,14,2,0,22
60,15,2,0,11
60,16,2,0,8
60,17,2,0,14
60,18,2,0,13
60,19,2,0,18
60,20,2,0,14
60,21,2,0,18
60,22,2,3,4
60,23,2,3,4
60,24,2,0,20
60,25,2,3,20
60,26,2,3,10
60,27,3,0,10
60,28,3,0,10
60,29,3,0,5
60,30,2,3,24
60,31,2,0,21
60,32,2,0,20
60,33,2,3,4
60,34,2,0,1
60,35,2,0,3
60,36,2,0,12
60,37,2,0,5
60,38,2,0,15
60,39,2,0,17
60,40,2,0,23
60,41,2,0,10
60,42,2,0,9
60,43,2,0,24
60,44,2,0,0
60,45,2,3,17
60,46,3,0,6
60,47,3,0,19
60,48,2,3,22
60,49,2,0,20
60,50,2,0,12
60,51,2,0,22
60,52,2,0,22
60,53,2,0,0
60,54,2,3,0
60,55,3,0,19
60,56,3,0,9
60,57,3,0,18
60,58,3,0,3
60,59,3,0,23
60,60,3,0,13
60,61,3,0,19
60,62,3,0,1
61,0,3,0,0
61,1,3,0,5
61,2,3,0,12
61,3,3,0,1
61,4,3,0,1
61,5,3,0,10
61,6,3,0,7
61,7,3,0,19
61,8,3,0,13
61,9,2,3,9
61,10,2,0,22
61,11,2,0,15
61,12,2,0,6
61,13,2,0,4
61,14,2,0,24
61,15,2,0,5
61,16,2,0,12
61,17,2,0,11
61,18,2,0,0
61,19,2,0,20
61,20,2,0,16
61,21,2,0,21
61,22,2,0,24
61,23,2,0,6
61,24,2,3,15
61,25,2,3,8
61,26,3,0,17
61,27,2,3,16
61,28,2,3,16
61,29,2,3,14
61,30,2,0,6
61,31,2,0,12
61,32,2,0,19
61,33,2,0,11
61,34,2,0,0
61,35,2,0,22
61,36,2,0,2
61,37,2,0,3
61,38,2,0,9
61,39,2,0,15
61,40,2,0,14
61,41,2,0,0
61,42,2,0,15
61,43,2,0,19
61,44,2,0,21
61,45,2,3,17
61,46,3,0,15
61,47,3,0,12
61,48,2,3,24
61,49,2,0,22
61,50,2,0,23
61,51,2,0,4
61,52,2,0,4
61,53,2,0,24
61,54,2,3,18
61,55,3,0,12
61,56,3,0,20
61,57,3,0,16
61,58,3,0,17
61,59,3,0,13
61,60,3,0,9
61,61,3,0,24
61,62,3,0,12
62,0,3,0,7
62,1,3,0,13
62,2,3,0,3
62,3,3,0,22
62,4,3,0,19
62,5,3,0,23
62,6,3,0,14
62,7,3,0,3
62,8,2,3,14
62,9,2,0,12
62,10,2,0,21
62,11,2,0,2
62,12,2,0,8
62,13,2,0,22
62,14,2,0,24
62,15,2,0,12
62,16,2,0,9
62,17,2,0,24
62,18,2,0,8
62,19,2,0,21
62,20,2,0,9
62,21,2,0,13
62,22,2,0,5
62,23,2,3,0
62,24,3,0,1
62,25,3,0,7
62,26,2,3,14
62,27,2,3,4
62,28,2,3,4
62,29,2,0,21
62,30,2,0,18
62,31,2,0,14
62,32,2,0,3
62,33,2,0,23
62,34,2,0,3
62,35,2,0,23
62,36,2,0,5
62,37,2,0,17
62,38,2,0,6
62,39,2,0,1
62,40,2,0,5
62,41,2,0,0
62,42,2,0,2
62,43,2,0,7
62,44,2,0,5
62,45,2,3,2
62,46,2,3,16
62,47,2,3,9
62,48,2,0,2
62,49,2,0,14
62,50,2,0,1
62,51,2,0,7
62,52,2,0,20
62,53,2,3,0
62,54,3,0,4
62,55,3,0,8
62,56,3,0,22
62,57,3,0,23
62,58,3,0,13
62,59,3,0,18
62,60,3,0,10
62,61,3,0,3
62,62,3,0,12
63,0,3,0,1
63,1,3,0,13
63,2,3,0,2
63,3,3,0,15
63,4,3,0,20
63,5,3,0,3
63,6,3,0,9
63,7,2,3,6
63,8,2,0,7
63,9,2,0,22
63,10,2,0,18
63,11,2,0,7
63,12,2,0,8
63,13,2,0,22
63,14,2,0,1
63,15,2,0,2
63,16,2,0,17
63,17,2,0,12
63,18,2,0,21
63,19,2,0,18
63,20,2,0,22
63,21,2,0,2
63,22,2,0,19
63,23,2,3,18
63,24,3,0,6
63,25,2,3,6
63,26,2,0,11
63,27,2,0,7
63,28,2,0,16
63,29,2,0,22
63,30,2,0,15
63,31,2,0,21
63,32,2,0,22
63,33,2,0,13
63,34,2,0,6
63,35,2,0,17
63,36,2,0,17
63,37,2,0,3
63,38,2,0,13
63,39,2,0,21
63,40,2,0,6
63,41,2,0,8
63,42,2,0,24
63,43,2,0,2
63,44,2,0,20
63,45,2,3,4
63,46,2,3,4
63,47,2,0,21
63,48,2,0,21
63,49,2,0,22
63,50,2,0,22
63,51,2,0,22
63,52,2,0,18
63,53,2,3,18
63,54,3,0,19
63,55,3,0,17
63,56,3,0,16
63,57,3,0,21
63,58,3,0,10
63,59,3,0,5
63,60,3,0,5
63,61,3,0,16
63,62,3,0,22
64,0,3,0,14
64,1,3,0,4
64,2,3,0,19
64,3,3,0,23
64,4,3,0,19
64,5,3,0,19
64,6,3,0,22
64,7,2,3,21
64,8,2,0,2
64,9,2,0,18
64,10,2,0,19
64,11,2,0,7
64,12,2,0,7
64,13,2,0,20
64,14,2,0,11
64,15,2,0,7
64,16,2,0,14
64,17,2,0,6
64,18,2,0,17
64,19,2,0,3
64,20,2,0,3
64,21,2,0,2
64,22,2,3,0
64,23,3,0,17
64,24,3,0,18
64,25,2,3,24
64,26,2,0,13
64,27,2,0,19
64,28,2,3,20
64,29,2,3,20
64,30,2,3,20
64,31,2,0,1
64,32,2,0,10
64,33,2,0,18
64,34,2,0,10
64,35,2,0,12
64,36,2,0,14
64,37,2,0,11
64,38,2,0,18
64,39,2,0,9
64,40,2,0,19
64,41,2,0,10
64,42,2,0,18
64,43,2,0,8
64,44,2,0,1
64,45,2,0,13
64,46,2,0,24
64,47,2,0,20
64,48,2,0,24
64,49,2,0,13
64,50,2,0,24
64,51,2,0,10
64,52,2,3,0
64,53,3,0,18
64,54,3,0,22
64,55,3,0,24
64,56,3,0,20
64,57,3,0,24
64,58,3,0,4
64,59,3,0,22
64,60,3,0,5
64,61,3,0,12
64,62,3,0,12
