0,0,3,0,15
0,1,3,0,0
0,2,3,0,12
0,3,3,0,19
0,4,3,0,0
0,5,3,0,0
0,6,3,0,16
0,7,3,0,16
0,8,3,0,13
0,9,3,0,24
0,10,2,3,24
0,11,2,0,0
0,12,2,0,4
0,13,2,0,6
0,14,2,0,19
0,15,2,0,9
0,16,2,0,6
0,17,2,0,4
0,18,2,0,17
0,19,2,3,0
0,20,3,0,1
0,21,3,0,17
0,22,3,0,8
0,23,3,0,12
0,24,3,0,2
0,25,2,0,6
0,26,2,0,3
0,27,2,0,20
0,28,2,0,12
0,29,2,0,22
0,30,2,0,19
0,31,2,0,17
0,32,2,0,7
0,33,2,0,3
0,34,2,0,17
0,35,2,0,4
0,36,2,0,10
0,37,2,0,22
0,38,2,0,24
0,39,2,0,24
0,40,2,3,18
0,41,3,0,14
0,42,3,0,9
0,43,3,0,14
0,44,3,0,22
0,45,3,0,11
0,46,2,3,24
0,47,2,0,2
0,48,2,0,6
0,49,2,3,1
0,50,2,3,16
0,51,3,0,12
0,52,2,3,21
0,53,2,0,1
0,54,2,0,23
0,55,2,0,4
0,56,2,0,5
0,57,2,0,21
0,58,2,3,15
0,59,3,0,1
0,60,3,0,19
0,61,3,0,7
0,62,3,0,19
0,63,3,0,11
1,0,3,0,2
1,1,3,0,19
1,2,3,0,4
1,3,3,0,10
1,4,3,0,15
1,5,3,0,3
1,6,3,0,19
1,7,3,0,13
1,8,3,0,17
1,9,2,3,14
1,10,2,0,2
1,11,2,0,17
1,12,2,0,3
1,13,2,0,23
1,14,2,0,4
1,15,2,0,8
1,16,2,0,16
1,17,2,0,10
1,18,2,0,4
1,19,2,3,18
1,20,3,0,4
1,21,3,0,15
1,22,3,0,21
1,23,3,0,1
1,24,2,3,6
1,25,2,0,7
1,26,2,0,21
1,27,2,0,3
1,28,2,0,13
1,29,2,0,16
1,30,2,0,20
1,31,2,0,24
1,32,2,0,7
1,33,2,0,9
1,34,2,0,20
1,35,2,0,22
1,36,2,0,13
1,37,2,0,8
1,38,2,0,1
1,39,2,3,0
1,40,2,3,16
1,41,3,0,8
1,42,3,0,17
1,43,3,0,10
1,44,3,0,6
1,45,2,3,11
1,46,2,0,21
1,47,2,0,11
1,48,2,0,19
1,49,2,3,4
1,50,2,3,2
1,51,3,0,5
1,52,2,3,22
1,53,2,0,1
1,54,2,0,13
1,55,2,0,10
1,56,2,0,10
1,57,2,3,0
1,58,3,0,19
1,59,3,0,14
1,60,3,0,15
1,61,3,0,13
1,62,3,0,22
2,0,3,0,5
2,1,3,0,5
2,2,3,0,24
2,3,3,0,13
2,4,3,0,3
2,5,3,0,8
2,6,3,0,17
2,7,3,0,1
2,8,2,3,6
2,9,2,0,22
2,10,2,0,9
2,11,2,0,17
2,12,2,0,8
2,13,2,0,1
2,14,2,0,8
2,15,2,0,10
2,16,2,0,6
2,17,2,0,19
2,18,2,3,5
2,19,3,0,19
2,20,3,0,3
2,21,3,0,8
2,22,3,0,11
2,23,3,0,19
2,24,2,3,7
2,25,2,0,7
2,26,2,0,14
2,27,2,3,20
2,28,2,0,2
2,29,2,0,17
2,30,2,0,11
2,31,2,0,4
2,32,2,0,8
2,33,2,0,13
2,34,2,0,15
2,35,2,0,7
2,36,2,0,23
2,37,2,0,4
2,38,2,0,0
2,39,2,3,4
2,40,2,3,2
2,41,3,0,5
2,42,3,0,12
2,43,3,0,19
2,44,2,3,6
2,45,2,0,11
2,46,2,0,13
2,47,2,0,13
2,48,2,0,11
2,49,2,0,23
2,50,2,3,2
2,51,3,0,12
2,52,2,3,22
2,53,2,0,2
2,54,2,0,9
2,55,2,0,6
2,56,2,0,2
2,57,2,3,18
2,58,3,0,2
2,59,3,0,0
2,60,3,0,10
2,61,3,0,11
2,62,3,0,24
3,0,3,0,13
3,1,3,0,10
3,2,3,0,22
3,3,3,0,0
3,4,3,0,23
3,5,3,0,20
3,6,3,0,3
3,7,3,0,11
3,8,2,3,23
3,9,2,0,1
3,10,2,0,0
3,11,2,0,8
3,12,2,0,12
3,13,2,0,1
3,14,2,0,12
3,15,2,0,12
3,16,2,0,5
3,17,2,3,0
3,18,3,0,13
3,19,3,0,7
3,20,3,0,13
3,21,3,0,2
3,22,3,0,13
3,23,3,0,14
3,24,2,3,22
3,25,2,3,20
3,26,2,3,10
3,27,2,3,22
3,28,2,0,24
3,29,2,0,13
3,30,2,0,20
3,31,2,0,21
3,32,2,0,23
3,33,2,0,10
3,34,2,0,5
3,35,2,0,2
3,36,2,0,21
3,37,2,0,23
3,38,2,0,16
3,39,2,0,15
3,40,2,3,2
3,41,3,0,0
3,42,3,0,0
3,43,3,0,1
3,44,2,3,24
3,45,2,0,10
3,46,2,0,18
3,47,2,0,10
3,48,2,0,24
3,49,2,0,16
3,50,2,3,3
3,51,3,0,2
3,52,2,3,24
3,53,2,0,20
3,54,2,0,12
3,55,2,0,1
3,56,2,3,10
3,57,3,0,1
3,58,3,0,13
3,59,3,0,16
3,60,3,0,17
3,61,3,0,12
3,62,3,0,11
4,0,3,0,16
4,1,3,0,19
4,2,3,0,2
4,3,3,0,4
4,4,3,0,19
4,5,3,0,24
4,6,3,0,4
4,7,3,0,18
4,8,2,3,24
4,9,2,0,4
4,10,2,0,5
4,11,2,0,1
4,12,2,0,6
4,13,2,0,24
4,14,2,0,11
4,15,2,0,1
4,16,2,0,3
4,17,2,3,2
4,18,3,0,7
4,19,3,0,24
4,20,3,0,20
4,21,3,0,10
4,22,3,0,7
4,23,3,0,16
4,24,2,3,8
4,25,2,3,8
4,26,3,0,3
4,27,2,3,24
4,28,2,0,0
4,29,2,0,6
4,30,2,0,6
4,31,2,0,14
4,32,2,0,2
4,33,2,0,9
4,34,2,0,3
4,35,2,0,18
4,36,2,0,10
4,37,2,0,13
4,38,2,0,13
4,39,2,0,14
4,40,2,3,18
4,41,3,0,3
4,42,3,0,1
4,43,2,3,9
4,44,2,0,20
4,45,2,0,11
4,46,2,0,16
4,47,2,0,9
4,48,2,0,24
4,49,2,0,15
4,50,2,3,18
4,51,2,3,6
4,52,2,0,15
4,53,2,0,4
4,54,2,0,24
4,55,2,3,0
4,56,3,0,7
4,57,3,0,6
4,58,3,0,15
4,59,3,0,4
4,60,3,0,1
4,61,3,0,5
4,62,3,0,19
5,0,3,0,4
5,1,3,0,15
5,2,3,0,14
5,3,3,0,9
5,4,3,0,16
5,5,3,0,20
5,6,3,0,24
5,7,2,3,6
5,8,2,0,6
5,9,2,0,6
5,10,2,0,9
5,11,2,0,21
5,12,2,0,22
5,13,2,0,12
5,14,2,0,20
5,15,2,0,10
5,16,2,0,20
5,17,2,3,2
5,18,3,0,6
5,19,2,3,16
5,20,2,3,16
5,21,3,0,12
5,22,3,0,16
5,23,3,0,14
5,24,3,0,13
5,25,3,0,7
5,26,2,3,19
5,27,2,0,18
5,28,2,0,15
5,29,2,0,22
5,30,2,0,24
5,31,2,0,12
5,32,2,0,20
5,33,2,0,9
5,34,2,0,8
5,35,2,0,6
5,36,2,0,2
5,37,2,0,17
5,38,2,0,13
5,39,2,3,0
5,40,3,0,2
5,41,3,0,5
5,42,2,3,19
5,43,2,0,14
5,44,2,0,19
5,45,2,0,13
5,46,2,0,16
5,47,2,0,12
5,48,2,0,23
5,49,2,3,0
5,50,3,0,11
5,51,2,3,22
5,52,2,0,9
5,53,2,0,5
5,54,2,0,2
5,55,2,3,18
5,56,3,0,6
5,57,3,0,14
5,58,3,0,10
5,59,3,0,13
5,60,3,0,4
5,61,3,0,17
5,62,3,0,4
6,0,3,0,23
6,1,3,0,17
6,2,3,0,9
6,3,3,0,6
6,4,3,0,17
6,5,3,0,2
6,6,3,0,7
6,7,2,3,24
6,8,2,0,20
6,9,2,0,24
6,10,2,0,14
6,11,2,0,9
6,12,2,0,21
6,13,2,0,2
6,14,2,0,0
6,15,2,0,11
6,16,2,0,8
6,17,2,3,3
6,18,2,3,14
6,19,2,3,4
6,20,2,3,1
6,21,3,0,8
6,22,3,0,5
6,23,2,3,16
6,24,2,3,16
6,25,2,3,14
6,26,2,0,12
6,27,2,0,23
6,28,2,0,1
6,29,2,0,19
6,30,2,0,10
6,31,2,0,14
6,32,2,0,3
6,33,2,0,6
6,34,2,0,8
6,35,2,0,11
6,36,2,0,10
6,37,2,0,3
6,38,2,0,1
6,39,2,3,17
6,40,3,0,21
6,41,2,3,14
6,42,2,0,12
6,43,2,0,17
6,44,2,0,9
6,45,2,0,8
6,46,2,0,23
6,47,2,0,21
6,48,2,0,6
6,49,2,3,18
6,50,3,0,12
6,51,2,3,7
6,52,2,0,1
6,53,2,0,8
6,54,2,3,15
6,55,3,0,13
6,56,3,0,21
6,57,3,0,1
6,58,3,0,17
6,59,3,0,10
6,60,3,0,18
6,61,3,0,12
6,62,3,0,8
7,0,3,0,3
7,1,3,0,15
7,2,3,0,20
7,3,3,0,3
7,4,3,0,19
7,5,3,0,3
7,6,2,3,6
7,7,2,0,5
7,8,2,0,10
7,9,2,0,6
7,10,2,0,10
7,11,2,0,22
7,12,2,0,12
7,13,2,0,18
7,14,2,0,13
7,15,2,0,23
7,16,2,0,13
7,17,2,0,11
7,18,2,0,1
7,19,2,0,13
7,20,2,3,1
7,21,3,0,16
7,22,2,3,14
7,23,2,3,4
7,24,2,0,2
7,25,2,0,2
7,26,2,0,6
7,27,2,0,1
7,28,2,0,11
7,29,2,0,17
7,30,2,0,19
7,31,2,0,18
7,32,2,3,20
7,33,2,0,10
7,34,2,3,20
7,35,2,0,0
7,36,2,0,22
7,37,2,0,7
7,38,2,0,22
7,39,2,3,1
7,40,2,3,19
7,41,2,0,11
7,42,2,0,9
7,43,2,0,11
7,44,2,0,1
7,45,2,0,4
7,46,2,0,11
7,47,2,0,0
7,48,2,3,0
7,49,3,0,4
7,50,3,0,13
7,51,2,3,23
7,52,2,3,20
7,53,2,3,15
7,54,3,0,4
7,55,3,0,18
7,56,3,0,15
7,57,3,0,10
7,58,3,0,0
7,59,3,0,5
7,60,3,0,17
7,61,3,0,17
7,62,3,0,6
8,0,3,0,22
8,1,3,0,9
8,2,3,0,10
8,3,3,0,11
8,4,3,0,0
8,5,3,0,9
8,6,2,3,22
8,7,2,3,20
8,8,2,0,18
8,9,2,0,2
8,10,2,0,23
8,11,2,0,12
8,12,2,0,9
8,13,2,0,2
8,14,2,0,17
8,15,2,0,16
8,16,2,0,13
8,17,2,0,21
8,18,2,0,24
8,19,2,0,23
8,20,2,3,2
8,21,2,3,14
8,22,2,0,6
8,23,2,0,16
8,24,2,0,9
8,25,2,0,16
8,26,2,0,4
8,27,2,0,16
8,28,2,0,2
8,29,2,0,11
8,30,2,3,20
8,31,2,3,13
8,32,2,3,8
8,33,2,3,8
8,34,2,3,23
8,35,2,0,10
8,36,2,0,24
8,37,2,0,22
8,38,2,0,19
8,39,2,3,4
8,40,2,0,4
8,41,2,0,19
8,42,2,0,2
8,43,2,0,8
8,44,2,0,0
8,45,2,0,18
8,46,2,0,3
8,47,2,0,21
8,48,2,3,18
8,49,3,0,16
8,50,3,0,21
8,51,2,3,8
8,52,2,3,8
8,53,3,0,7
8,54,3,0,15
8,55,3,0,16
8,56,3,0,10
8,57,3,0,24
8,58,3,0,10
8,59,3,0,10
8,60,3,0,5
8,61,3,0,23
8,62,3,0,2
9,0,3,0,0
9,1,3,0,22
9,2,3,0,20
9,3,3,0,20
9,4,3,0,14
9,5,3,0,17
9,6,2,3,8
9,7,2,3,23
9,8,2,0,12
9,9,2,0,5
9,10,2,0,17
9,11,2,0,20
9,12,2,0,4
9,13,2,0,23
9,14,2,0,21
9,15,2,0,19
9,16,2,0,1
9,17,2,0,4
9,18,2,0,23
9,19,2,0,6
9,20,2,0,16
9,21,2,0,18
9,22,2,0,24
9,23,2,0,3
9,24,2,0,5
9,25,2,0,19
9,26,2,0,21
9,27,2,0,11
9,28,2,0,17
9,29,2,3,10
9,30,2,3,8
9,31,3,0,22
9,32,3,0,18
9,33,3,0,4
9,34,2,3,24
9,35,2,0,23
9,36,2,0,0
9,37,2,0,17
9,38,2,0,10
9,39,2,0,13
9,40,2,0,24
9,41,2,0,15
9,42,2,0,19
9,43,2,0,6
9,44,2,0,21
9,45,2,0,23
9,46,2,0,12
9,47,2,3,13
9,48,3,0,13
9,49,3,0,10
9,50,3,0,18
9,51,3,0,7
9,52,3,0,22
9,53,3,0,18
9,54,3,0,18
9,55,3,0,15
9,56,3,0,10
9,57,3,0,17
9,58,3,0,4
9,59,3,0,19
9,60,3,0,8
9,61,3,0,23
9,62,3,0,2
10,0,3,0,20
10,1,3,0,8
10,2,3,0,6
10,3,3,0,0
10,4,3,0,10
10,5,3,0,10
10,6,3,0,7
10,7,2,3,24
10,8,2,0,3
10,9,2,0,16
10,10,2,0,20
10,11,2,0,21
10,12,2,0,23
10,13,2,0,17
10,14,2,0,23
10,15,2,0,17
10,16,2,3,20
10,17,2,0,21
10,18,2,0,1
10,19,2,3,20
10,20,2,0,9
10,21,2,0,15
10,22,2,0,4
10,23,2,0,24
10,24,2,0,3
10,25,2,0,17
10,26,2,0,14
10,27,2,0,12
10,28,2,3,5
10,29,3,0,24
10,30,3,0,22
10,31,3,0,19
10,32,3,0,8
10,33,2,3,6
10,34,2,0,0
10,35,2,0,8
10,36,2,0,8
10,37,2,0,23
10,38,2,0,7
10,39,2,0,2
10,40,2,0,7
10,41,2,0,21
10,42,2,0,18
10,43,2,0,19
10,44,2,0,17
10,45,2,0,20
10,46,2,3,13
10,47,3,0,5
10,48,3,0,21
10,49,3,0,23
10,50,3,0,8
10,51,3,0,1
10,52,3,0,10
10,53,3,0,11
10,54,3,0,18
10,55,3,0,9
10,56,3,0,9
10,57,3,0,13
10,58,3,0,2
10,59,3,0,14
10,60,3,0,12
10,61,3,0,18
10,62,3,0,13
11,0,3,0,15
11,1,3,0,5
11,2,3,0,18
11,3,3,0,5
11,4,3,0,21
11,5,3,0,24
11,6,2,3,6
11,7,2,0,24
11,8,2,0,24
11,9,2,0,4
11,10,2,0,5
11,11,2,0,1
11,12,2,0,18
11,13,2,0,22
11,14,2,0,21
11,15,2,3,15
11,16,2,3,8
11,17,2,3,8
11,18,2,3,8
11,19,2,3,21
11,20,2,0,2
11,21,2,0,8
11,22,2,0,24
11,23,2,0,14
11,24,2,0,16
11,25,2,0,7
11,26,2,0,24
11,27,2,3,0
11,28,3,0,19
11,29,3,0,4
11,30,3,0,21
11,31,3,0,15
11,32,3,0,1
11,33,2,0,24
11,34,2,0,22
11,35,2,0,24
11,36,2,0,10
11,37,2,0,8
11,38,2,0,4
11,39,2,0,13
11,40,2,0,5
11,41,2,0,5
11,42,2,0,15
11,43,2,0,19
11,44,2,0,10
11,45,2,3,0
11,46,3,0,19
11,47,3,0,12
11,48,3,0,20
11,49,3,0,8
11,50,3,0,21
11,51,3,0,0
11,52,3,0,8
11,53,3,0,15
11,54,3,0,23
11,55,3,0,17
11,56,3,0,1
11,57,3,0,1
11,58,3,0,15
11,59,3,0,3
11,60,3,0,8
11,61,3,0,22
11,62,3,0,0
12,0,3,0,12
12,1,3,0,18
12,2,3,0,9
12,3,3,0,23
12,4,3,0,17
12,5,3,0,13
12,6,2,3,7
12,7,2,0,3
12,8,2,0,19
12,9,2,0,7
12,10,2,0,14
12,11,2,0,13
12,12,2,0,9
12,13,2,0,15
12,14,2,3,13
12,15,3,0,16
12,16,3,0,17
12,17,3,0,7
12,18,3,0,4
12,19,2,3,24
12,20,2,0,9
12,21,2,0,8
12,22,2,0,10
12,23,2,0,9
12,24,2,0,10
12,25,2,0,4
12,26,2,0,21
12,27,2,3,18
12,28,3,0,13
12,29,3,0,3
12,30,3,0,9
12,31,3,0,4
12,32,2,3,14
12,33,2,0,19
12,34,2,0,24
12,35,2,0,7
12,36,2,0,10
12,37,2,0,6
12,38,2,0,13
12,39,2,0,10
12,40,2,0,14
12,41,2,0,11
12,42,2,0,11
12,43,2,0,20
12,44,2,0,18
12,45,2,3,18
12,46,3,0,15
12,47,3,0,21
12,48,3,0,4
12,49,3,0,8
12,50,3,0,19
12,51,3,0,23
12,52,3,0,1
12,53,3,0,3
12,54,3,0,1
12,55,3,0,8
12,56,3,0,11
12,57,3,0,15
12,58,3,0,3
12,59,3,0,12
12,60,3,0,18
12,61,3,0,15
12,62,3,0,10
13,0,3,0,4
13,1,3,0,5
13,2,3,0,6
13,3,3,0,6
13,4,3,0,9
13,5,3,0,15
13,6,2,3,23
13,7,2,3,20
13,8,2,0,4
13,9,2,0,19
13,10,2,0,17
13,11,2,0,6
13,12,2,0,0
13,13,2,3,0
13,14,3,0,16
13,15,3,0,4
13,16,3,0,23
13,17,3,0,24
13,18,2,3,19
13,19,2,0,4
13,20,2,0,1
13,21,2,0,24
13,22,2,0,9
13,23,2,3,20
13,24,2,3,20
13,25,2,0,22
13,26,2,3,0
13,27,3,0,19
13,28,3,0,14
13,29,3,0,21
13,30,3,0,21
13,31,2,3,19
13,32,2,0,1
13,33,2,0,15
13,34,2,0,5
13,35,2,0,8
13,36,2,0,10
13,37,2,0,17
13,38,2,0,24
13,39,2,0,14
13,40,2,0,7
13,41,2,0,2
13,42,2,0,15
13,43,2,0,3
13,44,2,3,0
13,45,3,0,13
13,46,3,0,17
13,47,3,0,14
13,48,3,0,14
13,49,3,0,1
13,50,3,0,21
13,51,3,0,23
13,52,3,0,1
13,53,3,0,17
13,54,3,0,23
13,55,3,0,2
13,56,3,0,14
13,57,3,0,19
13,58,3,0,18
13,59,3,0,22
13,60,3,0,11
13,61,3,0,2
13,62,3,0,10
14,0,3,0,2
14,1,3,0,8
14,2,3,0,11
14,3,3,0,6
14,4,3,0,1
14,5,3,0,10
14,6,2,3,8
14,7,2,3,24
14,8,2,0,0
14,9,2,0,17
14,10,2,0,7
14,11,2,0,2
14,12,2,0,20
14,13,2,3,3
14,14,2,3,16
14,15,2,3,16
14,16,2,3,16
14,17,2,3,9
14,18,2,0,13
14,19,2,0,6
14,20,2,0,13
14,21,2,0,6
14,22,2,3,13
14,23,2,3,8
14,24,2,3,23
14,25,2,0,9
14,26,2,3,2
14,27,2,3,16
14,28,3,0,11
14,29,3,0,15
14,30,2,3,9
14,31,2,0,18
14,32,2,0,6
14,33,2,0,18
14,34,2,0,23
14,35,2,0,17
14,36,2,0,6
14,37,2,0,12
14,38,2,0,0
14,39,2,0,6
14,40,2,0,23
14,41,2,0,8
14,42,2,0,0
14,43,2,0,11
14,44,2,3,18
14,45,3,0,21
14,46,3,0,9
14,47,3,0,16
14,48,3,0,4
14,49,3,0,16
14,50,3,0,0
14,51,3,0,18
14,52,3,0,23
14,53,3,0,9
14,54,3,0,20
14,55,3,0,15
14,56,3,0,10
14,57,3,0,17
14,58,3,0,4
14,59,3,0,15
14,60,3,0,4
14,61,3,0,21
14,62,3,0,4
15,0,3,0,19
15,1,3,0,3
15,2,3,0,5
15,3,3,0,16
15,4,3,0,16
15,5,3,0,20
15,6,2,3,6
15,7,2,0,15
15,8,2,0,4
15,9,2,0,9
15,10,2,0,24
15,11,2,0,21
15,12,2,0,16
15,13,2,3,4
15,14,2,3,4
15,15,2,3,4
15,16,2,3,4
15,17,2,0,5
15,18,2,0,24
15,19,2,0,11
15,20,2,0,13
15,21,2,3,13
15,22,3,0,19
15,23,3,0,9
15,24,2,3,24
15,25,2,0,4
15,26,2,3,4
15,27,2,3,1
15,28,3,0,2
15,29,2,3,6
15,30,2,0,24
15,31,2,0,3
15,32,2,0,10
15,33,2,0,1
15,34,2,0,5
15,35,2,0,15
15,36,2,0,12
15,37,2,0,19
15,38,2,0,9
15,39,2,0,8
15,40,2,0,14
15,41,2,0,4
15,42,2,0,4
15,43,2,3,13
15,44,3,0,23
15,45,3,0,10
15,46,3,0,14
15,47,3,0,10
15,48,3,0,21
15,49,3,0,2
15,50,3,0,7
15,51,3,0,3
15,52,3,0,5
15,53,3,0,9
15,54,3,0,18
15,55,3,0,9
15,56,3,0,21
15,57,3,0,9
15,58,3,0,4
15,59,3,0,24
15,60,3,0,18
15,61,3,0,9
15,62,3,0,11
16,0,3,0,2
16,1,3,0,8
16,2,3,0,18
16,3,3,0,0
16,4,3,0,7
16,5,3,0,5
16,6,2,3,23
16,7,2,0,16
16,8,2,0,6
16,9,2,0,17
16,10,2,0,20
16,11,2,0,20
16,12,2,0,22
16,13,2,0,2
16,14,2,0,21
16,15,2,0,8
16,16,2,0,1
16,17,2,0,6
16,18,2,0,0
16,19,2,0,19
16,20,2,3,0
16,21,3,0,13
16,22,3,0,9
16,23,2,3,6
16,24,2,0,24
16,25,2,0,19
16,26,2,0,1
16,27,2,3,18
16,28,3,0,17
16,29,2,3,24
16,30,2,0,16
16,31,2,0,19
16,32,2,0,11
16,33,2,0,24
16,34,2,0,0
16,35,2,0,14
16,36,2,0,15
16,37,2,0,17
16,38,2,0,15
16,39,2,0,21
16,40,2,0,10
16,41,2,0,3
16,42,2,3,0
16,43,3,0,10
16,44,3,0,12
16,45,3,0,11
16,46,3,0,3
16,47,3,0,1
16,48,3,0,24
16,49,3,0,17
16,50,3,0,15
16,51,3,0,2
16,52,3,0,16
16,53,3,0,1
16,54,3,0,23
16,55,3,0,21
16,56,3,0,7
16,57,3,0,5
16,58,3,0,21
16,59,3,0,15
16,60,3,0,7
16,61,3,0,23
16,62,3,0,20
17,0,3,0,15
17,1,3,0,15
17,2,3,0,2
17,3,3,0,0
17,4,3,0,22
17,5,3,0,1
17,6,2,3,24
17,7,2,0,19
17,8,2,0,6
17,9,2,0,0
17,10,2,0,20
17,11,2,0,7
17,12,2,0,10
17,13,2,0,0
17,14,2,0,22
17,15,2,0,22
17,16,2,0,5
17,17,2,0,12
17,18,2,0,14
17,19,2,0,7
17,20,2,3,18
17,21,3,0,9
17,22,3,0,3
17,23,2,3,23
17,24,2,3,20
17,25,2,0,18
17,26,2,3,0
17,27,3,0,3
17,28,2,3,6
17,29,2,0,1
17,30,2,0,10
17,31,2,0,24
17,32,2,0,1
17,33,2,0,19
17,34,2,0,7
17,35,2,0,9
17,36,2,0,8
17,37,2,0,1
17,38,2,0,20
17,39,2,0,14
17,40,2,0,8
17,41,2,0,12
17,42,2,3,18
17,43,3,0,10
17,44,3,0,7
17,45,3,0,14
17,46,3,0,20
17,47,3,0,13
17,48,3,0,2
17,49,3,0,15
17,50,3,0,12
17,51,3,0,10
17,52,3,0,14
17,53,3,0,10
17,54,3,0,4
17,55,3,0,19
17,56,3,0,19
17,57,3,0,2
17,58,3,0,0
17,59,3,0,19
17,60,3,0,0
17,61,3,0,5
17,62,3,0,14
18,0,3,0,15
18,1,3,0,11
18,2,3,0,21
18,3,3,0,16
18,4,3,0,13
18,5,2,3,6
18,6,2,0,17
18,7,2,0,20
18,8,2,0,17
18,9,2,0,5
18,10,2,0,12
18,11,2,0,7
18,12,2,0,19
18,13,2,0,5
18,14,2,0,12
18,15,2,0,21
18,16,2,0,7
18,17,2,0,12
18,18,2,0,21
18,19,2,3,0
18,20,3,0,14
18,21,3,0,9
18,22,3,0,19
18,23,2,3,8
18,24,2,3,24
18,25,2,0,5
18,26,2,3,18
18,27,3,0,6
18,28,2,3,24
18,29,2,0,22
18,30,2,0,10
18,31,2,0,12
18,32,2,0,6
18,33,2,0,5
18,34,2,0,21
18,35,2,0,7
18,36,2,0,0
18,37,2,0,23
18,38,2,0,11
18,39,2,3,20
18,40,2,3,20
18,41,2,3,13
18,42,3,0,0
18,43,3,0,6
18,44,3,0,2
18,45,3,0,16
18,46,3,0,14
18,47,3,0,12
18,48,3,0,12
18,49,3,0,0
18,50,3,0,11
18,51,3,0,10
18,52,3,0,2
18,53,3,0,10
18,54,3,0,16
18,55,3,0,23
18,56,3,0,0
18,57,3,0,14
18,58,3,0,16
18,59,3,0,18
18,60,3,0,14
18,61,3,0,10
18,62,3,0,18
19,0,3,0,15
19,1,3,0,13
19,2,3,0,15
19,3,3,0,15
19,4,3,0,20
19,5,2,3,23
19,6,2,0,9
19,7,2,0,6
19,8,2,0,13
19,9,2,0,5
19,10,2,0,20
19,11,2,0,10
19,12,2,0,23
19,13,2,0,18
19,14,2,0,6
19,15,2,0,16
19,16,2,0,1
19,17,2,0,12
19,18,2,0,6
19,19,2,3,18
19,20,3,0,6
19,21,3,0,10
19,22,3,0,1
19,23,2,3,6
19,24,2,0,0
19,25,2,3,0
19,26,2,3,16
19,27,2,3,19
19,28,2,0,19
19,29,2,0,15
19,30,2,0,10
19,31,2,0,17
19,32,2,0,22
19,33,2,0,21
19,34,2,0,16
19,35,2,0,18
19,36,2,0,20
19,37,2,0,20
19,38,2,3,15
19,39,2,3,8
19,40,2,3,8
19,41,3,0,2
19,42,3,0,7
19,43,3,0,0
19,44,3,0,4
19,45,3,0,20
19,46,3,0,0
19,47,3,0,14
19,48,3,0,4
19,49,3,0,16
19,50,3,0,15
19,51,3,0,9
19,52,3,0,4
19,53,3,0,17
19,54,3,0,17
19,55,3,0,22
19,56,3,0,21
19,57,3,0,18
19,58,3,0,3
19,59,3,0,5
19,60,3,0,6
19,61,3,0,20
19,62,3,0,15
20,0,3,0,23
20,1,3,0,20
20,2,3,0,14
20,3,3,0,24
20,4,3,0,4
20,5,2,3,7
20,6,2,0,24
20,7,2,0,11
20,8,2,0,8
20,9,2,0,0
20,10,2,0,8
20,11,2,0,14
20,12,2,0,9
20,13,2,0,11
20,14,2,0,22
20,15,2,0,21
20,16,2,0,0
20,17,2,0,12
20,18,2,3,0
20,19,3,0,7
20,20,3,0,16
20,21,3,0,16
20,22,3,0,23
20,23,2,3,21
20,24,2,0,5
20,25,2,3,4
20,26,2,3,4
20,27,2,0,15
20,28,2,0,9
20,29,2,0,21
20,30,2,3,20
20,31,2,3,20
20,32,2,0,4
20,33,2,0,13
20,34,2,0,14
20,35,2,0,0
20,36,2,0,14
20,37,2,3,0
20,38,3,0,17
20,39,3,0,8
20,40,3,0,11
20,41,3,0,14
20,42,3,0,15
20,43,3,0,24
20,44,3,0,4
20,45,3,0,16
20,46,3,0,3
20,47,3,0,15
20,48,3,0,19
20,49,3,0,5
20,50,3,0,12
20,51,3,0,24
20,52,3,0,18
20,53,3,0,5
20,54,3,0,2
20,55,3,0,8
20,56,3,0,19
20,57,3,0,8
20,58,3,0,10
20,59,3,0,18
20,60,3,0,15
20,61,3,0,5
20,62,3,0,23
21,0,3,0,7
21,1,3,0,19
21,2,3,0,24
21,3,3,0,8
21,4,3,0,20
21,5,2,3,24
21,6,2,0,10
21,7,2,0,17
21,8,2,0,0
21,9,2,0,20
21,10,2,0,18
21,11,2,0,6
21,12,2,0,14
21,13,2,0,9
21,14,2,0,10
21,15,2,0,5
21,16,2,0,1
21,17,2,0,23
21,18,2,3,18
21,19,3,0,6
21,20,3,0,24
21,21,3,0,19
21,22,3,0,17
21,23,2,3,23
21,24,2,0,9
21,25,2,0,23
21,26,2,0,24
21,27,2,0,11
21,28,2,0,21
21,29,2,3,15
21,30,2,3,8
21,31,2,3,22
21,32,2,0,22
21,33,2,0,21
21,34,2,0,2
21,35,2,0,11
21,36,2,0,24
21,37,2,3,18
21,38,3,0,14
21,39,3,0,22
21,40,3,0,1
21,41,3,0,5
21,42,3,0,13
21,43,3,0,11
21,44,3,0,12
21,45,3,0,12
21,46,3,0,20
21,47,3,0,16
21,48,3,0,7
21,49,3,0,19
21,50,3,0,9
21,51,3,0,14
21,52,3,0,12
21,53,3,0,22
21,54,3,0,16
21,55,3,0,16
21,56,3,0,8
21,57,3,0,11
21,58,3,0,8
21,59,3,0,24
21,60,3,0,5
21,61,3,0,12
21,62,3,0,14
22,0,3,0,12
22,1,3,0,8
22,2,3,0,4
22,3,3,0,20
22,4,2,3,6
22,5,2,0,1
22,6,2,0,0
22,7,2,0,20
22,8,2,0,3
22,9,2,0,23
22,10,2,0,4
22,11,2,0,16
22,12,2,0,9
22,13,2,0,9
22,14,2,0,24
22,15,2,0,24
22,16,2,3,20
22,17,2,3,13
22,18,3,0,1
22,19,3,0,1
22,20,3,0,4
22,21,3,0,16
22,22,3,0,9
22,23,2,3,24
22,24,2,0,13
22,25,2,0,11
22,26,2,0,18
22,27,2,0,12
22,28,2,3,0
22,29,3,0,1
22,30,3,0,4
22,31,2,3,24
22,32,2,0,22
22,33,2,0,15
22,34,2,0,7
22,35,2,0,11
22,36,2,3,10
22,37,3,0,16
22,38,3,0,6
22,39,3,0,22
22,40,3,0,4
22,41,3,0,11
22,42,3,0,10
22,43,3,0,16
22,44,3,0,0
22,45,3,0,10
22,46,3,0,1
22,47,3,0,24
22,48,3,0,13
22,49,3,0,23
22,50,3,0,0
22,51,3,0,14
22,52,3,0,16
22,53,3,0,8
22,54,3,0,4
22,55,3,0,5
22,56,3,0,18
22,57,3,0,16
22,58,3,0,16
22,59,3,0,16
22,60,3,0,2
22,61,3,0,4
22,62,3,0,10
23,0,3,0,16
23,1,3,0,13
23,2,3,0,2
23,3,3,0,4
23,4,2,3,23
23,5,2,0,5
23,6,2,0,12
23,7,2,0,15
23,8,2,0,19
23,9,2,0,23
23,10,2,0,19
23,11,2,0,4
23,12,2,0,6
23,13,2,0,1
23,14,2,0,7
23,15,2,3,10
23,16,2,3,8
23,17,3,0,22
23,18,3,0,24
23,19,3,0,11
23,20,3,0,20
23,21,3,0,13
23,22,2,3,6
23,23,2,0,23
23,24,2,0,13
23,25,2,0,0
23,26,2,0,21
23,27,2,0,21
23,28,2,3,1
23,29,3,0,10
23,30,2,3,6
23,31,2,0,23
23,32,2,0,3
23,33,2,0,23
23,34,2,0,13
23,35,2,3,0
23,36,3,0,3
23,37,3,0,9
23,38,3,0,1
23,39,3,0,18
23,40,3,0,8
23,41,3,0,21
23,42,3,0,3
23,43,3,0,23
23,44,3,0,23
23,45,3,0,21
23,46,3,0,5
23,47,3,0,2
23,48,3,0,6
23,49,3,0,22
23,50,3,0,14
23,51,3,0,15
23,52,2,3,16
23,53,3,0,2
23,54,3,0,1
23,55,3,0,12
23,56,3,0,7
23,57,3,0,11
23,58,3,0,15
23,59,3,0,0
23,60,3,0,7
23,61,3,0,1
23,62,3,0,16
24,0,3,0,4
24,1,3,0,17
24,2,3,0,15
24,3,3,0,12
24,4,2,3,7
24,5,2,0,3
24,6,2,0,15
24,7,2,0,19
24,8,2,0,9
24,9,2,0,23
24,10,2,0,3
24,11,2,0,14
24,12,2,0,7
24,13,2,0,2
24,14,2,3,15
24,15,3,0,7
24,16,3,0,14
24,17,3,0,19
24,18,3,0,24
24,19,3,0,18
24,20,3,0,3
24,21,2,3,16
24,22,2,3,24
24,23,2,0,21
24,24,2,0,2
24,25,2,3,20
24,26,2,0,0
24,27,2,0,6
24,28,2,3,1
24,29,3,0,22
24,30,2,3,21
24,31,2,0,5
24,32,2,0,3
24,33,2,0,7
24,34,2,0,1
24,35,2,3,18
24,36,3,0,0
24,37,3,0,17
24,38,3,0,6
24,39,3,0,17
24,40,3,0,16
24,41,3,0,24
24,42,3,0,15
24,43,3,0,23
24,44,2,3,16
24,45,3,0,3
24,46,3,0,19
24,47,3,0,21
24,48,3,0,0
24,49,3,0,13
24,50,3,0,3
24,51,2,3,11
24,52,2,3,1
24,53,3,0,23
24,54,3,0,2
24,55,3,0,18
24,56,3,0,6
24,57,3,0,4
24,58,3,0,15
24,59,3,0,11
24,60,3,0,22
24,61,3,0,3
24,62,3,0,3
25,0,3,0,17
25,1,3,0,19
25,2,3,0,11
25,3,3,0,7
25,4,2,3,23
25,5,2,3,20
25,6,2,0,12
25,7,2,0,6
25,8,2,0,6
25,9,2,0,14
25,10,2,0,24
25,11,2,0,11
25,12,2,0,11
25,13,2,3,10
25,14,3,0,14
25,15,3,0,21
25,16,3,0,13
25,17,3,0,24
25,18,3,0,23
25,19,3,0,0
25,20,2,3,14
25,21,2,3,4
25,22,2,0,23
25,23,2,3,20
25,24,2,3,15
25,25,2,3,7
25,26,2,0,6
25,27,2,0,13
25,28,2,3,18
25,29,3,0,12
25,30,2,3,24
25,31,2,0,19
25,32,2,0,20
25,33,2,0,24
25,34,2,3,5
25,35,3,0,24
25,36,3,0,21
25,37,3,0,1
25,38,3,0,2
25,39,3,0,15
25,40,3,0,8
25,41,3,0,8
25,42,3,0,24
25,43,2,3,19
25,44,2,3,3
25,45,2,3,16
25,46,2,3,16
25,47,2,3,16
25,48,2,3,16
25,49,2,3,16
25,50,2,3,9
25,51,2,0,14
25,52,2,3,3
25,53,2,3,16
25,54,2,3,16
25,55,3,0,21
25,56,3,0,9
25,57,3,0,4
25,58,3,0,7
25,59,3,0,15
25,60,3,0,2
25,61,3,0,1
25,62,3,0,10
26,0,3,0,24
26,1,3,0,8
26,2,3,0,20
26,3,3,0,12
26,4,2,3,8
26,5,2,3,22
26,6,2,0,11
26,7,2,0,19
26,8,2,0,19
26,9,2,0,23
26,10,2,0,10
26,11,2,0,10
26,12,2,3,0
26,13,3,0,10
26,14,3,0,15
26,15,3,0,7
26,16,3,0,20
26,17,3,0,0
26,18,3,0,0
26,19,2,3,14
26,20,2,0,22
26,21,2,0,8
26,22,2,3,15
26,23,2,3,8
26,24,3,0,6
26,25,2,3,24
26,26,2,0,0
26,27,2,3,0
26,28,3,0,14
26,29,2,3,6
26,30,2,0,14
26,31,2,0,4
26,32,2,0,19
26,33,2,3,10
26,34,3,0,3
26,35,3,0,13
26,36,3,0,10
26,37,3,0,2
26,38,3,0,12
26,39,3,0,4
26,40,3,0,11
26,41,3,0,15
26,42,2,3,14
26,43,2,0,6
26,44,2,3,4
26,45,2,3,4
26,46,2,3,4
26,47,2,3,4
26,48,2,3,4
26,49,2,3,4
26,50,2,0,18
26,51,2,0,23
26,52,2,3,4
26,53,2,3,4
26,54,2,3,17
26,55,2,3,16
26,56,3,0,1
26,57,3,0,8
26,58,3,0,3
26,59,3,0,15
26,60,3,0,11
26,61,3,0,12
26,62,3,0,23
27,0,3,0,16
27,1,3,0,10
27,2,3,0,8
27,3,3,0,15
27,4,3,0,12
27,5,2,3,23
27,6,2,0,14
27,7,2,0,1
27,8,2,0,2
27,9,2,0,24
27,10,2,0,0
27,11,2,0,20
27,12,2,3,1
27,13,3,0,16
27,14,3,0,3
27,15,3,0,19
27,16,3,0,13
27,17,3,0,22
27,18,2,3,14
27,19,2,0,13
27,20,2,0,16
27,21,2,3,0
27,22,3,0,12
27,23,3,0,24
27,24,2,3,6
27,25,2,0,13
27,26,2,0,24
27,27,2,3,3
27,28,3,0,13
27,29,2,3,21
27,30,2,0,11
27,31,2,0,19
27,32,2,3,13
27,33,3,0,6
27,34,3,0,22
27,35,3,0,16
27,36,3,0,7
27,37,3,0,4
27,38,3,0,15
27,39,3,0,6
27,40,3,0,11
27,41,2,3,11
27,42,2,0,14
27,43,2,0,15
27,44,2,0,3
27,45,2,0,24
27,46,2,0,20
27,47,2,0,3
27,48,2,0,2
27,49,2,0,13
27,50,2,0,5
27,51,2,0,22
27,52,2,0,19
27,53,2,0,14
27,54,2,3,4
27,55,2,3,2
27,56,2,3,16
27,57,3,0,5
27,58,3,0,18
27,59,3,0,16
27,60,3,0,5
27,61,3,0,11
27,62,3,0,1
28,0,3,0,23
28,1,3,0,9
28,2,3,0,16
28,3,3,0,21
28,4,3,0,24
28,5,2,3,22
28,6,2,0,18
28,7,2,0,24
28,8,2,0,22
28,9,2,0,8
28,10,2,0,20
28,11,2,0,23
28,12,2,3,2
28,13,3,0,3
28,14,3,0,4
28,15,3,0,0
28,16,2,3,16
28,17,2,3,11
28,18,2,0,12
28,19,2,0,10
28,20,2,0,17
28,21,2,3,1
28,22,2,3,16
28,23,3,0,18
28,24,2,3,24
28,25,2,0,21
28,26,2,0,24
28,27,2,3,2
28,28,3,0,3
28,29,2,3,22
28,30,2,3,20
28,31,2,3,13
28,32,3,0,4
28,33,3,0,22
28,34,3,0,2
28,35,3,0,5
28,36,3,0,10
28,37,3,0,18
28,38,3,0,1
28,39,3,0,0
28,40,2,3,19
28,41,2,0,20
28,42,2,0,21
28,43,2,0,13
28,44,2,0,4
28,45,2,0,6
28,46,2,0,24
28,47,2,0,21
28,48,2,0,22
28,49,2,0,18
28,50,2,0,22
28,51,2,0,6
28,52,2,0,9
28,53,2,0,11
28,54,2,0,23
28,55,2,3,4
28,56,2,3,2
28,57,2,3,16
28,58,3,0,23
28,59,3,0,2
28,60,3,0,17
28,61,3,0,20
28,62,3,0,4
29,0,3,0,17
29,1,3,0,19
29,2,3,0,5
29,3,3,0,23
29,4,3,0,4
29,5,2,3,7
29,6,2,0,3
29,7,2,0,1
29,8,2,0,11
29,9,2,0,12
29,10,2,0,19
29,11,2,0,18
29,12,2,3,1
29,13,3,0,9
29,14,3,0,1
29,15,2,3,14
29,16,2,3,4
29,17,2,0,3
29,18,2,0,5
29,19,2,0,24
29,20,2,0,3
29,21,2,3,4
29,22,2,3,3
29,23,2,3,19
29,24,2,0,19
29,25,2,0,22
29,26,2,0,22
29,27,2,3,2
29,28,3,0,21
29,29,2,3,8
29,30,2,3,8
29,31,3,0,16
29,32,3,0,16
29,33,3,0,0
29,34,3,0,10
29,35,3,0,1
29,36,3,0,13
29,37,3,0,3
29,38,3,0,22
29,39,2,3,19
29,40,2,0,1
29,41,2,0,19
29,42,2,0,2
29,43,2,0,17
29,44,2,0,24
29,45,2,0,23
29,46,2,0,22
29,47,2,0,13
29,48,2,0,15
29,49,2,0,7
29,50,2,0,9
29,51,2,0,4
29,52,2,0,21
29,53,2,0,13
29,54,2,0,5
29,55,2,0,8
29,56,2,3,4
29,57,2,3,2
29,58,3,0,19
29,59,3,0,12
29,60,3,0,4
29,61,3,0,10
29,62,3,0,10
30,0,3,0,6
30,1,3,0,3
30,2,3,0,10
30,3,3,0,3
30,4,3,0,12
30,5,2,3,7
30,6,2,3,20
30,7,2,0,11
30,8,2,0,5
30,9,2,0,9
30,10,2,0,10
30,11,2,0,19
30,12,2,3,2
30,13,2,3,16
30,14,2,3,11
30,15,2,0,9
30,16,2,0,18
30,17,2,0,15
30,18,2,0,23
30,19,2,0,3
30,20,2,0,7
30,21,2,0,0
30,22,2,3,4
30,23,2,0,20
30,24,2,0,2
30,25,2,0,5
30,26,2,0,7
30,27,2,3,17
30,28,3,0,23
30,29,3,0,18
30,30,3,0,15
30,31,3,0,6
30,32,3,0,19
30,33,3,0,12
30,34,3,0,22
30,35,3,0,2
30,36,3,0,22
30,37,3,0,15
30,38,2,3,6
30,39,2,0,8
30,40,2,0,16
30,41,2,0,7
30,42,2,0,8
30,43,2,0,0
30,44,2,0,8
30,45,2,0,21
30,46,2,0,8
30,47,2,0,21
30,48,2,0,8
30,49,2,0,17
30,50,2,0,21
30,51,2,0,5
30,52,2,0,17
30,53,2,0,17
30,54,2,0,0
30,55,2,0,9
30,56,2,0,0
30,57,2,3,3
30,58,3,0,17
30,59,3,0,4
30,60,3,0,15
30,61,3,0,14
30,62,3,0,13
31,0,3,0,4
31,1,3,0,6
31,2,3,0,15
31,3,3,0,6
31,4,3,0,15
31,5,2,3,8
31,6,2,3,24
31,7,2,0,5
31,8,2,0,8
31,9,2,0,15
31,10,2,0,14
31,11,2,0,6
31,12,2,3,4
31,13,2,3,4
31,14,2,0,4
31,15,2,0,14
31,16,2,0,3
31,17,2,0,9
31,18,2,0,8
31,19,2,0,4
31,20,2,0,15
31,21,2,0,3
31,22,2,0,24
31,23,2,0,20
31,24,2,0,1
31,25,2,0,10
31,26,2,0,13
31,27,2,3,18
31,28,3,0,15
31,29,3,0,18
31,30,3,0,17
31,31,3,0,17
31,32,3,0,0
31,33,3,0,19
31,34,3,0,13
31,35,3,0,13
31,36,3,0,19
31,37,3,0,3
31,38,2,3,24
31,39,2,0,21
31,40,2,0,19
31,41,2,0,22
31,42,2,0,10
31,43,2,0,11
31,44,2,0,5
31,45,2,0,1
31,46,2,0,14
31,47,2,0,10
31,48,2,0,20
31,49,2,0,4
31,50,2,0,15
31,51,2,0,17
31,52,2,0,3
31,53,2,0,13
31,54,2,0,14
31,55,2,0,10
31,56,2,0,16
31,57,2,3,17
31,58,3,0,21
31,59,3,0,2
31,60,3,0,22
31,61,3,0,8
31,62,3,0,20
32,0,3,0,6
32,1,3,0,16
32,2,3,0,15
32,3,3,0,0
32,4,3,0,21
32,5,2,3,6
32,6,2,0,21
32,7,2,0,6
32,8,2,0,4
32,9,2,0,18
32,10,2,0,14
32,11,2,0,4
32,12,2,0,5
32,13,2,0,14
32,14,2,0,1
32,15,2,0,9
32,16,2,0,2
32,17,2,0,20
32,18,2,0,2
32,19,2,0,7
32,20,2,0,24
32,21,2,0,9
32,22,2,0,10
32,23,2,0,23
32,24,2,0,14
32,25,2,0,3
32,26,2,3,0
32,27,3,0,23
32,28,3,0,23
32,29,3,0,2
32,30,3,0,1
32,31,3,0,13
32,32,3,0,11
32,33,3,0,21
32,34,3,0,11
32,35,3,0,23
32,36,2,3,16
32,37,2,3,9
32,38,2,0,17
32,39,2,0,0
32,40,2,0,5
32,41,2,0,8
32,42,2,0,15
32,43,2,0,15
32,44,2,0,12
32,45,2,0,19
32,46,2,0,20
32,47,2,0,6
32,48,2,0,23
32,49,2,0,2
32,50,2,0,21
32,51,2,0,5
32,52,2,0,16
32,53,2,0,16
32,54,2,0,4
32,55,2,0,0
32,56,2,0,11
32,57,2,3,1
32,58,3,0,5
32,59,3,0,22
32,60,3,0,11
32,61,3,0,4
32,62,3,0,9
33,0,3,0,9
33,1,3,0,24
33,2,3,0,0
33,3,3,0,23
33,4,3,0,2
33,5,2,3,21
33,6,2,0,15
33,7,2,0,21
33,8,2,0,8
33,9,2,0,23
33,10,2,0,2
33,11,2,0,14
33,12,2,0,14
33,13,2,0,10
33,14,2,0,22
33,15,2,0,24
33,16,2,0,14
33,17,2,0,9
33,18,2,0,15
33,19,2,0,18
33,20,2,0,1
33,21,2,0,4
33,22,2,0,11
33,23,2,0,16
33,24,2,0,0
33,25,2,0,23
33,26,2,3,18
33,27,3,0,24
33,28,3,0,12
33,29,3,0,4
33,30,3,0,14
33,31,3,0,19
33,32,3,0,3
33,33,3,0,23
33,34,3,0,15
33,35,2,3,11
33,36,2,3,4
33,37,2,0,10
33,38,2,0,15
33,39,2,0,2
33,40,2,0,18
33,41,2,0,3
33,42,2,0,14
33,43,2,0,13
33,44,2,0,14
33,45,2,0,20
33,46,2,0,15
33,47,2,0,0
33,48,2,0,17
33,49,2,0,13
33,50,2,0,9
33,51,2,0,5
33,52,2,0,18
33,53,2,0,14
33,54,2,0,8
33,55,2,0,16
33,56,2,0,16
33,57,2,3,17
33,58,2,3,16
33,59,3,0,17
33,60,3,0,0
33,61,3,0,9
33,62,3,0,1
34,0,3,0,14
34,1,3,0,1
34,2,3,0,7
34,3,3,0,2
34,4,3,0,8
34,5,2,3,7
34,6,2,0,11
34,7,2,0,12
34,8,2,0,15
34,9,2,0,8
34,10,2,0,12
34,11,2,0,6
34,12,2,0,0
34,13,2,0,5
34,14,2,0,19
34,15,2,0,19
34,16,2,0,9
34,17,2,0,3
34,18,2,0,5
34,19,2,0,2
34,20,2,0,10
34,21,2,0,4
34,22,2,0,11
34,23,2,0,5
34,24,2,0,23
34,25,2,3,0
34,26,3,0,16
34,27,3,0,24
34,28,3,0,8
34,29,3,0,18
34,30,3,0,14
34,31,3,0,10
34,32,3,0,6
34,33,3,0,10
34,34,2,3,14
34,35,2,0,3
34,36,2,0,9
34,37,2,0,3
34,38,2,0,8
34,39,2,0,18
34,40,2,0,9
34,41,2,0,15
34,42,2,0,24
34,43,2,0,0
34,44,2,0,19
34,45,2,0,11
34,46,2,0,3
34,47,2,0,13
34,48,2,0,24
34,49,2,0,6
34,50,2,0,1
34,51,2,0,20
34,52,2,0,24
34,53,2,0,6
34,54,2,0,12
34,55,2,0,21
34,56,2,0,10
34,57,2,3,4
34,58,2,3,3
34,59,3,0,9
34,60,3,0,16
34,61,3,0,7
34,62,3,0,12
35,0,3,0,20
35,1,3,0,19
35,2,3,0,7
35,3,3,0,18
35,4,3,0,0
35,5,2,3,23
35,6,2,0,5
35,7,2,0,22
35,8,2,0,13
35,9,2,0,21
35,10,2,0,18
35,11,2,0,3
35,12,2,0,24
35,13,2,0,7
35,14,2,0,9
35,15,2,0,8
35,16,2,0,10
35,17,2,0,6
35,18,2,0,13
35,19,2,0,11
35,20,2,0,15
35,21,2,0,20
35,22,2,0,20
35,23,2,0,15
35,24,2,0,8
35,25,2,3,18
35,26,3,0,14
35,27,3,0,23
35,28,3,0,14
35,29,3,0,15
35,30,3,0,20
35,31,3,0,19
35,32,3,0,22
35,33,2,3,11
35,34,2,0,14
35,35,2,0,22
35,36,2,0,4
35,37,2,0,18
35,38,2,0,9
35,39,2,0,14
35,40,2,0,9
35,41,2,0,14
35,42,2,0,3
35,43,2,0,0
35,44,2,0,7
35,45,2,0,5
35,46,2,0,15
35,47,2,0,12
35,48,2,0,10
35,49,2,0,23
35,50,2,0,1
35,51,2,0,15
35,52,2,0,8
35,53,2,0,19
35,54,2,0,0
35,55,2,0,3
35,56,2,0,23
35,57,2,0,22
35,58,2,3,1
35,59,3,0,13
35,60,3,0,8
35,61,3,0,16
35,62,3,0,15
36,0,3,0,2
36,1,3,0,16
36,2,3,0,1
36,3,3,0,5
36,4,3,0,20
36,5,2,3,22
36,6,2,0,4
36,7,2,0,5
36,8,2,0,10
36,9,2,0,0
36,10,2,0,2
36,11,2,0,17
36,12,2,0,9
36,13,2,0,13
36,14,2,0,16
36,15,2,0,24
36,16,2,0,15
36,17,2,0,11
36,18,2,0,16
36,19,2,0,10
36,20,2,0,11
36,21,2,0,21
36,22,2,0,6
36,23,2,0,3
36,24,2,3,5
36,25,3,0,9
36,26,3,0,4
36,27,3,0,16
36,28,3,0,19
36,29,3,0,9
36,30,3,0,20
36,31,3,0,15
36,32,2,3,19
36,33,2,0,10
36,34,2,0,6
36,35,2,0,6
36,36,2,0,3
36,37,2,0,18
36,38,2,0,1
36,39,2,0,9
36,40,2,3,20
36,41,2,3,20
36,42,2,3,20
36,43,2,0,18
36,44,2,0,24
36,45,2,0,1
36,46,2,0,11
36,47,2,0,10
36,48,2,0,18
36,49,2,0,11
36,50,2,0,21
36,51,2,0,2
36,52,2,0,7
36,53,2,0,4
36,54,2,0,18
36,55,2,0,11
36,56,2,0,10
36,57,2,0,20
36,58,2,3,1
36,59,3,0,19
36,60,3,0,10
36,61,3,0,18
36,62,3,0,5
37,0,3,0,9
37,1,3,0,14
37,2,3,0,2
37,3,3,0,4
37,4,3,0,15
37,5,2,3,22
37,6,2,0,24
37,7,2,0,24
37,8,2,0,4
37,9,2,0,5
37,10,2,0,23
37,11,2,0,20
37,12,2,0,5
37,13,2,0,14
37,14,2,0,11
37,15,2,0,3
37,16,2,0,22
37,17,2,0,5
37,18,2,0,2
37,19,2,0,7
37,20,2,0,9
37,21,2,0,5
37,22,2,0,4
37,23,2,3,15
37,24,3,0,10
37,25,3,0,11
37,26,3,0,13
37,27,3,0,20
37,28,3,0,3
37,29,3,0,16
37,30,3,0,3
37,31,2,3,11
37,32,2,0,19
37,33,2,0,20
37,34,2,0,22
37,35,2,0,8
37,36,2,0,22
37,37,2,0,4
37,38,2,0,5
37,39,2,3,10
37,40,2,3,8
37,41,2,3,8
37,42,2,3,21
37,43,2,0,7
37,44,2,0,21
37,45,2,0,4
37,46,2,0,19
37,47,2,0,5
37,48,2,0,1
37,49,2,0,0
37,50,2,0,3
37,51,2,0,22
37,52,2,3,20
37,53,2,0,11
37,54,2,0,12
37,55,2,0,9
37,56,2,0,2
37,57,2,0,10
37,58,2,3,17
37,59,3,0,15
37,60,3,0,16
37,61,3,0,24
37,62,3,0,23
38,0,3,0,14
38,1,3,0,7
38,2,3,0,19
38,3,3,0,10
38,4,3,0,19
38,5,2,3,21
38,6,2,3,20
38,7,2,0,6
38,8,2,0,19
38,9,2,0,5
38,10,2,0,11
38,11,2,0,14
38,12,2,0,11
38,13,2,0,9
38,14,2,0,15
38,15,2,0,23
38,16,2,0,14
38,17,2,0,4
38,18,2,0,1
38,19,2,0,12
38,20,2,0,20
38,21,2,0,2
38,22,2,3,5
38,23,3,0,18
38,24,3,0,1
38,25,3,0,19
38,26,3,0,13
38,27,3,0,3
38,28,3,0,14
38,29,3,0,0
38,30,2,3,19
38,31,2,0,17
38,32,2,0,20
38,33,2,0,19
38,34,2,0,4
38,35,2,0,21
38,36,2,0,5
38,37,2,0,10
38,38,2,3,0
38,39,3,0,9
38,40,3,0,8
38,41,3,0,17
38,42,2,3,24
38,43,2,0,3
38,44,2,0,22
38,45,2,0,2
38,46,2,0,5
38,47,2,0,24
38,48,2,0,9
38,49,2,0,24
38,50,2,0,8
38,51,2,3,15
38,52,2,3,22
38,53,2,0,15
38,54,2,0,12
38,55,2,0,2
38,56,2,0,0
38,57,2,0,24
38,58,2,3,18
38,59,3,0,12
38,60,3,0,24
38,61,3,0,1
38,62,3,0,16
39,0,3,0,8
39,1,3,0,8
39,2,3,0,2
39,3,3,0,18
39,4,3,0,22
39,5,2,3,8
39,6,2,3,21
39,7,2,3,20
39,8,2,0,5
39,9,2,0,1
39,10,2,0,15
39,11,2,0,14
39,12,2,0,7
39,13,2,0,21
39,14,2,0,16
39,15,2,0,23
39,16,2,0,7
39,17,2,0,15
39,18,2,0,6
39,19,2,0,8
39,20,2,0,9
39,21,2,3,10
39,22,3,0,11
39,23,3,0,7
39,24,3,0,23
39,25,3,0,19
39,26,3,0,12
39,27,3,0,24
39,28,3,0,20
39,29,2,3,11
39,30,2,0,4
39,31,2,0,16
39,32,2,0,8
39,33,2,0,10
39,34,2,0,17
39,35,2,0,12
39,36,2,0,13
39,37,2,0,3
39,38,2,3,18
39,39,3,0,17
39,40,3,0,7
39,41,2,3,6
39,42,2,0,23
39,43,2,0,24
39,44,2,0,23
39,45,2,0,12
39,46,2,0,5
39,47,2,0,6
39,48,2,0,5
39,49,2,0,12
39,50,2,3,5
39,51,3,0,16
39,52,2,3,24
39,53,2,0,16
39,54,2,0,23
39,55,2,0,12
39,56,2,0,22
39,57,2,3,0
39,58,3,0,6
39,59,3,0,11
39,60,3,0,12
39,61,3,0,23
39,62,3,0,20
40,0,3,0,18
40,1,3,0,15
40,2,3,0,22
40,3,3,0,4
40,4,3,0,24
40,5,3,0,13
40,6,2,3,8
40,7,2,3,24
40,8,2,0,12
40,9,2,0,11
40,10,2,0,6
40,11,2,0,19
40,12,2,0,18
40,13,2,0,2
40,14,2,0,17
40,15,2,0,24
40,16,2,0,19
40,17,2,3,20
40,18,2,3,20
40,19,2,3,20
40,20,2,3,5
40,21,3,0,16
40,22,3,0,12
40,23,3,0,15
40,24,3,0,9
40,25,3,0,6
40,26,3,0,3
40,27,3,0,2
40,28,2,3,6
40,29,2,0,9
40,30,2,0,14
40,31,2,0,6
40,32,2,0,23
40,33,2,0,13
40,34,2,0,7
40,35,2,0,4
40,36,2,0,22
40,37,2,3,10
40,38,3,0,22
40,39,3,0,18
40,40,3,0,12
40,41,2,3,24
40,42,2,0,18
40,43,2,0,21
40,44,2,0,24
40,45,2,0,23
40,46,2,0,24
40,47,2,0,10
40,48,2,0,4
40,49,2,3,0
40,50,3,0,18
40,51,2,3,6
40,52,2,0,16
40,53,2,0,15
40,54,2,0,3
40,55,2,0,10
40,56,2,0,19
40,57,2,3,17
40,58,3,0,19
40,59,3,0,21
40,60,3,0,13
40,61,3,0,19
40,62,3,0,8
41,0,3,0,2
41,1,3,0,14
41,2,3,0,19
41,3,3,0,20
41,4,3,0,21
41,5,3,0,11
41,6,2,3,6
41,7,2,0,13
41,8,2,0,2
41,9,2,0,19
41,10,2,0,9
41,11,2,0,0
41,12,2,0,7
41,13,2,0,2
41,14,2,0,20
41,15,2,0,8
41,16,2,3,15
41,17,2,3,8
41,18,2,3,8
41,19,2,3,8
41,20,3,0,7
41,21,3,0,23
41,22,3,0,7
41,23,3,0,2
41,24,3,0,12
41,25,3,0,8
41,26,3,0,10
41,27,3,0,2
41,28,2,3,21
41,29,2,0,23
41,30,2,0,24
41,31,2,0,11
41,32,2,0,9
41,33,2,0,24
41,34,2,0,21
41,35,2,0,17
41,36,2,3,13
41,37,3,0,5
41,38,3,0,15
41,39,3,0,0
41,40,2,3,6
41,41,2,0,11
41,42,2,0,9
41,43,2,0,8
41,44,2,0,2
41,45,2,0,21
41,46,2,0,2
41,47,2,0,4
41,48,2,0,12
41,49,2,3,18
41,50,3,0,4
41,51,2,3,24
41,52,2,0,7
41,53,2,0,6
41,54,2,0,3
41,55,2,0,18
41,56,2,0,23
41,57,2,3,17
41,58,2,3,16
41,59,3,0,7
41,60,3,0,5
41,61,3,0,19
41,62,3,0,1
42,0,3,0,2
42,1,3,0,5
42,2,3,0,17
42,3,3,0,8
42,4,3,0,1
42,5,3,0,15
42,6,2,3,23
42,7,2,0,15
42,8,2,0,13
42,9,2,0,17
42,10,2,0,12
42,11,2,0,9
42,12,2,0,13
42,13,2,0,7
42,14,2,0,2
42,15,2,3,0
42,16,3,0,13
42,17,3,0,6
42,18,3,0,15
42,19,3,0,13
42,20,3,0,23
42,21,3,0,15
42,22,3,0,19
42,23,3,0,6
42,24,3,0,22
42,25,3,0,9
42,26,3,0,8
42,27,3,0,24
42,28,2,3,24
42,29,2,0,3
42,30,2,0,22
42,31,2,0,8
42,32,2,0,21
42,33,2,0,4
42,34,2,0,9
42,35,2,3,0
42,36,3,0,24
42,37,3,0,10
42,38,3,0,4
42,39,3,0,2
42,40,2,3,24
42,41,2,0,3
42,42,2,0,12
42,43,2,0,19
42,44,2,0,5
42,45,2,0,22
42,46,2,0,6
42,47,2,0,2
42,48,2,3,0
42,49,3,0,7
42,50,2,3,6
42,51,2,0,24
42,52,2,0,4
42,53,2,0,14
42,54,2,0,5
42,55,2,0,23
42,56,2,0,4
42,57,2,3,4
42,58,2,3,17
42,59,3,0,4
42,60,3,0,16
42,61,3,0,22
42,62,3,0,20
43,0,3,0,2
43,1,3,0,12
43,2,3,0,2
43,3,3,0,16
43,4,3,0,19
43,5,3,0,17
43,6,2,3,7
43,7,2,3,20
43,8,2,0,7
43,9,2,0,0
43,10,2,0,8
43,11,2,0,6
43,12,2,0,1
43,13,2,0,22
43,14,2,0,21
43,15,2,3,18
43,16,3,0,18
43,17,3,0,21
43,18,3,0,10
43,19,3,0,21
43,20,3,0,2
43,21,3,0,5
43,22,3,0,14
43,23,3,0,3
43,24,3,0,12
43,25,3,0,5
43,26,3,0,14
43,27,2,3,6
43,28,2,0,7
43,29,2,0,24
43,30,2,0,10
43,31,2,0,5
43,32,2,0,17
43,33,2,0,18
43,34,2,0,24
43,35,2,3,2
43,36,3,0,19
43,37,3,0,17
43,38,3,0,14
43,39,2,3,6
43,40,2,0,16
43,41,2,0,5
43,42,2,0,2
43,43,2,0,8
43,44,2,0,7
43,45,2,0,8
43,46,2,0,4
43,47,2,0,17
43,48,2,3,18
43,49,3,0,16
43,50,2,3,22
43,51,2,0,5
43,52,2,0,8
43,53,2,0,23
43,54,2,0,4
43,55,2,0,21
43,56,2,0,1
43,57,2,0,12
43,58,2,3,18
43,59,3,0,8
43,60,3,0,7
43,61,3,0,8
43,62,3,0,24
44,0,3,0,0
44,1,3,0,4
44,2,3,0,14
44,3,3,0,10
44,4,3,0,10
44,5,3,0,14
44,6,2,3,8
44,7,2,3,22
44,8,2,0,9
44,9,2,0,7
44,10,2,0,14
44,11,2,0,16
44,12,2,0,13
44,13,2,0,18
44,14,2,3,0
44,15,3,0,11
44,16,3,0,21
44,17,3,0,24
44,18,3,0,23
44,19,3,0,8
44,20,3,0,5
44,21,3,0,14
44,22,3,0,9
44,23,3,0,8
44,24,3,0,12
44,25,3,0,1
44,26,3,0,16
44,27,2,3,24
44,28,2,0,14
44,29,2,0,17
44,30,2,0,8
44,31,2,0,24
44,32,2,0,15
44,33,2,0,5
44,34,2,0,2
44,35,2,3,18
44,36,3,0,11
44,37,3,0,23
44,38,3,0,15
44,39,2,3,21
44,40,2,0,8
44,41,2,0,2
44,42,2,0,14
44,43,2,0,23
44,44,2,0,3
44,45,2,0,18
44,46,2,0,6
44,47,2,3,0
44,48,3,0,2
44,49,3,0,14
44,50,2,3,24
44,51,2,0,24
44,52,2,0,19
44,53,2,0,16
44,54,2,0,16
44,55,2,0,18
44,56,2,0,13
44,57,2,3,0
44,58,3,0,1
44,59,3,0,19
44,60,3,0,2
44,61,3,0,15
44,62,3,0,20
45,0,3,0,15
45,1,3,0,4
45,2,3,0,2
45,3,3,0,1
45,4,3,0,3
45,5,3,0,0
45,6,3,0,10
45,7,2,3,21
45,8,2,0,6
45,9,2,0,20
45,10,2,0,15
45,11,2,0,20
45,12,2,0,15
45,13,2,0,9
45,14,2,3,18
45,15,3,0,12
45,16,3,0,6
45,17,3,0,14
45,18,3,0,21
45,19,3,0,16
45,20,3,0,6
45,21,3,0,23
45,22,3,0,12
45,23,3,0,1
45,24,3,0,13
45,25,2,3,16
45,26,2,3,19
45,27,2,0,11
45,28,2,0,6
45,29,2,0,15
45,30,2,0,13
45,31,2,0,20
45,32,2,0,20
45,33,2,0,1
45,34,2,3,0
45,35,3,0,5
45,36,3,0,4
45,37,3,0,9
45,38,3,0,5
45,39,2,3,24
45,40,2,0,20
45,41,2,0,4
45,42,2,0,7
45,43,2,0,12
45,44,2,0,22
45,45,2,0,12
45,46,2,0,8
45,47,2,3,18
45,48,3,0,16
45,49,2,3,6
45,50,2,0,1
45,51,2,0,13
45,52,2,0,11
45,53,2,0,20
45,54,2,0,2
45,55,2,0,0
45,56,2,0,23
45,57,2,3,17
45,58,3,0,23
45,59,3,0,24
45,60,3,0,9
45,61,3,0,5
45,62,3,0,23
46,0,3,0,19
46,1,3,0,8
46,2,3,0,8
46,3,3,0,21
46,4,3,0,16
46,5,3,0,3
46,6,3,0,22
46,7,2,3,21
46,8,2,0,7
46,9,2,0,12
46,10,2,0,14
46,11,2,0,14
46,12,2,0,3
46,13,2,3,10
46,14,3,0,13
46,15,3,0,9
46,16,3,0,24
46,17,3,0,6
46,18,3,0,6
46,19,3,0,18
46,20,3,0,3
46,21,3,0,13
46,22,3,0,16
46,23,3,0,1
46,24,2,3,19
46,25,2,3,4
46,26,2,0,12
46,27,2,0,3
46,28,2,0,7
46,29,2,0,24
46,30,2,0,3
46,31,2,0,19
46,32,2,0,18
46,33,2,0,16
46,34,2,3,3
46,35,2,3,16
46,36,3,0,16
46,37,3,0,10
46,38,2,3,19
46,39,2,0,7
46,40,2,0,12
46,41,2,0,0
46,42,2,0,6
46,43,2,0,17
46,44,2,0,17
46,45,2,0,11
46,46,2,3,0
46,47,3,0,0
46,48,3,0,3
46,49,2,3,24
46,50,2,0,0
46,51,2,0,16
46,52,2,0,17
46,53,2,0,19
46,54,2,0,16
46,55,2,0,16
46,56,2,0,24
46,57,2,3,1
46,58,3,0,17
46,59,3,0,9
46,60,3,0,9
46,61,3,0,20
46,62,3,0,10
47,0,3,0,18
47,1,3,0,3
47,2,3,0,18
47,3,3,0,1
47,4,3,0,9
47,5,3,0,16
47,6,3,0,15
47,7,2,3,21
47,8,2,3,20
47,9,2,3,20
47,10,2,3,20
47,11,2,3,20
47,12,2,3,5
47,13,3,0,19
47,14,3,0,9
47,15,3,0,13
47,16,3,0,2
47,17,3,0,22
47,18,3,0,1
47,19,3,0,6
47,20,3,0,24
47,21,3,0,3
47,22,3,0,17
47,23,2,3,9
47,24,2,0,1
47,25,2,0,10
47,26,2,0,11
47,27,2,0,18
47,28,2,0,22
47,29,2,0,10
47,30,2,0,5
47,31,2,0,9
47,32,2,0,18
47,33,2,0,3
47,34,2,3,4
47,35,2,3,3
47,36,2,3,16
47,37,2,3,11
47,38,2,0,16
47,39,2,0,21
47,40,2,0,15
47,41,2,0,4
47,42,2,0,4
47,43,2,0,4
47,44,2,0,17
47,45,2,0,22
47,46,2,3,2
47,47,3,0,18
47,48,2,3,6
47,49,2,0,1
47,50,2,3,20
47,51,2,3,20
47,52,2,0,8
47,53,2,0,8
47,54,2,0,6
47,55,2,0,19
47,56,2,0,12
47,57,2,3,17
47,58,3,0,15
47,59,3,0,14
47,60,3,0,21
47,61,3,0,3
47,62,3,0,0
48,0,3,0,5
48,1,3,0,22
48,2,3,0,12
48,3,3,0,16
48,4,3,0,13
48,5,3,0,1
48,6,3,0,6
48,7,2,3,8
48,8,2,3,8
48,9,2,3,8
48,10,2,3,8
48,11,2,3,8
48,12,3,0,1
48,13,3,0,7
48,14,3,0,14
48,15,3,0,22
48,16,3,0,9
48,17,3,0,6
48,18,3,0,15
48,19,3,0,10
48,20,3,0,6
48,21,3,0,12
48,22,2,3,14
48,23,2,0,14
48,24,2,0,2
48,25,2,0,4
48,26,2,0,5
48,27,2,0,19
48,28,2,0,10
48,29,2,0,3
48,30,2,0,9
48,31,2,0,5
48,32,2,0,22
48,33,2,0,21
48,34,2,0,3
48,35,2,3,4
48,36,2,3,4
48,37,2,0,23
48,38,2,3,20
48,39,2,3,20
48,40,2,3,20
48,41,2,0,11
48,42,2,0,6
48,43,2,0,17
48,44,2,0,19
48,45,2,0,17
48,46,2,3,18
48,47,3,0,12
48,48,2,3,21
48,49,2,3,10
48,50,2,3,8
48,51,2,3,21
48,52,2,0,21
48,53,2,0,19
48,54,2,0,22
48,55,2,0,0
48,56,2,0,3
48,57,2,3,17
48,58,3,0,4
48,59,3,0,13
48,60,3,0,24
48,61,3,0,1
48,62,3,0,0
49,0,3,0,9
49,1,3,0,7
49,2,3,0,14
49,3,3,0,7
49,4,3,0,20
49,5,3,0,8
49,6,3,0,12
49,7,3,0,18
49,8,3,0,12
49,9,3,0,6
49,10,3,0,19
49,11,3,0,5
49,12,3,0,6
49,13,3,0,8
49,14,3,0,6
49,15,3,0,12
49,16,3,0,10
49,17,3,0,13
49,18,3,0,9
49,19,3,0,23
49,20,3,0,13
49,21,2,3,6
49,22,2,0,11
49,23,2,0,8
49,24,2,0,11
49,25,2,0,0
49,26,2,0,5
49,27,2,0,0
49,28,2,0,16
49,29,2,0,0
49,30,2,0,13
49,31,2,0,22
49,32,2,0,7
49,33,2,0,23
49,34,2,0,7
49,35,2,0,0
49,36,2,0,5
49,37,2,3,15
49,38,2,3,8
49,39,2,3,8
49,40,2,3,22
49,41,2,0,6
49,42,2,0,23
49,43,2,0,18
49,44,2,0,5
49,45,2,3,0
49,46,3,0,23
49,47,3,0,24
49,48,2,3,8
49,49,3,0,18
49,50,3,0,4
49,51,2,3,24
49,52,2,0,6
49,53,2,0,16
49,54,2,0,11
49,55,2,0,10
49,56,2,0,3
49,57,2,3,1
49,58,3,0,12
49,59,3,0,20
49,60,3,0,16
49,61,3,0,14
49,62,3,0,7
50,0,3,0,20
50,1,3,0,17
50,2,3,0,20
50,3,3,0,22
50,4,3,0,22
50,5,3,0,19
50,6,3,0,11
50,7,3,0,9
50,8,3,0,15
50,9,3,0,13
50,10,3,0,0
50,11,3,0,6
50,12,3,0,4
50,13,3,0,18
50,14,3,0,1
50,15,3,0,15
50,16,3,0,8
50,17,3,0,12
50,18,3,0,22
50,19,3,0,21
50,20,3,0,17
50,21,2,3,24
50,22,2,0,23
50,23,2,0,8
50,24,2,0,13
50,25,2,0,19
50,26,2,0,24
50,27,2,0,20
50,28,2,0,14
50,29,2,0,9
50,30,2,0,0
50,31,2,0,24
50,32,2,0,13
50,33,2,0,22
50,34,2,0,12
50,35,2,0,12
50,36,2,3,5
50,37,3,0,9
50,38,3,0,7
50,39,3,0,14
50,40,2,3,21
50,41,2,0,1
50,42,2,0,17
50,43,2,0,5
50,44,2,0,21
50,45,2,3,18
50,46,3,0,12
50,47,3,0,16
50,48,3,0,14
50,49,3,0,16
50,50,2,3,6
50,51,2,0,19
50,52,2,0,9
50,53,2,0,9
50,54,2,0,21
50,55,2,0,14
50,56,2,0,20
50,57,2,3,17
50,58,3,0,9
50,59,3,0,21
50,60,3,0,0
50,61,3,0,4
50,62,3,0,8
51,0,3,0,14
51,1,3,0,21
51,2,3,0,10
51,3,3,0,7
51,4,3,0,21
51,5,3,0,18
51,6,3,0,15
51,7,3,0,15
51,8,3,0,11
51,9,3,0,7
51,10,3,0,9
51,11,3,0,10
51,12,3,0,21
51,13,3,0,22
51,14,3,0,22
51,15,3,0,8
51,16,3,0,6
51,17,3,0,24
51,18,3,0,13
51,19,2,3,16
51,20,2,3,14
51,21,2,0,18
51,22,2,0,21
51,23,2,0,1
51,24,2,0,1
51,25,2,0,3
51,26,2,0,16
51,27,2,0,9
51,28,2,0,5
51,29,2,0,1
51,30,2,0,22
51,31,2,0,5
51,32,2,0,19
51,33,2,0,1
51,34,2,0,22
51,35,2,3,0
51,36,3,0,3
51,37,3,0,3
51,38,3,0,12
51,39,3,0,4
51,40,2,3,22
51,41,2,3,20
51,42,2,3,20
51,43,2,0,1
51,44,2,3,0
51,45,3,0,20
51,46,3,0,19
51,47,3,0,17
51,48,3,0,5
51,49,3,0,13
51,50,2,3,21
51,51,2,0,8
51,52,2,0,8
51,53,2,0,6
51,54,2,0,12
51,55,2,0,11
51,56,2,0,8
51,57,2,3,2
51,58,2,3,16
51,59,3,0,17
51,60,3,0,23
51,61,3,0,3
51,62,3,0,20
52,0,3,0,5
52,1,3,0,9
52,2,3,0,19
52,3,3,0,5
52,4,3,0,8
52,5,3,0,8
52,6,3,0,16
52,7,3,0,1
52,8,3,0,21
52,9,3,0,17
52,10,3,0,8
52,11,3,0,6
52,12,3,0,20
52,13,3,0,8
52,14,3,0,20
52,15,3,0,6
52,16,3,0,0
52,17,3,0,16
52,18,2,3,11
52,19,2,3,4
52,20,2,0,12
52,21,2,0,1
52,22,2,0,21
52,23,2,3,20
52,24,2,3,20
52,25,2,3,20
52,26,2,0,19
52,27,2,0,16
52,28,2,0,19
52,29,2,0,3
52,30,2,0,8
52,31,2,0,12
52,32,2,0,11
52,33,2,0,12
52,34,2,0,0
52,35,2,3,18
52,36,3,0,5
52,37,3,0,12
52,38,3,0,18
52,39,3,0,0
52,40,2,3,8
52,41,2,3,8
52,42,2,3,7
52,43,2,0,23
52,44,2,3,3
52,45,3,0,15
52,46,3,0,9
52,47,3,0,11
52,48,3,0,13
52,49,3,0,5
52,50,2,3,23
52,51,2,0,22
52,52,2,0,9
52,53,2,0,0
52,54,2,0,17
52,55,2,0,10
52,56,2,0,3
52,57,2,3,4
52,58,2,3,3
52,59,3,0,1
52,60,3,0,15
52,61,3,0,8
52,62,3,0,10
53,0,3,0,22
53,1,3,0,16
53,2,3,0,11
53,3,3,0,2
53,4,3,0,13
53,5,3,0,24
53,6,3,0,23
53,7,3,0,13
53,8,3,0,6
53,9,3,0,7
53,10,3,0,10
53,11,3,0,15
53,12,3,0,24
53,13,3,0,2
53,14,3,0,1
53,15,3,0,19
53,16,3,0,6
53,17,2,3,19
53,18,2,0,21
53,19,2,0,2
53,20,2,0,1
53,21,2,0,6
53,22,2,3,15
53,23,2,3,8
53,24,2,3,8
53,25,2,3,7
53,26,2,0,6
53,27,2,0,1
53,28,2,0,19
53,29,2,0,3
53,30,2,0,14
53,31,2,0,14
53,32,2,0,7
53,33,2,0,3
53,34,2,3,0
53,35,3,0,9
53,36,3,0,13
53,37,3,0,12
53,38,3,0,24
53,39,3,0,8
53,40,3,0,22
53,41,3,0,12
53,42,2,3,24
53,43,2,0,2
53,44,2,3,1
53,45,3,0,24
53,46,2,3,16
53,47,2,3,16
53,48,2,3,16
53,49,3,0,7
53,50,2,3,22
53,51,2,0,3
53,52,2,0,4
53,53,2,0,23
53,54,2,0,23
53,55,2,0,23
53,56,2,0,23
53,57,2,0,23
53,58,2,3,17
53,59,3,0,17
53,60,3,0,8
53,61,3,0,4
53,62,3,0,13
54,0,3,0,8
54,1,3,0,4
54,2,3,0,19
54,3,3,0,8
54,4,3,0,23
54,5,3,0,16
54,6,3,0,3
54,7,3,0,3
54,8,3,0,13
54,9,3,0,24
54,10,3,0,3
54,11,3,0,22
54,12,3,0,13
54,13,3,0,5
54,14,3,0,2
54,15,3,0,10
54,16,2,3,6
54,17,2,0,24
54,18,2,0,7
54,19,2,0,22
54,20,2,0,15
54,21,2,3,0
54,22,3,0,20
54,23,3,0,1
54,24,3,0,12
54,25,2,3,22
54,26,2,0,16
54,27,2,0,22
54,28,2,0,0
54,29,2,0,16
54,30,2,3,20
54,31,2,0,9
54,32,2,0,10
54,33,2,0,23
54,34,2,3,1
54,35,2,3,16
54,36,3,0,17
54,37,3,0,1
54,38,3,0,5
54,39,3,0,13
54,40,3,0,9
54,41,2,3,6
54,42,2,0,16
54,43,2,0,23
54,44,2,3,3
54,45,2,3,11
54,46,2,3,4
54,47,2,3,4
54,48,2,3,3
54,49,3,0,1
54,50,2,3,7
54,51,2,0,0
54,52,2,0,10
54,53,2,0,13
54,54,2,0,19
54,55,2,0,8
54,56,2,0,2
54,57,2,0,20
54,58,2,3,17
54,59,2,3,16
54,60,3,0,13
54,61,3,0,4
54,62,3,0,11
55,0,3,0,21
55,1,3,0,7
55,2,3,0,18
55,3,3,0,20
55,4,3,0,19
55,5,3,0,10
55,6,3,0,9
55,7,3,0,11
55,8,3,0,11
55,9,3,0,3
55,10,3,0,4
55,11,3,0,9
55,12,3,0,7
55,13,3,0,20
55,14,3,0,4
55,15,3,0,6
55,16,2,3,24
55,17,2,0,22
55,18,2,0,15
55,19,2,0,4
55,20,2,0,6
55,21,2,3,3
55,22,3,0,8
55,23,3,0,12
55,24,3,0,4
55,25,2,3,24
55,26,2,0,13
55,27,2,0,6
55,28,2,0,5
55,29,2,3,13
55,30,2,3,23
55,31,2,3,20
55,32,2,0,21
55,33,2,0,2
55,34,2,3,4
55,35,2,3,2
55,36,3,0,20
55,37,3,0,2
55,38,3,0,1
55,39,3,0,3
55,40,3,0,8
55,41,2,3,21
55,42,2,0,11
55,43,2,0,2
55,44,2,0,20
55,45,2,0,2
55,46,2,0,5
55,47,2,0,1
55,48,2,3,3
55,49,3,0,14
55,50,2,3,22
55,51,2,3,20
55,52,2,0,18
55,53,2,0,10
55,54,2,0,16
55,55,2,0,19
55,56,2,0,12
55,57,2,0,18
55,58,2,3,4
55,59,2,3,3
55,60,3,0,7
55,61,3,0,22
55,62,3,0,21
56,0,3,0,9
56,1,3,0,21
56,2,3,0,22
56,3,3,0,21
56,4,3,0,6
56,5,3,0,2
56,6,3,0,7
56,7,3,0,10
56,8,3,0,12
56,9,3,0,20
56,10,3,0,24
56,11,3,0,22
56,12,3,0,17
56,13,3,0,15
56,14,3,0,11
56,15,2,3,19
56,16,2,0,19
56,17,2,0,7
56,18,2,0,7
56,19,2,0,10
56,20,2,0,3
56,21,2,3,18
56,22,3,0,6
56,23,3,0,15
56,24,2,3,6
56,25,2,0,18
56,26,2,0,3
56,27,2,0,21
56,28,2,3,0
56,29,3,0,18
56,30,2,3,8
56,31,2,3,23
56,32,2,0,8
56,33,2,0,20
56,34,2,0,18
56,35,2,3,3
56,36,2,3,16
56,37,3,0,10
56,38,3,0,1
56,39,3,0,7
56,40,3,0,17
56,41,2,3,24
56,42,2,0,6
56,43,2,0,8
56,44,2,0,12
56,45,2,0,6
56,46,2,0,24
56,47,2,0,10
56,48,2,3,18
56,49,3,0,1
56,50,2,3,8
56,51,2,3,7
56,52,2,0,18
56,53,2,0,24
56,54,2,0,5
56,55,2,0,21
56,56,2,0,7
56,57,2,0,3
56,58,2,0,9
56,59,2,3,1
56,60,3,0,3
56,61,3,0,9
56,62,3,0,4
57,0,3,0,18
57,1,3,0,14
57,2,3,0,10
57,3,3,0,11
57,4,3,0,7
57,5,3,0,10
57,6,3,0,10
57,7,3,0,0
57,8,3,0,23
57,9,3,0,15
57,10,3,0,12
57,11,3,0,14
57,12,3,0,19
57,13,3,0,1
57,14,2,3,6
57,15,2,0,17
57,16,2,0,0
57,17,2,0,7
57,18,2,0,15
57,19,2,0,12
57,20,2,3,0
57,21,3,0,4
57,22,3,0,12
57,23,3,0,16
57,24,2,3,22
57,25,2,0,0
57,26,2,0,2
57,27,2,0,6
57,28,2,3,17
57,29,3,0,18
57,30,3,0,4
57,31,2,3,24
57,32,2,0,20
57,33,2,0,5
57,34,2,0,12
57,35,2,3,4
57,36,2,3,2
57,37,3,0,11
57,38,3,0,11
57,39,3,0,20
57,40,2,3,6
57,41,2,0,13
57,42,2,0,8
57,43,2,0,2
57,44,2,0,20
57,45,2,0,1
57,46,2,0,10
57,47,2,3,0
57,48,3,0,10
57,49,3,0,14
57,50,3,0,6
57,51,2,3,22
57,52,2,0,8
57,53,2,0,18
57,54,2,0,11
57,55,2,0,17
57,56,2,0,20
57,57,2,0,12
57,58,2,0,2
57,59,2,3,3
57,60,3,0,15
57,61,3,0,24
57,62,3,0,22
58,0,3,0,3
58,1,3,0,2
58,2,3,0,20
58,3,3,0,1
58,4,3,0,1
58,5,3,0,1
58,6,3,0,11
58,7,3,0,14
58,8,3,0,16
58,9,3,0,18
58,10,3,0,6
58,11,3,0,18
58,12,3,0,10
58,13,3,0,11
58,14,2,3,24
58,15,2,0,19
58,16,2,0,11
58,17,2,0,10
58,18,2,0,18
58,19,2,0,13
58,20,2,3,18
58,21,3,0,7
58,22,3,0,19
58,23,3,0,3
58,24,2,3,24
58,25,2,0,14
58,26,2,0,1
58,27,2,0,24
58,28,2,3,17
58,29,3,0,17
58,30,2,3,6
58,31,2,0,5
58,32,2,0,10
58,33,2,0,13
58,34,2,0,23
58,35,2,0,1
58,36,2,3,2
58,37,3,0,8
58,38,3,0,11
58,39,3,0,11
58,40,2,3,21
58,41,2,0,10
58,42,2,0,15
58,43,2,0,22
58,44,2,0,14
58,45,2,0,10
58,46,2,0,22
58,47,2,3,2
58,48,3,0,5
58,49,3,0,17
58,50,3,0,14
58,51,2,3,24
58,52,2,0,17
58,53,2,0,19
58,54,2,0,18
58,55,2,0,8
58,56,2,0,12
58,57,2,0,22
58,58,2,0,5
58,59,2,3,2
58,60,3,0,11
58,61,3,0,23
58,62,3,0,11
59,0,3,0,10
59,1,3,0,4
59,2,3,0,11
59,3,3,0,15
59,4,3,0,21
59,5,3,0,17
59,6,3,0,20
59,7,3,0,8
59,8,3,0,4
59,9,3,0,14
59,10,3,0,13
59,11,3,0,20
59,12,3,0,22
59,13,2,3,19
59,14,2,0,18
59,15,2,0,2
59,16,2,0,11
59,17,2,0,16
59,18,2,0,6
59,19,2,3,10
59,20,3,0,16
59,21,3,0,6
59,22,3,0,12
59,23,2,3,19
59,24,2,0,21
59,25,2,0,10
59,26,2,0,11
59,27,2,0,2
59,28,2,3,18
59,29,3,0,4
59,30,2,3,7
59,31,2,0,15
59,32,2,0,13
59,33,2,0,0
59,34,2,0,11
59,35,2,0,0
59,36,2,3,18
59,37,3,0,8
59,38,3,0,10
59,39,3,0,20
59,40,2,3,24
59,41,2,0,23
59,42,2,0,15
59,43,2,3,20
59,44,2,3,20
59,45,2,0,3
59,46,2,0,24
59,47,2,3,2
59,48,3,0,0
59,49,3,0,17
59,50,2,3,14
59,51,2,0,8
59,52,2,0,11
59,53,2,0,3
59,54,2,0,19
59,55,2,0,17
59,56,2,0,10
59,57,2,0,16
59,58,2,0,12
59,59,2,3,3
59,60,3,0,16
59,61,3,0,10
59,62,3,0,24
60,0,3,0,7
60,1,3,0,13
60,2,3,0,9
60,3,3,0,9
60,4,3,0,12
60,5,3,0,17
60,6,3,0,1
60,7,3,0,7
60,8,3,0,8
60,9,3,0,7
60,10,3,0,13
60,11,3,0,21
60,12,2,3,19
60,13,2,0,22
60,14,2,0,13
60,15,2,0,5
60,16,2,0,2
60,17,2,0,5
60,18,2,3,0
60,19,3,0,2
60,20,3,0,24
60,21,2,3,16
60,22,2,3,14
60,23,2,0,10
60,24,2,3,20
60,25,2,3,20
60,26,2,0,6
60,27,2,3,0
60,28,3,0,13
60,29,3,0,10
60,30,2,3,24
60,31,2,0,24
60,32,2,0,4
60,33,2,0,24
60,34,2,0,18
60,35,2,3,0
60,36,3,0,8
60,37,3,0,17
60,38,3,0,11
60,39,2,3,6
60,40,2,0,20
60,41,2,0,24
60,42,2,3,13
60,43,2,3,8
60,44,2,3,22
60,45,2,0,8
60,46,2,0,7
60,47,2,3,3
60,48,2,3,16
60,49,2,3,14
60,50,2,0,0
60,51,2,3,20
60,52,2,3,20
60,53,2,0,3
60,54,2,0,9
60,55,2,0,4
60,56,2,0,3
60,57,2,0,7
60,58,2,0,16
60,59,2,3,2
60,60,3,0,10
60,61,3,0,22
60,62,3,0,1
61,0,3,0,9
61,1,3,0,16
61,2,3,0,5
61,3,3,0,17
61,4,3,0,6
61,5,3,0,2
61,6,3,0,18
61,7,3,0,7
61,8,3,0,0
61,9,3,0,24
61,10,3,0,24
61,11,2,3,6
61,12,2,0,7
61,13,2,0,3
61,14,2,0,7
61,15,2,0,20
61,16,2,0,13
61,17,2,0,10
61,18,2,3,17
61,19,3,0,18
61,20,2,3,14
61,21,2,3,4
61,22,2,0,21
61,23,2,3,13
61,24,2,3,8
61,25,2,3,23
61,26,2,0,6
61,27,2,3,1
61,28,3,0,9
61,29,2,3,6
61,30,2,0,10
61,31,2,0,5
61,32,2,0,18
61,33,2,0,6
61,34,2,0,2
61,35,2,3,17
61,36,2,3,16
61,37,3,0,11
61,38,3,0,10
61,39,2,3,24
61,40,2,0,1
61,41,2,3,15
61,42,3,0,22
61,43,3,0,6
61,44,2,3,23
61,45,2,0,9
61,46,2,0,12
61,47,2,3,4
61,48,2,3,4
61,49,2,0,1
61,50,2,3,13
61,51,2,3,8
61,52,2,3,22
61,53,2,0,22
61,54,2,0,18
61,55,2,0,11
61,56,2,0,1
61,57,2,0,0
61,58,2,0,12
61,59,2,3,1
61,60,3,0,18
61,61,3,0,19
61,62,3,0,19
62,0,3,0,19
62,1,3,0,22
62,2,3,0,2
62,3,3,0,15
62,4,3,0,18
62,5,3,0,1
62,6,3,0,9
62,7,3,0,19
62,8,3,0,9
62,9,3,0,18
62,10,3,0,14
62,11,2,3,24
62,12,2,0,2
62,13,2,0,6
62,14,2,0,17
62,15,2,0,5
62,16,2,0,17
62,17,2,0,12
62,18,2,3,1
62,19,2,3,14
62,20,2,0,24
62,21,2,3,20
62,22,2,3,13
62,23,3,0,5
62,24,3,0,2
62,25,2,3,24
62,26,2,0,19
62,27,2,3,3
62,28,2,3,16
62,29,2,3,24
62,30,2,0,23
62,31,2,0,18
62,32,2,0,19
62,33,2,0,15
62,34,2,0,22
62,35,2,3,4
62,36,2,3,17
62,37,2,3,16
62,38,2,3,14
62,39,2,0,23
62,40,2,3,0
62,41,3,0,10
62,42,3,0,19
62,43,3,0,14
62,44,2,3,7
62,45,2,0,19
62,46,2,0,19
62,47,2,0,13
62,48,2,0,18
62,49,2,3,0
62,50,3,0,4
62,51,3,0,23
62,52,2,3,24
62,53,2,0,17
62,54,2,0,11
62,55,2,0,21
62,56,2,0,8
62,57,2,0,17
62,58,2,0,18
62,59,2,3,18
62,60,3,0,8
62,61,3,0,19
62,62,3,0,3
63,0,3,0,0
63,1,3,0,12
63,2,3,0,20
63,3,3,0,7
63,4,3,0,20
63,5,3,0,7
63,6,3,0,16
63,7,3,0,2
63,8,3,0,18
63,9,3,0,22
63,10,2,3,11
63,11,2,0,20
63,12,2,0,16
63,13,2,0,12
63,14,2,0,9
63,15,2,0,23
63,16,2,0,14
63,17,2,0,14
63,18,2,3,4
63,19,2,0,6
63,20,2,3,10
63,21,2,3,8
63,22,3,0,19
63,23,3,0,10
63,24,2,3,6
63,25,2,0,6
63,26,2,0,6
63,27,2,3,4
63,28,2,3,4
63,29,2,0,4
63,30,2,0,1
63,31,2,0,16
63,32,2,0,16
63,33,2,0,1
63,34,2,0,16
63,35,2,0,22
63,36,2,3,4
63,37,2,3,4
63,38,2,0,16
63,39,2,0,20
63,40,2,3,18
63,41,3,0,24
63,42,3,0,14
63,43,3,0,2
63,44,2,3,7
63,45,2,3,20
63,46,2,0,15
63,47,2,0,9
63,48,2,0,19
63,49,2,3,18
63,50,3,0,13
63,51,2,3,6
63,52,2,0,15
63,53,2,0,22
63,54,2,0,18
63,55,2,0,21
63,56,2,0,20
63,57,2,0,17
63,58,2,3,0
63,59,3,0,0
63,60,3,0,3
63,61,3,0,21
63,62,3,0,13
64,0,3,0,18
64,1,3,0,23
64,2,3,0,3
64,3,3,0,13
64,4,3,0,22
64,5,3,0,18
64,6,3,0,10
64,7,3,0,13
64,8,3,0,23
64,9,2,3,6
64,10,2,0,15
64,11,2,0,1
64,12,2,0,1
64,13,2,0,0
64,14,2,0,13
64,15,2,0,0
64,16,2,0,7
64,17,2,0,22
64,18,2,0,18
64,19,2,3,13
64,20,3,0,5
64,21,3,0,6
64,22,3,0,1
64,23,3,0,18
64,24,2,3,23
64,25,2,0,8
64,26,2,0,3
64,27,2,0,15
64,28,2,0,19
64,29,2,0,18
64,30,2,0,5
64,31,2,0,20
64,32,2,0,15
64,33,2,0,15
64,34,2,0,24
64,35,2,0,1
64,36,2,0,11
64,37,2,0,7
64,38,2,0,14
64,39,2,3,0
64,40,3,0,16
64,41,3,0,22
64,42,3,0,9
64,43,3,0,6
64,44,2,3,8
64,45,2,3,21
64,46,2,0,7
64,47,2,0,14
64,48,2,3,0
64,49,3,0,8
64,50,3,0,9
64,51,2,3,7
64,52,2,0,16
64,53,2,0,19
64,54,2,0,24
64,55,2,0,12
64,56,2,0,22
64,57,2,0,15
64,58,2,3,18
64,59,3,0,9
64,60,3,0,20
64,61,3,0,23
64,62,3,0,18
