0,0,3,0,10
0,1,3,0,18
0,2,3,0,17
0,3,3,0,12
0,4,3,0,6
0,5,3,0,18
0,6,2,3,6
0,7,2,0,11
0,8,2,0,22
0,9,2,0,10
0,10,2,0,20
0,11,2,0,23
0,12,2,0,21
0,13,2,0,15
0,14,2,0,4
0,15,2,0,8
0,16,2,0,13
0,17,2,0,15
0,18,2,3,5
0,19,3,0,9
0,20,3,0,8
0,21,2,3,24
0,22,2,0,7
0,23,2,0,4
0,24,2,0,19
0,25,2,0,2
0,26,2,3,17
0,27,3,0,4
0,28,3,0,20
0,29,2,3,6
0,30,2,0,7
0,31,2,0,8
0,32,2,0,18
0,33,2,0,0
0,34,2,3,18
0,35,3,0,2
0,36,3,0,14
0,37,3,0,23
0,38,3,0,12
0,39,3,0,8
0,40,2,3,8
0,41,2,3,8
0,42,2,3,22
0,43,2,0,5
0,44,2,0,1
0,45,2,3,2
0,46,3,0,22
0,47,2,3,23
0,48,2,0,11
0,49,2,0,15
0,50,2,0,21
0,51,2,0,13
0,52,2,0,12
0,53,2,3,18
0,54,3,0,9
0,55,3,0,19
0,56,3,0,23
0,57,3,0,11
0,58,3,0,12
0,59,3,0,5
0,60,3,0,21
0,61,3,0,3
0,62,3,0,1
0,63,3,0,10
1,0,3,0,1
1,1,3,0,22
1,2,3,0,5
1,3,3,0,16
1,4,3,0,21
1,5,3,0,12
1,6,2,3,24
1,7,2,0,5
1,8,2,0,7
1,9,2,0,19
1,10,2,0,5
1,11,2,0,16
1,12,2,0,23
1,13,2,0,22
1,14,2,0,17
1,15,2,0,8
1,16,2,0,13
1,17,2,3,0
1,18,3,0,0
1,19,2,3,16
1,20,2,3,14
1,21,2,0,11
1,22,2,0,11
1,23,2,0,18
1,24,2,0,22
1,25,2,0,18
1,26,2,3,1
1,27,2,3,16
1,28,3,0,11
1,29,2,3,7
1,30,2,0,13
1,31,2,0,3
1,32,2,0,7
1,33,2,3,15
1,34,3,0,15
1,35,3,0,4
1,36,2,3,16
1,37,2,3,16
1,38,3,0,14
1,39,3,0,0
1,40,3,0,19
1,41,3,0,13
1,42,2,3,24
1,43,2,0,9
1,44,2,0,11
1,45,2,3,18
1,46,3,0,13
1,47,2,3,24
1,48,2,0,2
1,49,2,0,15
1,50,2,0,15
1,51,2,0,20
1,52,2,3,0
1,53,3,0,2
1,54,3,0,17
1,55,3,0,12
1,56,3,0,2
1,57,3,0,17
1,58,3,0,19
1,59,3,0,15
1,60,3,0,19
1,61,3,0,23
1,62,3,0,18
2,0,3,0,12
2,1,3,0,15
2,2,3,0,6
2,3,3,0,13
2,4,3,0,0
2,5,2,3,6
2,6,2,0,16
2,7,2,0,13
2,8,2,0,5
2,9,2,0,16
2,10,2,0,3
2,11,2,0,7
2,12,2,0,12
2,13,2,0,24
2,14,2,0,17
2,15,2,0,20
2,16,2,0,18
2,17,2,3,1
2,18,2,3,11
2,19,2,3,4
2,20,2,0,13
2,21,2,0,1
2,22,2,3,20
2,23,2,3,20
2,24,2,0,12
2,25,2,0,3
2,26,2,3,4
2,27,2,3,18
2,28,3,0,18
2,29,2,3,24
2,30,2,0,20
2,31,2,0,14
2,32,2,3,0
2,33,3,0,5
2,34,2,3,16
2,35,2,3,11
2,36,2,3,4
2,37,2,3,3
2,38,2,3,16
2,39,3,0,6
2,40,3,0,14
2,41,2,3,19
2,42,2,0,10
2,43,2,0,20
2,44,2,3,0
2,45,3,0,23
2,46,2,3,11
2,47,2,0,10
2,48,2,0,13
2,49,2,0,8
2,50,2,0,23
2,51,2,0,6
2,52,2,3,18
2,53,3,0,22
2,54,3,0,6
2,55,3,0,11
2,56,3,0,1
2,57,3,0,20
2,58,3,0,12
2,59,3,0,22
2,60,3,0,5
2,61,3,0,0
2,62,3,0,5
3,0,3,0,18
3,1,3,0,7
3,2,3,0,9
3,3,3,0,22
3,4,3,0,23
3,5,2,3,22
3,6,2,0,17
3,7,2,0,23
3,8,2,0,8
3,9,2,0,14
3,10,2,0,5
3,11,2,0,17
3,12,2,0,6
3,13,2,0,21
3,14,2,0,0
3,15,2,0,7
3,16,2,0,16
3,17,2,3,4
3,18,2,0,8
3,19,2,0,7
3,20,2,0,0
3,21,2,3,10
3,22,2,3,8
3,23,2,3,7
3,24,2,0,5
3,25,2,0,0
3,26,2,3,0
3,27,3,0,24
3,28,2,3,11
3,29,2,0,1
3,30,2,0,9
3,31,2,0,3
3,32,2,3,3
3,33,2,3,14
3,34,2,3,4
3,35,2,0,5
3,36,2,0,14
3,37,2,3,4
3,38,2,3,3
3,39,3,0,10
3,40,2,3,6
3,41,2,0,12
3,42,2,0,4
3,43,2,0,24
3,44,2,3,18
3,45,2,3,6
3,46,2,0,5
3,47,2,0,10
3,48,2,0,17
3,49,2,0,3
3,50,2,0,2
3,51,2,3,0
3,52,3,0,11
3,53,3,0,13
3,54,3,0,0
3,55,3,0,8
3,56,3,0,9
3,57,3,0,21
3,58,3,0,4
3,59,3,0,19
3,60,3,0,6
3,61,3,0,23
3,62,3,0,10
4,0,3,0,3
4,1,3,0,22
4,2,3,0,0
4,3,3,0,6
4,4,3,0,3
4,5,2,3,21
4,6,2,0,20
4,7,2,0,9
4,8,2,0,7
4,9,2,0,6
4,10,2,0,10
4,11,2,0,16
4,12,2,0,4
4,13,2,0,15
4,14,2,0,21
4,15,2,0,18
4,16,2,0,1
4,17,2,0,5
4,18,2,0,16
4,19,2,0,10
4,20,2,3,0
4,21,3,0,19
4,22,3,0,14
4,23,2,3,23
4,24,2,0,1
4,25,2,0,16
4,26,2,3,2
4,27,2,3,14
4,28,2,0,3
4,29,2,0,7
4,30,2,0,20
4,31,2,0,20
4,32,2,3,4
4,33,2,0,13
4,34,2,0,6
4,35,2,0,13
4,36,2,0,22
4,37,2,0,11
4,38,2,3,18
4,39,3,0,2
4,40,2,3,24
4,41,2,0,3
4,42,2,0,20
4,43,2,3,0
4,44,3,0,21
4,45,2,3,24
4,46,2,0,3
4,47,2,0,19
4,48,2,0,18
4,49,2,0,18
4,50,2,0,7
4,51,2,3,18
4,52,3,0,14
4,53,3,0,9
4,54,3,0,10
4,55,3,0,13
4,56,3,0,24
4,57,3,0,2
4,58,3,0,9
4,59,3,0,15
4,60,3,0,0
4,61,3,0,20
4,62,3,0,19
5,0,3,0,16
5,1,3,0,3
5,2,3,0,11
5,3,3,0,20
5,4,3,0,24
5,5,2,3,24
5,6,2,0,18
5,7,2,0,15
5,8,2,0,1
5,9,2,0,9
5,10,2,0,4
5,11,2,0,23
5,12,2,0,6
5,13,2,0,7
5,14,2,0,19
5,15,2,0,24
5,16,2,0,20
5,17,2,0,8
5,18,2,0,6
5,19,2,0,21
5,20,2,3,1
5,21,3,0,14
5,22,3,0,22
5,23,2,3,22
5,24,2,0,5
5,25,2,0,11
5,26,2,3,4
5,27,2,0,10
5,28,2,0,22
5,29,2,0,15
5,30,2,0,24
5,31,2,0,17
5,32,2,0,2
5,33,2,0,5
5,34,2,0,19
5,35,2,0,11
5,36,2,0,7
5,37,2,3,0
5,38,3,0,15
5,39,2,3,6
5,40,2,0,5
5,41,2,0,1
5,42,2,0,22
5,43,2,3,3
5,44,2,3,9
5,45,2,0,10
5,46,2,0,17
5,47,2,0,2
5,48,2,0,20
5,49,2,0,2
5,50,2,3,0
5,51,3,0,19
5,52,3,0,3
5,53,3,0,1
5,54,3,0,10
5,55,3,0,5
5,56,3,0,5
5,57,3,0,22
5,58,3,0,1
5,59,3,0,18
5,60,3,0,6
5,61,3,0,20
5,62,3,0,20
6,0,3,0,3
6,1,3,0,14
6,2,3,0,21
6,3,3,0,5
6,4,2,3,6
6,5,2,0,13
6,6,2,0,20
6,7,2,0,2
6,8,2,0,11
6,9,2,0,22
6,10,2,0,11
6,11,2,0,12
6,12,2,0,8
6,13,2,0,19
6,14,2,0,14
6,15,2,0,17
6,16,2,0,3
6,17,2,0,16
6,18,2,0,0
6,19,2,0,6
6,20,2,3,3
6,21,3,0,15
6,22,3,0,0
6,23,2,3,24
6,24,2,0,8
6,25,2,0,6
6,26,2,0,5
6,27,2,0,18
6,28,2,0,8
6,29,2,0,9
6,30,2,0,10
6,31,2,0,16
6,32,2,0,23
6,33,2,0,12
6,34,2,0,22
6,35,2,0,0
6,36,2,0,0
6,37,2,3,17
6,38,3,0,5
6,39,2,3,23
6,40,2,0,14
6,41,2,0,17
6,42,2,0,6
6,43,2,3,4
6,44,2,0,3
6,45,2,0,11
6,46,2,0,12
6,47,2,0,21
6,48,2,0,11
6,49,2,0,21
6,50,2,3,18
6,51,3,0,20
6,52,3,0,2
6,53,3,0,24
6,54,3,0,21
6,55,3,0,3
6,56,3,0,1
6,57,3,0,17
6,58,3,0,11
6,59,3,0,8
6,60,3,0,17
6,61,3,0,24
6,62,3,0,6
7,0,3,0,17
7,1,3,0,14
7,2,3,0,15
7,3,3,0,4
7,4,2,3,23
7,5,2,0,6
7,6,2,0,23
7,7,2,0,10
7,8,2,0,21
7,9,2,0,1
7,10,2,0,21
7,11,2,0,21
7,12,2,0,20
7,13,2,0,4
7,14,2,0,10
7,15,2,0,23
7,16,2,0,16
7,17,2,0,24
7,18,2,0,18
7,19,2,0,11
7,20,2,3,18
7,21,3,0,12
7,22,2,3,6
7,23,2,0,2
7,24,2,0,14
7,25,2,0,20
7,26,2,0,8
7,27,2,0,18
7,28,2,0,4
7,29,2,0,17
7,30,2,0,20
7,31,2,0,4
7,32,2,0,16
7,33,2,0,10
7,34,2,0,5
7,35,2,0,6
7,36,2,0,22
7,37,2,3,2
7,38,3,0,0
7,39,2,3,24
7,40,2,0,12
7,41,2,0,12
7,42,2,0,1
7,43,2,0,2
7,44,2,0,3
7,45,2,0,6
7,46,2,0,10
7,47,2,0,5
7,48,2,0,11
7,49,2,3,15
7,50,3,0,24
7,51,3,0,8
7,52,3,0,8
7,53,3,0,5
7,54,3,0,10
7,55,3,0,18
7,56,3,0,15
7,57,3,0,11
7,58,3,0,14
7,59,3,0,5
7,60,3,0,0
7,61,3,0,3
7,62,3,0,23
8,0,3,0,7
8,1,3,0,19
8,2,3,0,14
8,3,3,0,17
8,4,2,3,7
8,5,2,0,5
8,6,2,0,2
8,7,2,0,4
8,8,2,0,1
8,9,2,0,23
8,10,2,0,16
8,11,2,0,24
8,12,2,0,3
8,13,2,0,13
8,14,2,0,13
8,15,2,0,8
8,16,2,0,1
8,17,2,0,11
8,18,2,0,0
8,19,2,3,0
8,20,3,0,11
8,21,3,0,7
8,22,2,3,24
8,23,2,0,24
8,24,2,0,12
8,25,2,0,8
8,26,2,0,17
8,27,2,0,9
8,28,2,0,21
8,29,2,0,1
8,30,2,0,19
8,31,2,0,9
8,32,2,0,10
8,33,2,0,11
8,34,2,0,10
8,35,2,0,19
8,36,2,0,17
8,37,2,3,3
8,38,2,3,14
8,39,2,0,9
8,40,2,0,21
8,41,2,0,13
8,42,2,0,3
8,43,2,0,19
8,44,2,0,16
8,45,2,0,1
8,46,2,0,3
8,47,2,0,17
8,48,2,3,13
8,49,3,0,5
8,50,3,0,15
8,51,3,0,14
8,52,3,0,15
8,53,3,0,15
8,54,3,0,18
8,55,3,0,20
8,56,3,0,1
8,57,3,0,14
8,58,3,0,4
8,59,3,0,2
8,60,3,0,19
8,61,3,0,15
8,62,3,0,5
9,0,3,0,4
9,1,3,0,4
9,2,3,0,3
9,3,3,0,0
9,4,2,3,21
9,5,2,0,8
9,6,2,0,22
9,7,2,0,18
9,8,2,0,6
9,9,2,0,13
9,10,2,0,8
9,11,2,0,17
9,12,2,0,16
9,13,2,0,18
9,14,2,0,19
9,15,2,0,13
9,16,2,0,0
9,17,2,3,20
9,18,2,0,3
9,19,2,3,17
9,20,2,3,16
9,21,2,3,9
9,22,2,0,13
9,23,2,0,16
9,24,2,0,5
9,25,2,0,0
9,26,2,0,2
9,27,2,0,5
9,28,2,0,24
9,29,2,0,14
9,30,2,0,17
9,31,2,0,5
9,32,2,0,6
9,33,2,0,6
9,34,2,0,21
9,35,2,0,17
9,36,2,0,2
9,37,2,3,4
9,38,2,0,10
9,39,2,0,15
9,40,2,0,20
9,41,2,0,24
9,42,2,0,12
9,43,2,0,1
9,44,2,0,8
9,45,2,0,1
9,46,2,0,16
9,47,2,3,0
9,48,3,0,1
9,49,3,0,18
9,50,3,0,18
9,51,3,0,9
9,52,3,0,6
9,53,3,0,21
9,54,3,0,10
9,55,3,0,14
9,56,3,0,21
9,57,3,0,10
9,58,3,0,5
9,59,3,0,11
9,60,3,0,5
9,61,3,0,21
9,62,3,0,2
10,0,3,0,19
10,1,3,0,7
10,2,3,0,24
10,3,3,0,4
10,4,2,3,23
10,5,2,0,1
10,6,2,0,11
10,7,2,0,11
10,8,2,0,7
10,9,2,0,23
10,10,2,0,6
10,11,2,0,6
10,12,2,0,8
10,13,2,0,24
10,14,2,3,20
10,15,2,3,20
10,16,2,3,5
10,17,2,3,23
10,18,2,0,24
10,19,2,3,4
10,20,2,3,4
10,21,2,0,6
10,22,2,0,13
10,23,2,3,20
10,24,2,0,12
10,25,2,0,8
10,26,2,0,1
10,27,2,0,4
10,28,2,0,8
10,29,2,0,16
10,30,2,0,1
10,31,2,0,5
10,32,2,0,15
10,33,2,0,6
10,34,2,0,22
10,35,2,0,6
10,36,2,0,5
10,37,2,0,15
10,38,2,0,2
10,39,2,0,11
10,40,2,0,13
10,41,2,0,7
10,42,2,0,19
10,43,2,0,20
10,44,2,0,19
10,45,2,0,10
10,46,2,0,13
10,47,2,3,18
10,48,3,0,12
10,49,3,0,21
10,50,3,0,19
10,51,3,0,24
10,52,3,0,23
10,53,3,0,11
10,54,3,0,7
10,55,3,0,24
10,56,3,0,17
10,57,3,0,11
10,58,3,0,11
10,59,3,0,8
10,60,3,0,19
10,61,3,0,6
10,62,3,0,14
11,0,3,0,5
11,1,3,0,9
11,2,3,0,24
11,3,3,0,14
11,4,2,3,22
11,5,2,0,12
11,6,2,0,24
11,7,2,0,19
11,8,2,0,21
11,9,2,0,2
11,10,2,0,24
11,11,2,0,3
11,12,2,0,0
11,13,2,3,13
11,14,2,3,8
11,15,2,3,8
11,16,3,0,17
11,17,2,3,24
11,18,2,0,8
11,19,2,0,21
11,20,2,0,7
11,21,2,0,12
11,22,2,3,13
11,23,2,3,23
11,24,2,0,5
11,25,2,0,17
11,26,2,0,4
11,27,2,0,21
11,28,2,0,9
11,29,2,0,7
11,30,2,3,20
11,31,2,3,20
11,32,2,0,0
11,33,2,0,16
11,34,2,0,24
11,35,2,0,2
11,36,2,0,1
11,37,2,0,15
11,38,2,0,1
11,39,2,0,13
11,40,2,0,7
11,41,2,0,1
11,42,2,0,2
11,43,2,0,2
11,44,2,0,0
11,45,2,0,0
11,46,2,3,15
11,47,3,0,17
11,48,3,0,1
11,49,3,0,3
11,50,3,0,7
11,51,3,0,18
11,52,3,0,0
11,53,3,0,13
11,54,3,0,14
11,55,3,0,22
11,56,3,0,21
11,57,3,0,3
11,58,3,0,13
11,59,3,0,20
11,60,3,0,14
11,61,3,0,14
11,62,3,0,9
12,0,3,0,14
12,1,3,0,11
12,2,3,0,6
12,3,3,0,24
12,4,2,3,24
12,5,2,0,12
12,6,2,0,20
12,7,2,0,2
12,8,2,0,12
12,9,2,0,9
12,10,2,0,24
12,11,2,0,0
12,12,2,3,10
12,13,3,0,3
12,14,3,0,10
12,15,3,0,10
12,16,2,3,6
12,17,2,0,17
12,18,2,0,1
12,19,2,0,15
12,20,2,0,20
12,21,2,3,13
12,22,3,0,3
12,23,2,3,24
12,24,2,0,12
12,25,2,0,13
12,26,2,0,1
12,27,2,0,22
12,28,2,0,6
12,29,2,3,15
12,30,2,3,8
12,31,2,3,7
12,32,2,0,7
12,33,2,0,18
12,34,2,0,2
12,35,2,0,21
12,36,2,0,12
12,37,2,0,4
12,38,2,0,21
12,39,2,0,13
12,40,2,0,6
12,41,2,0,17
12,42,2,0,22
12,43,2,0,13
12,44,2,0,21
12,45,2,3,15
12,46,3,0,5
12,47,3,0,8
12,48,3,0,19
12,49,3,0,18
12,50,3,0,2
12,51,3,0,3
12,52,3,0,16
12,53,3,0,3
12,54,3,0,19
12,55,3,0,13
12,56,3,0,19
12,57,3,0,9
12,58,3,0,17
12,59,3,0,2
12,60,3,0,12
12,61,3,0,21
12,62,3,0,20
13,0,3,0,2
13,1,3,0,18
13,2,3,0,21
13,3,2,3,6
13,4,2,0,13
13,5,2,0,3
13,6,2,0,19
13,7,2,0,19
13,8,2,0,24
13,9,2,0,17
13,10,2,0,24
13,11,2,3,0
13,12,3,0,13
13,13,3,0,3
13,14,3,0,5
13,15,3,0,22
13,16,2,3,24
13,17,2,0,24
13,18,2,0,8
13,19,2,0,20
13,20,2,3,0
13,21,3,0,24
13,22,2,3,6
13,23,2,0,17
13,24,2,0,21
13,25,2,0,15
13,26,2,0,6
13,27,2,3,20
13,28,2,3,10
13,29,3,0,20
13,30,3,0,21
13,31,2,3,7
13,32,2,0,3
13,33,2,0,0
13,34,2,0,0
13,35,2,0,0
13,36,2,0,9
13,37,2,0,7
13,38,2,0,1
13,39,2,0,17
13,40,2,0,5
13,41,2,0,22
13,42,2,0,1
13,43,2,0,6
13,44,2,3,15
13,45,3,0,19
13,46,3,0,19
13,47,3,0,0
13,48,3,0,23
13,49,3,0,21
13,50,3,0,21
13,51,3,0,23
13,52,3,0,6
13,53,3,0,3
13,54,3,0,13
13,55,3,0,18
13,56,3,0,9
13,57,3,0,8
13,58,3,0,24
13,59,3,0,17
13,60,3,0,6
13,61,3,0,17
13,62,3,0,10
14,0,3,0,19
14,1,3,0,11
14,2,3,0,18
14,3,2,3,22
14,4,2,0,16
14,5,2,0,24
14,6,2,0,6
14,7,2,0,9
14,8,2,0,1
14,9,2,0,24
14,10,2,0,2
14,11,2,3,2
14,12,2,3,16
14,13,2,3,16
14,14,2,3,16
14,15,2,3,9
14,16,2,0,11
14,17,2,3,20
14,18,2,0,20
14,19,2,0,4
14,20,2,3,18
14,21,3,0,2
14,22,2,3,24
14,23,2,0,15
14,24,2,0,11
14,25,2,0,12
14,26,2,3,10
14,27,2,3,8
14,28,3,0,8
14,29,3,0,2
14,30,3,0,9
14,31,2,3,22
14,32,2,0,17
14,33,2,0,16
14,34,2,0,13
14,35,2,0,5
14,36,2,0,16
14,37,2,0,22
14,38,2,0,17
14,39,2,0,4
14,40,2,0,24
14,41,2,0,14
14,42,2,0,15
14,43,2,3,13
14,44,3,0,5
14,45,3,0,11
14,46,3,0,4
14,47,3,0,10
14,48,3,0,19
14,49,3,0,7
14,50,3,0,17
14,51,3,0,12
14,52,3,0,21
14,53,3,0,21
14,54,3,0,6
14,55,3,0,3
14,56,3,0,11
14,57,3,0,4
14,58,3,0,10
14,59,3,0,5
14,60,3,0,0
14,61,3,0,10
14,62,3,0,3
15,0,3,0,20
15,1,3,0,5
15,2,3,0,10
15,3,2,3,7
15,4,2,0,17
15,5,2,0,7
15,6,2,0,2
15,7,2,0,21
15,8,2,0,2
15,9,2,0,15
15,10,2,0,20
15,11,2,3,4
15,12,2,0,4
15,13,2,0,22
15,14,2,3,4
15,15,2,0,6
15,16,2,3,13
15,17,2,3,7
15,18,2,0,9
15,19,2,3,0
15,20,3,0,0
15,21,2,3,6
15,22,2,0,12
15,23,2,0,7
15,24,2,0,19
15,25,2,3,5
15,26,3,0,0
15,27,3,0,10
15,28,2,3,16
15,29,2,3,16
15,30,3,0,2
15,31,2,3,23
15,32,2,0,19
15,33,2,0,8
15,34,2,0,5
15,35,2,0,18
15,36,2,0,5
15,37,2,0,13
15,38,2,0,4
15,39,2,0,23
15,40,2,0,5
15,41,2,0,6
15,42,2,3,0
15,43,3,0,10
15,44,3,0,10
15,45,3,0,14
15,46,3,0,18
15,47,3,0,18
15,48,3,0,11
15,49,3,0,5
15,50,3,0,10
15,51,3,0,18
15,52,3,0,16
15,53,3,0,17
15,54,3,0,5
15,55,3,0,23
15,56,3,0,20
15,57,3,0,0
15,58,3,0,7
15,59,3,0,13
15,60,3,0,8
15,61,3,0,0
15,62,3,0,9
16,0,3,0,14
16,1,3,0,9
16,2,3,0,8
16,3,2,3,7
16,4,2,0,3
16,5,2,0,17
16,6,2,0,24
16,7,2,0,10
16,8,2,0,18
16,9,2,0,19
16,10,2,0,19
16,11,2,0,12
16,12,2,0,17
16,13,2,0,20
16,14,2,0,6
16,15,2,3,5
16,16,3,0,1
16,17,2,3,24
16,18,2,0,3
16,19,2,3,18
16,20,3,0,2
16,21,2,3,24
16,22,2,0,0
16,23,2,0,1
16,24,2,3,0
16,25,3,0,17
16,26,3,0,22
16,27,2,3,9
16,28,2,3,4
16,29,2,3,3
16,30,3,0,12
16,31,2,3,24
16,32,2,0,18
16,33,2,0,0
16,34,2,0,9
16,35,2,0,24
16,36,2,0,13
16,37,2,0,19
16,38,2,0,14
16,39,2,0,0
16,40,2,0,10
16,41,2,0,10
16,42,2,3,18
16,43,3,0,19
16,44,3,0,11
16,45,3,0,12
16,46,3,0,12
16,47,3,0,11
16,48,3,0,20
16,49,3,0,13
16,50,3,0,13
16,51,3,0,23
16,52,3,0,9
16,53,3,0,4
16,54,3,0,13
16,55,3,0,23
16,56,3,0,20
16,57,3,0,0
16,58,3,0,3
16,59,3,0,7
16,60,3,0,14
16,61,3,0,24
16,62,3,0,9
17,0,3,0,2
17,1,3,0,3
17,2,3,0,2
17,3,2,3,7
17,4,2,3,20
17,5,2,0,4
17,6,2,0,23
17,7,2,0,19
17,8,2,0,2
17,9,2,0,21
17,10,2,0,2
17,11,2,0,18
17,12,2,0,20
17,13,2,0,5
17,14,2,3,5
17,15,3,0,23
17,16,2,3,6
17,17,2,0,11
17,18,2,3,0
17,19,3,0,4
17,20,2,3,6
17,21,2,0,10
17,22,2,0,11
17,23,2,0,13
17,24,2,3,18
17,25,3,0,14
17,26,2,3,6
17,27,2,0,8
17,28,2,0,8
17,29,2,3,1
17,30,2,3,19
17,31,2,0,1
17,32,2,0,3
17,33,2,0,9
17,34,2,0,7
17,35,2,0,0
17,36,2,0,12
17,37,2,0,17
17,38,2,0,0
17,39,2,0,11
17,40,2,0,11
17,41,2,3,13
17,42,3,0,13
17,43,3,0,5
17,44,3,0,4
17,45,3,0,21
17,46,3,0,8
17,47,3,0,21
17,48,3,0,12
17,49,3,0,2
17,50,3,0,18
17,51,3,0,15
17,52,3,0,14
17,53,3,0,3
17,54,3,0,15
17,55,3,0,2
17,56,3,0,23
17,57,3,0,14
17,58,3,0,6
17,59,3,0,4
17,60,3,0,11
17,61,3,0,6
17,62,3,0,10
18,0,3,0,8
18,1,3,0,22
18,2,3,0,14
18,3,2,3,8
18,4,2,3,21
18,5,2,0,18
18,6,2,0,0
18,7,2,0,6
18,8,2,0,1
18,9,2,0,2
18,10,2,0,8
18,11,2,0,10
18,12,2,0,24
18,13,2,3,0
18,14,3,0,1
18,15,3,0,11
18,16,2,3,24
18,17,2,0,15
18,18,2,3,1
18,19,3,0,0
18,20,2,3,21
18,21,2,0,0
18,22,2,0,6
18,23,2,3,0
18,24,3,0,6
18,25,3,0,16
18,26,2,3,24
18,27,2,0,9
18,28,2,0,24
18,29,2,3,4
18,30,2,0,15
18,31,2,0,2
18,32,2,0,13
18,33,2,0,6
18,34,2,0,7
18,35,2,0,23
18,36,2,0,3
18,37,2,0,8
18,38,2,0,17
18,39,2,0,3
18,40,2,3,5
18,41,3,0,18
18,42,3,0,3
18,43,3,0,11
18,44,3,0,17
18,45,3,0,4
18,46,3,0,15
18,47,3,0,20
18,48,3,0,5
18,49,3,0,5
18,50,3,0,17
18,51,2,3,16
18,52,2,3,16
18,53,3,0,22
18,54,3,0,4
18,55,3,0,16
18,56,3,0,17
18,57,3,0,9
18,58,3,0,3
18,59,3,0,10
18,60,3,0,3
18,61,3,0,12
18,62,3,0,8
19,0,3,0,11
19,1,3,0,19
19,2,3,0,17
19,3,3,0,3
19,4,2,3,24
19,5,2,0,20
19,6,2,0,21
19,7,2,0,5
19,8,2,0,12
19,9,2,0,20
19,10,2,0,4
19,11,2,0,7
19,12,2,0,5
19,13,2,3,2
19,14,2,3,16
19,15,2,3,19
19,16,2,0,16
19,17,2,0,17
19,18,2,3,3
19,19,3,0,11
19,20,2,3,23
19,21,2,0,22
19,22,2,0,13
19,23,2,3,3
19,24,3,0,13
19,25,2,3,6
19,26,2,0,10
19,27,2,0,13
19,28,2,0,14
19,29,2,0,17
19,30,2,0,13
19,31,2,0,16
19,32,2,0,21
19,33,2,0,17
19,34,2,0,16
19,35,2,0,17
19,36,2,0,24
19,37,2,0,10
19,38,2,3,20
19,39,2,3,5
19,40,3,0,13
19,41,3,0,12
19,42,3,0,20
19,43,3,0,18
19,44,3,0,0
19,45,3,0,10
19,46,3,0,1
19,47,3,0,18
19,48,3,0,8
19,49,3,0,22
19,50,2,3,19
19,51,2,3,4
19,52,2,3,3
19,53,2,3,16
19,54,3,0,18
19,55,3,0,7
19,56,3,0,16
19,57,3,0,18
19,58,3,0,9
19,59,3,0,21
19,60,3,0,13
19,61,3,0,10
19,62,3,0,6
20,0,3,0,2
20,1,3,0,14
20,2,3,0,12
20,3,2,3,6
20,4,2,0,11
20,5,2,0,11
20,6,2,0,2
20,7,2,0,9
20,8,2,0,12
20,9,2,0,17
20,10,2,0,2
20,11,2,0,10
20,12,2,0,6
20,13,2,3,4
20,14,2,3,4
20,15,2,0,20
20,16,2,0,17
20,17,2,0,8
20,18,2,3,18
20,19,3,0,21
20,20,2,3,22
20,21,2,0,24
20,22,2,0,22
20,23,2,3,1
20,24,3,0,23
20,25,2,3,24
20,26,2,0,17
20,27,2,0,4
20,28,2,0,16
20,29,2,0,24
20,30,2,0,15
20,31,2,0,4
20,32,2,0,12
20,33,2,0,5
20,34,2,0,4
20,35,2,0,1
20,36,2,0,24
20,37,2,3,15
20,38,2,3,8
20,39,3,0,22
20,40,3,0,16
20,41,3,0,20
20,42,3,0,21
20,43,3,0,22
20,44,3,0,14
20,45,3,0,19
20,46,3,0,11
20,47,3,0,5
20,48,3,0,15
20,49,2,3,11
20,50,2,0,18
20,51,2,0,14
20,52,2,3,4
20,53,2,3,2
20,54,3,0,5
20,55,3,0,4
20,56,3,0,7
20,57,3,0,23
20,58,3,0,6
20,59,3,0,14
20,60,3,0,8
20,61,3,0,3
20,62,3,0,15
21,0,3,0,4
21,1,3,0,5
21,2,3,0,14
21,3,2,3,24
21,4,2,0,15
21,5,2,0,13
21,6,2,0,20
21,7,2,0,17
21,8,2,0,12
21,9,2,0,1
21,10,2,0,11
21,11,2,0,0
21,12,2,0,10
21,13,2,0,13
21,14,2,0,6
21,15,2,0,16
21,16,2,0,9
21,17,2,3,0
21,18,3,0,7
21,19,3,0,2
21,20,2,3,24
21,21,2,0,11
21,22,2,0,4
21,23,2,3,1
21,24,2,3,14
21,25,2,0,7
21,26,2,0,16
21,27,2,0,18
21,28,2,0,0
21,29,2,0,4
21,30,2,0,8
21,31,2,0,0
21,32,2,0,3
21,33,2,0,9
21,34,2,0,14
21,35,2,0,16
21,36,2,3,0
21,37,3,0,21
21,38,3,0,24
21,39,3,0,23
21,40,3,0,1
21,41,3,0,22
21,42,3,0,22
21,43,3,0,9
21,44,3,0,14
21,45,3,0,5
21,46,3,0,22
21,47,3,0,3
21,48,2,3,19
21,49,2,0,7
21,50,2,0,1
21,51,2,0,9
21,52,2,0,4
21,53,2,3,17
21,54,2,3,16
21,55,3,0,3
21,56,3,0,15
21,57,3,0,2
21,58,3,0,17
21,59,3,0,9
21,60,3,0,10
21,61,3,0,14
21,62,3,0,21
22,0,3,0,2
22,1,3,0,5
22,2,2,3,6
22,3,2,0,22
22,4,2,0,9
22,5,2,0,22
22,6,2,0,18
22,7,2,0,3
22,8,2,0,2
22,9,2,0,11
22,10,2,0,5
22,11,2,0,11
22,12,2,0,7
22,13,2,0,24
22,14,2,0,21
22,15,2,0,9
22,16,2,0,21
22,17,2,3,17
22,18,2,3,16
22,19,2,3,9
22,20,2,0,7
22,21,2,0,0
22,22,2,0,21
22,23,2,3,4
22,24,2,0,3
22,25,2,0,2
22,26,2,0,8
22,27,2,0,3
22,28,2,0,3
22,29,2,0,8
22,30,2,0,15
22,31,2,0,1
22,32,2,0,4
22,33,2,0,16
22,34,2,0,18
22,35,2,0,0
22,36,2,3,18
22,37,3,0,18
22,38,3,0,14
22,39,3,0,2
22,40,3,0,14
22,41,3,0,3
22,42,3,0,4
22,43,3,0,24
22,44,3,0,19
22,45,3,0,11
22,46,3,0,18
22,47,2,3,6
22,48,2,0,21
22,49,2,0,10
22,50,2,0,20
22,51,2,0,16
22,52,2,0,4
22,53,2,3,4
22,54,2,3,2
22,55,3,0,0
22,56,3,0,5
22,57,3,0,24
22,58,3,0,21
22,59,3,0,18
22,60,3,0,9
22,61,3,0,20
22,62,3,0,11
23,0,3,0,10
23,1,3,0,15
23,2,2,3,23
23,3,2,0,9
23,4,2,0,15
23,5,2,3,20
23,6,2,3,20
23,7,2,0,0
23,8,2,0,12
23,9,2,0,6
23,10,2,0,7
23,11,2,0,19
23,12,2,0,1
23,13,2,0,16
23,14,2,3,20
23,15,2,3,20
23,16,2,0,12
23,17,2,3,4
23,18,2,3,4
23,19,2,0,5
23,20,2,0,24
23,21,2,0,15
23,22,2,0,21
23,23,2,0,0
23,24,2,0,13
23,25,2,0,17
23,26,2,0,24
23,27,2,0,8
23,28,2,0,5
23,29,2,0,13
23,30,2,0,12
23,31,2,0,8
23,32,2,0,8
23,33,2,0,14
23,34,2,0,13
23,35,2,3,15
23,36,3,0,8
23,37,3,0,24
23,38,3,0,11
23,39,3,0,19
23,40,3,0,14
23,41,3,0,5
23,42,3,0,14
23,43,3,0,24
23,44,3,0,23
23,45,3,0,18
23,46,3,0,19
23,47,2,3,24
23,48,2,0,17
23,49,2,0,16
23,50,2,0,18
23,51,2,0,21
23,52,2,0,20
23,53,2,0,22
23,54,2,3,2
23,55,3,0,11
23,56,3,0,10
23,57,3,0,3
23,58,3,0,16
23,59,3,0,20
23,60,3,0,18
23,61,3,0,16
23,62,3,0,11
24,0,3,0,19
24,1,3,0,2
24,2,2,3,21
24,3,2,3,20
24,4,2,3,5
24,5,2,3,8
24,6,2,3,22
24,7,2,0,14
24,8,2,0,10
24,9,2,0,11
24,10,2,0,20
24,11,2,0,14
24,12,2,0,7
24,13,2,3,10
24,14,2,3,8
24,15,2,3,21
24,16,2,0,10
24,17,2,0,17
24,18,2,0,0
24,19,2,0,2
24,20,2,0,24
24,21,2,0,9
24,22,2,0,18
24,23,2,0,0
24,24,2,0,4
24,25,2,0,2
24,26,2,0,15
24,27,2,0,3
24,28,2,0,3
24,29,2,0,0
24,30,2,0,17
24,31,2,0,17
24,32,2,0,12
24,33,2,3,20
24,34,2,3,15
24,35,3,0,19
24,36,3,0,9
24,37,3,0,19
24,38,3,0,7
24,39,3,0,9
24,40,3,0,22
24,41,3,0,22
24,42,3,0,15
24,43,3,0,10
24,44,3,0,11
24,45,3,0,1
24,46,2,3,6
24,47,2,3,20
24,48,2,0,3
24,49,2,0,24
24,50,2,0,2
24,51,2,0,23
24,52,2,0,11
24,53,2,0,4
24,54,2,3,2
24,55,3,0,4
24,56,3,0,11
24,57,3,0,17
24,58,3,0,17
24,59,3,0,17
24,60,3,0,21
24,61,3,0,3
24,62,3,0,4
25,0,3,0,3
25,1,3,0,5
25,2,2,3,8
25,3,2,3,8
25,4,3,0,21
25,5,3,0,14
25,6,2,3,23
25,7,2,0,0
25,8,2,0,14
25,9,2,0,4
25,10,2,0,14
25,11,2,0,3
25,12,2,3,13
25,13,3,0,4
25,14,3,0,20
25,15,2,3,24
25,16,2,0,10
25,17,2,0,12
25,18,2,0,11
25,19,2,0,7
25,20,2,0,7
25,21,2,0,4
25,22,2,0,16
25,23,2,0,1
25,24,2,0,0
25,25,2,0,17
25,26,2,0,1
25,27,2,0,17
25,28,2,0,4
25,29,2,0,0
25,30,2,0,19
25,31,2,0,19
25,32,2,3,5
25,33,2,3,8
25,34,3,0,3
25,35,3,0,3
25,36,3,0,13
25,37,3,0,22
25,38,3,0,13
25,39,3,0,11
25,40,3,0,12
25,41,3,0,12
25,42,3,0,24
25,43,3,0,6
25,44,3,0,5
25,45,3,0,20
25,46,2,3,8
25,47,2,3,22
25,48,2,0,24
25,49,2,0,16
25,50,2,0,15
25,51,2,0,13
25,52,2,0,2
25,53,2,0,10
25,54,2,3,17
25,55,3,0,5
25,56,3,0,10
25,57,3,0,22
25,58,3,0,20
25,59,3,0,10
25,60,3,0,6
25,61,3,0,15
25,62,3,0,12
26,0,3,0,16
26,1,3,0,13
26,2,3,0,7
26,3,3,0,14
26,4,3,0,22
26,5,3,0,6
26,6,2,3,21
26,7,2,0,4
26,8,2,0,17
26,9,2,0,3
26,10,2,0,11
26,11,2,3,10
26,12,3,0,4
26,13,3,0,24
26,14,2,3,6
26,15,2,0,8
26,16,2,0,12
26,17,2,0,3
26,18,2,0,21
26,19,2,0,3
26,20,2,0,1
26,21,2,0,12
26,22,2,0,17
26,23,2,0,8
26,24,2,0,12
26,25,2,0,3
26,26,2,0,14
26,27,2,0,14
26,28,2,0,3
26,29,2,0,15
26,30,2,0,19
26,31,2,3,10
26,32,3,0,12
26,33,3,0,11
26,34,3,0,14
26,35,3,0,8
26,36,3,0,12
26,37,3,0,3
26,38,3,0,6
26,39,3,0,24
26,40,3,0,12
26,41,3,0,16
26,42,2,3,16
26,43,2,3,16
26,44,2,3,16
26,45,3,0,17
26,46,3,0,10
26,47,2,3,24
26,48,2,0,10
26,49,2,0,23
26,50,2,0,11
26,51,2,0,23
26,52,2,0,19
26,53,2,0,17
26,54,2,3,2
26,55,2,3,16
26,56,3,0,3
26,57,3,0,1
26,58,3,0,14
26,59,3,0,8
26,60,3,0,17
26,61,3,0,6
26,62,3,0,14
27,0,3,0,15
27,1,3,0,2
27,2,3,0,24
27,3,3,0,8
27,4,3,0,23
27,5,3,0,18
27,6,2,3,24
27,7,2,0,4
27,8,2,0,7
27,9,2,0,15
27,10,2,3,13
27,11,3,0,24
27,12,3,0,21
27,13,3,0,16
27,14,2,3,24
27,15,2,0,21
27,16,2,0,3
27,17,2,0,23
27,18,2,0,12
27,19,2,0,7
27,20,2,0,14
27,21,2,0,8
27,22,2,0,15
27,23,2,0,19
27,24,2,0,8
27,25,2,0,1
27,26,2,0,18
27,27,2,0,23
27,28,2,0,7
27,29,2,0,18
27,30,2,3,0
27,31,3,0,13
27,32,3,0,20
27,33,3,0,24
27,34,3,0,18
27,35,3,0,20
27,36,3,0,6
27,37,3,0,14
27,38,3,0,22
27,39,3,0,9
27,40,3,0,12
27,41,2,3,11
27,42,2,3,4
27,43,2,3,4
27,44,2,3,18
27,45,3,0,20
27,46,2,3,6
27,47,2,0,4
27,48,2,0,22
27,49,2,0,13
27,50,2,0,7
27,51,2,0,11
27,52,2,0,14
27,53,2,0,2
27,54,2,3,4
27,55,2,3,1
27,56,3,0,14
27,57,3,0,18
27,58,3,0,23
27,59,3,0,3
27,60,3,0,19
27,61,3,0,12
27,62,3,0,10
28,0,3,0,15
28,1,3,0,14
28,2,3,0,16
28,3,3,0,23
28,4,3,0,12
28,5,2,3,6
28,6,2,0,12
28,7,2,0,2
28,8,2,0,21
28,9,2,3,0
28,10,3,0,9
28,11,2,3,16
28,12,2,3,16
28,13,2,3,19
28,14,2,0,7
28,15,2,0,15
28,16,2,0,22
28,17,2,0,23
28,18,2,0,15
28,19,2,0,24
28,20,2,0,8
28,21,2,0,9
28,22,2,0,8
28,23,2,0,20
28,24,2,0,10
28,25,2,0,5
28,26,2,0,2
28,27,2,0,23
28,28,2,0,0
28,29,2,0,6
28,30,2,3,18
28,31,3,0,8
28,32,3,0,15
28,33,3,0,7
28,34,3,0,17
28,35,3,0,23
28,36,3,0,19
28,37,3,0,20
28,38,3,0,23
28,39,3,0,14
28,40,2,3,19
28,41,2,0,2
28,42,2,0,5
28,43,2,3,0
28,44,3,0,3
28,45,3,0,20
28,46,2,3,24
28,47,2,0,15
28,48,2,0,2
28,49,2,0,18
28,50,2,0,8
28,51,2,0,0
28,52,2,0,21
28,53,2,0,13
28,54,2,0,4
28,55,2,3,1
28,56,3,0,3
28,57,3,0,15
28,58,3,0,20
28,59,3,0,5
28,60,3,0,10
28,61,3,0,19
28,62,3,0,4
29,0,3,0,24
29,1,3,0,17
29,2,3,0,8
29,3,3,0,23
29,4,3,0,11
29,5,2,3,21
29,6,2,0,17
29,7,2,0,14
29,8,2,0,16
29,9,2,3,17
29,10,2,3,11
29,11,2,3,4
29,12,2,3,4
29,13,2,0,17
29,14,2,0,13
29,15,2,0,0
29,16,2,0,0
29,17,2,0,21
29,18,2,0,19
29,19,2,0,0
29,20,2,0,5
29,21,2,0,0
29,22,2,0,13
29,23,2,0,1
29,24,2,0,15
29,25,2,0,13
29,26,2,0,13
29,27,2,0,22
29,28,2,0,14
29,29,2,3,5
29,30,3,0,24
29,31,3,0,22
29,32,3,0,15
29,33,3,0,23
29,34,3,0,5
29,35,3,0,2
29,36,3,0,6
29,37,3,0,0
29,38,3,0,24
29,39,2,3,6
29,40,2,0,16
29,41,2,0,17
29,42,2,0,6
29,43,2,3,2
29,44,2,3,16
29,45,2,3,19
29,46,2,0,3
29,47,2,0,10
29,48,2,0,20
29,49,2,0,3
29,50,2,0,0
29,51,2,0,7
29,52,2,0,17
29,53,2,0,14
29,54,2,0,14
29,55,2,3,17
29,56,3,0,24
29,57,3,0,13
29,58,3,0,13
29,59,3,0,18
29,60,3,0,16
29,61,3,0,10
29,62,3,0,6
30,0,3,0,8
30,1,3,0,5
30,2,3,0,9
30,3,3,0,14
30,4,3,0,16
30,5,2,3,24
30,6,2,0,0
30,7,2,0,22
30,8,2,0,5
30,9,2,3,4
30,10,2,0,5
30,11,2,0,16
30,12,2,0,21
30,13,2,0,0
30,14,2,0,16
30,15,2,0,6
30,16,2,0,21
30,17,2,0,0
30,18,2,0,16
30,19,2,0,17
30,20,2,0,15
30,21,2,0,16
30,22,2,0,5
30,23,2,0,11
30,24,2,0,1
30,25,2,0,3
30,26,2,0,18
30,27,2,0,7
30,28,2,3,10
30,29,3,0,21
30,30,3,0,1
30,31,3,0,4
30,32,3,0,10
30,33,3,0,5
30,34,3,0,22
30,35,3,0,20
30,36,3,0,10
30,37,3,0,18
30,38,3,0,15
30,39,2,3,24
30,40,2,0,16
30,41,2,0,19
30,42,2,0,22
30,43,2,3,4
30,44,2,3,4
30,45,2,0,13
30,46,2,0,20
30,47,2,0,3
30,48,2,0,19
30,49,2,0,16
30,50,2,0,16
30,51,2,0,10
30,52,2,0,7
30,53,2,0,4
30,54,2,0,0
30,55,2,3,2
30,56,3,0,2
30,57,3,0,20
30,58,3,0,17
30,59,3,0,15
30,60,3,0,18
30,61,3,0,1
30,62,3,0,2
31,0,3,0,14
31,1,3,0,3
31,2,3,0,0
31,3,3,0,4
31,4,2,3,6
31,5,2,0,13
31,6,2,0,5
31,7,2,0,7
31,8,2,0,21
31,9,2,0,23
31,10,2,0,19
31,11,2,0,15
31,12,2,0,2
31,13,2,0,2
31,14,2,0,7
31,15,2,0,9
31,16,2,0,19
31,17,2,0,14
31,18,2,0,9
31,19,2,0,23
31,20,2,0,4
31,21,2,0,5
31,22,2,0,8
31,23,2,0,10
31,24,2,0,21
31,25,2,0,21
31,26,2,3,20
31,27,2,3,10
31,28,3,0,1
31,29,3,0,11
31,30,3,0,15
31,31,3,0,21
31,32,3,0,24
31,33,3,0,12
31,34,3,0,1
31,35,3,0,23
31,36,3,0,23
31,37,3,0,5
31,38,2,3,6
31,39,2,0,0
31,40,2,0,17
31,41,2,0,22
31,42,2,0,11
31,43,2,0,6
31,44,2,0,21
31,45,2,0,16
31,46,2,0,4
31,47,2,0,23
31,48,2,0,24
31,49,2,0,7
31,50,2,0,5
31,51,2,0,4
31,52,2,0,7
31,53,2,0,3
31,54,2,0,22
31,55,2,3,1
31,56,3,0,4
31,57,3,0,15
31,58,3,0,4
31,59,3,0,23
31,60,3,0,24
31,61,3,0,9
31,62,3,0,8
32,0,3,0,12
32,1,3,0,7
32,2,3,0,17
32,3,3,0,11
32,4,2,3,24
32,5,2,0,3
32,6,2,0,6
32,7,2,0,7
32,8,2,0,15
32,9,2,0,9
32,10,2,0,18
32,11,2,0,21
32,12,2,0,15
32,13,2,0,16
32,14,2,0,7
32,15,2,0,2
32,16,2,0,3
32,17,2,0,19
32,18,2,0,20
32,19,2,0,5
32,20,2,0,10
32,21,2,0,20
32,22,2,0,11
32,23,2,0,19
32,24,2,0,12
32,25,2,3,0
32,26,2,3,8
32,27,3,0,14
32,28,3,0,9
32,29,3,0,11
32,30,3,0,3
32,31,3,0,13
32,32,3,0,5
32,33,3,0,14
32,34,3,0,10
32,35,3,0,16
32,36,3,0,0
32,37,3,0,4
32,38,2,3,24
32,39,2,0,2
32,40,2,0,2
32,41,2,0,5
32,42,2,0,3
32,43,2,0,4
32,44,2,0,4
32,45,2,0,14
32,46,2,0,13
32,47,2,0,2
32,48,2,0,13
32,49,2,0,16
32,50,2,0,0
32,51,2,0,23
32,52,2,0,18
32,53,2,0,15
32,54,2,0,0
32,55,2,3,2
32,56,2,3,16
32,57,3,0,22
32,58,3,0,20
32,59,3,0,1
32,60,3,0,6
32,61,3,0,2
32,62,3,0,11
33,0,3,0,0
33,1,3,0,2
33,2,3,0,15
33,3,2,3,6
33,4,2,0,6
33,5,2,0,22
33,6,2,0,21
33,7,2,0,14
33,8,2,0,2
33,9,2,0,1
33,10,2,0,9
33,11,2,0,15
33,12,2,0,21
33,13,2,0,9
33,14,2,0,1
33,15,2,0,14
33,16,2,0,13
33,17,2,0,1
33,18,2,0,19
33,19,2,0,1
33,20,2,0,10
33,21,2,0,0
33,22,2,0,21
33,23,2,0,0
33,24,2,0,17
33,25,2,3,18
33,26,3,0,13
33,27,3,0,4
33,28,3,0,6
33,29,3,0,0
33,30,3,0,24
33,31,3,0,7
33,32,3,0,21
33,33,3,0,17
33,34,3,0,22
33,35,3,0,8
33,36,2,3,16
33,37,2,3,19
33,38,2,0,1
33,39,2,0,19
33,40,2,0,5
33,41,2,0,21
33,42,2,0,13
33,43,2,0,18
33,44,2,0,21
33,45,2,0,8
33,46,2,0,1
33,47,2,0,15
33,48,2,0,6
33,49,2,0,15
33,50,2,0,5
33,51,2,0,4
33,52,2,0,5
33,53,2,0,0
33,54,2,0,6
33,55,2,3,4
33,56,2,3,1
33,57,3,0,5
33,58,3,0,9
33,59,3,0,2
33,60,3,0,9
33,61,3,0,1
33,62,3,0,5
34,0,3,0,4
34,1,3,0,19
34,2,3,0,14
34,3,2,3,7
34,4,2,0,24
34,5,2,0,14
34,6,2,0,2
34,7,2,0,11
34,8,2,0,9
34,9,2,0,16
34,10,2,0,7
34,11,2,0,14
34,12,2,0,11
34,13,2,0,17
34,14,2,0,6
34,15,2,0,4
34,16,2,0,11
34,17,2,0,23
34,18,2,0,13
34,19,2,0,18
34,20,2,0,21
34,21,2,0,6
34,22,2,0,17
34,23,2,0,18
34,24,2,3,13
34,25,3,0,24
34,26,3,0,2
34,27,3,0,15
34,28,3,0,8
34,29,3,0,8
34,30,3,0,3
34,31,3,0,12
34,32,3,0,12
34,33,3,0,19
34,34,3,0,12
34,35,2,3,11
34,36,2,3,4
34,37,2,0,15
34,38,2,0,7
34,39,2,0,24
34,40,2,0,6
34,41,2,0,1
34,42,2,0,16
34,43,2,3,20
34,44,2,0,4
34,45,2,0,21
34,46,2,0,23
34,47,2,0,16
34,48,2,0,20
34,49,2,0,4
34,50,2,0,19
34,51,2,0,7
34,52,2,0,2
34,53,2,0,3
34,54,2,0,10
34,55,2,0,5
34,56,2,3,3
34,57,3,0,0
34,58,3,0,5
34,59,3,0,16
34,60,3,0,14
34,61,3,0,0
34,62,3,0,19
35,0,3,0,2
35,1,3,0,12
35,2,3,0,6
35,3,2,3,21
35,4,2,0,12
35,5,2,0,13
35,6,2,0,0
35,7,2,0,13
35,8,2,0,20
35,9,2,0,2
35,10,2,0,6
35,11,2,0,8
35,12,2,0,2
35,13,2,0,11
35,14,2,0,6
35,15,2,0,21
35,16,2,0,19
35,17,2,0,2
35,18,2,0,8
35,19,2,0,20
35,20,2,0,0
35,21,2,0,23
35,22,2,0,1
35,23,2,3,13
35,24,3,0,23
35,25,3,0,12
35,26,3,0,2
35,27,3,0,23
35,28,3,0,18
35,29,3,0,0
35,30,3,0,2
35,31,3,0,17
35,32,3,0,8
35,33,3,0,21
35,34,2,3,14
35,35,2,0,22
35,36,2,0,21
35,37,2,0,22
35,38,2,0,2
35,39,2,0,3
35,40,2,0,17
35,41,2,0,5
35,42,2,3,5
35,43,2,3,23
35,44,2,0,16
35,45,2,0,19
35,46,2,0,10
35,47,2,0,10
35,48,2,0,21
35,49,2,0,20
35,50,2,0,10
35,51,2,0,1
35,52,2,0,7
35,53,2,0,9
35,54,2,0,22
35,55,2,0,17
35,56,2,3,17
35,57,3,0,21
35,58,3,0,14
35,59,3,0,23
35,60,3,0,13
35,61,3,0,14
35,62,3,0,24
36,0,3,0,24
36,1,3,0,7
36,2,3,0,22
36,3,2,3,23
36,4,2,0,4
36,5,2,0,9
36,6,2,0,8
36,7,2,0,22
36,8,2,0,5
36,9,2,0,12
36,10,2,0,20
36,11,2,0,8
36,12,2,0,13
36,13,2,0,8
36,14,2,0,1
36,15,2,0,8
36,16,2,0,1
36,17,2,0,19
36,18,2,0,18
36,19,2,0,4
36,20,2,0,23
36,21,2,0,4
36,22,2,3,15
36,23,3,0,13
36,24,3,0,16
36,25,3,0,5
36,26,3,0,14
36,27,3,0,5
36,28,3,0,5
36,29,3,0,3
36,30,3,0,2
36,31,3,0,15
36,32,3,0,17
36,33,2,3,9
36,34,2,0,2
36,35,2,0,20
36,36,2,0,23
36,37,2,0,3
36,38,2,0,8
36,39,2,0,15
36,40,2,0,18
36,41,2,3,0
36,42,3,0,5
36,43,2,3,21
36,44,2,0,10
36,45,2,0,0
36,46,2,0,5
36,47,2,3,20
36,48,2,0,15
36,49,2,0,2
36,50,2,0,19
36,51,2,0,20
36,52,2,0,21
36,53,2,0,0
36,54,2,0,11
36,55,2,0,10
36,56,2,3,1
36,57,2,3,16
36,58,3,0,21
36,59,3,0,20
36,60,3,0,22
36,61,3,0,9
36,62,3,0,10
37,0,3,0,19
37,1,3,0,8
37,2,3,0,8
37,3,2,3,21
37,4,2,3,20
37,5,2,0,14
37,6,2,0,24
37,7,2,0,0
37,8,2,0,23
37,9,2,0,18
37,10,2,0,10
37,11,2,0,19
37,12,2,0,0
37,13,2,0,21
37,14,2,0,18
37,15,2,0,19
37,16,2,0,15
37,17,2,0,9
37,18,2,0,20
37,19,2,0,1
37,20,2,0,16
37,21,2,3,13
37,22,3,0,20
37,23,3,0,23
37,24,3,0,13
37,25,3,0,2
37,26,3,0,19
37,27,3,0,2
37,28,3,0,7
37,29,3,0,13
37,30,3,0,18
37,31,3,0,7
37,32,2,3,6
37,33,2,0,12
37,34,2,0,15
37,35,2,0,18
37,36,2,0,16
37,37,2,0,15
37,38,2,0,21
37,39,2,0,13
37,40,2,0,5
37,41,2,3,18
37,42,3,0,8
37,43,2,3,7
37,44,2,0,2
37,45,2,0,1
37,46,2,3,10
37,47,2,3,22
37,48,2,3,20
37,49,2,0,0
37,50,2,0,18
37,51,2,0,5
37,52,2,0,3
37,53,2,0,23
37,54,2,0,8
37,55,2,0,4
37,56,2,3,4
37,57,2,3,17
37,58,3,0,23
37,59,3,0,3
37,60,3,0,21
37,61,3,0,24
37,62,3,0,3
38,0,3,0,12
38,1,3,0,8
38,2,3,0,7
38,3,2,3,8
38,4,2,3,7
38,5,2,3,20
38,6,2,3,20
38,7,2,3,20
38,8,2,0,21
38,9,2,0,12
38,10,2,0,12
38,11,2,0,20
38,12,2,0,1
38,13,2,0,23
38,14,2,0,13
38,15,2,0,10
38,16,2,0,14
38,17,2,0,24
38,18,2,3,20
38,19,2,3,20
38,20,2,3,15
38,21,3,0,19
38,22,3,0,15
38,23,3,0,16
38,24,3,0,7
38,25,3,0,14
38,26,3,0,23
38,27,3,0,0
38,28,3,0,19
38,29,3,0,17
38,30,3,0,0
38,31,3,0,9
38,32,2,3,24
38,33,2,0,6
38,34,2,0,14
38,35,2,0,5
38,36,2,0,21
38,37,2,0,11
38,38,2,0,23
38,39,2,0,9
38,40,2,3,0
38,41,3,0,8
38,42,3,0,11
38,43,2,3,7
38,44,2,3,20
38,45,2,3,13
38,46,3,0,20
38,47,2,3,8
38,48,2,3,22
38,49,2,0,4
38,50,2,0,18
38,51,2,0,20
38,52,2,0,24
38,53,2,0,20
38,54,2,0,11
38,55,2,0,14
38,56,2,0,20
38,57,2,3,3
38,58,3,0,13
38,59,3,0,1
38,60,3,0,16
38,61,3,0,16
38,62,3,0,7
39,0,3,0,20
39,1,3,0,10
39,2,3,0,17
39,3,3,0,15
39,4,2,3,8
39,5,2,3,8
39,6,2,3,8
39,7,2,3,7
39,8,2,0,13
39,9,2,0,24
39,10,2,0,7
39,11,2,0,13
39,12,2,0,2
39,13,2,0,15
39,14,2,0,18
39,15,2,0,4
39,16,2,0,19
39,17,2,3,15
39,18,2,3,8
39,19,2,3,8
39,20,3,0,14
39,21,3,0,1
39,22,3,0,4
39,23,3,0,24
39,24,3,0,14
39,25,3,0,1
39,26,3,0,23
39,27,3,0,16
39,28,3,0,15
39,29,3,0,3
39,30,3,0,20
39,31,2,3,11
39,32,2,0,20
39,33,2,0,20
39,34,2,0,8
39,35,2,0,20
39,36,2,0,11
39,37,2,0,5
39,38,2,0,21
39,39,2,0,6
39,40,2,3,2
39,41,2,3,16
39,42,3,0,21
39,43,2,3,8
39,44,2,3,8
39,45,3,0,19
39,46,3,0,9
39,47,3,0,8
39,48,2,3,7
39,49,2,3,20
39,50,2,0,15
39,51,2,0,10
39,52,2,0,21
39,53,2,0,13
39,54,2,0,14
39,55,2,0,10
39,56,2,0,21
39,57,2,3,1
39,58,3,0,11
39,59,3,0,5
39,60,3,0,12
39,61,3,0,0
39,62,3,0,17
40,0,3,0,24
40,1,3,0,20
40,2,3,0,1
40,3,3,0,17
40,4,3,0,15
40,5,3,0,14
40,6,3,0,3
40,7,2,3,24
40,8,2,0,14
40,9,2,0,1
40,10,2,0,0
40,11,2,0,5
40,12,2,0,10
40,13,2,0,3
40,14,2,0,23
40,15,2,0,5
40,16,2,3,0
40,17,3,0,23
40,18,3,0,18
40,19,3,0,5
40,20,3,0,12
40,21,3,0,13
40,22,3,0,0
40,23,3,0,23
40,24,3,0,19
40,25,3,0,14
40,26,3,0,24
40,27,3,0,13
40,28,3,0,24
40,29,3,0,15
40,30,2,3,11
40,31,2,0,8
40,32,2,0,17
40,33,2,0,16
40,34,2,0,8
40,35,2,0,24
40,36,2,0,18
40,37,2,0,3
40,38,2,0,8
40,39,2,0,1
40,40,2,3,4
40,41,2,3,2
40,42,3,0,20
40,43,3,0,16
40,44,3,0,20
40,45,3,0,2
40,46,3,0,1
40,47,3,0,17
40,48,2,3,8
40,49,2,3,7
40,50,2,0,0
40,51,2,0,15
40,52,2,0,18
40,53,2,0,23
40,54,2,0,22
40,55,2,0,20
40,56,2,0,3
40,57,2,3,2
40,58,3,0,13
40,59,3,0,17
40,60,3,0,8
40,61,3,0,23
40,62,3,0,24
41,0,3,0,11
41,1,3,0,5
41,2,3,0,8
41,3,3,0,6
41,4,3,0,3
41,5,3,0,22
41,6,2,3,6
41,7,2,0,15
41,8,2,0,16
41,9,2,0,9
41,10,2,0,10
41,11,2,0,3
41,12,2,0,4
41,13,2,0,17
41,14,2,0,9
41,15,2,0,3
41,16,2,3,18
41,17,3,0,12
41,18,3,0,19
41,19,3,0,6
41,20,3,0,10
41,21,3,0,4
41,22,3,0,16
41,23,3,0,10
41,24,3,0,13
41,25,3,0,14
41,26,3,0,12
41,27,3,0,21
41,28,3,0,9
41,29,2,3,6
41,30,2,0,23
41,31,2,0,14
41,32,2,0,16
41,33,2,0,4
41,34,2,0,1
41,35,2,0,19
41,36,2,0,20
41,37,2,0,2
41,38,2,0,21
41,39,2,0,1
41,40,2,0,5
41,41,2,3,3
41,42,2,3,16
41,43,3,0,3
41,44,3,0,5
41,45,3,0,14
41,46,3,0,23
41,47,3,0,9
41,48,3,0,21
41,49,2,3,24
41,50,2,0,2
41,51,2,0,10
41,52,2,0,8
41,53,2,0,0
41,54,2,0,21
41,55,2,0,23
41,56,2,0,4
41,57,2,3,1
41,58,3,0,7
41,59,3,0,12
41,60,3,0,7
41,61,3,0,2
41,62,3,0,23
42,0,3,0,21
42,1,3,0,6
42,2,3,0,3
42,3,3,0,16
42,4,3,0,3
42,5,3,0,9
42,6,2,3,24
42,7,2,0,15
42,8,2,0,10
42,9,2,0,17
42,10,2,0,5
42,11,2,0,11
42,12,2,0,6
42,13,2,0,7
42,14,2,0,14
42,15,2,3,0
42,16,3,0,23
42,17,3,0,7
42,18,3,0,17
42,19,3,0,8
42,20,3,0,6
42,21,3,0,20
42,22,3,0,7
42,23,3,0,9
42,24,3,0,6
42,25,3,0,14
42,26,3,0,2
42,27,3,0,16
42,28,3,0,1
42,29,2,3,24
42,30,2,0,19
42,31,2,0,24
42,32,2,0,5
42,33,2,0,18
42,34,2,0,16
42,35,2,0,11
42,36,2,0,10
42,37,2,0,1
42,38,2,0,6
42,39,2,0,0
42,40,2,0,24
42,41,2,3,4
42,42,2,3,17
42,43,3,0,7
42,44,3,0,16
42,45,3,0,22
42,46,3,0,16
42,47,2,3,16
42,48,2,3,11
42,49,2,0,10
42,50,2,0,20
42,51,2,0,6
42,52,2,0,16
42,53,2,0,0
42,54,2,0,5
42,55,2,0,16
42,56,2,0,14
42,57,2,3,18
42,58,3,0,21
42,59,3,0,8
42,60,3,0,10
42,61,3,0,23
42,62,3,0,9
43,0,3,0,13
43,1,3,0,13
43,2,3,0,16
43,3,3,0,16
43,4,3,0,2
43,5,2,3,6
43,6,2,0,13
43,7,2,0,23
43,8,2,0,4
43,9,2,0,21
43,10,2,0,12
43,11,2,0,10
43,12,2,0,2
43,13,2,0,0
43,14,2,0,19
43,15,2,3,18
43,16,3,0,22
43,17,3,0,2
43,18,3,0,21
43,19,3,0,2
43,20,3,0,12
43,21,3,0,17
43,22,3,0,15
43,23,3,0,19
43,24,3,0,21
43,25,3,0,0
43,26,3,0,24
43,27,3,0,19
43,28,2,3,6
43,29,2,0,15
43,30,2,0,3
43,31,2,0,6
43,32,2,0,2
43,33,2,0,17
43,34,2,0,15
43,35,2,0,1
43,36,2,0,18
43,37,2,0,11
43,38,2,0,15
43,39,2,0,0
43,40,2,0,15
43,41,2,0,2
43,42,2,3,3
43,43,2,3,16
43,44,3,0,16
43,45,3,0,16
43,46,2,3,6
43,47,2,3,4
43,48,2,0,14
43,49,2,0,8
43,50,2,0,7
43,51,2,0,13
43,52,2,0,9
43,53,2,0,5
43,54,2,0,15
43,55,2,0,22
43,56,2,3,0
43,57,3,0,18
43,58,3,0,15
43,59,3,0,17
43,60,3,0,15
43,61,3,0,16
43,62,3,0,18
44,0,3,0,21
44,1,3,0,19
44,2,3,0,7
44,3,3,0,3
44,4,3,0,6
44,5,2,3,24
44,6,2,0,19
44,7,2,0,21
44,8,2,0,10
44,9,2,0,22
44,10,2,0,1
44,11,2,0,20
44,12,2,0,19
44,13,2,0,14
44,14,2,3,13
44,15,3,0,14
44,16,3,0,20
44,17,3,0,12
44,18,3,0,12
44,19,3,0,18
44,20,3,0,23
44,21,3,0,21
44,22,3,0,1
44,23,3,0,9
44,24,3,0,22
44,25,3,0,23
44,26,3,0,10
44,27,3,0,16
44,28,2,3,24
44,29,2,0,17
44,30,2,0,1
44,31,2,0,5
44,32,2,0,5
44,33,2,0,21
44,34,2,0,22
44,35,2,0,22
44,36,2,0,0
44,37,2,0,15
44,38,2,0,19
44,39,2,0,19
44,40,2,0,7
44,41,2,0,15
44,42,2,3,4
44,43,2,3,1
44,44,3,0,17
44,45,3,0,5
44,46,2,3,24
44,47,2,0,16
44,48,2,0,5
44,49,2,0,24
44,50,2,0,14
44,51,2,0,0
44,52,2,0,7
44,53,2,0,15
44,54,2,0,5
44,55,2,0,8
44,56,2,3,1
44,57,3,0,18
44,58,3,0,20
44,59,3,0,0
44,60,3,0,8
44,61,3,0,13
44,62,3,0,12
45,0,3,0,12
45,1,3,0,22
45,2,3,0,14
45,3,3,0,1
45,4,2,3,6
45,5,2,0,17
45,6,2,0,21
45,7,2,0,5
45,8,2,0,3
45,9,2,0,22
45,10,2,0,12
45,11,2,0,3
45,12,2,0,5
45,13,2,3,0
45,14,3,0,11
45,15,3,0,2
45,16,3,0,22
45,17,3,0,6
45,18,3,0,15
45,19,3,0,8
45,20,3,0,16
45,21,3,0,20
45,22,3,0,4
45,23,3,0,1
45,24,3,0,2
45,25,3,0,18
45,26,3,0,2
45,27,2,3,6
45,28,2,0,6
45,29,2,0,12
45,30,2,0,3
45,31,2,0,12
45,32,2,0,18
45,33,2,0,16
45,34,2,0,16
45,35,2,0,4
45,36,2,0,14
45,37,2,0,0
45,38,2,0,8
45,39,2,0,2
45,40,2,0,24
45,41,2,0,16
45,42,2,0,21
45,43,2,3,17
45,44,2,3,16
45,45,2,3,9
45,46,2,0,18
45,47,2,3,20
45,48,2,0,22
45,49,2,0,12
45,50,2,3,20
45,51,2,3,20
45,52,2,0,5
45,53,2,0,8
45,54,2,0,7
45,55,2,0,5
45,56,2,3,17
45,57,3,0,12
45,58,3,0,5
45,59,3,0,18
45,60,3,0,15
45,61,3,0,0
45,62,3,0,5
46,0,3,0,5
46,1,3,0,10
46,2,3,0,21
46,3,3,0,13
46,4,2,3,22
46,5,2,0,4
46,6,2,0,13
46,7,2,0,22
46,8,2,0,20
46,9,2,0,5
46,10,2,0,11
46,11,2,0,8
46,12,2,0,10
46,13,2,3,18
46,14,3,0,7
46,15,3,0,14
46,16,3,0,5
46,17,3,0,3
46,18,3,0,5
46,19,3,0,13
46,20,3,0,22
46,21,2,3,16
46,22,2,3,16
46,23,3,0,0
46,24,3,0,14
46,25,3,0,21
46,26,3,0,23
46,27,2,3,21
46,28,2,3,20
46,29,2,3,20
46,30,2,0,21
46,31,2,0,20
46,32,2,0,5
46,33,2,0,1
46,34,2,0,7
46,35,2,0,1
46,36,2,0,15
46,37,2,0,7
46,38,2,0,19
46,39,2,0,13
46,40,2,0,6
46,41,2,0,9
46,42,2,0,4
46,43,2,3,4
46,44,2,3,4
46,45,2,0,21
46,46,2,3,5
46,47,2,3,22
46,48,2,3,20
46,49,2,3,5
46,50,2,3,8
46,51,2,3,23
46,52,2,0,0
46,53,2,0,24
46,54,2,0,11
46,55,2,0,15
46,56,2,3,2
46,57,3,0,6
46,58,3,0,2
46,59,3,0,14
46,60,3,0,11
46,61,3,0,8
46,62,3,0,4
47,0,3,0,20
47,1,3,0,22
47,2,3,0,21
47,3,3,0,2
47,4,2,3,23
47,5,2,3,20
47,6,2,0,16
47,7,2,0,15
47,8,2,3,20
47,9,2,0,0
47,10,2,0,10
47,11,2,0,7
47,12,2,3,15
47,13,3,0,17
47,14,3,0,3
47,15,3,0,4
47,16,3,0,11
47,17,3,0,22
47,18,3,0,3
47,19,3,0,2
47,20,2,3,11
47,21,2,3,4
47,22,2,3,4
47,23,2,3,16
47,24,2,3,16
47,25,2,3,16
47,26,3,0,12
47,27,2,3,8
47,28,2,3,8
47,29,2,3,22
47,30,2,0,16
47,31,2,0,8
47,32,2,0,3
47,33,2,0,17
47,34,2,0,15
47,35,2,0,9
47,36,2,0,19
47,37,2,0,16
47,38,2,0,23
47,39,2,0,13
47,40,2,0,23
47,41,2,0,5
47,42,2,0,1
47,43,2,0,18
47,44,2,0,2
47,45,2,3,0
47,46,3,0,18
47,47,2,3,8
47,48,2,3,8
47,49,3,0,24
47,50,3,0,12
47,51,2,3,24
47,52,2,0,11
47,53,2,0,11
47,54,2,0,12
47,55,2,0,24
47,56,2,3,18
47,57,3,0,21
47,58,3,0,22
47,59,3,0,16
47,60,3,0,0
47,61,3,0,19
47,62,3,0,15
48,0,3,0,14
48,1,3,0,23
48,2,3,0,5
48,3,3,0,5
48,4,2,3,8
48,5,2,3,7
48,6,2,3,20
48,7,2,3,13
48,8,2,3,7
48,9,2,0,1
48,10,2,0,16
48,11,2,3,10
48,12,3,0,16
48,13,3,0,1
48,14,3,0,23
48,15,3,0,14
48,16,3,0,16
48,17,3,0,24
48,18,3,0,7
48,19,2,3,11
48,20,2,0,10
48,21,2,0,8
48,22,2,0,2
48,23,2,3,4
48,24,2,3,4
48,25,2,3,1
48,26,3,0,15
48,27,3,0,8
48,28,3,0,3
48,29,2,3,24
48,30,2,0,22
48,31,2,0,0
48,32,2,0,17
48,33,2,0,20
48,34,2,0,2
48,35,2,0,19
48,36,2,0,2
48,37,2,0,15
48,38,2,0,6
48,39,2,0,15
48,40,2,0,13
48,41,2,0,8
48,42,2,0,2
48,43,2,0,12
48,44,2,0,20
48,45,2,3,2
48,46,3,0,21
48,47,3,0,9
48,48,3,0,9
48,49,3,0,7
48,50,2,3,9
48,51,2,0,19
48,52,2,0,12
48,53,2,0,11
48,54,2,0,9
48,55,2,3,0
48,56,3,0,5
48,57,3,0,5
48,58,3,0,11
48,59,3,0,7
48,60,3,0,5
48,61,3,0,16
48,62,3,0,14
49,0,3,0,8
49,1,3,0,18
49,2,3,0,0
49,3,3,0,23
49,4,3,0,12
49,5,2,3,8
49,6,2,3,8
49,7,3,0,3
49,8,2,3,23
49,9,2,3,20
49,10,2,3,15
49,11,3,0,10
49,12,3,0,24
49,13,3,0,9
49,14,3,0,15
49,15,3,0,20
49,16,3,0,14
49,17,3,0,5
49,18,2,3,19
49,19,2,0,22
49,20,2,0,22
49,21,2,0,9
49,22,2,0,24
49,23,2,0,1
49,24,2,0,9
49,25,2,3,2
49,26,3,0,2
49,27,3,0,16
49,28,2,3,6
49,29,2,0,16
49,30,2,0,17
49,31,2,0,13
49,32,2,0,6
49,33,2,0,14
49,34,2,0,10
49,35,2,0,8
49,36,2,0,6
49,37,2,0,7
49,38,2,0,11
49,39,2,0,11
49,40,2,0,7
49,41,2,0,23
49,42,2,0,4
49,43,2,0,7
49,44,2,0,5
49,45,2,3,2
49,46,3,0,6
49,47,3,0,11
49,48,3,0,23
49,49,2,3,19
49,50,2,0,1
49,51,2,0,22
49,52,2,0,1
49,53,2,0,16
49,54,2,0,2
49,55,2,3,2
49,56,3,0,0
49,57,3,0,15
49,58,3,0,6
49,59,3,0,19
49,60,3,0,0
49,61,3,0,12
49,62,3,0,5
50,0,3,0,9
50,1,3,0,10
50,2,3,0,14
50,3,3,0,17
50,4,3,0,7
50,5,3,0,18
50,6,3,0,7
50,7,3,0,6
50,8,2,3,8
50,9,2,3,8
50,10,3,0,9
50,11,3,0,11
50,12,3,0,5
50,13,3,0,13
50,14,3,0,18
50,15,3,0,14
50,16,3,0,18
50,17,2,3,6
50,18,2,0,4
50,19,2,0,10
50,20,2,0,11
50,21,2,0,21
50,22,2,0,24
50,23,2,0,5
50,24,2,0,7
50,25,2,3,3
50,26,3,0,12
50,27,3,0,11
50,28,2,3,24
50,29,2,0,6
50,30,2,0,15
50,31,2,0,10
50,32,2,0,16
50,33,2,0,18
50,34,2,0,18
50,35,2,0,8
50,36,2,0,10
50,37,2,0,13
50,38,2,0,7
50,39,2,0,15
50,40,2,0,2
50,41,2,0,2
50,42,2,0,1
50,43,2,0,18
50,44,2,0,6
50,45,2,3,18
50,46,3,0,10
50,47,3,0,0
50,48,2,3,6
50,49,2,0,7
50,50,2,0,0
50,51,2,0,20
50,52,2,0,14
50,53,2,0,4
50,54,2,0,3
50,55,2,3,3
50,56,3,0,24
50,57,3,0,24
50,58,3,0,18
50,59,3,0,6
50,60,3,0,15
50,61,3,0,7
50,62,3,0,7
51,0,3,0,12
51,1,3,0,7
51,2,3,0,4
51,3,3,0,17
51,4,3,0,14
51,5,3,0,24
51,6,3,0,23
51,7,3,0,1
51,8,3,0,16
51,9,3,0,20
51,10,3,0,0
51,11,3,0,7
51,12,3,0,12
51,13,3,0,16
51,14,3,0,12
51,15,3,0,15
51,16,3,0,2
51,17,2,3,24
51,18,2,0,13
51,19,2,0,2
51,20,2,0,9
51,21,2,0,24
51,22,2,0,9
51,23,2,0,11
51,24,2,0,1
51,25,2,3,17
51,26,3,0,0
51,27,2,3,6
51,28,2,0,20
51,29,2,0,4
51,30,2,0,23
51,31,2,0,2
51,32,2,0,19
51,33,2,0,14
51,34,2,0,11
51,35,2,0,11
51,36,2,0,23
51,37,2,0,8
51,38,2,0,19
51,39,2,0,9
51,40,2,0,10
51,41,2,0,9
51,42,2,0,22
51,43,2,0,18
51,44,2,3,0
51,45,3,0,16
51,46,3,0,2
51,47,3,0,23
51,48,2,3,24
51,49,2,0,3
51,50,2,0,8
51,51,2,0,24
51,52,2,0,10
51,53,2,0,7
51,54,2,0,12
51,55,2,3,1
51,56,3,0,11
51,57,3,0,11
51,58,3,0,23
51,59,3,0,17
51,60,3,0,1
51,61,3,0,14
51,62,3,0,3
52,0,3,0,11
52,1,3,0,12
52,2,3,0,0
52,3,3,0,20
52,4,3,0,11
52,5,3,0,10
52,6,3,0,15
52,7,3,0,10
52,8,3,0,0
52,9,3,0,5
52,10,3,0,11
52,11,3,0,13
52,12,3,0,23
52,13,3,0,22
52,14,3,0,17
52,15,3,0,20
52,16,2,3,14
52,17,2,0,20
52,18,2,0,3
52,19,2,0,15
52,20,2,0,11
52,21,2,0,12
52,22,2,0,23
52,23,2,0,9
52,24,2,0,12
52,25,2,3,18
52,26,3,0,9
52,27,2,3,21
52,28,2,0,15
52,29,2,0,8
52,30,2,0,19
52,31,2,0,15
52,32,2,0,4
52,33,2,0,3
52,34,2,0,4
52,35,2,3,20
52,36,2,3,20
52,37,2,3,20
52,38,2,0,14
52,39,2,0,4
52,40,2,0,14
52,41,2,0,5
52,42,2,0,20
52,43,2,0,23
52,44,2,3,1
52,45,2,3,16
52,46,2,3,16
52,47,2,3,11
52,48,2,0,13
52,49,2,0,3
52,50,2,0,17
52,51,2,0,22
52,52,2,0,9
52,53,2,0,7
52,54,2,0,13
52,55,2,3,3
52,56,3,0,5
52,57,3,0,15
52,58,3,0,15
52,59,3,0,14
52,60,3,0,10
52,61,3,0,6
52,62,3,0,3
53,0,3,0,5
53,1,3,0,2
53,2,3,0,14
53,3,3,0,2
53,4,3,0,6
53,5,3,0,20
53,6,3,0,22
53,7,3,0,7
53,8,3,0,16
53,9,3,0,12
53,10,3,0,16
53,11,3,0,21
53,12,3,0,9
53,13,3,0,20
53,14,3,0,8
53,15,2,3,9
53,16,2,0,18
53,17,2,0,10
53,18,2,0,17
53,19,2,0,16
53,20,2,0,1
53,21,2,0,12
53,22,2,0,24
53,23,2,0,6
53,24,2,3,0
53,25,3,0,2
53,26,3,0,24
53,27,2,3,24
53,28,2,0,4
53,29,2,0,12
53,30,2,0,8
53,31,2,0,21
53,32,2,0,0
53,33,2,0,12
53,34,2,3,15
53,35,2,3,8
53,36,2,3,8
53,37,2,3,22
53,38,2,0,10
53,39,2,0,24
53,40,2,0,6
53,41,2,0,7
53,42,2,0,18
53,43,2,0,2
53,44,2,3,4
53,45,2,3,4
53,46,2,3,4
53,47,2,0,14
53,48,2,0,21
53,49,2,3,20
53,50,2,0,17
53,51,2,0,15
53,52,2,0,21
53,53,2,0,9
53,54,2,0,2
53,55,2,3,18
53,56,3,0,22
53,57,3,0,2
53,58,3,0,23
53,59,3,0,2
53,60,3,0,10
53,61,3,0,14
53,62,3,0,4
54,0,3,0,17
54,1,3,0,20
54,2,3,0,3
54,3,3,0,1
54,4,3,0,9
54,5,3,0,2
54,6,3,0,0
54,7,3,0,22
54,8,3,0,5
54,9,3,0,0
54,10,3,0,19
54,11,3,0,11
54,12,3,0,18
54,13,3,0,18
54,14,2,3,11
54,15,2,0,23
54,16,2,0,17
54,17,2,0,15
54,18,2,0,22
54,19,2,0,16
54,20,2,0,24
54,21,2,0,23
54,22,2,0,15
54,23,2,0,9
54,24,2,3,18
54,25,3,0,18
54,26,2,3,6
54,27,2,0,1
54,28,2,0,0
54,29,2,0,0
54,30,2,0,24
54,31,2,0,15
54,32,2,0,2
54,33,2,3,0
54,34,3,0,24
54,35,3,0,4
54,36,3,0,1
54,37,2,3,24
54,38,2,0,21
54,39,2,0,14
54,40,2,0,0
54,41,2,0,10
54,42,2,0,23
54,43,2,0,19
54,44,2,0,16
54,45,2,0,10
54,46,2,0,14
54,47,2,0,24
54,48,2,3,13
54,49,2,3,23
54,50,2,0,10
54,51,2,0,19
54,52,2,0,15
54,53,2,0,9
54,54,2,3,0
54,55,3,0,7
54,56,3,0,1
54,57,3,0,4
54,58,3,0,23
54,59,3,0,3
54,60,3,0,16
54,61,3,0,20
54,62,3,0,0
55,0,3,0,17
55,1,3,0,23
55,2,3,0,7
55,3,3,0,3
55,4,3,0,1
55,5,3,0,10
55,6,3,0,12
55,7,3,0,10
55,8,3,0,15
55,9,3,0,24
55,10,3,0,17
55,11,3,0,7
55,12,3,0,1
55,13,2,3,6
55,14,2,0,23
55,15,2,0,19
55,16,2,0,11
55,17,2,0,13
55,18,2,0,21
55,19,2,0,5
55,20,2,3,20
55,21,2,0,21
55,22,2,0,16
55,23,2,3,5
55,24,3,0,17
55,25,3,0,23
55,26,2,3,24
55,27,2,0,5
55,28,2,0,16
55,29,2,0,19
55,30,2,0,11
55,31,2,0,22
55,32,2,0,15
55,33,2,3,17
55,34,3,0,12
55,35,3,0,23
55,36,2,3,6
55,37,2,3,20
55,38,2,0,19
55,39,2,0,19
55,40,2,0,1
55,41,2,0,6
55,42,2,0,9
55,43,2,0,7
55,44,2,0,14
55,45,2,0,20
55,46,2,0,2
55,47,2,3,0
55,48,3,0,8
55,49,2,3,7
55,50,2,0,14
55,51,2,0,4
55,52,2,0,17
55,53,2,0,23
55,54,2,3,1
55,55,3,0,5
55,56,3,0,8
55,57,3,0,6
55,58,3,0,24
55,59,3,0,3
55,60,3,0,8
55,61,3,0,5
55,62,3,0,19
56,0,3,0,19
56,1,3,0,16
56,2,3,0,23
56,3,3,0,22
56,4,3,0,22
56,5,3,0,24
56,6,3,0,23
56,7,3,0,12
56,8,3,0,19
56,9,3,0,17
56,10,3,0,8
56,11,3,0,10
56,12,3,0,8
56,13,2,3,24
56,14,2,0,13
56,15,2,0,6
56,16,2,0,21
56,17,2,0,5
56,18,2,3,20
56,19,2,3,5
56,20,2,3,21
56,21,2,0,18
56,22,2,3,0
56,23,3,0,23
56,24,3,0,19
56,25,2,3,6
56,26,2,0,21
56,27,2,0,8
56,28,2,0,14
56,29,2,0,4
56,30,2,0,16
56,31,2,0,10
56,32,2,0,23
56,33,2,3,1
56,34,2,3,16
56,35,3,0,17
56,36,2,3,8
56,37,2,3,21
56,38,2,0,9
56,39,2,0,17
56,40,2,0,10
56,41,2,0,19
56,42,2,0,16
56,43,2,0,1
56,44,2,0,15
56,45,2,0,19
56,46,2,0,18
56,47,2,3,18
56,48,3,0,20
56,49,2,3,24
56,50,2,0,19
56,51,2,0,2
56,52,2,0,1
56,53,2,0,19
56,54,2,3,1
56,55,3,0,13
56,56,3,0,9
56,57,3,0,13
56,58,3,0,21
56,59,3,0,19
56,60,3,0,20
56,61,3,0,11
56,62,3,0,19
57,0,3,0,14
57,1,3,0,14
57,2,3,0,17
57,3,3,0,17
57,4,3,0,24
57,5,3,0,15
57,6,3,0,20
57,7,3,0,12
57,8,3,0,24
57,9,3,0,15
57,10,3,0,19
57,11,2,3,16
57,12,2,3,14
57,13,2,0,19
57,14,2,0,3
57,15,2,0,3
57,16,2,0,6
57,17,2,3,13
57,18,2,3,8
57,19,3,0,8
57,20,2,3,24
57,21,2,0,0
57,22,2,3,2
57,23,3,0,0
57,24,3,0,9
57,25,2,3,23
57,26,2,0,4
57,27,2,0,18
57,28,2,0,7
57,29,2,0,5
57,30,2,0,22
57,31,2,0,23
57,32,2,0,18
57,33,2,3,4
57,34,2,3,2
57,35,3,0,19
57,36,3,0,0
57,37,2,3,22
57,38,2,3,20
57,39,2,0,17
57,40,2,0,13
57,41,2,0,14
57,42,2,0,24
57,43,2,0,6
57,44,2,0,15
57,45,2,0,2
57,46,2,3,0
57,47,3,0,0
57,48,2,3,6
57,49,2,0,6
57,50,2,0,17
57,51,2,0,18
57,52,2,0,23
57,53,2,0,13
57,54,2,3,3
57,55,3,0,14
57,56,3,0,8
57,57,3,0,15
57,58,3,0,5
57,59,3,0,1
57,60,3,0,5
57,61,3,0,7
57,62,3,0,5
58,0,3,0,21
58,1,3,0,10
58,2,3,0,3
58,3,3,0,24
58,4,3,0,5
58,5,3,0,13
58,6,3,0,10
58,7,3,0,3
58,8,3,0,23
58,9,3,0,7
58,10,2,3,14
58,11,2,3,4
58,12,2,0,6
58,13,2,0,3
58,14,2,0,19
58,15,2,0,16
58,16,2,3,5
58,17,3,0,20
58,18,3,0,4
58,19,2,3,14
58,20,2,0,6
58,21,2,0,11
58,22,2,3,3
58,23,3,0,23
58,24,3,0,19
58,25,2,3,24
58,26,2,0,12
58,27,2,0,9
58,28,2,0,8
58,29,2,0,1
58,30,2,0,7
58,31,2,0,19
58,32,2,0,24
58,33,2,0,3
58,34,2,3,3
58,35,2,3,16
58,36,3,0,10
58,37,2,3,8
58,38,2,3,21
58,39,2,3,20
58,40,2,0,20
58,41,2,0,9
58,42,2,0,3
58,43,2,0,2
58,44,2,0,16
58,45,2,0,1
58,46,2,3,17
58,47,3,0,0
58,48,2,3,21
58,49,2,0,13
58,50,2,0,9
58,51,2,0,13
58,52,2,0,7
58,53,2,0,4
58,54,2,3,18
58,55,3,0,24
58,56,3,0,5
58,57,3,0,17
58,58,3,0,6
58,59,3,0,15
58,60,3,0,19
58,61,3,0,2
58,62,3,0,21
59,0,3,0,5
59,1,3,0,14
59,2,3,0,14
59,3,3,0,13
59,4,3,0,19
59,5,3,0,22
59,6,3,0,18
59,7,3,0,4
59,8,3,0,24
59,9,2,3,14
59,10,2,0,10
59,11,2,0,21
59,12,2,0,7
59,13,2,0,0
59,14,2,0,21
59,15,2,3,0
59,16,3,0,14
59,17,3,0,4
59,18,2,3,6
59,19,2,0,22
59,20,2,0,22
59,21,2,0,23
59,22,2,3,18
59,23,3,0,17
59,24,2,3,9
59,25,2,0,6
59,26,2,0,0
59,27,2,0,22
59,28,2,0,1
59,29,2,0,10
59,30,2,0,4
59,31,2,0,12
59,32,2,0,15
59,33,2,0,24
59,34,2,3,4
59,35,2,3,1
59,36,3,0,8
59,37,3,0,21
59,38,2,3,8
59,39,2,3,7
59,40,2,0,8
59,41,2,0,12
59,42,2,0,20
59,43,2,0,4
59,44,2,0,22
59,45,2,0,1
59,46,2,3,17
59,47,3,0,3
59,48,2,3,22
59,49,2,0,6
59,50,2,0,1
59,51,2,0,14
59,52,2,0,18
59,53,2,3,0
59,54,3,0,24
59,55,3,0,12
59,56,3,0,6
59,57,3,0,19
59,58,3,0,5
59,59,3,0,2
59,60,3,0,19
59,61,3,0,22
59,62,3,0,7
60,0,3,0,7
60,1,3,0,8
60,2,3,0,11
60,3,3,0,14
60,4,3,0,4
60,5,3,0,7
60,6,3,0,3
60,7,3,0,23
60,8,2,3,14
60,9,2,0,23
60,10,2,0,8
60,11,2,0,17
60,12,2,0,4
60,13,2,0,11
60,14,2,0,22
60,15,2,3,18
60,16,3,0,15
60,17,3,0,14
60,18,2,3,24
60,19,2,0,20
60,20,2,0,5
60,21,2,3,0
60,22,3,0,7
60,23,2,3,6
60,24,2,0,6
60,25,2,0,18
60,26,2,0,16
60,27,2,0,22
60,28,2,0,14
60,29,2,0,13
60,30,2,0,11
60,31,2,0,0
60,32,2,0,12
60,33,2,0,8
60,34,2,0,15
60,35,2,3,18
60,36,3,0,8
60,37,3,0,15
60,38,3,0,15
60,39,2,3,24
60,40,2,0,16
60,41,2,0,9
60,42,2,0,12
60,43,2,0,11
60,44,2,0,13
60,45,2,0,19
60,46,2,3,18
60,47,3,0,3
60,48,2,3,24
60,49,2,0,2
60,50,2,0,3
60,51,2,0,14
60,52,2,0,24
60,53,2,3,3
60,54,3,0,7
60,55,3,0,0
60,56,3,0,22
60,57,3,0,15
60,58,3,0,0
60,59,3,0,6
60,60,3,0,22
60,61,3,0,17
60,62,3,0,8
61,0,3,0,21
61,1,3,0,18
61,2,3,0,24
61,3,3,0,16
61,4,3,0,10
61,5,3,0,14
61,6,3,0,4
61,7,2,3,19
61,8,2,0,16
61,9,2,0,12
61,10,2,0,10
61,11,2,0,14
61,12,2,0,1
61,13,2,0,14
61,14,2,3,0
61,15,3,0,21
61,16,2,3,16
61,17,2,3,9
61,18,2,0,7
61,19,2,0,3
61,20,2,3,20
61,21,2,3,18
61,22,3,0,20
61,23,2,3,24
61,24,2,0,2
61,25,2,0,11
61,26,2,0,16
61,27,2,3,20
61,28,2,0,10
61,29,2,0,15
61,30,2,0,10
61,31,2,0,18
61,32,2,0,12
61,33,2,0,16
61,34,2,3,0
61,35,3,0,5
61,36,3,0,10
61,37,3,0,19
61,38,2,3,6
61,39,2,0,23
61,40,2,0,7
61,41,2,0,10
61,42,2,0,19
61,43,2,0,17
61,44,2,0,20
61,45,2,3,0
61,46,3,0,1
61,47,2,3,6
61,48,2,0,4
61,49,2,0,20
61,50,2,0,18
61,51,2,0,17
61,52,2,0,10
61,53,2,3,1
61,54,3,0,0
61,55,3,0,23
61,56,3,0,8
61,57,3,0,9
61,58,3,0,17
61,59,3,0,6
61,60,3,0,9
61,61,3,0,24
61,62,3,0,15
62,0,3,0,5
62,1,3,0,2
62,2,3,0,15
62,3,3,0,16
62,4,3,0,8
62,5,3,0,19
62,6,2,3,6
62,7,2,0,3
62,8,2,0,5
62,9,2,0,11
62,10,2,0,13
62,11,2,0,4
62,12,2,0,18
62,13,2,0,14
62,14,2,3,17
62,15,2,3,11
62,16,2,3,4
62,17,2,0,11
62,18,2,0,0
62,19,2,3,13
62,20,2,3,8
62,21,3,0,4
62,22,2,3,9
62,23,2,0,17
62,24,2,0,3
62,25,2,0,10
62,26,2,3,13
62,27,2,3,21
62,28,2,3,20
62,29,2,3,20
62,30,2,0,24
62,31,2,0,11
62,32,2,0,11
62,33,2,0,7
62,34,2,3,3
62,35,3,0,10
62,36,3,0,13
62,37,3,0,2
62,38,2,3,22
62,39,2,0,3
62,40,2,0,19
62,41,2,0,24
62,42,2,0,22
62,43,2,0,16
62,44,2,0,10
62,45,2,3,1
62,46,3,0,11
62,47,2,3,23
62,48,2,0,10
62,49,2,0,7
62,50,2,0,3
62,51,2,0,23
62,52,2,0,13
62,53,2,3,18
62,54,3,0,5
62,55,3,0,24
62,56,3,0,24
62,57,3,0,2
62,58,3,0,5
62,59,3,0,23
62,60,3,0,17
62,61,3,0,21
62,62,3,0,12
63,0,3,0,24
63,1,3,0,8
63,2,3,0,15
63,3,3,0,6
63,4,3,0,21
63,5,3,0,16
63,6,2,3,23
63,7,2,0,6
63,8,2,0,23
63,9,2,0,9
63,10,2,0,10
63,11,2,0,2
63,12,2,0,16
63,13,2,0,23
63,14,2,3,4
63,15,2,0,23
63,16,2,0,7
63,17,2,0,4
63,18,2,3,0
63,19,3,0,13
63,20,3,0,24
63,21,2,3,11
63,22,2,0,1
63,23,2,0,10
63,24,2,0,5
63,25,2,3,0
63,26,3,0,22
63,27,2,3,8
63,28,2,3,8
63,29,2,3,22
63,30,2,0,18
63,31,2,0,19
63,32,2,0,19
63,33,2,0,9
63,34,2,3,18
63,35,3,0,17
63,36,3,0,22
63,37,3,0,3
63,38,2,3,22
63,39,2,3,20
63,40,2,0,2
63,41,2,0,9
63,42,2,0,23
63,43,2,0,7
63,44,2,0,10
63,45,2,3,18
63,46,3,0,21
63,47,2,3,24
63,48,2,0,6
63,49,2,0,12
63,50,2,0,3
63,51,2,0,16
63,52,2,3,0
63,53,3,0,0
63,54,3,0,1
63,55,3,0,15
63,56,3,0,13
63,57,3,0,2
63,58,3,0,23
63,59,3,0,8
63,60,3,0,8
63,61,3,0,15
63,62,3,0,7
64,0,3,0,4
64,1,3,0,19
64,2,3,0,2
64,3,3,0,9
64,4,3,0,17
64,5,3,0,15
64,6,2,3,24
64,7,2,0,23
64,8,2,0,9
64,9,2,0,7
64,10,2,0,13
64,11,2,0,19
64,12,2,0,9
64,13,2,0,18
64,14,2,0,11
64,15,2,0,22
64,16,2,0,22
64,17,2,0,10
64,18,2,3,18
64,19,3,0,9
64,20,2,3,6
64,21,2,0,19
64,22,2,0,5
64,23,2,0,2
64,24,2,0,19
64,25,2,3,2
64,26,3,0,20
64,27,3,0,5
64,28,3,0,17
64,29,2,3,24
64,30,2,0,11
64,31,2,0,19
64,32,2,0,5
64,33,2,3,0
64,34,3,0,2
64,35,3,0,13
64,36,3,0,17
64,37,3,0,22
64,38,2,3,8
64,39,2,3,7
64,40,2,3,20
64,41,2,3,20
64,42,2,0,17
64,43,2,0,24
64,44,2,3,0
64,45,3,0,13
64,46,2,3,6
64,47,2,0,19
64,48,2,0,4
64,49,2,0,12
64,50,2,0,12
64,51,2,0,24
64,52,2,3,2
64,53,3,0,4
64,54,3,0,4
64,55,3,0,1
64,56,3,0,5
64,57,3,0,22
64,58,3,0,16
64,59,3,0,2
64,60,3,0,24
64,61,3,0,12
64,62,3,0,20
