0,0,3,0,3
0,1,3,0,1
0,2,3,0,21
0,3,3,0,17
0,4,3,0,15
0,5,3,0,9
0,6,3,0,8
0,7,3,0,2
0,8,2,3,8
0,9,2,3,23
0,10,2,3,20
0,11,2,0,11
0,12,2,0,15
0,13,2,0,24
0,14,2,0,23
0,15,2,0,22
0,16,2,0,8
0,17,2,3,18
0,18,3,0,9
0,19,3,0,11
0,20,3,0,3
0,21,2,3,6
0,22,2,0,8
0,23,2,0,12
0,24,2,0,23
0,25,2,0,1
0,26,2,0,21
0,27,2,3,18
0,28,3,0,7
0,29,2,3,24
0,30,2,0,10
0,31,2,3,4
0,32,2,3,3
0,33,3,0,8
0,34,3,0,18
0,35,2,3,24
0,36,2,0,22
0,37,2,0,2
0,38,2,3,5
0,39,3,0,12
0,40,3,0,7
0,41,3,0,23
0,42,3,0,21
0,43,3,0,6
0,44,2,3,24
0,45,2,0,6
0,46,2,0,7
0,47,2,3,17
0,48,2,3,9
0,49,2,0,18
0,50,2,0,16
0,51,2,0,3
0,52,2,0,6
0,53,2,3,0
0,54,3,0,3
0,55,3,0,13
0,56,3,0,18
0,57,3,0,20
0,58,3,0,6
0,59,3,0,24
0,60,3,0,3
0,61,3,0,24
0,62,3,0,13
0,63,3,0,1
1,0,3,0,12
1,1,3,0,14
1,2,3,0,11
1,3,3,0,19
1,4,3,0,16
1,5,3,0,3
1,6,3,0,12
1,7,3,0,10
1,8,3,0,6
1,9,2,3,8
1,10,2,3,23
1,11,2,0,15
1,12,2,0,22
1,13,2,0,0
1,14,2,0,3
1,15,2,0,15
1,16,2,3,0
1,17,3,0,4
1,18,3,0,10
1,19,3,0,23
1,20,3,0,24
1,21,2,3,7
1,22,2,0,12
1,23,2,0,20
1,24,2,0,2
1,25,2,0,8
1,26,2,3,15
1,27,3,0,23
1,28,2,3,6
1,29,2,0,18
1,30,2,0,7
1,31,2,0,9
1,32,2,3,1
1,33,2,3,16
1,34,2,3,11
1,35,2,0,18
1,36,2,0,20
1,37,2,3,0
1,38,3,0,18
1,39,3,0,9
1,40,3,0,8
1,41,3,0,21
1,42,3,0,19
1,43,2,3,6
1,44,2,0,16
1,45,2,0,8
1,46,2,0,0
1,47,2,3,4
1,48,2,0,4
1,49,2,0,21
1,50,2,0,10
1,51,2,0,15
1,52,2,0,3
1,53,2,3,17
1,54,3,0,0
1,55,3,0,9
1,56,3,0,8
1,57,3,0,14
1,58,3,0,7
1,59,3,0,3
1,60,3,0,1
1,61,3,0,12
1,62,3,0,16
2,0,3,0,20
2,1,3,0,13
2,2,3,0,12
2,3,3,0,9
2,4,3,0,18
2,5,3,0,18
2,6,3,0,21
2,7,3,0,13
2,8,3,0,14
2,9,3,0,19
2,10,2,3,24
2,11,2,0,16
2,12,2,0,21
2,13,2,0,21
2,14,2,0,7
2,15,2,0,21
2,16,2,3,3
2,17,3,0,16
2,18,3,0,24
2,19,3,0,21
2,20,3,0,12
2,21,2,3,24
2,22,2,0,24
2,23,2,0,11
2,24,2,0,4
2,25,2,3,0
2,26,3,0,2
2,27,3,0,23
2,28,2,3,24
2,29,2,0,23
2,30,2,0,7
2,31,2,0,13
2,32,2,3,4
2,33,2,3,4
2,34,2,0,16
2,35,2,0,22
2,36,2,0,7
2,37,2,3,18
2,38,3,0,13
2,39,3,0,18
2,40,3,0,11
2,41,3,0,24
2,42,3,0,21
2,43,2,3,24
2,44,2,0,0
2,45,2,0,0
2,46,2,0,7
2,47,2,0,20
2,48,2,0,12
2,49,2,0,14
2,50,2,0,7
2,51,2,0,8
2,52,2,0,16
2,53,2,3,18
2,54,3,0,1
2,55,3,0,19
2,56,3,0,24
2,57,3,0,20
2,58,3,0,24
2,59,3,0,2
2,60,3,0,24
2,61,3,0,10
2,62,3,0,24
3,0,3,0,1
3,1,3,0,1
3,2,3,0,1
3,3,3,0,24
3,4,3,0,22
3,5,3,0,10
3,6,3,0,6
3,7,3,0,7
3,8,3,0,24
3,9,2,3,6
3,10,2,0,19
3,11,2,0,6
3,12,2,0,5
3,13,2,0,18
3,14,2,0,13
3,15,2,0,9
3,16,2,3,1
3,17,3,0,12
3,18,3,0,1
3,19,3,0,3
3,20,2,3,6
3,21,2,0,20
3,22,2,0,17
3,23,2,0,3
3,24,2,0,14
3,25,2,3,17
3,26,3,0,3
3,27,2,3,6
3,28,2,0,20
3,29,2,0,1
3,30,2,0,18
3,31,2,0,2
3,32,2,0,19
3,33,2,0,0
3,34,2,0,22
3,35,2,0,20
3,36,2,3,0
3,37,3,0,0
3,38,3,0,16
3,39,3,0,11
3,40,3,0,22
3,41,3,0,8
3,42,2,3,19
3,43,2,0,5
3,44,2,0,2
3,45,2,0,22
3,46,2,0,2
3,47,2,0,9
3,48,2,0,17
3,49,2,0,13
3,50,2,0,6
3,51,2,0,18
3,52,2,3,0
3,53,3,0,1
3,54,3,0,16
3,55,3,0,8
3,56,3,0,15
3,57,3,0,24
3,58,3,0,16
3,59,3,0,18
3,60,3,0,10
3,61,3,0,21
3,62,3,0,22
4,0,3,0,18
4,1,3,0,7
4,2,3,0,15
4,3,3,0,23
4,4,3,0,11
4,5,3,0,0
4,6,3,0,23
4,7,3,0,13
4,8,3,0,4
4,9,2,3,24
4,10,2,0,0
4,11,2,0,4
4,12,2,0,4
4,13,2,0,4
4,14,2,0,9
4,15,2,0,7
4,16,2,3,3
4,17,2,3,16
4,18,3,0,23
4,19,3,0,18
4,20,2,3,24
4,21,2,0,9
4,22,2,0,1
4,23,2,0,16
4,24,2,0,2
4,25,2,3,2
4,26,3,0,12
4,27,2,3,24
4,28,2,0,23
4,29,2,3,20
4,30,2,3,20
4,31,2,0,11
4,32,2,0,3
4,33,2,0,8
4,34,2,0,9
4,35,2,0,24
4,36,2,3,17
4,37,3,0,16
4,38,3,0,15
4,39,3,0,14
4,40,3,0,12
4,41,2,3,19
4,42,2,0,16
4,43,2,0,7
4,44,2,0,0
4,45,2,0,17
4,46,2,0,8
4,47,2,0,22
4,48,2,0,17
4,49,2,0,11
4,50,2,0,1
4,51,2,0,0
4,52,2,3,18
4,53,3,0,12
4,54,3,0,9
4,55,3,0,19
4,56,3,0,10
4,57,3,0,6
4,58,3,0,14
4,59,3,0,16
4,60,3,0,15
4,61,3,0,14
4,62,3,0,1
5,0,3,0,15
5,1,3,0,13
5,2,3,0,0
5,3,3,0,7
5,4,3,0,8
5,5,3,0,8
5,6,3,0,15
5,7,3,0,22
5,8,2,3,6
5,9,2,0,24
5,10,2,0,22
5,11,2,0,24
5,12,2,0,8
5,13,2,0,18
5,14,2,0,19
5,15,2,0,8
5,16,2,3,4
5,17,2,3,2
5,18,2,3,16
5,19,2,3,14
5,20,2,0,1
5,21,2,0,18
5,22,2,0,6
5,23,2,0,15
5,24,2,0,7
5,25,2,3,17
5,26,2,3,9
5,27,2,0,7
5,28,2,3,13
5,29,2,3,8
5,30,2,3,23
5,31,2,0,8
5,32,2,0,20
5,33,2,0,21
5,34,2,0,20
5,35,2,0,7
5,36,2,3,1
5,37,3,0,21
5,38,3,0,3
5,39,3,0,15
5,40,2,3,14
5,41,2,0,4
5,42,2,0,18
5,43,2,0,23
5,44,2,0,2
5,45,2,0,3
5,46,2,0,3
5,47,2,0,1
5,48,2,0,14
5,49,2,0,12
5,50,2,0,2
5,51,2,3,5
5,52,3,0,22
5,53,3,0,23
5,54,3,0,8
5,55,3,0,16
5,56,3,0,12
5,57,3,0,9
5,58,3,0,6
5,59,3,0,14
5,60,3,0,22
5,61,3,0,10
5,62,3,0,6
6,0,3,0,13
6,1,3,0,3
6,2,3,0,4
6,3,3,0,21
6,4,3,0,7
6,5,3,0,6
6,6,3,0,2
6,7,3,0,22
6,8,2,3,23
6,9,2,0,10
6,10,2,0,11
6,11,2,0,14
6,12,2,0,5
6,13,2,0,20
6,14,2,0,7
6,15,2,0,3
6,16,2,0,4
6,17,2,3,4
6,18,2,3,4
6,19,2,0,7
6,20,2,0,24
6,21,2,0,12
6,22,2,0,22
6,23,2,0,9
6,24,2,0,22
6,25,2,3,4
6,26,2,0,10
6,27,2,3,10
6,28,3,0,0
6,29,2,3,8
6,30,2,3,23
6,31,2,0,22
6,32,2,0,1
6,33,2,0,23
6,34,2,0,18
6,35,2,0,5
6,36,2,3,3
6,37,3,0,14
6,38,3,0,1
6,39,2,3,14
6,40,2,0,15
6,41,2,0,11
6,42,2,0,24
6,43,2,0,21
6,44,2,0,15
6,45,2,0,14
6,46,2,0,24
6,47,2,0,2
6,48,2,0,21
6,49,2,3,20
6,50,2,3,13
6,51,3,0,10
6,52,3,0,21
6,53,3,0,9
6,54,3,0,23
6,55,3,0,23
6,56,3,0,21
6,57,3,0,5
6,58,3,0,1
6,59,3,0,12
6,60,3,0,18
6,61,3,0,24
6,62,3,0,11
7,0,3,0,10
7,1,3,0,11
7,2,3,0,2
7,3,3,0,15
7,4,3,0,11
7,5,3,0,1
7,6,3,0,1
7,7,3,0,19
7,8,2,3,24
7,9,2,0,22
7,10,2,0,11
7,11,2,0,17
7,12,2,0,11
7,13,2,0,0
7,14,2,0,5
7,15,2,0,6
7,16,2,0,11
7,17,2,0,14
7,18,2,0,17
7,19,2,0,15
7,20,2,0,9
7,21,2,0,6
7,22,2,0,12
7,23,2,0,22
7,24,2,0,15
7,25,2,0,16
7,26,2,3,13
7,27,3,0,19
7,28,3,0,16
7,29,3,0,2
7,30,2,3,24
7,31,2,0,19
7,32,2,0,11
7,33,2,0,19
7,34,2,0,21
7,35,2,0,14
7,36,2,3,17
7,37,2,3,16
7,38,2,3,11
7,39,2,0,19
7,40,2,0,12
7,41,2,0,11
7,42,2,0,14
7,43,2,0,15
7,44,2,0,5
7,45,2,0,18
7,46,2,0,15
7,47,2,0,23
7,48,2,3,13
7,49,2,3,8
7,50,3,0,15
7,51,3,0,23
7,52,3,0,23
7,53,3,0,16
7,54,3,0,3
7,55,3,0,22
7,56,3,0,16
7,57,3,0,8
7,58,3,0,21
7,59,3,0,21
7,60,3,0,7
7,61,3,0,8
7,62,3,0,10
8,0,3,0,11
8,1,3,0,16
8,2,3,0,3
8,3,3,0,8
8,4,3,0,2
8,5,3,0,11
8,6,3,0,5
8,7,2,3,11
8,8,2,0,16
8,9,2,0,13
8,10,2,0,23
8,11,2,0,19
8,12,2,0,19
8,13,2,0,10
8,14,2,0,18
8,15,2,0,24
8,16,2,0,5
8,17,2,0,18
8,18,2,0,10
8,19,2,0,0
8,20,2,0,24
8,21,2,0,7
8,22,2,0,21
8,23,2,0,12
8,24,2,0,6
8,25,2,3,5
8,26,3,0,24
8,27,3,0,8
8,28,3,0,7
8,29,2,3,11
8,30,2,0,21
8,31,2,0,10
8,32,2,0,18
8,33,2,0,21
8,34,2,0,18
8,35,2,0,11
8,36,2,3,4
8,37,2,3,4
8,38,2,0,11
8,39,2,0,23
8,40,2,0,17
8,41,2,0,20
8,42,2,0,22
8,43,2,0,3
8,44,2,0,16
8,45,2,3,20
8,46,2,3,20
8,47,2,3,5
8,48,3,0,2
8,49,3,0,2
8,50,3,0,24
8,51,3,0,2
8,52,3,0,2
8,53,3,0,16
8,54,3,0,8
8,55,3,0,15
8,56,3,0,18
8,57,3,0,15
8,58,3,0,13
8,59,3,0,7
8,60,3,0,7
8,61,3,0,5
8,62,3,0,7
9,0,3,0,0
9,1,3,0,16
9,2,3,0,23
9,3,3,0,13
9,4,3,0,13
9,5,3,0,2
9,6,2,3,6
9,7,2,0,0
9,8,2,0,10
9,9,2,0,19
9,10,2,0,20
9,11,2,0,23
9,12,2,0,7
9,13,2,0,10
9,14,2,0,6
9,15,2,0,8
9,16,2,0,1
9,17,2,0,6
9,18,2,0,10
9,19,2,3,20
9,20,2,3,20
9,21,2,0,15
9,22,2,0,24
9,23,2,0,14
9,24,2,3,0
9,25,3,0,9
9,26,3,0,23
9,27,2,3,16
9,28,2,3,9
9,29,2,0,1
9,30,2,0,21
9,31,2,0,22
9,32,2,0,19
9,33,2,0,3
9,34,2,0,0
9,35,2,0,5
9,36,2,0,5
9,37,2,0,12
9,38,2,0,21
9,39,2,0,0
9,40,2,0,3
9,41,2,0,8
9,42,2,0,10
9,43,2,0,1
9,44,2,3,15
9,45,2,3,8
9,46,2,3,8
9,47,3,0,17
9,48,3,0,8
9,49,3,0,20
9,50,3,0,22
9,51,3,0,14
9,52,3,0,1
9,53,3,0,22
9,54,3,0,4
9,55,3,0,13
9,56,3,0,7
9,57,3,0,15
9,58,3,0,0
9,59,3,0,16
9,60,3,0,19
9,61,3,0,19
9,62,3,0,18
10,0,3,0,24
10,1,3,0,9
10,2,3,0,17
10,3,3,0,23
10,4,3,0,5
10,5,3,0,12
10,6,2,3,24
10,7,2,0,14
10,8,2,0,1
10,9,2,0,15
10,10,2,0,20
10,11,2,0,11
10,12,2,0,2
10,13,2,0,8
10,14,2,0,7
10,15,2,0,4
10,16,2,0,22
10,17,2,0,16
10,18,2,3,15
10,19,2,3,8
10,20,2,3,23
10,21,2,0,2
10,22,2,3,20
10,23,2,0,5
10,24,2,3,3
10,25,2,3,16
10,26,2,3,19
10,27,2,3,4
10,28,2,0,5
10,29,2,0,21
10,30,2,0,15
10,31,2,0,3
10,32,2,0,16
10,33,2,0,18
10,34,2,0,23
10,35,2,0,17
10,36,2,0,17
10,37,2,0,7
10,38,2,0,17
10,39,2,0,2
10,40,2,0,16
10,41,2,0,2
10,42,2,0,6
10,43,2,3,15
10,44,3,0,16
10,45,3,0,6
10,46,3,0,20
10,47,3,0,24
10,48,3,0,5
10,49,3,0,10
10,50,3,0,9
10,51,3,0,23
10,52,3,0,10
10,53,3,0,8
10,54,3,0,3
10,55,3,0,11
10,56,3,0,22
10,57,3,0,13
10,58,3,0,19
10,59,3,0,18
10,60,3,0,19
10,61,3,0,4
10,62,3,0,18
11,0,3,0,15
11,1,3,0,22
11,2,3,0,5
11,3,3,0,10
11,4,3,0,21
11,5,2,3,6
11,6,2,0,16
11,7,2,0,13
11,8,2,0,7
11,9,2,0,17
11,10,2,0,10
11,11,2,0,14
11,12,2,0,7
11,13,2,0,9
11,14,2,0,17
11,15,2,0,4
11,16,2,0,20
11,17,2,3,0
11,18,3,0,3
11,19,3,0,15
11,20,2,3,8
11,21,2,3,8
11,22,2,3,7
11,23,2,0,4
11,24,2,3,4
11,25,2,3,4
11,26,2,0,20
11,27,2,0,4
11,28,2,0,11
11,29,2,0,5
11,30,2,0,13
11,31,2,0,0
11,32,2,0,17
11,33,2,0,13
11,34,2,0,4
11,35,2,3,20
11,36,2,0,7
11,37,2,0,2
11,38,2,0,6
11,39,2,0,19
11,40,2,0,6
11,41,2,0,13
11,42,2,3,0
11,43,3,0,18
11,44,3,0,2
11,45,3,0,19
11,46,3,0,13
11,47,3,0,1
11,48,3,0,18
11,49,3,0,20
11,50,3,0,19
11,51,3,0,19
11,52,3,0,6
11,53,3,0,19
11,54,3,0,17
11,55,3,0,4
11,56,3,0,23
11,57,3,0,22
11,58,3,0,14
11,59,3,0,2
11,60,3,0,23
11,61,3,0,20
11,62,3,0,4
12,0,3,0,9
12,1,3,0,22
12,2,3,0,12
12,3,3,0,9
12,4,3,0,20
12,5,2,3,7
12,6,2,0,0
12,7,2,0,22
12,8,2,0,23
12,9,2,0,19
12,10,2,0,18
12,11,2,0,5
12,12,2,0,21
12,13,2,0,3
12,14,2,0,22
12,15,2,0,24
12,16,2,0,21
12,17,2,3,17
12,18,3,0,13
12,19,3,0,13
12,20,3,0,23
12,21,3,0,21
12,22,2,3,7
12,23,2,0,21
12,24,2,0,8
12,25,2,0,6
12,26,2,0,17
12,27,2,0,18
12,28,2,0,24
12,29,2,0,13
12,30,2,0,3
12,31,2,0,22
12,32,2,0,7
12,33,2,3,20
12,34,2,3,15
12,35,2,3,23
12,36,2,0,11
12,37,2,0,3
12,38,2,0,10
12,39,2,0,23
12,40,2,0,6
12,41,2,0,20
12,42,2,3,18
12,43,3,0,15
12,44,3,0,21
12,45,3,0,14
12,46,3,0,2
12,47,3,0,21
12,48,3,0,5
12,49,3,0,5
12,50,3,0,17
12,51,3,0,23
12,52,3,0,19
12,53,3,0,13
12,54,3,0,8
12,55,3,0,5
12,56,3,0,9
12,57,3,0,22
12,58,3,0,13
12,59,3,0,2
12,60,3,0,13
12,61,3,0,15
12,62,3,0,16
13,0,3,0,14
13,1,3,0,7
13,2,3,0,2
13,3,3,0,17
13,4,3,0,19
13,5,2,3,21
13,6,2,0,11
13,7,2,0,19
13,8,2,0,1
13,9,2,0,8
13,10,2,0,3
13,11,2,0,3
13,12,2,0,2
13,13,2,0,21
13,14,2,0,4
13,15,2,0,4
13,16,2,0,14
13,17,2,3,1
13,18,2,3,16
13,19,3,0,5
13,20,3,0,4
13,21,3,0,15
13,22,2,3,24
13,23,2,0,5
13,24,2,0,6
13,25,2,0,15
13,26,2,0,20
13,27,2,0,5
13,28,2,0,17
13,29,2,0,18
13,30,2,0,11
13,31,2,0,14
13,32,2,3,10
13,33,2,3,8
13,34,3,0,9
13,35,2,3,7
13,36,2,0,9
13,37,2,0,10
13,38,2,0,5
13,39,2,0,16
13,40,2,0,3
13,41,2,3,13
13,42,3,0,22
13,43,3,0,10
13,44,3,0,17
13,45,3,0,4
13,46,3,0,23
13,47,3,0,23
13,48,3,0,19
13,49,3,0,1
13,50,3,0,10
13,51,3,0,11
13,52,3,0,14
13,53,3,0,3
13,54,3,0,12
13,55,3,0,12
13,56,3,0,6
13,57,3,0,22
13,58,3,0,17
13,59,3,0,5
13,60,3,0,14
13,61,3,0,7
13,62,3,0,5
14,0,3,0,14
14,1,3,0,2
14,2,3,0,18
14,3,3,0,22
14,4,3,0,9
14,5,2,3,7
14,6,2,0,14
14,7,2,0,20
14,8,2,0,4
14,9,2,0,2
14,10,2,3,20
14,11,2,0,2
14,12,2,0,23
14,13,2,0,11
14,14,2,0,17
14,15,2,0,0
14,16,2,0,5
14,17,2,3,4
14,18,2,3,3
14,19,2,3,16
14,20,2,3,16
14,21,2,3,19
14,22,2,0,24
14,23,2,0,7
14,24,2,0,19
14,25,2,3,20
14,26,2,3,20
14,27,2,3,20
14,28,2,0,17
14,29,2,0,11
14,30,2,0,15
14,31,2,3,0
14,32,3,0,6
14,33,3,0,13
14,34,3,0,11
14,35,2,3,22
14,36,2,0,15
14,37,2,0,3
14,38,2,0,3
14,39,2,0,9
14,40,2,3,0
14,41,3,0,23
14,42,3,0,18
14,43,3,0,10
14,44,3,0,2
14,45,3,0,23
14,46,3,0,5
14,47,3,0,1
14,48,3,0,16
14,49,3,0,20
14,50,3,0,4
14,51,3,0,8
14,52,3,0,9
14,53,3,0,20
14,54,3,0,14
14,55,3,0,6
14,56,3,0,0
14,57,3,0,19
14,58,3,0,3
14,59,3,0,15
14,60,3,0,4
14,61,3,0,16
14,62,3,0,2
15,0,3,0,12
15,1,3,0,7
15,2,3,0,4
15,3,3,0,21
15,4,3,0,19
15,5,2,3,22
15,6,2,0,16
15,7,2,0,2
15,8,2,0,4
15,9,2,3,13
15,10,2,3,22
15,11,2,0,21
15,12,2,0,22
15,13,2,0,20
15,14,2,0,1
15,15,2,0,16
15,16,2,0,17
15,17,2,0,22
15,18,2,3,4
15,19,2,0,6
15,20,2,3,4
15,21,2,0,22
15,22,2,0,0
15,23,2,0,23
15,24,2,3,5
15,25,2,3,8
15,26,2,3,8
15,27,2,3,23
15,28,2,0,22
15,29,2,0,19
15,30,2,0,22
15,31,2,3,18
15,32,3,0,13
15,33,3,0,18
15,34,3,0,2
15,35,2,3,24
15,36,2,0,20
15,37,2,0,23
15,38,2,0,2
15,39,2,0,2
15,40,2,3,3
15,41,3,0,4
15,42,3,0,8
15,43,3,0,16
15,44,3,0,0
15,45,3,0,9
15,46,3,0,14
15,47,3,0,7
15,48,3,0,4
15,49,3,0,4
15,50,3,0,10
15,51,3,0,22
15,52,3,0,6
15,53,2,3,16
15,54,2,3,16
15,55,3,0,17
15,56,3,0,11
15,57,3,0,16
15,58,3,0,8
15,59,3,0,3
15,60,3,0,4
15,61,3,0,19
15,62,3,0,9
16,0,3,0,15
16,1,3,0,4
16,2,3,0,16
16,3,3,0,16
16,4,3,0,6
16,5,2,3,7
16,6,2,3,20
16,7,2,3,20
16,8,2,3,10
16,9,3,0,13
16,10,2,3,21
16,11,2,0,13
16,12,2,0,20
16,13,2,0,5
16,14,2,0,12
16,15,2,0,1
16,16,2,0,23
16,17,2,0,4
16,18,2,0,1
16,19,2,0,22
16,20,2,0,7
16,21,2,0,23
16,22,2,0,23
16,23,2,3,13
16,24,3,0,22
16,25,3,0,16
16,26,3,0,21
16,27,2,3,23
16,28,2,0,8
16,29,2,0,1
16,30,2,3,0
16,31,3,0,11
16,32,3,0,6
16,33,3,0,16
16,34,2,3,6
16,35,2,0,5
16,36,2,0,10
16,37,2,0,21
16,38,2,0,6
16,39,2,0,18
16,40,2,3,18
16,41,3,0,24
16,42,3,0,17
16,43,3,0,3
16,44,3,0,19
16,45,3,0,22
16,46,3,0,19
16,47,3,0,14
16,48,3,0,20
16,49,3,0,8
16,50,3,0,12
16,51,3,0,21
16,52,2,3,19
16,53,2,3,4
16,54,2,3,3
16,55,3,0,18
16,56,3,0,2
16,57,3,0,6
16,58,3,0,23
16,59,3,0,19
16,60,3,0,17
16,61,3,0,11
16,62,3,0,23
17,0,3,0,11
17,1,3,0,12
17,2,3,0,19
17,3,3,0,19
17,4,3,0,20
17,5,2,3,8
17,6,2,3,8
17,7,2,3,8
17,8,3,0,3
17,9,3,0,15
17,10,2,3,24
17,11,2,0,0
17,12,2,0,2
17,13,2,0,15
17,14,2,0,12
17,15,2,0,4
17,16,2,0,8
17,17,2,0,14
17,18,2,0,1
17,19,2,0,12
17,20,2,0,16
17,21,2,0,14
17,22,2,3,0
17,23,3,0,4
17,24,3,0,1
17,25,3,0,16
17,26,3,0,11
17,27,2,3,24
17,28,2,0,15
17,29,2,0,14
17,30,2,3,1
17,31,3,0,8
17,32,3,0,20
17,33,3,0,10
17,34,2,3,22
17,35,2,0,21
17,36,2,0,7
17,37,2,0,6
17,38,2,0,15
17,39,2,3,0
17,40,3,0,23
17,41,3,0,0
17,42,3,0,11
17,43,3,0,17
17,44,3,0,15
17,45,3,0,23
17,46,3,0,0
17,47,3,0,9
17,48,3,0,17
17,49,3,0,24
17,50,3,0,17
17,51,2,3,19
17,52,2,0,9
17,53,2,0,0
17,54,2,3,2
17,55,3,0,18
17,56,3,0,24
17,57,3,0,10
17,58,3,0,14
17,59,3,0,5
17,60,3,0,4
17,61,3,0,6
17,62,3,0,24
18,0,3,0,6
18,1,3,0,3
18,2,3,0,13
18,3,3,0,5
18,4,3,0,11
18,5,3,0,21
18,6,3,0,15
18,7,3,0,0
18,8,3,0,1
18,9,2,3,6
18,10,2,0,17
18,11,2,0,5
18,12,2,0,21
18,13,2,0,2
18,14,2,0,23
18,15,2,0,21
18,16,2,0,16
18,17,2,0,16
18,18,2,0,21
18,19,2,0,18
18,20,2,0,17
18,21,2,0,10
18,22,2,3,18
18,23,3,0,9
18,24,3,0,1
18,25,3,0,17
18,26,2,3,6
18,27,2,0,4
18,28,2,0,6
18,29,2,0,4
18,30,2,3,18
18,31,3,0,2
18,32,3,0,11
18,33,3,0,17
18,34,2,3,22
18,35,2,0,21
18,36,2,0,23
18,37,2,0,12
18,38,2,0,1
18,39,2,3,18
18,40,3,0,10
18,41,3,0,24
18,42,3,0,11
18,43,3,0,7
18,44,3,0,14
18,45,3,0,16
18,46,3,0,4
18,47,3,0,1
18,48,3,0,4
18,49,3,0,20
18,50,2,3,6
18,51,2,0,8
18,52,2,0,6
18,53,2,0,11
18,54,2,3,3
18,55,2,3,16
18,56,3,0,10
18,57,3,0,14
18,58,3,0,16
18,59,3,0,3
18,60,3,0,12
18,61,3,0,2
18,62,3,0,21
19,0,3,0,22
19,1,3,0,19
19,2,3,0,24
19,3,3,0,20
19,4,3,0,1
19,5,3,0,23
19,6,3,0,19
19,7,3,0,16
19,8,3,0,13
19,9,2,3,24
19,10,2,0,4
19,11,2,0,23
19,12,2,0,23
19,13,2,0,13
19,14,2,0,7
19,15,2,0,2
19,16,2,0,20
19,17,2,0,15
19,18,2,0,17
19,19,2,0,2
19,20,2,0,6
19,21,2,3,0
19,22,3,0,6
19,23,3,0,21
19,24,3,0,16
19,25,3,0,17
19,26,2,3,24
19,27,2,0,10
19,28,2,0,4
19,29,2,3,0
19,30,3,0,2
19,31,3,0,18
19,32,3,0,21
19,33,3,0,22
19,34,2,3,24
19,35,2,0,1
19,36,2,0,13
19,37,2,0,24
19,38,2,3,13
19,39,3,0,18
19,40,3,0,19
19,41,3,0,9
19,42,3,0,11
19,43,3,0,12
19,44,3,0,11
19,45,3,0,14
19,46,3,0,24
19,47,3,0,22
19,48,3,0,7
19,49,3,0,14
19,50,2,3,24
19,51,2,0,8
19,52,2,0,0
19,53,2,0,21
19,54,2,3,4
19,55,2,3,2
19,56,3,0,21
19,57,3,0,7
19,58,3,0,23
19,59,3,0,13
19,60,3,0,18
19,61,3,0,1
19,62,3,0,4
20,0,3,0,20
20,1,3,0,14
20,2,3,0,7
20,3,3,0,17
20,4,3,0,5
20,5,3,0,24
20,6,3,0,4
20,7,3,0,18
20,8,2,3,6
20,9,2,0,13
20,10,2,0,19
20,11,2,0,1
20,12,2,0,7
20,13,2,0,5
20,14,2,0,17
20,15,2,0,14
20,16,2,0,3
20,17,2,0,3
20,18,2,0,14
20,19,2,0,7
20,20,2,0,13
20,21,2,3,18
20,22,3,0,21
20,23,3,0,10
20,24,3,0,2
20,25,2,3,6
20,26,2,0,21
20,27,2,0,7
20,28,2,0,1
20,29,2,3,1
20,30,3,0,2
20,31,3,0,1
20,32,3,0,3
20,33,2,3,6
20,34,2,0,12
20,35,2,0,18
20,36,2,0,12
20,37,2,3,5
20,38,3,0,20
20,39,3,0,22
20,40,3,0,18
20,41,3,0,17
20,42,3,0,12
20,43,3,0,14
20,44,3,0,20
20,45,3,0,24
20,46,3,0,24
20,47,3,0,4
20,48,3,0,1
20,49,2,3,11
20,50,2,0,0
20,51,2,0,11
20,52,2,0,24
20,53,2,0,12
20,54,2,0,3
20,55,2,3,18
20,56,3,0,11
20,57,3,0,1
20,58,3,0,2
20,59,3,0,24
20,60,3,0,24
20,61,3,0,11
20,62,3,0,0
21,0,3,0,15
21,1,3,0,18
21,2,3,0,21
21,3,3,0,17
21,4,3,0,5
21,5,3,0,12
21,6,3,0,12
21,7,3,0,22
21,8,2,3,24
21,9,2,0,2
21,10,2,0,12
21,11,2,0,12
21,12,2,0,5
21,13,2,0,6
21,14,2,0,24
21,15,2,0,17
21,16,2,0,14
21,17,2,0,23
21,18,2,3,20
21,19,2,3,20
21,20,2,3,15
21,21,3,0,22
21,22,3,0,0
21,23,3,0,11
21,24,3,0,8
21,25,2,3,24
21,26,2,0,16
21,27,2,0,13
21,28,2,0,10
21,29,2,3,18
21,30,3,0,8
21,31,3,0,15
21,32,3,0,8
21,33,2,3,24
21,34,2,0,4
21,35,2,3,20
21,36,2,3,13
21,37,3,0,9
21,38,3,0,11
21,39,3,0,22
21,40,3,0,14
21,41,3,0,11
21,42,3,0,24
21,43,3,0,6
21,44,3,0,17
21,45,3,0,4
21,46,3,0,14
21,47,3,0,17
21,48,2,3,11
21,49,2,0,3
21,50,2,0,20
21,51,2,0,14
21,52,2,0,0
21,53,2,0,11
21,54,2,3,0
21,55,3,0,10
21,56,3,0,3
21,57,3,0,1
21,58,3,0,22
21,59,3,0,23
21,60,3,0,16
21,61,3,0,23
21,62,3,0,14
22,0,3,0,24
22,1,3,0,14
22,2,3,0,19
22,3,3,0,24
22,4,3,0,8
22,5,3,0,20
22,6,3,0,18
22,7,2,3,6
22,8,2,0,18
22,9,2,0,8
22,10,2,0,12
22,11,2,0,19
22,12,2,0,16
22,13,2,0,2
22,14,2,0,16
22,15,2,0,15
22,16,2,0,0
22,17,2,3,13
22,18,2,3,8
22,19,2,3,8
22,20,3,0,18
22,21,3,0,12
22,22,3,0,3
22,23,3,0,11
22,24,2,3,6
22,25,2,0,6
22,26,2,0,3
22,27,2,0,22
22,28,2,3,0
22,29,3,0,19
22,30,3,0,15
22,31,3,0,7
22,32,2,3,9
22,33,2,0,23
22,34,2,3,15
22,35,2,3,8
22,36,3,0,7
22,37,3,0,11
22,38,3,0,3
22,39,3,0,16
22,40,3,0,3
22,41,3,0,20
22,42,3,0,4
22,43,3,0,16
22,44,3,0,8
22,45,3,0,12
22,46,3,0,20
22,47,2,3,11
22,48,2,0,12
22,49,2,0,5
22,50,2,0,23
22,51,2,0,2
22,52,2,0,14
22,53,2,0,3
22,54,2,3,2
22,55,3,0,17
22,56,3,0,5
22,57,3,0,12
22,58,3,0,6
22,59,3,0,10
22,60,3,0,4
22,61,3,0,16
22,62,3,0,6
23,0,3,0,23
23,1,3,0,18
23,2,3,0,21
23,3,3,0,14
23,4,3,0,20
23,5,3,0,15
23,6,3,0,15
23,7,2,3,24
23,8,2,0,16
23,9,2,0,13
23,10,2,0,13
23,11,2,0,15
23,12,2,0,0
23,13,2,0,6
23,14,2,0,20
23,15,2,0,16
23,16,2,3,0
23,17,3,0,18
23,18,3,0,8
23,19,3,0,5
23,20,3,0,24
23,21,3,0,10
23,22,3,0,8
23,23,3,0,23
23,24,2,3,7
23,25,2,3,20
23,26,2,0,7
23,27,2,0,15
23,28,2,3,1
23,29,2,3,16
23,30,2,3,16
23,31,2,3,14
23,32,2,0,1
23,33,2,3,13
23,34,3,0,15
23,35,3,0,9
23,36,3,0,0
23,37,3,0,20
23,38,3,0,12
23,39,3,0,8
23,40,3,0,2
23,41,3,0,23
23,42,3,0,10
23,43,3,0,7
23,44,3,0,0
23,45,3,0,17
23,46,2,3,14
23,47,2,0,23
23,48,2,0,16
23,49,2,0,9
23,50,2,0,9
23,51,2,0,5
23,52,2,0,6
23,53,2,0,4
23,54,2,3,1
23,55,3,0,9
23,56,3,0,22
23,57,3,0,6
23,58,3,0,5
23,59,3,0,15
23,60,3,0,6
23,61,3,0,2
23,62,3,0,8
24,0,3,0,21
24,1,3,0,11
24,2,3,0,0
24,3,3,0,13
24,4,3,0,22
24,5,3,0,4
24,6,2,3,6
24,7,2,0,12
24,8,2,0,0
24,9,2,0,0
24,10,2,0,0
24,11,2,0,19
24,12,2,0,21
24,13,2,0,18
24,14,2,0,14
24,15,2,0,11
24,16,2,3,18
24,17,3,0,7
24,18,3,0,4
24,19,3,0,12
24,20,3,0,15
24,21,3,0,15
24,22,3,0,14
24,23,3,0,14
24,24,2,3,8
24,25,2,3,7
24,26,2,0,7
24,27,2,0,9
24,28,2,3,4
24,29,2,3,4
24,30,2,3,4
24,31,2,0,15
24,32,2,3,5
24,33,3,0,11
24,34,3,0,10
24,35,3,0,3
24,36,3,0,4
24,37,3,0,16
24,38,3,0,23
24,39,3,0,22
24,40,3,0,19
24,41,3,0,13
24,42,3,0,20
24,43,3,0,5
24,44,3,0,17
24,45,2,3,14
24,46,2,0,6
24,47,2,0,5
24,48,2,0,4
24,49,2,0,8
24,50,2,0,6
24,51,2,0,23
24,52,2,0,13
24,53,2,0,13
24,54,2,3,1
24,55,3,0,4
24,56,3,0,6
24,57,3,0,17
24,58,3,0,24
24,59,3,0,11
24,60,3,0,17
24,61,3,0,19
24,62,3,0,1
25,0,3,0,7
25,1,3,0,12
25,2,3,0,1
25,3,3,0,21
25,4,3,0,22
25,5,3,0,21
25,6,2,3,23
25,7,2,0,4
25,8,2,0,20
25,9,2,0,16
25,10,2,0,11
25,11,2,0,19
25,12,2,0,24
25,13,2,0,17
25,14,2,0,8
25,15,2,3,0
25,16,3,0,4
25,17,3,0,10
25,18,3,0,2
25,19,3,0,0
25,20,3,0,19
25,21,3,0,15
25,22,3,0,9
25,23,3,0,19
25,24,2,3,16
25,25,2,3,24
25,26,2,0,16
25,27,2,0,23
25,28,2,0,8
25,29,2,0,7
25,30,2,0,16
25,31,2,3,0
25,32,3,0,2
25,33,3,0,5
25,34,3,0,23
25,35,3,0,13
25,36,3,0,17
25,37,3,0,16
25,38,3,0,7
25,39,3,0,2
25,40,3,0,14
25,41,3,0,17
25,42,3,0,3
25,43,2,3,16
25,44,2,3,9
25,45,2,0,6
25,46,2,0,24
25,47,2,0,18
25,48,2,0,15
25,49,2,0,11
25,50,2,0,7
25,51,2,0,24
25,52,2,0,23
25,53,2,0,24
25,54,2,3,1
25,55,2,3,16
25,56,2,3,16
25,57,2,3,16
25,58,3,0,8
25,59,3,0,8
25,60,3,0,9
25,61,3,0,10
25,62,3,0,2
26,0,3,0,18
26,1,3,0,10
26,2,3,0,20
26,3,3,0,10
26,4,3,0,23
26,5,3,0,0
26,6,2,3,21
26,7,2,0,11
26,8,2,0,8
26,9,2,0,3
26,10,2,0,8
26,11,2,0,0
26,12,2,0,18
26,13,2,0,19
26,14,2,0,4
26,15,2,3,1
26,16,3,0,18
26,17,3,0,21
26,18,3,0,0
26,19,2,3,16
26,20,2,3,16
26,21,3,0,18
26,22,3,0,0
26,23,2,3,19
26,24,2,3,4
26,25,2,0,9
26,26,2,0,5
26,27,2,0,15
26,28,2,0,12
26,29,2,0,6
26,30,2,0,21
26,31,2,3,18
26,32,3,0,15
26,33,3,0,11
26,34,3,0,6
26,35,3,0,4
26,36,3,0,9
26,37,3,0,8
26,38,3,0,3
26,39,3,0,2
26,40,3,0,21
26,41,3,0,21
26,42,2,3,11
26,43,2,3,4
26,44,2,0,19
26,45,2,0,0
26,46,2,0,7
26,47,2,0,18
26,48,2,0,16
26,49,2,0,10
26,50,2,0,21
26,51,2,0,1
26,52,2,0,0
26,53,2,0,11
26,54,2,3,4
26,55,2,3,4
26,56,2,3,4
26,57,2,3,3
26,58,3,0,9
26,59,3,0,16
26,60,3,0,0
26,61,3,0,21
26,62,3,0,8
27,0,3,0,17
27,1,3,0,2
27,2,3,0,7
27,3,3,0,11
27,4,3,0,20
27,5,3,0,22
27,6,2,3,22
27,7,2,0,22
27,8,2,0,20
27,9,2,0,19
27,10,2,0,11
27,11,2,0,14
27,12,2,0,20
27,13,2,0,23
27,14,2,0,21
27,15,2,3,3
27,16,3,0,21
27,17,3,0,21
27,18,2,3,11
27,19,2,3,4
27,20,2,3,2
27,21,3,0,22
27,22,2,3,6
27,23,2,0,8
27,24,2,0,13
27,25,2,0,14
27,26,2,0,4
27,27,2,0,17
27,28,2,0,11
27,29,2,0,17
27,30,2,3,13
27,31,3,0,11
27,32,3,0,18
27,33,3,0,16
27,34,3,0,16
27,35,3,0,22
27,36,3,0,1
27,37,3,0,6
27,38,3,0,17
27,39,3,0,24
27,40,3,0,11
27,41,2,3,9
27,42,2,0,8
27,43,2,0,14
27,44,2,0,8
27,45,2,0,4
27,46,2,0,6
27,47,2,0,16
27,48,2,0,7
27,49,2,0,10
27,50,2,0,12
27,51,2,0,8
27,52,2,0,15
27,53,2,0,3
27,54,2,0,14
27,55,2,0,2
27,56,2,0,9
27,57,2,3,18
27,58,3,0,4
27,59,3,0,14
27,60,3,0,11
27,61,3,0,19
27,62,3,0,6
28,0,3,0,0
28,1,3,0,0
28,2,3,0,4
28,3,3,0,10
28,4,3,0,1
28,5,3,0,14
28,6,2,3,7
28,7,2,0,15
28,8,2,0,12
28,9,2,0,21
28,10,2,0,24
28,11,2,0,13
28,12,2,0,22
28,13,2,0,20
28,14,2,0,20
28,15,2,3,17
28,16,2,3,16
28,17,2,3,9
28,18,2,0,20
28,19,2,0,6
28,20,2,3,3
28,21,3,0,6
28,22,2,3,24
28,23,2,0,5
28,24,2,0,9
28,25,2,0,13
28,26,2,0,16
28,27,2,0,8
28,28,2,0,16
28,29,2,3,10
28,30,3,0,12
28,31,3,0,21
28,32,3,0,24
28,33,3,0,18
28,34,3,0,24
28,35,3,0,14
28,36,3,0,18
28,37,3,0,23
28,38,3,0,24
28,39,3,0,23
28,40,2,3,6
28,41,2,0,19
28,42,2,0,13
28,43,2,0,1
28,44,2,0,18
28,45,2,0,19
28,46,2,0,7
28,47,2,0,1
28,48,2,0,24
28,49,2,0,20
28,50,2,0,18
28,51,2,0,21
28,52,2,0,4
28,53,2,0,6
28,54,2,0,11
28,55,2,0,15
28,56,2,3,0
28,57,3,0,13
28,58,3,0,24
28,59,3,0,22
28,60,3,0,8
28,61,3,0,5
28,62,3,0,10
29,0,3,0,5
29,1,3,0,22
29,2,3,0,21
29,3,3,0,4
29,4,3,0,4
29,5,3,0,19
29,6,2,3,22
29,7,2,0,19
29,8,2,0,20
29,9,2,0,20
29,10,2,0,1
29,11,2,0,8
29,12,2,0,22
29,13,2,0,6
29,14,2,0,18
29,15,2,3,4
29,16,2,3,4
29,17,2,0,8
29,18,2,0,13
29,19,2,0,1
29,20,2,3,17
29,21,2,3,19
29,22,2,0,13
29,23,2,0,21
29,24,2,0,6
29,25,2,0,5
29,26,2,0,24
29,27,2,0,2
29,28,2,3,13
29,29,3,0,14
29,30,3,0,22
29,31,3,0,15
29,32,3,0,23
29,33,3,0,13
29,34,3,0,23
29,35,3,0,23
29,36,3,0,7
29,37,3,0,14
29,38,3,0,10
29,39,3,0,0
29,40,2,3,24
29,41,2,0,10
29,42,2,0,5
29,43,2,0,5
29,44,2,0,20
29,45,2,0,9
29,46,2,0,17
29,47,2,0,22
29,48,2,0,13
29,49,2,0,24
29,50,2,0,7
29,51,2,0,17
29,52,2,0,9
29,53,2,0,22
29,54,2,0,19
29,55,2,0,24
29,56,2,3,18
29,57,3,0,0
29,58,3,0,7
29,59,3,0,7
29,60,3,0,1
29,61,3,0,7
29,62,3,0,16
30,0,3,0,11
30,1,3,0,4
30,2,3,0,14
30,3,3,0,22
30,4,3,0,19
30,5,3,0,18
30,6,2,3,23
30,7,2,0,21
30,8,2,0,20
30,9,2,0,8
30,10,2,0,13
30,11,2,0,18
30,12,2,0,0
30,13,2,0,18
30,14,2,0,15
30,15,2,0,2
30,16,2,0,6
30,17,2,0,15
30,18,2,0,22
30,19,2,0,24
30,20,2,3,4
30,21,2,0,12
30,22,2,0,10
30,23,2,0,22
30,24,2,0,4
30,25,2,0,10
30,26,2,0,8
30,27,2,3,13
30,28,3,0,12
30,29,3,0,23
30,30,3,0,20
30,31,3,0,20
30,32,3,0,7
30,33,3,0,4
30,34,3,0,2
30,35,3,0,11
30,36,3,0,17
30,37,3,0,24
30,38,3,0,3
30,39,2,3,6
30,40,2,0,1
30,41,2,0,21
30,42,2,0,24
30,43,2,0,23
30,44,2,0,17
30,45,2,0,8
30,46,2,0,11
30,47,2,0,6
30,48,2,0,23
30,49,2,0,23
30,50,2,0,3
30,51,2,0,12
30,52,2,0,4
30,53,2,0,23
30,54,2,0,17
30,55,2,0,22
30,56,3,0,13
30,57,3,0,17
30,58,3,0,1
30,59,3,0,11
30,60,3,0,10
30,61,3,0,12
30,62,3,0,2
31,0,3,0,11
31,1,3,0,14
31,2,3,0,6
31,3,3,0,21
31,4,3,0,4
31,5,3,0,5
31,6,2,3,22
31,7,2,0,22
31,8,2,0,12
31,9,2,0,21
31,10,2,0,21
31,11,2,0,23
31,12,2,0,6
31,13,2,0,0
31,14,2,0,15
31,15,2,0,9
31,16,2,0,13
31,17,2,0,17
31,18,2,0,5
31,19,2,0,0
31,20,2,0,3
31,21,2,0,7
31,22,2,0,0
31,23,2,0,9
31,24,2,0,18
31,25,2,0,15
31,26,2,3,0
31,27,3,0,1
31,28,3,0,24
31,29,3,0,23
31,30,3,0,24
31,31,3,0,2
31,32,3,0,9
31,33,3,0,14
31,34,3,0,22
31,35,3,0,0
31,36,3,0,14
31,37,3,0,13
31,38,3,0,13
31,39,2,3,24
31,40,2,0,2
31,41,2,0,8
31,42,2,0,18
31,43,2,0,1
31,44,2,0,0
31,45,2,0,0
31,46,2,0,13
31,47,2,0,10
31,48,2,0,21
31,49,2,0,17
31,50,2,0,5
31,51,2,0,2
31,52,2,0,2
31,53,2,0,9
31,54,2,0,1
31,55,2,3,1
31,56,3,0,4
31,57,3,0,21
31,58,3,0,22
31,59,3,0,14
31,60,3,0,11
31,61,3,0,24
31,62,3,0,15
32,0,3,0,11
32,1,3,0,22
32,2,3,0,21
32,3,3,0,24
32,4,3,0,0
32,5,3,0,11
32,6,2,3,24
32,7,2,0,15
32,8,2,0,15
32,9,2,0,19
32,10,2,0,19
32,11,2,0,7
32,12,2,0,20
32,13,2,0,23
32,14,2,0,13
32,15,2,0,8
32,16,2,0,18
32,17,2,0,12
32,18,2,0,10
32,19,2,0,15
32,20,2,0,21
32,21,2,0,5
32,22,2,0,14
32,23,2,0,24
32,24,2,0,8
32,25,2,0,13
32,26,2,3,18
32,27,3,0,2
32,28,3,0,6
32,29,3,0,23
32,30,3,0,18
32,31,3,0,15
32,32,3,0,16
32,33,3,0,4
32,34,3,0,11
32,35,3,0,9
32,36,3,0,13
32,37,3,0,11
32,38,2,3,6
32,39,2,0,23
32,40,2,0,14
32,41,2,0,19
32,42,2,0,7
32,43,2,0,20
32,44,2,0,20
32,45,2,0,22
32,46,2,0,5
32,47,2,3,20
32,48,2,3,20
32,49,2,3,20
32,50,2,0,12
32,51,2,0,9
32,52,2,0,8
32,53,2,0,7
32,54,2,0,2
32,55,2,3,3
32,56,3,0,1
32,57,3,0,23
32,58,3,0,16
32,59,3,0,13
32,60,3,0,10
32,61,3,0,9
32,62,3,0,21
33,0,3,0,7
33,1,3,0,15
33,2,3,0,5
33,3,3,0,16
33,4,3,0,4
33,5,2,3,6
33,6,2,0,17
33,7,2,0,2
33,8,2,0,3
33,9,2,0,10
33,10,2,0,22
33,11,2,0,9
33,12,2,0,18
33,13,2,0,13
33,14,2,0,2
33,15,2,0,9
33,16,2,0,8
33,17,2,0,10
33,18,2,0,22
33,19,2,0,9
33,20,2,0,1
33,21,2,0,16
33,22,2,0,5
33,23,2,3,20
33,24,2,3,20
33,25,2,3,5
33,26,3,0,9
33,27,3,0,2
33,28,3,0,7
33,29,3,0,1
33,30,3,0,22
33,31,3,0,17
33,32,3,0,23
33,33,3,0,20
33,34,3,0,10
33,35,3,0,11
33,36,3,0,18
33,37,3,0,14
33,38,2,3,21
33,39,2,0,0
33,40,2,0,14
33,41,2,0,5
33,42,2,0,18
33,43,2,0,4
33,44,2,0,24
33,45,2,0,3
33,46,2,3,15
33,47,2,3,8
33,48,2,3,8
33,49,2,3,7
33,50,2,3,20
33,51,2,0,20
33,52,2,0,3
33,53,2,0,20
33,54,2,0,13
33,55,2,3,3
33,56,3,0,4
33,57,3,0,10
33,58,3,0,22
33,59,3,0,19
33,60,3,0,6
33,61,3,0,8
33,62,3,0,22
34,0,3,0,22
34,1,3,0,22
34,2,3,0,9
34,3,3,0,4
34,4,3,0,8
34,5,2,3,23
34,6,2,0,14
34,7,2,0,11
34,8,2,0,15
34,9,2,0,5
34,10,2,0,24
34,11,2,0,12
34,12,2,0,5
34,13,2,0,22
34,14,2,0,21
34,15,2,0,7
34,16,2,0,21
34,17,2,0,2
34,18,2,0,4
34,19,2,0,1
34,20,2,0,10
34,21,2,0,12
34,22,2,3,13
34,23,2,3,8
34,24,2,3,8
34,25,3,0,22
34,26,3,0,19
34,27,3,0,15
34,28,3,0,21
34,29,3,0,9
34,30,3,0,0
34,31,3,0,16
34,32,3,0,21
34,33,3,0,18
34,34,3,0,14
34,35,3,0,20
34,36,3,0,8
34,37,3,0,19
34,38,2,3,24
34,39,2,0,18
34,40,2,0,16
34,41,2,0,23
34,42,2,0,12
34,43,2,0,6
34,44,2,0,24
34,45,2,3,15
34,46,3,0,13
34,47,3,0,12
34,48,3,0,23
34,49,2,3,8
34,50,2,3,7
34,51,2,0,4
34,52,2,0,5
34,53,2,0,14
34,54,2,0,19
34,55,2,3,18
34,56,3,0,17
34,57,3,0,13
34,58,3,0,7
34,59,3,0,21
34,60,3,0,2
34,61,3,0,11
34,62,3,0,12
35,0,3,0,3
35,1,3,0,13
35,2,3,0,3
35,3,3,0,14
35,4,3,0,3
35,5,2,3,24
35,6,2,0,7
35,7,2,0,5
35,8,2,0,5
35,9,2,0,23
35,10,2,0,19
35,11,2,0,8
35,12,2,0,19
35,13,2,0,13
35,14,2,0,24
35,15,2,0,14
35,16,2,0,7
35,17,2,0,15
35,18,2,0,20
35,19,2,0,15
35,20,2,0,22
35,21,2,3,15
35,22,3,0,19
35,23,3,0,3
35,24,3,0,16
35,25,3,0,15
35,26,3,0,10
35,27,3,0,23
35,28,3,0,1
35,29,3,0,21
35,30,3,0,23
35,31,3,0,10
35,32,3,0,11
35,33,3,0,5
35,34,3,0,7
35,35,3,0,23
35,36,3,0,22
35,37,2,3,6
35,38,2,0,20
35,39,2,0,9
35,40,2,0,10
35,41,2,0,24
35,42,2,0,9
35,43,2,0,14
35,44,2,3,0
35,45,3,0,22
35,46,3,0,4
35,47,3,0,15
35,48,3,0,12
35,49,3,0,20
35,50,2,3,24
35,51,2,0,4
35,52,2,0,23
35,53,2,0,24
35,54,2,3,0
35,55,3,0,7
35,56,3,0,12
35,57,3,0,8
35,58,3,0,18
35,59,3,0,22
35,60,3,0,3
35,61,3,0,17
35,62,3,0,14
36,0,3,0,11
36,1,3,0,13
36,2,3,0,23
36,3,3,0,14
36,4,2,3,6
36,5,2,0,5
36,6,2,0,1
36,7,2,0,0
36,8,2,0,13
36,9,2,0,4
36,10,2,0,18
36,11,2,0,20
36,12,2,0,18
36,13,2,0,22
36,14,2,0,8
36,15,2,0,12
36,16,2,0,23
36,17,2,0,21
36,18,2,0,2
36,19,2,0,11
36,20,2,3,0
36,21,3,0,10
36,22,3,0,4
36,23,3,0,19
36,24,3,0,23
36,25,3,0,7
36,26,3,0,3
36,27,3,0,24
36,28,3,0,14
36,29,3,0,8
36,30,3,0,8
36,31,3,0,13
36,32,3,0,18
36,33,3,0,20
36,34,3,0,3
36,35,3,0,22
36,36,3,0,18
36,37,2,3,24
36,38,2,0,5
36,39,2,0,6
36,40,2,0,24
36,41,2,0,20
36,42,2,0,19
36,43,2,0,21
36,44,2,3,18
36,45,3,0,6
36,46,3,0,0
36,47,3,0,20
36,48,3,0,23
36,49,2,3,6
36,50,2,0,10
36,51,2,0,15
36,52,2,0,19
36,53,2,0,17
36,54,2,3,17
36,55,3,0,22
36,56,3,0,4
36,57,3,0,10
36,58,3,0,15
36,59,3,0,1
36,60,3,0,19
36,61,3,0,7
36,62,3,0,11
37,0,3,0,24
37,1,3,0,5
37,2,3,0,7
37,3,3,0,13
37,4,2,3,23
37,5,2,0,21
37,6,2,0,16
37,7,2,0,3
37,8,2,0,6
37,9,2,0,6
37,10,2,0,1
37,11,2,0,18
37,12,2,0,16
37,13,2,0,23
37,14,2,0,19
37,15,2,0,11
37,16,2,0,19
37,17,2,0,17
37,18,2,0,7
37,19,2,0,18
37,20,2,3,18
37,21,3,0,18
37,22,3,0,8
37,23,3,0,0
37,24,3,0,20
37,25,3,0,6
37,26,3,0,6
37,27,3,0,12
37,28,3,0,10
37,29,3,0,9
37,30,3,0,3
37,31,3,0,9
37,32,3,0,20
37,33,3,0,19
37,34,3,0,21
37,35,3,0,3
37,36,2,3,19
37,37,2,0,0
37,38,2,0,12
37,39,2,0,21
37,40,2,0,5
37,41,2,0,8
37,42,2,0,20
37,43,2,3,0
37,44,3,0,7
37,45,3,0,24
37,46,3,0,13
37,47,3,0,22
37,48,3,0,2
37,49,2,3,23
37,50,2,0,19
37,51,2,0,13
37,52,2,0,8
37,53,2,0,16
37,54,2,3,3
37,55,3,0,4
37,56,3,0,12
37,57,3,0,1
37,58,3,0,6
37,59,3,0,24
37,60,3,0,12
37,61,3,0,10
37,62,3,0,24
38,0,3,0,4
38,1,3,0,7
38,2,3,0,8
38,3,3,0,15
38,4,2,3,22
38,5,2,3,20
38,6,2,0,1
38,7,2,0,13
38,8,2,0,16
38,9,2,0,14
38,10,2,0,21
38,11,2,0,19
38,12,2,0,6
38,13,2,0,6
38,14,2,0,13
38,15,2,0,3
38,16,2,0,5
38,17,2,0,10
38,18,2,0,9
38,19,2,3,15
38,20,3,0,16
38,21,3,0,8
38,22,3,0,4
38,23,3,0,13
38,24,3,0,2
38,25,3,0,22
38,26,3,0,22
38,27,3,0,18
38,28,3,0,9
38,29,3,0,6
38,30,3,0,13
38,31,3,0,23
38,32,3,0,16
38,33,3,0,19
38,34,3,0,7
38,35,2,3,11
38,36,2,0,13
38,37,2,0,5
38,38,2,0,21
38,39,2,0,2
38,40,2,0,2
38,41,2,0,11
38,42,2,0,15
38,43,2,3,3
38,44,3,0,6
38,45,3,0,19
38,46,3,0,24
38,47,3,0,13
38,48,3,0,3
38,49,2,3,24
38,50,2,0,13
38,51,2,0,24
38,52,2,0,2
38,53,2,0,4
38,54,2,3,2
38,55,2,3,16
38,56,2,3,16
38,57,3,0,19
38,58,3,0,15
38,59,3,0,18
38,60,3,0,9
38,61,3,0,4
38,62,3,0,13
39,0,3,0,17
39,1,3,0,19
39,2,3,0,4
39,3,3,0,21
39,4,2,3,8
39,5,2,3,22
39,6,2,0,16
39,7,2,0,19
39,8,2,0,11
39,9,2,0,10
39,10,2,0,22
39,11,2,0,0
39,12,2,0,23
39,13,2,0,12
39,14,2,0,12
39,15,2,0,10
39,16,2,0,23
39,17,2,0,15
39,18,2,3,15
39,19,3,0,18
39,20,3,0,21
39,21,3,0,18
39,22,3,0,0
39,23,3,0,12
39,24,3,0,1
39,25,3,0,2
39,26,3,0,21
39,27,3,0,3
39,28,3,0,24
39,29,3,0,11
39,30,3,0,17
39,31,3,0,15
39,32,3,0,19
39,33,3,0,13
39,34,2,3,9
39,35,2,0,15
39,36,2,0,12
39,37,2,0,7
39,38,2,0,0
39,39,2,0,22
39,40,2,0,22
39,41,2,0,18
39,42,2,0,11
39,43,2,3,2
39,44,3,0,13
39,45,3,0,12
39,46,3,0,24
39,47,3,0,6
39,48,2,3,6
39,49,2,0,2
39,50,2,0,4
39,51,2,0,2
39,52,2,0,4
39,53,2,0,18
39,54,2,3,4
39,55,2,3,4
39,56,2,3,18
39,57,3,0,1
39,58,3,0,15
39,59,3,0,2
39,60,3,0,1
39,61,3,0,7
39,62,3,0,8
40,0,3,0,2
40,1,3,0,2
40,2,3,0,15
40,3,3,0,6
40,4,3,0,0
40,5,2,3,7
40,6,2,0,10
40,7,2,0,18
40,8,2,0,18
40,9,2,0,12
40,10,2,0,3
40,11,2,0,22
40,12,2,0,14
40,13,2,0,10
40,14,2,0,4
40,15,2,0,21
40,16,2,0,19
40,17,2,3,0
40,18,3,0,19
40,19,3,0,24
40,20,3,0,1
40,21,3,0,19
40,22,3,0,5
40,23,3,0,17
40,24,3,0,11
40,25,3,0,8
40,26,3,0,13
40,27,3,0,9
40,28,3,0,11
40,29,3,0,18
40,30,3,0,10
40,31,3,0,23
40,32,3,0,5
40,33,2,3,14
40,34,2,0,2
40,35,2,0,8
40,36,2,0,13
40,37,2,0,14
40,38,2,0,11
40,39,2,3,20
40,40,2,3,20
40,41,2,0,18
40,42,2,0,2
40,43,2,3,3
40,44,3,0,19
40,45,3,0,23
40,46,3,0,23
40,47,3,0,12
40,48,2,3,22
40,49,2,0,12
40,50,2,0,11
40,51,2,0,21
40,52,2,0,24
40,53,2,0,18
40,54,2,0,17
40,55,2,3,0
40,56,3,0,14
40,57,3,0,15
40,58,3,0,10
40,59,3,0,18
40,60,3,0,18
40,61,3,0,15
40,62,3,0,18
41,0,3,0,23
41,1,3,0,16
41,2,3,0,23
41,3,3,0,16
41,4,3,0,11
41,5,2,3,21
41,6,2,0,11
41,7,2,0,2
41,8,2,0,4
41,9,2,0,8
41,10,2,0,4
41,11,2,0,3
41,12,2,0,10
41,13,2,0,7
41,14,2,0,6
41,15,2,0,2
41,16,2,0,6
41,17,2,3,18
41,18,3,0,18
41,19,3,0,8
41,20,3,0,11
41,21,3,0,3
41,22,3,0,23
41,23,3,0,5
41,24,3,0,18
41,25,3,0,6
41,26,3,0,13
41,27,3,0,21
41,28,3,0,12
41,29,3,0,23
41,30,3,0,6
41,31,2,3,16
41,32,2,3,19
41,33,2,0,18
41,34,2,0,22
41,35,2,0,21
41,36,2,0,7
41,37,2,0,17
41,38,2,3,5
41,39,2,3,8
41,40,2,3,24
41,41,2,0,7
41,42,2,0,22
41,43,2,3,17
41,44,3,0,2
41,45,3,0,0
41,46,3,0,0
41,47,3,0,3
41,48,2,3,22
41,49,2,0,1
41,50,2,0,5
41,51,2,0,14
41,52,2,0,0
41,53,2,0,2
41,54,2,0,1
41,55,2,3,18
41,56,3,0,9
41,57,3,0,4
41,58,3,0,6
41,59,3,0,3
41,60,3,0,15
41,61,3,0,0
41,62,3,0,9
42,0,3,0,19
42,1,3,0,18
42,2,3,0,22
42,3,3,0,7
42,4,3,0,14
42,5,2,3,22
42,6,2,0,21
42,7,2,0,11
42,8,2,0,12
42,9,2,0,22
42,10,2,0,12
42,11,2,0,3
42,12,2,0,14
42,13,2,0,5
42,14,2,0,24
42,15,2,0,17
42,16,2,3,13
42,17,3,0,6
42,18,3,0,0
42,19,3,0,14
42,20,3,0,0
42,21,3,0,20
42,22,3,0,18
42,23,3,0,16
42,24,3,0,6
42,25,3,0,11
42,26,3,0,0
42,27,3,0,16
42,28,3,0,24
42,29,3,0,21
42,30,2,3,19
42,31,2,3,4
42,32,2,0,9
42,33,2,0,4
42,34,2,0,14
42,35,2,0,18
42,36,2,0,8
42,37,2,3,0
42,38,3,0,8
42,39,2,3,6
42,40,2,0,2
42,41,2,0,16
42,42,2,0,22
42,43,2,3,3
42,44,3,0,6
42,45,3,0,7
42,46,3,0,6
42,47,3,0,19
42,48,2,3,24
42,49,2,0,10
42,50,2,0,22
42,51,2,0,12
42,52,2,0,5
42,53,2,0,15
42,54,2,0,3
42,55,3,0,11
42,56,3,0,4
42,57,3,0,17
42,58,3,0,22
42,59,3,0,21
42,60,3,0,10
42,61,3,0,23
42,62,3,0,11
43,0,3,0,19
43,1,3,0,24
43,2,3,0,5
43,3,3,0,17
43,4,3,0,13
43,5,2,3,21
43,6,2,0,24
43,7,2,0,10
43,8,2,0,2
43,9,2,3,20
43,10,2,3,20
43,11,2,3,20
43,12,2,3,20
43,13,2,3,20
43,14,2,3,20
43,15,2,3,15
43,16,3,0,13
43,17,3,0,7
43,18,3,0,17
43,19,3,0,17
43,20,3,0,9
43,21,3,0,8
43,22,3,0,15
43,23,3,0,5
43,24,3,0,6
43,25,3,0,4
43,26,3,0,17
43,27,3,0,7
43,28,3,0,18
43,29,2,3,14
43,30,2,0,18
43,31,2,0,20
43,32,2,0,5
43,33,2,0,0
43,34,2,0,12
43,35,2,0,6
43,36,2,0,18
43,37,2,3,18
43,38,3,0,0
43,39,2,3,24
43,40,2,0,4
43,41,2,0,9
43,42,2,0,24
43,43,2,3,2
43,44,3,0,9
43,45,3,0,4
43,46,3,0,21
43,47,2,3,6
43,48,2,0,11
43,49,2,0,5
43,50,2,0,18
43,51,2,0,24
43,52,2,0,19
43,53,2,0,19
43,54,2,3,18
43,55,3,0,4
43,56,3,0,3
43,57,3,0,5
43,58,3,0,24
43,59,3,0,20
43,60,3,0,1
43,61,3,0,20
43,62,3,0,15
44,0,3,0,5
44,1,3,0,17
44,2,3,0,14
44,3,3,0,0
44,4,3,0,19
44,5,2,3,21
44,6,2,3,20
44,7,2,3,20
44,8,2,3,15
44,9,2,3,8
44,10,2,3,8
44,11,2,3,8
44,12,2,3,8
44,13,2,3,8
44,14,2,3,8
44,15,3,0,16
44,16,3,0,14
44,17,3,0,10
44,18,3,0,24
44,19,3,0,18
44,20,3,0,7
44,21,3,0,5
44,22,3,0,1
44,23,3,0,23
44,24,3,0,17
44,25,3,0,6
44,26,3,0,18
44,27,3,0,0
44,28,2,3,11
44,29,2,0,7
44,30,2,0,22
44,31,2,0,3
44,32,2,0,11
44,33,2,0,3
44,34,2,0,6
44,35,2,0,0
44,36,2,3,5
44,37,3,0,12
44,38,2,3,6
44,39,2,0,14
44,40,2,0,21
44,41,2,0,21
44,42,2,0,16
44,43,2,3,18
44,44,3,0,6
44,45,3,0,7
44,46,3,0,1
44,47,2,3,24
44,48,2,0,20
44,49,2,0,7
44,50,2,0,2
44,51,2,0,17
44,52,2,0,18
44,53,2,3,10
44,54,3,0,2
44,55,3,0,14
44,56,3,0,12
44,57,3,0,12
44,58,3,0,24
44,59,3,0,19
44,60,3,0,0
44,61,3,0,2
44,62,3,0,2
45,0,3,0,9
45,1,3,0,1
45,2,3,0,5
45,3,3,0,13
45,4,3,0,21
45,5,2,3,8
45,6,2,3,8
45,7,2,3,8
45,8,3,0,24
45,9,3,0,12
45,10,3,0,2
45,11,3,0,21
45,12,3,0,20
45,13,3,0,23
45,14,3,0,16
45,15,3,0,3
45,16,3,0,6
45,17,3,0,16
45,18,3,0,23
45,19,3,0,23
45,20,3,0,24
45,21,3,0,13
45,22,3,0,15
45,23,3,0,21
45,24,3,0,20
45,25,3,0,3
45,26,2,3,16
45,27,2,3,9
45,28,2,0,11
45,29,2,0,9
45,30,2,0,24
45,31,2,0,6
45,32,2,0,4
45,33,2,0,3
45,34,2,0,11
45,35,2,3,13
45,36,3,0,10
45,37,3,0,3
45,38,2,3,24
45,39,2,0,15
45,40,2,0,2
45,41,2,0,9
45,42,2,3,5
45,43,3,0,18
45,44,3,0,17
45,45,3,0,13
45,46,2,3,9
45,47,2,0,2
45,48,2,0,19
45,49,2,0,10
45,50,2,0,9
45,51,2,0,9
45,52,2,3,0
45,53,3,0,16
45,54,3,0,3
45,55,3,0,1
45,56,3,0,24
45,57,3,0,18
45,58,3,0,5
45,59,3,0,9
45,60,3,0,4
45,61,3,0,14
45,62,3,0,19
46,0,3,0,24
46,1,3,0,5
46,2,3,0,23
46,3,3,0,8
46,4,3,0,16
46,5,3,0,2
46,6,3,0,0
46,7,3,0,1
46,8,3,0,13
46,9,3,0,23
46,10,3,0,24
46,11,3,0,8
46,12,3,0,21
46,13,3,0,16
46,14,3,0,6
46,15,3,0,19
46,16,3,0,15
46,17,3,0,0
46,18,3,0,14
46,19,3,0,11
46,20,3,0,11
46,21,3,0,9
46,22,3,0,0
46,23,3,0,24
46,24,3,0,7
46,25,2,3,19
46,26,2,3,4
46,27,2,0,16
46,28,2,0,3
46,29,2,0,19
46,30,2,0,16
46,31,2,0,5
46,32,2,0,17
46,33,2,0,3
46,34,2,3,10
46,35,3,0,9
46,36,3,0,11
46,37,2,3,6
46,38,2,0,1
46,39,2,0,7
46,40,2,0,14
46,41,2,3,0
46,42,3,0,0
46,43,3,0,15
46,44,3,0,6
46,45,2,3,9
46,46,2,0,7
46,47,2,0,16
46,48,2,0,18
46,49,2,0,22
46,50,2,0,24
46,51,2,0,22
46,52,2,3,18
46,53,3,0,21
46,54,3,0,3
46,55,3,0,0
46,56,3,0,22
46,57,3,0,9
46,58,3,0,5
46,59,3,0,9
46,60,3,0,14
46,61,3,0,6
46,62,3,0,12
47,0,3,0,0
47,1,3,0,6
47,2,3,0,6
47,3,3,0,16
47,4,3,0,19
47,5,3,0,24
47,6,3,0,15
47,7,3,0,20
47,8,3,0,15
47,9,3,0,3
47,10,3,0,0
47,11,3,0,10
47,12,3,0,17
47,13,3,0,7
47,14,3,0,13
47,15,3,0,14
47,16,3,0,2
47,17,3,0,13
47,18,3,0,6
47,19,3,0,16
47,20,3,0,4
47,21,3,0,10
47,22,3,0,8
47,23,3,0,0
47,24,2,3,19
47,25,2,0,1
47,26,2,0,13
47,27,2,0,23
47,28,2,0,15
47,29,2,0,1
47,30,2,0,20
47,31,2,0,19
47,32,2,0,2
47,33,2,3,5
47,34,3,0,22
47,35,3,0,10
47,36,3,0,12
47,37,2,3,21
47,38,2,3,20
47,39,2,0,0
47,40,2,0,3
47,41,2,3,18
47,42,3,0,14
47,43,3,0,2
47,44,2,3,9
47,45,2,0,18
47,46,2,0,15
47,47,2,0,23
47,48,2,0,7
47,49,2,0,20
47,50,2,0,21
47,51,2,3,0
47,52,3,0,19
47,53,3,0,1
47,54,3,0,2
47,55,3,0,6
47,56,3,0,9
47,57,3,0,21
47,58,3,0,8
47,59,3,0,22
47,60,3,0,3
47,61,3,0,2
47,62,3,0,24
48,0,3,0,21
48,1,3,0,5
48,2,3,0,11
48,3,3,0,5
48,4,3,0,15
48,5,3,0,5
48,6,3,0,2
48,7,3,0,5
48,8,3,0,18
48,9,3,0,12
48,10,3,0,11
48,11,3,0,20
48,12,3,0,13
48,13,3,0,4
48,14,3,0,9
48,15,3,0,4
48,16,3,0,2
48,17,3,0,23
48,18,3,0,23
48,19,3,0,5
48,20,3,0,11
48,21,3,0,9
48,22,3,0,2
48,23,2,3,6
48,24,2,0,2
48,25,2,0,16
48,26,2,0,15
48,27,2,0,14
48,28,2,0,18
48,29,2,0,13
48,30,2,0,3
48,31,2,0,9
48,32,2,3,10
48,33,3,0,14
48,34,3,0,20
48,35,3,0,23
48,36,3,0,2
48,37,2,3,8
48,38,2,3,24
48,39,2,0,5
48,40,2,3,0
48,41,3,0,3
48,42,3,0,19
48,43,2,3,14
48,44,2,0,18
48,45,2,0,3
48,46,2,0,18
48,47,2,0,17
48,48,2,0,6
48,49,2,0,13
48,50,2,0,11
48,51,2,3,17
48,52,3,0,4
48,53,3,0,21
48,54,3,0,16
48,55,3,0,5
48,56,3,0,15
48,57,3,0,13
48,58,3,0,9
48,59,3,0,12
48,60,3,0,18
48,61,3,0,21
48,62,3,0,12
49,0,3,0,18
49,1,3,0,22
49,2,3,0,13
49,3,3,0,5
49,4,3,0,11
49,5,3,0,6
49,6,3,0,20
49,7,3,0,0
49,8,3,0,6
49,9,3,0,19
49,10,3,0,1
49,11,3,0,7
49,12,3,0,3
49,13,3,0,22
49,14,3,0,7
49,15,3,0,15
49,16,3,0,1
49,17,3,0,2
49,18,3,0,11
49,19,3,0,9
49,20,3,0,18
49,21,3,0,9
49,22,3,0,7
49,23,2,3,24
49,24,2,0,14
49,25,2,0,24
49,26,2,0,17
49,27,2,0,24
49,28,2,0,22
49,29,2,0,17
49,30,2,0,2
49,31,2,3,0
49,32,3,0,23
49,33,3,0,13
49,34,3,0,12
49,35,3,0,7
49,36,3,0,4
49,37,2,3,19
49,38,2,0,12
49,39,2,0,9
49,40,2,3,3
49,41,2,3,16
49,42,2,3,11
49,43,2,0,15
49,44,2,0,19
49,45,2,0,0
49,46,2,3,20
49,47,2,3,20
49,48,2,0,10
49,49,2,0,20
49,50,2,0,14
49,51,2,3,18
49,52,3,0,21
49,53,3,0,22
49,54,3,0,24
49,55,3,0,19
49,56,2,3,16
49,57,2,3,16
49,58,3,0,9
49,59,3,0,21
49,60,3,0,15
49,61,3,0,18
49,62,3,0,5
50,0,3,0,18
50,1,3,0,19
50,2,3,0,3
50,3,3,0,22
50,4,3,0,1
50,5,3,0,12
50,6,3,0,8
50,7,3,0,21
50,8,3,0,4
50,9,3,0,14
50,10,3,0,23
50,11,3,0,2
50,12,3,0,21
50,13,3,0,15
50,14,3,0,9
50,15,3,0,3
50,16,3,0,24
50,17,3,0,24
50,18,3,0,13
50,19,3,0,22
50,20,3,0,16
50,21,3,0,3
50,22,2,3,11
50,23,2,0,20
50,24,2,0,20
50,25,2,0,1
50,26,2,0,3
50,27,2,0,13
50,28,2,0,3
50,29,2,0,6
50,30,2,0,19
50,31,2,3,18
50,32,3,0,8
50,33,3,0,8
50,34,3,0,10
50,35,3,0,19
50,36,2,3,11
50,37,2,0,0
50,38,2,0,18
50,39,2,0,11
50,40,2,3,4
50,41,2,3,4
50,42,2,0,17
50,43,2,0,3
50,44,2,0,14
50,45,2,3,10
50,46,2,3,8
50,47,2,3,7
50,48,2,0,23
50,49,2,0,13
50,50,2,3,0
50,51,3,0,15
50,52,3,0,19
50,53,3,0,19
50,54,2,3,16
50,55,2,3,11
50,56,2,3,4
50,57,2,3,3
50,58,3,0,17
50,59,3,0,20
50,60,3,0,19
50,61,3,0,6
50,62,3,0,24
51,0,3,0,24
51,1,3,0,15
51,2,3,0,1
51,3,3,0,8
51,4,3,0,6
51,5,3,0,24
51,6,3,0,23
51,7,3,0,12
51,8,3,0,8
51,9,3,0,17
51,10,3,0,13
51,11,3,0,2
51,12,3,0,3
51,13,3,0,17
51,14,3,0,19
51,15,3,0,9
51,16,3,0,21
51,17,3,0,4
51,18,3,0,13
51,19,3,0,18
51,20,3,0,20
51,21,2,3,19
51,22,2,0,24
51,23,2,0,24
51,24,2,0,18
51,25,2,0,12
51,26,2,0,23
51,27,2,0,9
51,28,2,0,24
51,29,2,0,7
51,30,2,3,0
51,31,3,0,1
51,32,3,0,11
51,33,2,3,16
51,34,2,3,16
51,35,2,3,14
51,36,2,0,21
51,37,2,0,11
51,38,2,0,7
51,39,2,0,6
51,40,2,0,21
51,41,2,0,7
51,42,2,0,18
51,43,2,3,20
51,44,2,3,5
51,45,3,0,5
51,46,3,0,2
51,47,2,3,22
51,48,2,0,0
51,49,2,0,19
51,50,2,3,2
51,51,2,3,16
51,52,2,3,16
51,53,2,3,14
51,54,2,3,4
51,55,2,0,20
51,56,2,0,0
51,57,2,3,2
51,58,3,0,24
51,59,3,0,12
51,60,3,0,8
51,61,3,0,21
51,62,3,0,9
52,0,3,0,0
52,1,3,0,13
52,2,3,0,23
52,3,3,0,5
52,4,3,0,7
52,5,3,0,24
52,6,3,0,13
52,7,3,0,11
52,8,3,0,23
52,9,3,0,1
52,10,3,0,12
52,11,3,0,22
52,12,3,0,22
52,13,3,0,13
52,14,3,0,3
52,15,3,0,4
52,16,3,0,18
52,17,3,0,2
52,18,3,0,11
52,19,3,0,9
52,20,2,3,14
52,21,2,0,15
52,22,2,0,6
52,23,2,0,18
52,24,2,0,9
52,25,2,0,18
52,26,2,0,4
52,27,2,0,7
52,28,2,0,14
52,29,2,0,23
52,30,2,3,1
52,31,2,3,16
52,32,2,3,14
52,33,2,3,4
52,34,2,3,4
52,35,2,0,2
52,36,2,0,18
52,37,2,0,0
52,38,2,0,15
52,39,2,0,8
52,40,2,0,17
52,41,2,0,5
52,42,2,3,10
52,43,2,3,8
52,44,3,0,3
52,45,3,0,1
52,46,3,0,14
52,47,2,3,23
52,48,2,0,19
52,49,2,0,18
52,50,2,3,4
52,51,2,3,4
52,52,2,3,4
52,53,2,0,10
52,54,2,0,24
52,55,2,0,22
52,56,2,0,19
52,57,2,3,18
52,58,3,0,17
52,59,3,0,12
52,60,3,0,23
52,61,3,0,0
52,62,3,0,11
53,0,3,0,21
53,1,3,0,14
53,2,3,0,10
53,3,3,0,13
53,4,3,0,14
53,5,3,0,2
53,6,3,0,24
53,7,3,0,23
53,8,3,0,4
53,9,3,0,19
53,10,3,0,0
53,11,3,0,7
53,12,3,0,24
53,13,3,0,0
53,14,3,0,23
53,15,3,0,10
53,16,3,0,5
53,17,3,0,14
53,18,3,0,22
53,19,2,3,19
53,20,2,0,6
53,21,2,0,12
53,22,2,0,3
53,23,2,0,2
53,24,2,0,11
53,25,2,3,20
53,26,2,3,20
53,27,2,0,21
53,28,2,0,19
53,29,2,0,11
53,30,2,3,4
53,31,2,3,4
53,32,2,0,7
53,33,2,0,19
53,34,2,0,18
53,35,2,0,0
53,36,2,0,4
53,37,2,0,22
53,38,2,0,8
53,39,2,0,5
53,40,2,0,1
53,41,2,3,15
53,42,3,0,8
53,43,3,0,4
53,44,3,0,13
53,45,3,0,18
53,46,3,0,14
53,47,2,3,21
53,48,2,0,4
53,49,2,0,10
53,50,2,0,17
53,51,2,0,21
53,52,2,0,12
53,53,2,0,9
53,54,2,0,13
53,55,2,0,17
53,56,2,3,0
53,57,3,0,3
53,58,3,0,20
53,59,3,0,12
53,60,3,0,22
53,61,3,0,0
53,62,3,0,24
54,0,3,0,4
54,1,3,0,23
54,2,3,0,1
54,3,3,0,7
54,4,3,0,0
54,5,3,0,23
54,6,3,0,0
54,7,3,0,13
54,8,3,0,19
54,9,3,0,13
54,10,3,0,4
54,11,3,0,16
54,12,3,0,21
54,13,3,0,7
54,14,3,0,13
54,15,3,0,11
54,16,3,0,24
54,17,2,3,16
54,18,2,3,19
54,19,2,0,13
54,20,2,0,11
54,21,2,0,0
54,22,2,0,24
54,23,2,0,16
54,24,2,3,10
54,25,2,3,8
54,26,2,3,22
54,27,2,0,3
54,28,2,0,19
54,29,2,0,3
54,30,2,0,24
54,31,2,0,6
54,32,2,0,20
54,33,2,0,22
54,34,2,0,12
54,35,2,0,8
54,36,2,0,23
54,37,2,0,21
54,38,2,0,4
54,39,2,0,21
54,40,2,3,10
54,41,3,0,21
54,42,3,0,17
54,43,3,0,0
54,44,3,0,22
54,45,3,0,20
54,46,3,0,6
54,47,2,3,24
54,48,2,0,0
54,49,2,0,2
54,50,2,0,20
54,51,2,0,4
54,52,2,0,19
54,53,2,0,0
54,54,2,0,14
54,55,2,0,24
54,56,2,3,18
54,57,3,0,8
54,58,3,0,22
54,59,3,0,15
54,60,3,0,10
54,61,3,0,5
54,62,3,0,21
55,0,3,0,19
55,1,3,0,4
55,2,3,0,17
55,3,3,0,1
55,4,3,0,11
55,5,3,0,13
55,6,3,0,16
55,7,3,0,8
55,8,3,0,12
55,9,3,0,21
55,10,3,0,4
55,11,3,0,12
55,12,3,0,5
55,13,3,0,12
55,14,3,0,8
55,15,2,3,16
55,16,2,3,19
55,17,2,3,4
55,18,2,0,24
55,19,2,0,24
55,20,2,0,11
55,21,2,0,7
55,22,2,0,22
55,23,2,3,13
55,24,3,0,10
55,25,3,0,20
55,26,2,3,22
55,27,2,0,5
55,28,2,0,1
55,29,2,0,5
55,30,2,0,5
55,31,2,0,15
55,32,2,0,15
55,33,2,0,14
55,34,2,0,1
55,35,2,0,13
55,36,2,0,23
55,37,2,0,22
55,38,2,0,4
55,39,2,3,0
55,40,3,0,18
55,41,3,0,24
55,42,3,0,2
55,43,3,0,20
55,44,3,0,20
55,45,3,0,10
55,46,2,3,6
55,47,2,0,8
55,48,2,0,20
55,49,2,0,1
55,50,2,0,2
55,51,2,0,0
55,52,2,0,10
55,53,2,0,19
55,54,2,0,17
55,55,2,3,13
55,56,3,0,3
55,57,3,0,10
55,58,3,0,18
55,59,3,0,12
55,60,3,0,16
55,61,3,0,17
55,62,3,0,13
56,0,3,0,5
56,1,3,0,8
56,2,3,0,2
56,3,3,0,14
56,4,3,0,18
56,5,3,0,1
56,6,3,0,6
56,7,3,0,0
56,8,3,0,16
56,9,3,0,0
56,10,3,0,17
56,11,3,0,20
56,12,3,0,13
56,13,3,0,11
56,14,2,3,19
56,15,2,3,4
56,16,2,0,7
56,17,2,0,3
56,18,2,0,21
56,19,2,0,13
56,20,2,0,9
56,21,2,0,18
56,22,2,3,0
56,23,3,0,17
56,24,3,0,2
56,25,3,0,16
56,26,2,3,22
56,27,2,0,13
56,28,2,0,5
56,29,2,0,19
56,30,2,0,0
56,31,2,0,24
56,32,2,0,12
56,33,2,0,22
56,34,2,0,13
56,35,2,0,18
56,36,2,0,17
56,37,2,0,13
56,38,2,0,23
56,39,2,3,17
56,40,3,0,8
56,41,3,0,9
56,42,3,0,9
56,43,3,0,14
56,44,3,0,6
56,45,3,0,1
56,46,2,3,7
56,47,2,0,21
56,48,2,0,22
56,49,2,3,20
56,50,2,3,20
56,51,2,3,20
56,52,2,3,20
56,53,2,0,4
56,54,2,3,0
56,55,3,0,7
56,56,3,0,9
56,57,3,0,19
56,58,3,0,2
56,59,3,0,6
56,60,3,0,9
56,61,3,0,15
56,62,3,0,12
57,0,3,0,20
57,1,3,0,23
57,2,3,0,8
57,3,3,0,24
57,4,3,0,9
57,5,3,0,7
57,6,3,0,2
57,7,3,0,23
57,8,3,0,20
57,9,3,0,7
57,10,3,0,4
57,11,3,0,24
57,12,3,0,8
57,13,2,3,19
57,14,2,0,13
57,15,2,0,11
57,16,2,0,14
57,17,2,0,23
57,18,2,0,5
57,19,2,0,14
57,20,2,0,19
57,21,2,0,2
57,22,2,3,18
57,23,3,0,17
57,24,3,0,23
57,25,3,0,22
57,26,2,3,22
57,27,2,0,7
57,28,2,0,10
57,29,2,0,19
57,30,2,0,24
57,31,2,0,16
57,32,2,0,10
57,33,2,0,18
57,34,2,0,6
57,35,2,0,21
57,36,2,0,14
57,37,2,0,3
57,38,2,0,0
57,39,2,3,17
57,40,3,0,9
57,41,3,0,8
57,42,3,0,4
57,43,3,0,1
57,44,3,0,0
57,45,3,0,8
57,46,2,3,21
57,47,2,0,16
57,48,2,3,0
57,49,2,3,8
57,50,2,3,8
57,51,2,3,8
57,52,2,3,7
57,53,2,0,1
57,54,2,3,3
57,55,3,0,1
57,56,3,0,8
57,57,3,0,24
57,58,3,0,4
57,59,3,0,5
57,60,3,0,7
57,61,3,0,1
57,62,3,0,4
58,0,3,0,8
58,1,3,0,20
58,2,3,0,14
58,3,3,0,3
58,4,3,0,9
58,5,3,0,20
58,6,3,0,23
58,7,3,0,2
58,8,3,0,2
58,9,3,0,7
58,10,3,0,2
58,11,3,0,14
58,12,2,3,9
58,13,2,0,17
58,14,2,0,16
58,15,2,0,21
58,16,2,0,0
58,17,2,0,16
58,18,2,0,3
58,19,2,0,14
58,20,2,0,9
58,21,2,3,0
58,22,3,0,22
58,23,3,0,24
58,24,3,0,17
58,25,3,0,14
58,26,2,3,24
58,27,2,0,19
58,28,2,0,18
58,29,2,0,19
58,30,2,0,6
58,31,2,0,5
58,32,2,0,23
58,33,2,0,13
58,34,2,0,18
58,35,2,0,20
58,36,2,0,1
58,37,2,0,13
58,38,2,0,14
58,39,2,3,2
58,40,2,3,16
58,41,3,0,17
58,42,3,0,4
58,43,3,0,6
58,44,3,0,16
58,45,3,0,9
58,46,2,3,24
58,47,2,0,19
58,48,2,3,3
58,49,3,0,18
58,50,3,0,5
58,51,3,0,20
58,52,2,3,24
58,53,2,0,20
58,54,2,3,3
58,55,3,0,24
58,56,3,0,0
58,57,3,0,11
58,58,3,0,13
58,59,3,0,1
58,60,3,0,23
58,61,3,0,11
58,62,3,0,15
59,0,3,0,1
59,1,3,0,20
59,2,3,0,22
59,3,3,0,5
59,4,3,0,6
59,5,3,0,24
59,6,3,0,10
59,7,3,0,23
59,8,3,0,7
59,9,3,0,7
59,10,3,0,18
59,11,2,3,11
59,12,2,0,4
59,13,2,0,4
59,14,2,0,14
59,15,2,0,22
59,16,2,0,22
59,17,2,0,11
59,18,2,0,16
59,19,2,0,22
59,20,2,3,20
59,21,2,3,18
59,22,3,0,9
59,23,3,0,23
59,24,3,0,6
59,25,2,3,6
59,26,2,0,9
59,27,2,0,17
59,28,2,0,9
59,29,2,0,17
59,30,2,0,20
59,31,2,0,24
59,32,2,0,16
59,33,2,3,20
59,34,2,3,20
59,35,2,0,14
59,36,2,0,17
59,37,2,0,1
59,38,2,0,21
59,39,2,3,4
59,40,2,3,17
59,41,2,3,16
59,42,2,3,16
59,43,3,0,23
59,44,3,0,23
59,45,2,3,6
59,46,2,0,4
59,47,2,0,12
59,48,2,3,1
59,49,3,0,18
59,50,3,0,2
59,51,2,3,6
59,52,2,0,8
59,53,2,0,24
59,54,2,3,17
59,55,2,3,16
59,56,3,0,2
59,57,3,0,15
59,58,3,0,13
59,59,3,0,24
59,60,3,0,7
59,61,3,0,21
59,62,3,0,4
60,0,3,0,24
60,1,3,0,5
60,2,3,0,16
60,3,3,0,11
60,4,3,0,10
60,5,3,0,9
60,6,3,0,14
60,7,3,0,5
60,8,3,0,21
60,9,3,0,9
60,10,2,3,11
60,11,2,0,0
60,12,2,0,8
60,13,2,0,6
60,14,2,0,10
60,15,2,0,24
60,16,2,0,18
60,17,2,0,15
60,18,2,0,12
60,19,2,3,10
60,20,2,3,8
60,21,3,0,15
60,22,3,0,9
60,23,3,0,20
60,24,3,0,2
60,25,2,3,24
60,26,2,0,12
60,27,2,0,20
60,28,2,0,6
60,29,2,0,20
60,30,2,0,15
60,31,2,0,18
60,32,2,3,15
60,33,2,3,8
60,34,2,3,22
60,35,2,3,20
60,36,2,0,22
60,37,2,0,10
60,38,2,0,22
60,39,2,0,18
60,40,2,3,4
60,41,2,3,4
60,42,2,3,18
60,43,3,0,2
60,44,3,0,14
60,45,2,3,22
60,46,2,0,2
60,47,2,0,7
60,48,2,3,18
60,49,3,0,10
60,50,3,0,12
60,51,2,3,24
60,52,2,0,20
60,53,2,0,17
60,54,2,3,4
60,55,2,3,18
60,56,3,0,21
60,57,3,0,6
60,58,3,0,0
60,59,3,0,19
60,60,3,0,22
60,61,3,0,8
60,62,3,0,14
61,0,3,0,17
61,1,3,0,13
61,2,3,0,12
61,3,3,0,13
61,4,3,0,12
61,5,3,0,22
61,6,3,0,2
61,7,3,0,0
61,8,3,0,1
61,9,2,3,11
61,10,2,0,7
61,11,2,0,12
61,12,2,0,11
61,13,2,0,8
61,14,2,0,0
61,15,2,0,10
61,16,2,0,24
61,17,2,0,24
61,18,2,3,13
61,19,3,0,4
61,20,3,0,9
61,21,3,0,21
61,22,3,0,6
61,23,3,0,15
61,24,2,3,14
61,25,2,0,23
61,26,2,0,5
61,27,2,0,6
61,28,2,0,18
61,29,2,0,18
61,30,2,0,19
61,31,2,3,10
61,32,3,0,9
61,33,3,0,15
61,34,2,3,8
61,35,2,3,21
61,36,2,0,24
61,37,2,0,16
61,38,2,0,8
61,39,2,0,13
61,40,2,0,7
61,41,2,3,0
61,42,3,0,24
61,43,3,0,3
61,44,3,0,16
61,45,2,3,24
61,46,2,0,11
61,47,2,3,0
61,48,3,0,7
61,49,3,0,10
61,50,2,3,11
61,51,2,0,17
61,52,2,0,23
61,53,2,0,21
61,54,2,3,0
61,55,3,0,11
61,56,3,0,19
61,57,3,0,20
61,58,3,0,22
61,59,3,0,3
61,60,3,0,0
61,61,3,0,15
61,62,3,0,16
62,0,3,0,15
62,1,3,0,10
62,2,3,0,16
62,3,3,0,9
62,4,3,0,16
62,5,3,0,0
62,6,3,0,4
62,7,3,0,8
62,8,2,3,6
62,9,2,0,1
62,10,2,0,22
62,11,2,0,19
62,12,2,0,13
62,13,2,0,24
62,14,2,0,17
62,15,2,0,8
62,16,2,0,3
62,17,2,3,0
62,18,3,0,23
62,19,3,0,3
62,20,3,0,4
62,21,3,0,17
62,22,2,3,16
62,23,2,3,9
62,24,2,0,21
62,25,2,0,16
62,26,2,0,0
62,27,2,0,3
62,28,2,3,20
62,29,2,0,20
62,30,2,3,0
62,31,3,0,1
62,32,3,0,19
62,33,3,0,17
62,34,3,0,19
62,35,2,3,24
62,36,2,0,23
62,37,2,0,3
62,38,2,0,0
62,39,2,0,7
62,40,2,3,20
62,41,2,3,18
62,42,3,0,4
62,43,3,0,20
62,44,2,3,6
62,45,2,0,24
62,46,2,0,15
62,47,2,3,18
62,48,3,0,24
62,49,2,3,6
62,50,2,0,20
62,51,2,0,12
62,52,2,0,11
62,53,2,0,4
62,54,2,3,18
62,55,3,0,16
62,56,3,0,5
62,57,3,0,20
62,58,3,0,20
62,59,3,0,17
62,60,3,0,17
62,61,3,0,17
62,62,3,0,1
63,0,3,0,7
63,1,3,0,2
63,2,3,0,13
63,3,3,0,17
63,4,3,0,1
63,5,3,0,16
63,6,3,0,18
63,7,3,0,24
63,8,2,3,24
63,9,2,0,21
63,10,2,0,18
63,11,2,0,19
63,12,2,0,0
63,13,2,0,23
63,14,2,0,6
63,15,2,0,20
63,16,2,0,21
63,17,2,3,18
63,18,3,0,11
63,19,3,0,4
63,20,3,0,3
63,21,2,3,6
63,22,2,3,4
63,23,2,0,0
63,24,2,0,2
63,25,2,0,21
63,26,2,0,15
63,27,2,3,10
63,28,2,3,7
63,29,2,0,7
63,30,2,3,2
63,31,3,0,18
63,32,3,0,1
63,33,3,0,12
63,34,2,3,6
63,35,2,0,12
63,36,2,0,4
63,37,2,0,8
63,38,2,0,9
63,39,2,3,15
63,40,2,3,8
63,41,3,0,0
63,42,3,0,18
63,43,3,0,8
63,44,2,3,24
63,45,2,0,10
63,46,2,3,0
63,47,3,0,23
63,48,3,0,24
63,49,2,3,24
63,50,2,0,23
63,51,2,0,6
63,52,2,0,2
63,53,2,0,4
63,54,3,0,11
63,55,3,0,0
63,56,3,0,12
63,57,3,0,6
63,58,3,0,1
63,59,3,0,15
63,60,3,0,18
63,61,3,0,10
63,62,3,0,9
64,0,3,0,3
64,1,3,0,14
64,2,3,0,20
64,3,3,0,6
64,4,3,0,17
64,5,3,0,22
64,6,3,0,14
64,7,2,3,6
64,8,2,3,20
64,9,2,0,23
64,10,2,0,22
64,11,2,0,3
64,12,2,0,12
64,13,2,0,6
64,14,2,0,20
64,15,2,0,4
64,16,2,3,0
64,17,3,0,23
64,18,3,0,15
64,19,3,0,18
64,20,3,0,5
64,21,2,3,24
64,22,2,0,5
64,23,2,0,17
64,24,2,0,1
64,25,2,0,18
64,26,2,3,0
64,27,3,0,8
64,28,2,3,23
64,29,2,0,0
64,30,2,3,1
64,31,2,3,16
64,32,3,0,19
64,33,3,0,5
64,34,2,3,7
64,35,2,0,11
64,36,2,0,21
64,37,2,0,3
64,38,2,3,13
64,39,3,0,7
64,40,3,0,23
64,41,3,0,22
64,42,3,0,15
64,43,2,3,6
64,44,2,0,8
64,45,2,0,7
64,46,2,3,17
64,47,3,0,1
64,48,2,3,9
64,49,2,0,20
64,50,2,0,1
64,51,2,0,17
64,52,2,0,22
64,53,2,3,18
64,54,3,0,1
64,55,3,0,1
64,56,3,0,20
64,57,3,0,13
64,58,3,0,5
64,59,3,0,20
64,60,3,0,16
64,61,3,0,6
64,62,3,0,5
