0,0,3,0,20
0,1,3,0,21
0,2,3,0,4
0,3,3,0,0
0,4,3,0,11
0,5,3,0,22
0,6,3,0,19
0,7,3,0,24
0,8,3,0,23
0,9,3,0,9
0,10,3,0,3
0,11,2,3,6
0,12,2,0,22
0,13,2,0,12
0,14,2,0,11
0,15,2,0,0
0,16,2,0,19
0,17,2,0,5
0,18,2,0,17
0,19,2,0,19
0,20,2,0,22
0,21,2,3,1
0,22,2,3,16
0,23,3,0,8
0,24,3,0,14
0,25,2,3,11
0,26,2,0,7
0,27,2,0,18
0,28,2,0,4
0,29,2,3,20
0,30,2,3,20
0,31,2,3,20
0,32,2,3,20
0,33,2,0,13
0,34,2,0,10
0,35,2,0,1
0,36,2,0,20
0,37,2,0,19
0,38,2,0,22
0,39,2,0,6
0,40,2,0,16
0,41,2,0,8
0,42,2,3,0
0,43,3,0,1
0,44,3,0,3
0,45,3,0,4
0,46,2,3,24
0,47,2,0,22
0,48,2,0,18
0,49,2,0,10
0,50,2,0,5
0,51,2,0,1
0,52,2,0,10
0,53,2,0,7
0,54,2,0,3
0,55,2,0,8
0,56,2,0,21
0,57,2,3,2
0,58,3,0,21
0,59,3,0,23
0,60,3,0,15
0,61,3,0,17
0,62,3,0,3
0,63,3,0,11
1,0,3,0,21
1,1,3,0,4
1,2,3,0,0
1,3,3,0,19
1,4,3,0,3
1,5,3,0,11
1,6,3,0,8
1,7,3,0,14
1,8,3,0,16
1,9,3,0,15
1,10,3,0,18
1,11,2,3,24
1,12,2,0,16
1,13,2,0,19
1,14,2,0,0
1,15,2,0,9
1,16,2,0,23
1,17,2,0,12
1,18,2,0,10
1,19,2,0,20
1,20,2,0,10
1,21,2,3,4
1,22,2,3,3
1,23,3,0,24
1,24,2,3,14
1,25,2,0,4
1,26,2,0,8
1,27,2,0,7
1,28,2,3,5
1,29,2,3,8
1,30,2,3,8
1,31,2,3,8
1,32,2,3,24
1,33,2,0,22
1,34,2,0,20
1,35,2,0,0
1,36,2,0,17
1,37,2,0,14
1,38,2,0,14
1,39,2,0,13
1,40,2,0,11
1,41,2,0,1
1,42,2,3,18
1,43,3,0,20
1,44,3,0,23
1,45,2,3,9
1,46,2,0,11
1,47,2,0,15
1,48,2,0,8
1,49,2,0,7
1,50,2,0,18
1,51,2,0,17
1,52,2,0,4
1,53,2,0,14
1,54,2,0,17
1,55,2,0,8
1,56,2,0,2
1,57,2,3,18
1,58,3,0,22
1,59,3,0,16
1,60,3,0,7
1,61,3,0,18
1,62,3,0,20
2,0,3,0,1
2,1,3,0,7
2,2,3,0,5
2,3,3,0,16
2,4,3,0,5
2,5,3,0,20
2,6,3,0,12
2,7,3,0,0
2,8,3,0,12
2,9,3,0,24
2,10,2,3,14
2,11,2,0,5
2,12,2,0,22
2,13,2,0,15
2,14,2,0,14
2,15,2,0,12
2,16,2,0,1
2,17,2,0,18
2,18,2,0,1
2,19,2,3,20
2,20,2,0,5
2,21,2,0,9
2,22,2,3,2
2,23,2,3,19
2,24,2,0,24
2,25,2,0,10
2,26,2,0,17
2,27,2,3,5
2,28,3,0,11
2,29,3,0,24
2,30,3,0,10
2,31,2,3,6
2,32,2,0,7
2,33,2,0,24
2,34,2,0,22
2,35,2,0,19
2,36,2,0,24
2,37,2,0,5
2,38,2,0,23
2,39,2,0,19
2,40,2,0,21
2,41,2,3,13
2,42,3,0,22
2,43,3,0,5
2,44,2,3,19
2,45,2,0,2
2,46,2,0,14
2,47,2,0,9
2,48,2,0,18
2,49,2,0,18
2,50,2,0,9
2,51,2,0,14
2,52,2,0,9
2,53,2,0,23
2,54,2,0,20
2,55,2,0,5
2,56,2,3,15
2,57,3,0,6
2,58,3,0,9
2,59,3,0,23
2,60,3,0,9
2,61,3,0,21
2,62,3,0,18
3,0,3,0,21
3,1,3,0,0
3,2,3,0,0
3,3,3,0,21
3,4,3,0,11
3,5,3,0,0
3,6,3,0,2
3,7,3,0,15
3,8,3,0,5
3,9,2,3,6
3,10,2,0,19
3,11,2,0,14
3,12,2,0,20
3,13,2,0,16
3,14,2,0,9
3,15,2,0,5
3,16,2,0,20
3,17,2,0,21
3,18,2,3,5
3,19,2,3,23
3,20,2,0,2
3,21,2,0,22
3,22,2,3,4
3,23,2,0,14
3,24,2,0,1
3,25,2,0,19
3,26,2,3,0
3,27,3,0,20
3,28,3,0,13
3,29,3,0,0
3,30,3,0,2
3,31,2,0,10
3,32,2,0,15
3,33,2,0,20
3,34,2,0,16
3,35,2,0,23
3,36,2,0,7
3,37,2,0,2
3,38,2,0,20
3,39,2,3,20
3,40,2,3,15
3,41,3,0,15
3,42,3,0,17
3,43,2,3,6
3,44,2,0,21
3,45,2,0,23
3,46,2,0,2
3,47,2,0,6
3,48,2,0,3
3,49,2,0,17
3,50,2,0,2
3,51,2,0,11
3,52,2,0,1
3,53,2,0,13
3,54,2,0,11
3,55,2,3,0
3,56,3,0,0
3,57,3,0,1
3,58,3,0,5
3,59,3,0,20
3,60,3,0,16
3,61,3,0,19
3,62,3,0,10
4,0,3,0,14
4,1,3,0,18
4,2,3,0,4
4,3,3,0,8
4,4,3,0,10
4,5,3,0,11
4,6,3,0,21
4,7,3,0,13
4,8,3,0,20
4,9,2,3,24
4,10,2,0,16
4,11,2,0,18
4,12,2,0,0
4,13,2,0,5
4,14,2,0,19
4,15,2,0,18
4,16,2,0,13
4,17,2,3,5
4,18,3,0,6
4,19,2,3,24
4,20,2,0,0
4,21,2,0,6
4,22,2,0,18
4,23,2,0,9
4,24,2,0,19
4,25,2,0,22
4,26,2,3,1
4,27,2,3,16
4,28,3,0,11
4,29,3,0,3
4,30,2,3,11
4,31,2,0,18
4,32,2,0,0
4,33,2,0,20
4,34,2,0,5
4,35,2,0,21
4,36,2,0,9
4,37,2,0,5
4,38,2,3,15
4,39,2,3,8
4,40,3,0,8
4,41,3,0,21
4,42,3,0,6
4,43,2,3,24
4,44,2,0,24
4,45,2,0,1
4,46,2,0,18
4,47,2,0,24
4,48,2,0,24
4,49,2,0,6
4,50,2,0,14
4,51,2,0,3
4,52,2,0,22
4,53,2,0,10
4,54,2,0,3
4,55,2,3,18
4,56,3,0,1
4,57,3,0,16
4,58,3,0,21
4,59,3,0,6
4,60,3,0,10
4,61,3,0,1
4,62,3,0,13
5,0,3,0,11
5,1,3,0,0
5,2,3,0,12
5,3,3,0,1
5,4,3,0,16
5,5,3,0,23
5,6,3,0,0
5,7,3,0,10
5,8,2,3,11
5,9,2,0,22
5,10,2,0,9
5,11,2,0,23
5,12,2,0,13
5,13,2,0,15
5,14,2,0,14
5,15,2,0,11
5,16,2,3,13
5,17,3,0,10
5,18,2,3,9
5,19,2,0,8
5,20,2,0,4
5,21,2,0,7
5,22,2,0,9
5,23,2,0,1
5,24,2,0,11
5,25,2,0,24
5,26,2,3,4
5,27,2,3,17
5,28,2,3,16
5,29,2,3,11
5,30,2,0,10
5,31,2,3,20
5,32,2,3,20
5,33,2,0,16
5,34,2,0,22
5,35,2,0,2
5,36,2,0,12
5,37,2,3,10
5,38,3,0,9
5,39,3,0,9
5,40,3,0,6
5,41,3,0,16
5,42,2,3,19
5,43,2,0,1
5,44,2,0,20
5,45,2,0,24
5,46,2,0,7
5,47,2,0,14
5,48,2,0,15
5,49,2,0,13
5,50,2,0,6
5,51,2,0,3
5,52,2,0,17
5,53,2,3,20
5,54,2,3,13
5,55,3,0,15
5,56,3,0,20
5,57,3,0,7
5,58,3,0,18
5,59,3,0,23
5,60,3,0,21
5,61,3,0,20
5,62,3,0,16
6,0,3,0,4
6,1,3,0,0
6,2,3,0,5
6,3,3,0,5
6,4,3,0,17
6,5,3,0,17
6,6,3,0,20
6,7,2,3,6
6,8,2,0,5
6,9,2,0,21
6,10,2,0,17
6,11,2,0,23
6,12,2,0,11
6,13,2,0,8
6,14,2,0,21
6,15,2,3,13
6,16,3,0,2
6,17,2,3,6
6,18,2,0,3
6,19,2,0,10
6,20,2,0,1
6,21,2,0,4
6,22,2,0,23
6,23,2,3,20
6,24,2,0,10
6,25,2,0,8
6,26,2,0,1
6,27,2,3,4
6,28,2,3,4
6,29,2,0,18
6,30,2,3,10
6,31,2,3,8
6,32,2,3,7
6,33,2,0,14
6,34,2,0,13
6,35,2,0,4
6,36,2,3,0
6,37,3,0,12
6,38,3,0,1
6,39,3,0,13
6,40,3,0,23
6,41,2,3,6
6,42,2,0,10
6,43,2,0,24
6,44,2,0,19
6,45,2,0,5
6,46,2,0,19
6,47,2,0,19
6,48,2,0,3
6,49,2,0,12
6,50,2,0,15
6,51,2,0,20
6,52,2,3,0
6,53,2,3,8
6,54,3,0,2
6,55,3,0,6
6,56,3,0,0
6,57,3,0,3
6,58,3,0,15
6,59,3,0,9
6,60,3,0,10
6,61,3,0,19
6,62,3,0,24
7,0,3,0,23
7,1,3,0,5
7,2,3,0,17
7,3,3,0,24
7,4,3,0,16
7,5,3,0,7
7,6,3,0,21
7,7,2,3,21
7,8,2,0,6
7,9,2,0,15
7,10,2,0,23
7,11,2,0,3
7,12,2,0,2
7,13,2,0,3
7,14,2,3,0
7,15,3,0,3
7,16,3,0,22
7,17,2,0,19
7,18,2,0,12
7,19,2,0,20
7,20,2,0,19
7,21,2,0,16
7,22,2,3,15
7,23,2,3,22
7,24,2,0,13
7,25,2,0,22
7,26,2,0,14
7,27,2,0,14
7,28,2,0,19
7,29,2,3,10
7,30,3,0,21
7,31,3,0,6
7,32,2,3,24
7,33,2,0,1
7,34,2,0,22
7,35,2,3,20
7,36,2,3,18
7,37,3,0,15
7,38,2,3,16
7,39,2,3,16
7,40,3,0,9
7,41,2,3,24
7,42,2,0,0
7,43,2,0,23
7,44,2,0,19
7,45,2,0,22
7,46,2,0,7
7,47,2,0,6
7,48,2,0,22
7,49,2,0,15
7,50,2,0,8
7,51,2,0,4
7,52,2,3,18
7,53,3,0,19
7,54,3,0,14
7,55,3,0,18
7,56,3,0,13
7,57,3,0,21
7,58,3,0,4
7,59,3,0,4
7,60,3,0,11
7,61,3,0,9
7,62,3,0,6
8,0,3,0,8
8,1,3,0,18
8,2,3,0,14
8,3,3,0,23
8,4,3,0,5
8,5,3,0,16
8,6,3,0,1
8,7,2,3,22
8,8,2,0,1
8,9,2,0,3
8,10,2,0,12
8,11,2,0,24
8,12,2,0,13
8,13,2,0,18
8,14,2,3,1
8,15,3,0,10
8,16,2,3,6
8,17,2,0,0
8,18,2,0,10
8,19,2,0,6
8,20,2,0,14
8,21,2,3,0
8,22,3,0,1
8,23,2,3,23
8,24,2,3,20
8,25,2,0,2
8,26,2,0,14
8,27,2,0,14
8,28,2,3,5
8,29,3,0,23
8,30,3,0,1
8,31,2,3,6
8,32,2,0,22
8,33,2,0,4
8,34,2,3,13
8,35,2,3,8
8,36,3,0,11
8,37,2,3,19
8,38,2,3,4
8,39,2,3,2
8,40,2,3,9
8,41,2,0,13
8,42,2,0,8
8,43,2,0,0
8,44,2,0,6
8,45,2,0,17
8,46,2,0,16
8,47,2,0,11
8,48,2,0,11
8,49,2,0,20
8,50,2,0,24
8,51,2,3,15
8,52,3,0,0
8,53,3,0,8
8,54,3,0,9
8,55,3,0,0
8,56,3,0,21
8,57,3,0,20
8,58,3,0,23
8,59,3,0,17
8,60,3,0,10
8,61,3,0,16
8,62,3,0,23
9,0,3,0,21
9,1,3,0,7
9,2,3,0,15
9,3,3,0,20
9,4,3,0,20
9,5,3,0,6
9,6,3,0,22
9,7,2,3,21
9,8,2,0,2
9,9,2,0,9
9,10,2,0,24
9,11,2,0,9
9,12,2,0,7
9,13,2,0,10
9,14,2,3,1
9,15,3,0,19
9,16,2,3,24
9,17,2,0,16
9,18,2,0,17
9,19,2,0,0
9,20,2,0,11
9,21,2,3,18
9,22,3,0,4
9,23,2,3,8
9,24,2,3,21
9,25,2,0,5
9,26,2,0,5
9,27,2,3,0
9,28,3,0,3
9,29,3,0,5
9,30,3,0,20
9,31,2,3,24
9,32,2,0,15
9,33,2,3,0
9,34,3,0,23
9,35,3,0,20
9,36,2,3,19
9,37,2,0,11
9,38,2,0,12
9,39,2,3,4
9,40,2,0,3
9,41,2,0,17
9,42,2,0,0
9,43,2,0,3
9,44,2,0,15
9,45,2,0,4
9,46,2,0,8
9,47,2,0,11
9,48,2,0,20
9,49,2,0,5
9,50,2,3,10
9,51,3,0,2
9,52,3,0,1
9,53,3,0,16
9,54,3,0,15
9,55,3,0,0
9,56,3,0,21
9,57,3,0,10
9,58,3,0,14
9,59,3,0,10
9,60,3,0,16
9,61,3,0,15
9,62,3,0,9
10,0,3,0,24
10,1,3,0,19
10,2,3,0,11
10,3,3,0,21
10,4,3,0,18
10,5,3,0,7
10,6,3,0,15
10,7,2,3,24
10,8,2,0,12
10,9,2,0,4
10,10,2,0,0
10,11,2,0,11
10,12,2,0,7
10,13,2,0,1
10,14,2,3,3
10,15,2,3,14
10,16,2,0,8
10,17,2,0,3
10,18,2,0,7
10,19,2,0,18
10,20,2,3,0
10,21,3,0,19
10,22,3,0,4
10,23,3,0,23
10,24,2,3,21
10,25,2,0,17
10,26,2,0,10
10,27,2,3,17
10,28,2,3,16
10,29,2,3,16
10,30,2,3,19
10,31,2,0,17
10,32,2,0,12
10,33,2,3,18
10,34,3,0,1
10,35,2,3,6
10,36,2,0,13
10,37,2,0,22
10,38,2,0,10
10,39,2,0,8
10,40,2,0,21
10,41,2,0,20
10,42,2,0,22
10,43,2,0,13
10,44,2,0,15
10,45,2,0,14
10,46,2,0,22
10,47,2,0,23
10,48,2,0,16
10,49,2,3,13
10,50,3,0,8
10,51,3,0,8
10,52,3,0,10
10,53,3,0,10
10,54,3,0,15
10,55,3,0,22
10,56,3,0,13
10,57,3,0,4
10,58,3,0,18
10,59,3,0,21
10,60,3,0,2
10,61,3,0,14
10,62,3,0,12
11,0,3,0,10
11,1,3,0,10
11,2,3,0,9
11,3,3,0,7
11,4,3,0,21
11,5,3,0,9
11,6,2,3,6
11,7,2,0,18
11,8,2,0,16
11,9,2,0,18
11,10,2,0,20
11,11,2,0,19
11,12,2,0,9
11,13,2,0,20
11,14,2,3,4
11,15,2,0,7
11,16,2,0,17
11,17,2,0,17
11,18,2,0,10
11,19,2,0,15
11,20,2,3,2
11,21,3,0,5
11,22,3,0,11
11,23,3,0,14
11,24,2,3,7
11,25,2,0,14
11,26,2,0,5
11,27,2,3,4
11,28,2,3,4
11,29,2,3,4
11,30,2,0,1
11,31,2,0,7
11,32,2,3,15
11,33,3,0,12
11,34,3,0,0
11,35,2,3,24
11,36,2,0,22
11,37,2,0,1
11,38,2,0,17
11,39,2,0,16
11,40,2,0,13
11,41,2,0,20
11,42,2,0,1
11,43,2,0,19
11,44,2,0,5
11,45,2,0,3
11,46,2,0,17
11,47,2,0,3
11,48,2,3,15
11,49,3,0,1
11,50,3,0,18
11,51,3,0,12
11,52,3,0,10
11,53,3,0,24
11,54,3,0,11
11,55,3,0,1
11,56,3,0,13
11,57,3,0,15
11,58,3,0,20
11,59,3,0,2
11,60,3,0,10
11,61,3,0,3
11,62,3,0,20
12,0,3,0,1
12,1,3,0,23
12,2,3,0,17
12,3,3,0,14
12,4,3,0,21
12,5,3,0,0
12,6,2,3,23
12,7,2,0,11
12,8,2,0,21
12,9,2,0,21
12,10,2,0,16
12,11,2,0,9
12,12,2,0,6
12,13,2,0,10
12,14,2,0,8
12,15,2,0,9
12,16,2,0,14
12,17,2,0,2
12,18,2,0,3
12,19,2,0,19
12,20,2,3,2
12,21,3,0,10
12,22,3,0,22
12,23,3,0,16
12,24,2,3,22
12,25,2,0,4
12,26,2,0,9
12,27,2,0,16
12,28,2,0,6
12,29,2,0,6
12,30,2,0,23
12,31,2,3,15
12,32,3,0,10
12,33,2,3,16
12,34,2,3,9
12,35,2,0,15
12,36,2,0,23
12,37,2,0,20
12,38,2,0,22
12,39,2,0,4
12,40,2,0,5
12,41,2,0,18
12,42,2,0,11
12,43,2,0,7
12,44,2,0,12
12,45,2,0,17
12,46,2,0,12
12,47,2,3,5
12,48,3,0,13
12,49,3,0,19
12,50,3,0,16
12,51,3,0,19
12,52,3,0,10
12,53,3,0,2
12,54,3,0,19
12,55,3,0,18
12,56,3,0,11
12,57,3,0,3
12,58,3,0,12
12,59,3,0,22
12,60,3,0,21
12,61,3,0,22
12,62,3,0,22
13,0,3,0,1
13,1,3,0,21
13,2,3,0,14
13,3,3,0,9
13,4,3,0,13
13,5,3,0,19
13,6,2,3,22
13,7,2,0,16
13,8,2,0,5
13,9,2,0,18
13,10,2,0,4
13,11,2,0,9
13,12,2,0,10
13,13,2,0,6
13,14,2,0,5
13,15,2,0,4
13,16,2,0,8
13,17,2,0,4
13,18,2,0,8
13,19,2,0,17
13,20,2,3,1
13,21,2,3,16
13,22,2,3,16
13,23,3,0,16
13,24,2,3,22
13,25,2,0,8
13,26,2,0,7
13,27,2,0,16
13,28,2,0,20
13,29,2,3,20
13,30,2,3,10
13,31,3,0,3
13,32,2,3,19
13,33,2,3,4
13,34,2,0,2
13,35,2,0,8
13,36,2,0,5
13,37,2,0,10
13,38,2,0,21
13,39,2,0,10
13,40,2,0,3
13,41,2,0,13
13,42,2,0,23
13,43,2,0,6
13,44,2,0,11
13,45,2,0,12
13,46,2,3,13
13,47,3,0,3
13,48,3,0,2
13,49,3,0,19
13,50,3,0,12
13,51,3,0,5
13,52,3,0,9
13,53,3,0,13
13,54,3,0,20
13,55,3,0,12
13,56,3,0,8
13,57,2,3,16
13,58,3,0,2
13,59,3,0,23
13,60,3,0,19
13,61,3,0,16
13,62,3,0,4
14,0,3,0,12
14,1,3,0,22
14,2,3,0,7
14,3,3,0,16
14,4,3,0,5
14,5,3,0,7
14,6,2,3,22
14,7,2,3,20
14,8,2,0,21
14,9,2,0,21
14,10,2,0,13
14,11,2,0,5
14,12,2,0,22
14,13,2,0,9
14,14,2,0,21
14,15,2,0,17
14,16,2,0,14
14,17,2,0,8
14,18,2,0,18
14,19,2,0,24
14,20,2,3,4
14,21,2,3,4
14,22,2,3,18
14,23,3,0,20
14,24,2,3,24
14,25,2,0,24
14,26,2,0,6
14,27,2,3,20
14,28,2,3,15
14,29,2,3,8
14,30,3,0,24
14,31,2,3,11
14,32,2,0,19
14,33,2,0,8
14,34,2,0,13
14,35,2,0,12
14,36,2,0,24
14,37,2,0,14
14,38,2,0,17
14,39,2,0,20
14,40,2,0,19
14,41,2,0,3
14,42,2,0,17
14,43,2,0,14
14,44,2,0,24
14,45,2,3,15
14,46,3,0,3
14,47,3,0,4
14,48,3,0,15
14,49,3,0,15
14,50,3,0,18
14,51,3,0,22
14,52,3,0,3
14,53,3,0,21
14,54,3,0,2
14,55,2,3,16
14,56,2,3,14
14,57,2,3,17
14,58,3,0,19
14,59,3,0,23
14,60,3,0,19
14,61,3,0,21
14,62,3,0,9
15,0,3,0,14
15,1,3,0,22
15,2,3,0,21
15,3,3,0,24
15,4,3,0,11
15,5,3,0,17
15,6,2,3,8
15,7,2,3,24
15,8,2,0,10
15,9,2,0,24
15,10,2,0,9
15,11,2,0,0
15,12,2,0,21
15,13,2,0,23
15,14,2,0,18
15,15,2,0,3
15,16,2,0,20
15,17,2,0,1
15,18,2,0,17
15,19,2,0,10
15,20,2,0,19
15,21,2,3,0
15,22,3,0,15
15,23,2,3,6
15,24,2,0,21
15,25,2,0,10
15,26,2,3,0
15,27,2,3,8
15,28,3,0,19
15,29,3,0,5
15,30,2,3,11
15,31,2,0,21
15,32,2,0,12
15,33,2,0,22
15,34,2,0,5
15,35,2,0,10
15,36,2,0,11
15,37,2,0,11
15,38,2,0,8
15,39,2,0,24
15,40,2,0,0
15,41,2,0,5
15,42,2,0,15
15,43,2,0,18
15,44,2,3,15
15,45,3,0,21
15,46,3,0,15
15,47,3,0,0
15,48,3,0,6
15,49,3,0,6
15,50,3,0,4
15,51,3,0,9
15,52,3,0,23
15,53,3,0,13
15,54,2,3,14
15,55,2,3,4
15,56,2,0,23
15,57,2,3,2
15,58,3,0,0
15,59,3,0,2
15,60,3,0,6
15,61,3,0,8
15,62,3,0,4
16,0,3,0,11
16,1,3,0,19
16,2,3,0,23
16,3,3,0,5
16,4,3,0,12
16,5,3,0,17
16,6,2,3,6
16,7,2,0,24
16,8,2,0,1
16,9,2,0,11
16,10,2,0,12
16,11,2,0,17
16,12,2,0,17
16,13,2,0,0
16,14,2,0,16
16,15,2,0,22
16,16,2,0,24
16,17,2,0,2
16,18,2,0,2
16,19,2,0,22
16,20,2,0,21
16,21,2,3,2
16,22,3,0,6
16,23,2,3,24
16,24,2,0,11
16,25,2,0,9
16,26,2,3,18
16,27,3,0,2
16,28,3,0,5
16,29,2,0,17
16,30,2,0,24
16,31,2,0,14
16,32,2,0,16
16,33,2,0,22
16,34,2,0,13
16,35,2,0,13
16,36,2,0,22
16,37,2,0,6
16,38,2,0,24
16,39,2,0,15
16,40,2,0,1
16,41,2,0,3
16,42,2,0,15
16,43,2,3,13
16,44,3,0,15
16,45,3,0,0
16,46,3,0,19
16,47,3,0,12
16,48,3,0,1
16,49,3,0,20
16,50,3,0,2
16,51,3,0,2
16,52,3,0,4
16,53,2,3,19
16,54,2,0,5
16,55,2,0,18
16,56,2,0,20
16,57,2,3,2
16,58,3,0,10
16,59,3,0,10
16,60,3,0,21
16,61,3,0,9
16,62,3,0,1
17,0,3,0,23
17,1,3,0,21
17,2,3,0,14
17,3,3,0,7
17,4,3,0,21
17,5,3,0,9
17,6,2,3,22
17,7,2,0,2
17,8,2,0,0
17,9,2,0,3
17,10,2,0,0
17,11,2,0,12
17,12,2,0,2
17,13,2,0,23
17,14,2,0,14
17,15,2,0,19
17,16,2,0,20
17,17,2,3,20
17,18,2,3,20
17,19,2,0,15
17,20,2,0,0
17,21,2,3,3
17,22,2,3,9
17,23,2,0,16
17,24,2,3,20
17,25,2,3,13
17,26,3,0,16
17,27,3,0,7
17,28,2,3,6
17,29,2,0,23
17,30,2,0,17
17,31,2,0,5
17,32,2,0,3
17,33,2,0,4
17,34,2,0,21
17,35,2,0,9
17,36,2,0,4
17,37,2,0,14
17,38,2,0,0
17,39,2,0,14
17,40,2,3,20
17,41,2,3,20
17,42,2,3,10
17,43,3,0,18
17,44,3,0,21
17,45,3,0,17
17,46,3,0,7
17,47,3,0,13
17,48,3,0,9
17,49,3,0,2
17,50,2,3,16
17,51,2,3,16
17,52,2,3,11
17,53,2,0,18
17,54,2,0,12
17,55,2,0,17
17,56,2,0,2
17,57,2,3,2
17,58,3,0,10
17,59,3,0,7
17,60,3,0,22
17,61,3,0,6
17,62,3,0,24
18,0,3,0,14
18,1,3,0,16
18,2,3,0,8
18,3,3,0,2
18,4,3,0,17
18,5,3,0,6
18,6,2,3,24
18,7,2,0,15
18,8,2,0,17
18,9,2,0,20
18,10,2,0,14
18,11,2,0,14
18,12,2,0,20
18,13,2,0,24
18,14,2,0,19
18,15,2,0,8
18,16,2,3,10
18,17,2,3,8
18,18,2,3,7
18,19,2,0,17
18,20,2,0,9
18,21,2,3,4
18,22,2,0,8
18,23,2,3,0
18,24,2,3,8
18,25,3,0,13
18,26,3,0,18
18,27,3,0,9
18,28,2,3,24
18,29,2,0,20
18,30,2,0,21
18,31,2,0,12
18,32,2,0,2
18,33,2,0,12
18,34,2,0,6
18,35,2,0,15
18,36,2,0,15
18,37,2,0,5
18,38,2,0,0
18,39,2,3,15
18,40,2,3,8
18,41,2,3,8
18,42,3,0,12
18,43,3,0,19
18,44,3,0,15
18,45,3,0,20
18,46,3,0,23
18,47,3,0,9
18,48,2,3,16
18,49,2,3,19
18,50,2,3,4
18,51,2,3,4
18,52,2,0,12
18,53,2,0,7
18,54,2,0,12
18,55,2,0,4
18,56,2,0,8
18,57,2,3,1
18,58,3,0,23
18,59,3,0,5
18,60,3,0,9
18,61,3,0,24
18,62,3,0,0
19,0,3,0,13
19,1,3,0,24
19,2,3,0,0
19,3,3,0,2
19,4,3,0,3
19,5,2,3,6
19,6,2,0,20
19,7,2,0,0
19,8,2,0,6
19,9,2,0,8
19,10,2,0,23
19,11,2,0,2
19,12,2,0,3
19,13,2,0,8
19,14,2,0,7
19,15,2,3,0
19,16,3,0,13
19,17,3,0,11
19,18,2,3,7
19,19,2,0,7
19,20,2,0,4
19,21,2,0,20
19,22,2,0,16
19,23,2,3,18
19,24,3,0,20
19,25,3,0,20
19,26,3,0,16
19,27,2,3,6
19,28,2,0,2
19,29,2,0,21
19,30,2,0,12
19,31,2,0,4
19,32,2,0,13
19,33,2,0,19
19,34,2,0,4
19,35,2,0,22
19,36,2,0,9
19,37,2,0,19
19,38,2,3,13
19,39,3,0,23
19,40,3,0,0
19,41,3,0,6
19,42,3,0,7
19,43,3,0,8
19,44,3,0,2
19,45,3,0,14
19,46,3,0,11
19,47,2,3,11
19,48,2,3,4
19,49,2,0,2
19,50,2,0,16
19,51,2,0,8
19,52,2,0,4
19,53,2,0,14
19,54,2,0,11
19,55,2,0,13
19,56,2,0,3
19,57,2,3,17
19,58,3,0,23
19,59,3,0,7
19,60,3,0,14
19,61,3,0,9
19,62,3,0,14
20,0,3,0,12
20,1,3,0,4
20,2,3,0,9
20,3,3,0,5
20,4,3,0,0
20,5,2,3,7
20,6,2,0,23
20,7,2,0,7
20,8,2,0,0
20,9,2,0,20
20,10,2,0,14
20,11,2,0,2
20,12,2,0,18
20,13,2,0,4
20,14,2,0,2
20,15,2,3,18
20,16,3,0,4
20,17,3,0,23
20,18,2,3,24
20,19,2,0,19
20,20,2,0,10
20,21,2,0,15
20,22,2,3,15
20,23,3,0,13
20,24,3,0,23
20,25,3,0,15
20,26,3,0,2
20,27,2,3,24
20,28,2,0,14
20,29,2,0,19
20,30,2,0,4
20,31,2,0,24
20,32,2,0,7
20,33,2,0,9
20,34,2,0,4
20,35,2,0,11
20,36,2,0,3
20,37,2,3,0
20,38,3,0,8
20,39,3,0,23
20,40,3,0,6
20,41,3,0,24
20,42,3,0,16
20,43,3,0,4
20,44,3,0,20
20,45,3,0,2
20,46,2,3,19
20,47,2,0,19
20,48,2,0,12
20,49,2,0,20
20,50,2,0,1
20,51,2,0,6
20,52,2,0,6
20,53,2,0,9
20,54,2,0,0
20,55,2,0,0
20,56,2,0,3
20,57,2,3,18
20,58,3,0,19
20,59,3,0,20
20,60,3,0,15
20,61,3,0,5
20,62,3,0,22
21,0,3,0,2
21,1,3,0,8
21,2,3,0,14
21,3,3,0,23
21,4,3,0,6
21,5,2,3,7
21,6,2,3,20
21,7,2,3,20
21,8,2,3,20
21,9,2,0,2
21,10,2,0,23
21,11,2,0,7
21,12,2,0,15
21,13,2,0,12
21,14,2,3,0
21,15,3,0,13
21,16,3,0,14
21,17,2,3,6
21,18,2,0,22
21,19,2,0,11
21,20,2,0,12
21,21,2,3,10
21,22,3,0,18
21,23,3,0,8
21,24,3,0,22
21,25,2,3,16
21,26,2,3,9
21,27,2,0,7
21,28,2,0,20
21,29,2,0,23
21,30,2,0,24
21,31,2,0,2
21,32,2,0,19
21,33,2,0,8
21,34,2,0,14
21,35,2,0,9
21,36,2,0,8
21,37,2,3,18
21,38,3,0,9
21,39,3,0,22
21,40,3,0,10
21,41,3,0,10
21,42,3,0,2
21,43,3,0,23
21,44,3,0,21
21,45,2,3,11
21,46,2,0,7
21,47,2,0,15
21,48,2,0,9
21,49,2,0,11
21,50,2,0,14
21,51,2,0,21
21,52,2,0,15
21,53,2,0,13
21,54,2,0,23
21,55,2,0,7
21,56,2,3,0
21,57,3,0,16
21,58,3,0,19
21,59,3,0,2
21,60,3,0,18
21,61,3,0,0
21,62,3,0,23
22,0,3,0,21
22,1,3,0,7
22,2,3,0,10
22,3,3,0,16
22,4,3,0,18
22,5,2,3,8
22,6,2,3,8
22,7,2,3,8
22,8,2,3,21
22,9,2,0,17
22,10,2,0,7
22,11,2,0,2
22,12,2,0,1
22,13,2,0,20
22,14,2,3,18
22,15,3,0,17
22,16,3,0,12
22,17,2,3,24
22,18,2,0,5
22,19,2,0,19
22,20,2,3,13
22,21,3,0,13
22,22,3,0,8
22,23,3,0,24
22,24,2,3,11
22,25,2,3,4
22,26,2,0,7
22,27,2,0,6
22,28,2,0,7
22,29,2,0,13
22,30,2,0,12
22,31,2,0,24
22,32,2,0,4
22,33,2,0,20
22,34,2,0,21
22,35,2,0,12
22,36,2,3,5
22,37,3,0,12
22,38,3,0,10
22,39,3,0,3
22,40,3,0,10
22,41,3,0,24
22,42,3,0,5
22,43,3,0,9
22,44,2,3,14
22,45,2,0,6
22,46,2,0,20
22,47,2,0,22
22,48,2,0,9
22,49,2,0,4
22,50,2,0,16
22,51,2,0,16
22,52,2,0,23
22,53,2,0,0
22,54,2,0,23
22,55,2,0,5
22,56,2,3,2
22,57,2,3,16
22,58,3,0,3
22,59,3,0,19
22,60,3,0,9
22,61,3,0,11
22,62,3,0,0
23,0,3,0,11
23,1,3,0,17
23,2,3,0,21
23,3,3,0,6
23,4,3,0,21
23,5,3,0,23
23,6,3,0,0
23,7,3,0,11
23,8,2,3,24
23,9,2,0,2
23,10,2,0,6
23,11,2,0,15
23,12,2,0,13
23,13,2,3,0
23,14,3,0,20
23,15,3,0,17
23,16,2,3,6
23,17,2,0,1
23,18,2,0,1
23,19,2,3,0
23,20,3,0,24
23,21,3,0,7
23,22,3,0,11
23,23,2,3,11
23,24,2,0,19
23,25,2,0,24
23,26,2,0,15
23,27,2,0,24
23,28,2,0,18
23,29,2,0,20
23,30,2,0,13
23,31,2,0,12
23,32,2,0,4
23,33,2,0,21
23,34,2,0,0
23,35,2,3,15
23,36,3,0,7
23,37,3,0,4
23,38,3,0,17
23,39,3,0,11
23,40,3,0,21
23,41,3,0,0
23,42,3,0,4
23,43,2,3,9
23,44,2,0,18
23,45,2,0,8
23,46,2,0,22
23,47,2,0,16
23,48,2,0,3
23,49,2,0,24
23,50,2,0,1
23,51,2,0,1
23,52,2,0,8
23,53,2,0,9
23,54,2,0,4
23,55,2,0,20
23,56,2,3,4
23,57,2,3,17
23,58,2,3,16
23,59,3,0,19
23,60,3,0,22
23,61,3,0,23
23,62,3,0,6
24,0,3,0,2
24,1,3,0,13
24,2,3,0,14
24,3,3,0,2
24,4,3,0,13
24,5,3,0,12
24,6,3,0,22
24,7,2,3,6
24,8,2,0,0
24,9,2,0,15
24,10,2,0,24
24,11,2,0,1
24,12,2,0,13
24,13,2,3,1
24,14,3,0,12
24,15,3,0,3
24,16,2,3,24
24,17,2,0,23
24,18,2,0,20
24,19,2,3,18
24,20,3,0,11
24,21,3,0,22
24,22,2,3,19
24,23,2,0,15
24,24,2,0,15
24,25,2,0,11
24,26,2,0,21
24,27,2,0,15
24,28,2,0,9
24,29,2,0,24
24,30,2,0,2
24,31,2,0,19
24,32,2,0,17
24,33,2,0,13
24,34,2,3,10
24,35,3,0,21
24,36,3,0,11
24,37,3,0,17
24,38,3,0,9
24,39,3,0,20
24,40,3,0,16
24,41,3,0,20
24,42,2,3,6
24,43,2,0,20
24,44,2,0,12
24,45,2,0,0
24,46,2,0,0
24,47,2,0,12
24,48,2,0,3
24,49,2,0,11
24,50,2,0,16
24,51,2,0,22
24,52,2,0,22
24,53,2,0,9
24,54,2,0,18
24,55,2,0,9
24,56,2,0,3
24,57,2,3,4
24,58,2,3,17
24,59,3,0,9
24,60,3,0,17
24,61,3,0,20
24,62,3,0,15
25,0,3,0,3
25,1,3,0,14
25,2,3,0,6
25,3,3,0,16
25,4,3,0,7
25,5,3,0,16
25,6,3,0,9
25,7,2,3,24
25,8,2,0,18
25,9,2,0,23
25,10,2,0,9
25,11,2,0,13
25,12,2,0,7
25,13,2,3,2
25,14,2,3,16
25,15,2,3,11
25,16,2,0,23
25,17,2,0,7
25,18,2,3,0
25,19,3,0,5
25,20,3,0,21
25,21,2,3,6
25,22,2,0,24
25,23,2,0,12
25,24,2,0,8
25,25,2,0,19
25,26,2,0,6
25,27,2,0,12
25,28,2,0,23
25,29,2,0,20
25,30,2,0,16
25,31,2,0,17
25,32,2,0,14
25,33,2,3,13
25,34,3,0,5
25,35,3,0,14
25,36,3,0,17
25,37,3,0,23
25,38,3,0,22
25,39,3,0,10
25,40,3,0,21
25,41,3,0,15
25,42,2,3,24
25,43,2,0,16
25,44,2,0,18
25,45,2,0,8
25,46,2,0,8
25,47,2,0,11
25,48,2,0,8
25,49,2,0,14
25,50,2,0,19
25,51,2,0,20
25,52,2,0,8
25,53,2,0,7
25,54,2,0,18
25,55,2,0,17
25,56,2,0,12
25,57,2,0,22
25,58,2,3,3
25,59,3,0,15
25,60,3,0,21
25,61,3,0,7
25,62,3,0,12
26,0,3,0,0
26,1,3,0,11
26,2,3,0,14
26,3,3,0,23
26,4,3,0,12
26,5,3,0,13
26,6,2,3,6
26,7,2,0,5
26,8,2,0,8
26,9,2,0,14
26,10,2,0,17
26,11,2,0,19
26,12,2,0,3
26,13,2,3,4
26,14,2,3,4
26,15,2,0,16
26,16,2,0,0
26,17,2,0,18
26,18,2,3,3
26,19,3,0,22
26,20,3,0,1
26,21,2,3,24
26,22,2,0,23
26,23,2,0,21
26,24,2,0,11
26,25,2,0,18
26,26,2,0,11
26,27,2,0,22
26,28,2,0,11
26,29,2,0,22
26,30,2,0,4
26,31,2,0,17
26,32,2,3,0
26,33,3,0,11
26,34,3,0,21
26,35,3,0,5
26,36,3,0,0
26,37,3,0,3
26,38,3,0,15
26,39,3,0,21
26,40,3,0,17
26,41,2,3,19
26,42,2,0,2
26,43,2,0,16
26,44,2,0,11
26,45,2,0,18
26,46,2,0,6
26,47,2,0,7
26,48,2,0,15
26,49,2,0,1
26,50,2,0,11
26,51,2,0,16
26,52,2,0,7
26,53,2,0,2
26,54,2,0,1
26,55,2,0,3
26,56,2,0,7
26,57,2,0,16
26,58,2,3,3
26,59,3,0,23
26,60,3,0,23
26,61,3,0,3
26,62,3,0,20
27,0,3,0,18
27,1,3,0,16
27,2,3,0,0
27,3,3,0,5
27,4,3,0,24
27,5,3,0,8
27,6,2,3,24
27,7,2,0,24
27,8,2,0,18
27,9,2,0,9
27,10,2,0,13
27,11,2,0,14
27,12,2,0,11
27,13,2,0,2
27,14,2,0,14
27,15,2,0,18
27,16,2,0,9
27,17,2,0,15
27,18,2,3,2
27,19,2,3,16
27,20,2,3,9
27,21,2,0,7
27,22,2,0,13
27,23,2,0,20
27,24,2,0,1
27,25,2,0,14
27,26,2,0,11
27,27,2,0,20
27,28,2,0,13
27,29,2,0,10
27,30,2,0,12
27,31,2,0,5
27,32,2,3,18
27,33,3,0,15
27,34,3,0,21
27,35,3,0,9
27,36,3,0,15
27,37,3,0,14
27,38,3,0,10
27,39,3,0,4
27,40,2,3,6
27,41,2,0,4
27,42,2,0,9
27,43,2,0,2
27,44,2,0,18
27,45,2,0,20
27,46,2,0,23
27,47,2,0,15
27,48,2,3,20
27,49,2,0,3
27,50,2,0,21
27,51,2,3,20
27,52,2,0,13
27,53,2,0,13
27,54,2,0,2
27,55,2,0,24
27,56,2,0,14
27,57,2,0,2
27,58,2,3,2
27,59,3,0,9
27,60,3,0,10
27,61,3,0,22
27,62,3,0,9
28,0,3,0,5
28,1,3,0,1
28,2,3,0,16
28,3,3,0,18
28,4,3,0,18
28,5,2,3,6
28,6,2,3,20
28,7,2,0,23
28,8,2,0,22
28,9,2,0,3
28,10,2,0,22
28,11,2,0,2
28,12,2,0,21
28,13,2,0,8
28,14,2,0,7
28,15,2,0,22
28,16,2,0,22
28,17,2,0,11
28,18,2,3,4
28,19,2,3,4
28,20,2,0,20
28,21,2,0,23
28,22,2,0,14
28,23,2,0,9
28,24,2,0,4
28,25,2,0,4
28,26,2,0,17
28,27,2,0,15
28,28,2,0,19
28,29,2,0,13
28,30,2,0,17
28,31,2,3,15
28,32,3,0,4
28,33,3,0,4
28,34,3,0,21
28,35,3,0,11
28,36,3,0,15
28,37,3,0,1
28,38,3,0,21
28,39,3,0,4
28,40,2,3,24
28,41,2,0,10
28,42,2,0,3
28,43,2,0,10
28,44,2,0,11
28,45,2,0,18
28,46,2,0,8
28,47,2,3,13
28,48,2,3,7
28,49,2,3,20
28,50,2,3,15
28,51,2,3,7
28,52,2,0,10
28,53,2,0,23
28,54,2,0,18
28,55,2,0,18
28,56,2,0,8
28,57,2,0,11
28,58,2,3,1
28,59,3,0,7
28,60,3,0,1
28,61,3,0,1
28,62,3,0,19
29,0,3,0,17
29,1,3,0,16
29,2,3,0,22
29,3,3,0,19
29,4,3,0,6
29,5,2,3,8
29,6,2,3,7
29,7,2,3,20
29,8,2,0,1
29,9,2,0,21
29,10,2,0,19
29,11,2,0,13
29,12,2,0,12
29,13,2,0,13
29,14,2,0,12
29,15,2,0,24
29,16,2,0,2
29,17,2,0,18
29,18,2,0,16
29,19,2,0,21
29,20,2,0,16
29,21,2,0,15
29,22,2,0,16
29,23,2,0,14
29,24,2,0,15
29,25,2,0,24
29,26,2,0,6
29,27,2,0,13
29,28,2,0,8
29,29,2,3,20
29,30,2,3,13
29,31,3,0,20
29,32,3,0,18
29,33,3,0,6
29,34,3,0,15
29,35,3,0,0
29,36,3,0,8
29,37,3,0,14
29,38,3,0,2
29,39,2,3,9
29,40,2,0,8
29,41,2,0,9
29,42,2,0,20
29,43,2,0,13
29,44,2,0,7
29,45,2,0,16
29,46,2,3,0
29,47,3,0,20
29,48,2,3,8
29,49,2,3,8
29,50,3,0,21
29,51,2,3,24
29,52,2,0,4
29,53,2,0,11
29,54,2,0,6
29,55,2,0,23
29,56,2,0,0
29,57,2,0,19
29,58,2,3,3
29,59,3,0,15
29,60,3,0,10
29,61,3,0,14
29,62,3,0,15
30,0,3,0,24
30,1,3,0,12
30,2,3,0,19
30,3,3,0,17
30,4,3,0,11
30,5,3,0,14
30,6,2,3,8
30,7,2,3,24
30,8,2,0,7
30,9,2,0,13
30,10,2,0,11
30,11,2,0,14
30,12,2,0,5
30,13,2,0,3
30,14,2,0,4
30,15,2,0,2
30,16,2,0,17
30,17,2,0,11
30,18,2,0,18
30,19,2,0,6
30,20,2,0,17
30,21,2,0,1
30,22,2,0,2
30,23,2,0,8
30,24,2,0,10
30,25,2,0,11
30,26,2,0,0
30,27,2,3,20
30,28,2,3,5
30,29,2,3,8
30,30,3,0,22
30,31,3,0,2
30,32,3,0,9
30,33,3,0,6
30,34,3,0,2
30,35,3,0,21
30,36,3,0,3
30,37,3,0,24
30,38,2,3,11
30,39,2,0,17
30,40,2,0,15
30,41,2,0,0
30,42,2,0,7
30,43,2,0,4
30,44,2,0,8
30,45,2,0,9
30,46,2,3,1
30,47,3,0,13
30,48,3,0,3
30,49,3,0,22
30,50,2,3,6
30,51,2,0,11
30,52,2,0,21
30,53,2,0,3
30,54,2,0,6
30,55,2,0,22
30,56,2,0,9
30,57,2,0,9
30,58,2,3,3
30,59,3,0,24
30,60,3,0,6
30,61,3,0,7
30,62,3,0,4
31,0,3,0,14
31,1,3,0,1
31,2,3,0,7
31,3,3,0,4
31,4,3,0,4
31,5,3,0,9
31,6,2,3,6
31,7,2,0,24
31,8,2,0,11
31,9,2,0,23
31,10,2,0,4
31,11,2,0,4
31,12,2,0,22
31,13,2,0,19
31,14,2,0,0
31,15,2,0,22
31,16,2,0,4
31,17,2,0,18
31,18,2,0,6
31,19,2,0,16
31,20,2,0,13
31,21,2,0,0
31,22,2,0,22
31,23,2,0,20
31,24,2,0,8
31,25,2,0,12
31,26,2,3,10
31,27,2,3,8
31,28,3,0,4
31,29,3,0,16
31,30,3,0,20
31,31,3,0,2
31,32,3,0,8
31,33,3,0,5
31,34,3,0,3
31,35,3,0,8
31,36,3,0,22
31,37,2,3,14
31,38,2,0,2
31,39,2,0,17
31,40,2,0,1
31,41,2,0,2
31,42,2,0,24
31,43,2,0,5
31,44,2,0,14
31,45,2,0,9
31,46,2,3,18
31,47,3,0,14
31,48,3,0,5
31,49,3,0,19
31,50,2,3,24
31,51,2,0,21
31,52,2,0,12
31,53,2,0,15
31,54,2,0,14
31,55,2,0,24
31,56,2,0,17
31,57,2,0,2
31,58,2,3,1
31,59,3,0,15
31,60,3,0,5
31,61,3,0,20
31,62,3,0,7
32,0,3,0,23
32,1,3,0,14
32,2,3,0,4
32,3,3,0,0
32,4,3,0,6
32,5,3,0,21
32,6,2,3,24
32,7,2,0,15
32,8,2,0,7
32,9,2,0,21
32,10,2,0,6
32,11,2,0,21
32,12,2,0,4
32,13,2,0,8
32,14,2,0,2
32,15,2,0,19
32,16,2,0,4
32,17,2,0,6
32,18,2,0,8
32,19,2,0,6
32,20,2,0,17
32,21,2,0,21
32,22,2,0,0
32,23,2,0,23
32,24,2,0,9
32,25,2,3,0
32,26,3,0,7
32,27,3,0,0
32,28,3,0,11
32,29,3,0,11
32,30,3,0,3
32,31,3,0,0
32,32,3,0,16
32,33,3,0,19
32,34,3,0,0
32,35,3,0,21
32,36,2,3,9
32,37,2,0,1
32,38,2,0,9
32,39,2,0,0
32,40,2,0,5
32,41,2,0,5
32,42,2,0,2
32,43,2,0,13
32,44,2,0,22
32,45,2,3,0
32,46,3,0,9
32,47,3,0,23
32,48,3,0,12
32,49,2,3,6
32,50,2,0,4
32,51,2,0,8
32,52,2,0,7
32,53,2,0,18
32,54,2,0,11
32,55,2,0,21
32,56,2,0,16
32,57,2,0,1
32,58,2,3,2
32,59,3,0,12
32,60,3,0,21
32,61,3,0,4
32,62,3,0,11
33,0,3,0,4
33,1,3,0,8
33,2,3,0,4
33,3,3,0,13
33,4,3,0,24
33,5,2,3,6
33,6,2,0,1
33,7,2,0,20
33,8,2,0,3
33,9,2,0,5
33,10,2,0,2
33,11,2,0,14
33,12,2,0,17
33,13,2,0,4
33,14,2,0,10
33,15,2,0,10
33,16,2,0,19
33,17,2,0,12
33,18,2,0,5
33,19,2,0,10
33,20,2,0,20
33,21,2,0,20
33,22,2,0,8
33,23,2,0,21
33,24,2,0,14
33,25,2,3,18
33,26,3,0,5
33,27,3,0,15
33,28,3,0,14
33,29,3,0,8
33,30,3,0,8
33,31,3,0,17
33,32,3,0,8
33,33,3,0,0
33,34,3,0,0
33,35,2,3,6
33,36,2,0,3
33,37,2,0,13
33,38,2,0,24
33,39,2,0,0
33,40,2,0,11
33,41,2,0,20
33,42,2,0,8
33,43,2,0,8
33,44,2,0,15
33,45,2,3,1
33,46,3,0,3
33,47,3,0,5
33,48,3,0,20
33,49,2,3,22
33,50,2,0,19
33,51,2,0,15
33,52,2,0,21
33,53,2,0,13
33,54,2,0,1
33,55,2,0,21
33,56,2,0,16
33,57,2,0,19
33,58,2,3,18
33,59,3,0,15
33,60,3,0,8
33,61,3,0,5
33,62,3,0,24
34,0,3,0,10
34,1,3,0,18
34,2,3,0,11
34,3,3,0,6
34,4,3,0,23
34,5,2,3,23
34,6,2,3,20
34,7,2,3,20
34,8,2,0,21
34,9,2,0,16
34,10,2,0,9
34,11,2,0,16
34,12,2,0,23
34,13,2,0,2
34,14,2,0,17
34,15,2,0,11
34,16,2,0,23
34,17,2,0,12
34,18,2,0,11
34,19,2,0,7
34,20,2,0,1
34,21,2,0,14
34,22,2,0,8
34,23,2,0,18
34,24,2,3,15
34,25,3,0,19
34,26,3,0,11
34,27,3,0,18
34,28,3,0,14
34,29,3,0,7
34,30,3,0,17
34,31,3,0,8
34,32,3,0,1
34,33,3,0,8
34,34,3,0,17
34,35,2,3,24
34,36,2,0,23
34,37,2,0,24
34,38,2,0,19
34,39,2,0,7
34,40,2,0,3
34,41,2,0,0
34,42,2,0,24
34,43,2,0,22
34,44,2,0,3
34,45,2,3,3
34,46,2,3,16
34,47,3,0,16
34,48,3,0,2
34,49,2,3,23
34,50,2,0,22
34,51,2,0,12
34,52,2,0,2
34,53,2,0,6
34,54,2,0,0
34,55,2,0,19
34,56,2,0,3
34,57,2,3,0
34,58,3,0,8
34,59,3,0,6
34,60,3,0,18
34,61,3,0,22
34,62,3,0,8
35,0,3,0,19
35,1,3,0,10
35,2,3,0,8
35,3,3,0,22
35,4,3,0,0
35,5,2,3,8
35,6,2,3,8
35,7,2,3,24
35,8,2,0,15
35,9,2,0,21
35,10,2,0,19
35,11,2,0,4
35,12,2,0,22
35,13,2,0,8
35,14,2,0,19
35,15,2,0,13
35,16,2,0,4
35,17,2,0,5
35,18,2,0,22
35,19,2,0,13
35,20,2,0,17
35,21,2,0,2
35,22,2,0,1
35,23,2,3,13
35,24,3,0,19
35,25,3,0,5
35,26,3,0,12
35,27,3,0,14
35,28,3,0,1
35,29,3,0,24
35,30,3,0,9
35,31,3,0,0
35,32,3,0,23
35,33,3,0,20
35,34,2,3,6
35,35,2,0,10
35,36,2,0,1
35,37,2,0,20
35,38,2,0,6
35,39,2,0,22
35,40,2,0,16
35,41,2,0,3
35,42,2,0,14
35,43,2,0,19
35,44,2,0,2
35,45,2,3,4
35,46,2,3,1
35,47,3,0,9
35,48,3,0,16
35,49,2,3,24
35,50,2,0,6
35,51,2,0,23
35,52,2,0,14
35,53,2,0,10
35,54,2,0,22
35,55,2,0,11
35,56,2,0,21
35,57,2,3,18
35,58,3,0,14
35,59,3,0,21
35,60,3,0,12
35,61,3,0,11
35,62,3,0,1
36,0,3,0,16
36,1,3,0,17
36,2,3,0,5
36,3,3,0,17
36,4,3,0,13
36,5,3,0,10
36,6,2,3,6
36,7,2,3,20
36,8,2,0,7
36,9,2,0,14
36,10,2,0,16
36,11,2,0,22
36,12,2,0,18
36,13,2,0,9
36,14,2,0,2
36,15,2,0,7
36,16,2,0,22
36,17,2,0,3
36,18,2,0,0
36,19,2,0,19
36,20,2,0,11
36,21,2,0,2
36,22,2,3,10
36,23,3,0,7
36,24,3,0,7
36,25,3,0,11
36,26,3,0,5
36,27,3,0,14
36,28,3,0,19
36,29,3,0,0
36,30,3,0,17
36,31,3,0,22
36,32,3,0,8
36,33,3,0,22
36,34,2,3,24
36,35,2,0,8
36,36,2,0,11
36,37,2,0,22
36,38,2,0,23
36,39,2,0,7
36,40,2,0,3
36,41,2,0,5
36,42,2,0,0
36,43,2,0,24
36,44,2,0,9
36,45,2,0,9
36,46,2,3,17
36,47,3,0,5
36,48,2,3,6
36,49,2,0,17
36,50,2,0,21
36,51,2,0,1
36,52,2,0,9
36,53,2,0,16
36,54,2,3,20
36,55,2,3,20
36,56,2,3,13
36,57,3,0,19
36,58,3,0,9
36,59,3,0,21
36,60,3,0,2
36,61,3,0,9
36,62,3,0,10
37,0,3,0,24
37,1,3,0,17
37,2,3,0,22
37,3,3,0,22
37,4,3,0,21
37,5,3,0,7
37,6,2,3,8
37,7,2,3,7
37,8,2,0,15
37,9,2,0,6
37,10,2,0,4
37,11,2,0,2
37,12,2,0,18
37,13,2,0,9
37,14,2,0,23
37,15,2,0,23
37,16,2,0,14
37,17,2,0,9
37,18,2,0,23
37,19,2,0,17
37,20,2,0,9
37,21,2,3,13
37,22,3,0,9
37,23,3,0,24
37,24,3,0,3
37,25,3,0,6
37,26,3,0,0
37,27,3,0,12
37,28,3,0,19
37,29,3,0,22
37,30,3,0,5
37,31,3,0,15
37,32,3,0,4
37,33,2,3,19
37,34,2,0,20
37,35,2,0,24
37,36,2,0,20
37,37,2,0,0
37,38,2,0,1
37,39,2,0,7
37,40,2,0,10
37,41,2,0,15
37,42,2,0,14
37,43,2,0,4
37,44,2,0,8
37,45,2,0,12
37,46,2,3,2
37,47,3,0,15
37,48,2,3,21
37,49,2,0,16
37,50,2,0,19
37,51,2,0,6
37,52,2,0,14
37,53,2,3,13
37,54,2,3,8
37,55,2,3,8
37,56,3,0,13
37,57,3,0,2
37,58,3,0,0
37,59,3,0,14
37,60,3,0,16
37,61,3,0,10
37,62,3,0,5
38,0,3,0,3
38,1,3,0,17
38,2,3,0,24
38,3,3,0,18
38,4,3,0,23
38,5,3,0,9
38,6,3,0,11
38,7,2,3,24
38,8,2,0,19
38,9,2,0,18
38,10,2,0,20
38,11,2,0,11
38,12,2,0,5
38,13,2,0,3
38,14,2,0,13
38,15,2,0,20
38,16,2,0,10
38,17,2,0,3
38,18,2,0,4
38,19,2,3,20
38,20,2,3,15
38,21,3,0,1
38,22,3,0,14
38,23,3,0,2
38,24,3,0,13
38,25,3,0,9
38,26,3,0,10
38,27,3,0,7
38,28,3,0,10
38,29,3,0,0
38,30,3,0,23
38,31,3,0,10
38,32,2,3,6
38,33,2,0,15
38,34,2,0,17
38,35,2,0,14
38,36,2,0,24
38,37,2,0,23
38,38,2,0,23
38,39,2,0,16
38,40,2,0,10
38,41,2,0,23
38,42,2,0,12
38,43,2,0,20
38,44,2,0,24
38,45,2,0,22
38,46,2,3,18
38,47,3,0,19
38,48,2,3,24
38,49,2,0,19
38,50,2,0,7
38,51,2,0,5
38,52,2,3,5
38,53,3,0,10
38,54,3,0,18
38,55,3,0,7
38,56,3,0,21
38,57,3,0,2
38,58,3,0,5
38,59,3,0,12
38,60,3,0,19
38,61,3,0,12
38,62,3,0,12
39,0,3,0,4
39,1,3,0,3
39,2,3,0,16
39,3,3,0,9
39,4,3,0,12
39,5,3,0,19
39,6,2,3,6
39,7,2,0,1
39,8,2,0,17
39,9,2,0,3
39,10,2,0,3
39,11,2,0,11
39,12,2,0,23
39,13,2,0,1
39,14,2,0,10
39,15,2,0,23
39,16,2,0,13
39,17,2,3,20
39,18,2,3,13
39,19,2,3,8
39,20,3,0,12
39,21,3,0,9
39,22,3,0,23
39,23,3,0,21
39,24,3,0,17
39,25,3,0,20
39,26,3,0,2
39,27,3,0,3
39,28,3,0,8
39,29,3,0,15
39,30,3,0,4
39,31,3,0,7
39,32,2,3,24
39,33,2,0,24
39,34,2,0,18
39,35,2,0,16
39,36,2,0,0
39,37,2,0,9
39,38,2,0,14
39,39,2,0,6
39,40,2,0,2
39,41,2,0,17
39,42,2,0,8
39,43,2,0,13
39,44,2,0,2
39,45,2,3,0
39,46,3,0,14
39,47,2,3,6
39,48,2,0,2
39,49,2,0,21
39,50,2,0,3
39,51,2,3,0
39,52,3,0,18
39,53,3,0,5
39,54,3,0,17
39,55,3,0,11
39,56,3,0,2
39,57,3,0,7
39,58,3,0,9
39,59,3,0,7
39,60,3,0,10
39,61,3,0,6
39,62,3,0,15
40,0,3,0,15
40,1,3,0,2
40,2,3,0,10
40,3,3,0,7
40,4,3,0,8
40,5,3,0,2
40,6,2,3,24
40,7,2,0,1
40,8,2,0,10
40,9,2,0,6
40,10,2,0,22
40,11,2,0,11
40,12,2,0,21
40,13,2,0,22
40,14,2,0,18
40,15,2,0,3
40,16,2,3,13
40,17,2,3,8
40,18,3,0,9
40,19,3,0,16
40,20,3,0,17
40,21,3,0,5
40,22,3,0,1
40,23,3,0,3
40,24,3,0,0
40,25,3,0,17
40,26,3,0,20
40,27,3,0,5
40,28,3,0,23
40,29,3,0,0
40,30,3,0,7
40,31,2,3,9
40,32,2,0,2
40,33,2,0,20
40,34,2,0,20
40,35,2,0,9
40,36,2,0,21
40,37,2,0,18
40,38,2,0,22
40,39,2,0,3
40,40,2,0,1
40,41,2,0,12
40,42,2,0,23
40,43,2,0,9
40,44,2,0,4
40,45,2,3,1
40,46,3,0,14
40,47,2,3,24
40,48,2,0,6
40,49,2,0,23
40,50,2,0,20
40,51,2,3,3
40,52,3,0,15
40,53,3,0,7
40,54,3,0,18
40,55,3,0,2
40,56,3,0,4
40,57,3,0,23
40,58,3,0,21
40,59,3,0,1
40,60,3,0,6
40,61,3,0,23
40,62,3,0,24
41,0,3,0,17
41,1,3,0,20
41,2,3,0,21
41,3,3,0,10
41,4,3,0,22
41,5,2,3,6
41,6,2,0,23
41,7,2,0,23
41,8,2,0,11
41,9,2,0,7
41,10,2,0,19
41,11,2,0,3
41,12,2,0,22
41,13,2,3,20
41,14,2,3,20
41,15,2,3,13
41,16,3,0,17
41,17,3,0,21
41,18,3,0,15
41,19,3,0,22
41,20,3,0,11
41,21,3,0,23
41,22,3,0,16
41,23,3,0,9
41,24,3,0,18
41,25,3,0,6
41,26,3,0,19
41,27,3,0,6
41,28,3,0,11
41,29,3,0,6
41,30,2,3,6
41,31,2,0,8
41,32,2,0,10
41,33,2,0,7
41,34,2,0,1
41,35,2,0,19
41,36,2,0,16
41,37,2,0,4
41,38,2,0,4
41,39,2,3,20
41,40,2,3,20
41,41,2,0,24
41,42,2,0,17
41,43,2,0,23
41,44,2,0,12
41,45,2,3,18
41,46,2,3,6
41,47,2,0,19
41,48,2,0,3
41,49,2,0,22
41,50,2,0,21
41,51,2,3,18
41,52,3,0,15
41,53,3,0,10
41,54,3,0,4
41,55,3,0,3
41,56,3,0,17
41,57,3,0,4
41,58,3,0,10
41,59,3,0,20
41,60,3,0,19
41,61,3,0,18
41,62,3,0,16
42,0,3,0,11
42,1,3,0,6
42,2,3,0,9
42,3,3,0,18
42,4,3,0,6
42,5,2,3,21
42,6,2,0,1
42,7,2,0,6
42,8,2,0,13
42,9,2,0,21
42,10,2,0,8
42,11,2,0,22
42,12,2,3,5
42,13,2,3,8
42,14,2,3,8
42,15,3,0,22
42,16,3,0,13
42,17,3,0,12
42,18,3,0,5
42,19,3,0,6
42,20,3,0,7
42,21,3,0,9
42,22,3,0,4
42,23,3,0,18
42,24,3,0,7
42,25,3,0,0
42,26,3,0,20
42,27,3,0,3
42,28,3,0,0
42,29,3,0,23
42,30,2,3,24
42,31,2,0,2
42,32,2,0,22
42,33,2,0,3
42,34,2,0,10
42,35,2,0,22
42,36,2,0,23
42,37,2,3,20
42,38,2,3,10
42,39,2,3,8
42,40,2,3,22
42,41,2,0,4
42,42,2,0,3
42,43,2,0,18
42,44,2,3,0
42,45,3,0,22
42,46,2,3,22
42,47,2,0,8
42,48,2,0,16
42,49,2,0,21
42,50,2,3,0
42,51,3,0,5
42,52,3,0,10
42,53,3,0,9
42,54,3,0,13
42,55,3,0,5
42,56,3,0,3
42,57,3,0,16
42,58,3,0,6
42,59,3,0,19
42,60,3,0,22
42,61,3,0,9
42,62,3,0,10
43,0,3,0,13
43,1,3,0,13
43,2,3,0,6
43,3,3,0,13
43,4,3,0,12
43,5,2,3,7
43,6,2,0,6
43,7,2,0,10
43,8,2,0,21
43,9,2,0,16
43,10,2,0,12
43,11,2,3,13
43,12,3,0,21
43,13,3,0,19
43,14,3,0,17
43,15,3,0,6
43,16,3,0,7
43,17,3,0,1
43,18,3,0,4
43,19,3,0,24
43,20,3,0,8
43,21,3,0,18
43,22,3,0,7
43,23,3,0,18
43,24,3,0,1
43,25,3,0,0
43,26,3,0,14
43,27,3,0,7
43,28,3,0,2
43,29,2,3,14
43,30,2,0,10
43,31,2,0,11
43,32,2,0,17
43,33,2,0,2
43,34,2,0,1
43,35,2,0,23
43,36,2,3,5
43,37,2,3,8
43,38,3,0,7
43,39,3,0,9
43,40,2,3,24
43,41,2,0,2
43,42,2,0,14
43,43,2,0,20
43,44,2,3,18
43,45,3,0,11
43,46,2,3,7
43,47,2,0,21
43,48,2,0,20
43,49,2,0,4
43,50,2,3,18
43,51,3,0,12
43,52,3,0,19
43,53,3,0,15
43,54,3,0,2
43,55,3,0,12
43,56,3,0,18
43,57,3,0,21
43,58,3,0,12
43,59,3,0,7
43,60,3,0,23
43,61,3,0,8
43,62,3,0,0
44,0,3,0,4
44,1,3,0,23
44,2,3,0,14
44,3,3,0,6
44,4,3,0,6
44,5,2,3,23
44,6,2,3,20
44,7,2,0,20
44,8,2,0,11
44,9,2,3,20
44,10,2,3,13
44,11,3,0,23
44,12,3,0,3
44,13,3,0,18
44,14,3,0,21
44,15,3,0,3
44,16,3,0,16
44,17,3,0,18
44,18,3,0,18
44,19,3,0,15
44,20,3,0,9
44,21,3,0,23
44,22,3,0,9
44,23,3,0,22
44,24,3,0,3
44,25,3,0,8
44,26,3,0,24
44,27,3,0,24
44,28,2,3,11
44,29,2,0,23
44,30,2,0,18
44,31,2,0,18
44,32,2,0,2
44,33,2,0,17
44,34,2,0,0
44,35,2,3,0
44,36,3,0,12
44,37,3,0,13
44,38,3,0,7
44,39,2,3,6
44,40,2,0,3
44,41,2,0,14
44,42,2,0,15
44,43,2,3,5
44,44,3,0,5
44,45,3,0,21
44,46,2,3,21
44,47,2,0,22
44,48,2,0,6
44,49,2,3,10
44,50,3,0,11
44,51,3,0,11
44,52,3,0,18
44,53,3,0,21
44,54,3,0,3
44,55,3,0,19
44,56,3,0,24
44,57,3,0,10
44,58,3,0,17
44,59,3,0,10
44,60,3,0,12
44,61,3,0,4
44,62,3,0,6
45,0,3,0,11
45,1,3,0,6
45,2,3,0,19
45,3,3,0,24
45,4,3,0,0
45,5,2,3,8
45,6,2,3,22
45,7,2,3,20
45,8,2,3,10
45,9,2,3,8
45,10,3,0,14
45,11,3,0,22
45,12,3,0,14
45,13,3,0,2
45,14,3,0,0
45,15,3,0,8
45,16,3,0,13
45,17,3,0,10
45,18,3,0,6
45,19,3,0,9
45,20,3,0,5
45,21,3,0,1
45,22,3,0,16
45,23,3,0,12
45,24,3,0,24
45,25,3,0,21
45,26,2,3,16
45,27,2,3,11
45,28,2,0,5
45,29,2,0,15
45,30,2,0,9
45,31,2,0,18
45,32,2,0,8
45,33,2,0,24
45,34,2,0,22
45,35,2,3,18
45,36,3,0,5
45,37,3,0,3
45,38,3,0,1
45,39,2,3,24
45,40,2,0,8
45,41,2,0,21
45,42,2,3,0
45,43,3,0,10
45,44,3,0,8
45,45,3,0,21
45,46,2,3,7
45,47,2,3,20
45,48,2,3,10
45,49,3,0,4
45,50,3,0,10
45,51,3,0,4
45,52,3,0,1
45,53,3,0,19
45,54,3,0,21
45,55,3,0,23
45,56,3,0,5
45,57,3,0,24
45,58,3,0,21
45,59,3,0,8
45,60,3,0,5
45,61,3,0,0
45,62,3,0,23
46,0,3,0,8
46,1,3,0,3
46,2,3,0,12
46,3,3,0,22
46,4,3,0,22
46,5,3,0,19
46,6,2,3,8
46,7,2,3,8
46,8,3,0,6
46,9,3,0,20
46,10,3,0,9
46,11,3,0,18
46,12,3,0,20
46,13,3,0,0
46,14,3,0,11
46,15,3,0,4
46,16,3,0,21
46,17,3,0,9
46,18,3,0,2
46,19,3,0,17
46,20,3,0,15
46,21,3,0,9
46,22,3,0,9
46,23,3,0,1
46,24,3,0,18
46,25,2,3,19
46,26,2,3,4
46,27,2,0,20
46,28,2,0,21
46,29,2,0,16
46,30,2,0,9
46,31,2,0,14
46,32,2,0,16
46,33,2,0,14
46,34,2,3,5
46,35,3,0,23
46,36,3,0,18
46,37,3,0,17
46,38,2,3,6
46,39,2,0,8
46,40,2,0,7
46,41,2,0,16
46,42,2,3,1
46,43,3,0,1
46,44,3,0,7
46,45,3,0,12
46,46,2,3,8
46,47,2,3,8
46,48,3,0,9
46,49,3,0,19
46,50,2,3,16
46,51,2,3,16
46,52,3,0,8
46,53,3,0,0
46,54,3,0,24
46,55,3,0,8
46,56,3,0,22
46,57,3,0,8
46,58,3,0,1
46,59,3,0,14
46,60,3,0,11
46,61,3,0,11
46,62,3,0,23
47,0,3,0,8
47,1,3,0,4
47,2,3,0,5
47,3,3,0,9
47,4,3,0,22
47,5,3,0,23
47,6,3,0,2
47,7,3,0,21
47,8,3,0,17
47,9,3,0,22
47,10,3,0,20
47,11,3,0,20
47,12,3,0,6
47,13,3,0,7
47,14,3,0,3
47,15,3,0,21
47,16,3,0,23
47,17,3,0,19
47,18,3,0,24
47,19,3,0,19
47,20,3,0,2
47,21,3,0,2
47,22,3,0,4
47,23,3,0,11
47,24,2,3,11
47,25,2,0,15
47,26,2,0,8
47,27,2,0,7
47,28,2,0,16
47,29,2,0,7
47,30,2,0,24
47,31,2,0,21
47,32,2,0,15
47,33,2,3,0
47,34,3,0,4
47,35,3,0,21
47,36,2,3,16
47,37,2,3,16
47,38,2,3,24
47,39,2,0,18
47,40,2,0,1
47,41,2,0,3
47,42,2,3,2
47,43,3,0,10
47,44,3,0,4
47,45,3,0,8
47,46,3,0,15
47,47,3,0,23
47,48,3,0,14
47,49,2,3,6
47,50,2,3,4
47,51,2,3,4
47,52,3,0,6
47,53,3,0,12
47,54,3,0,11
47,55,3,0,7
47,56,3,0,22
47,57,3,0,1
47,58,3,0,22
47,59,3,0,8
47,60,3,0,2
47,61,3,0,1
47,62,3,0,13
48,0,3,0,7
48,1,3,0,12
48,2,3,0,14
48,3,3,0,6
48,4,3,0,20
48,5,3,0,2
48,6,3,0,6
48,7,3,0,7
48,8,3,0,18
48,9,3,0,8
48,10,3,0,23
48,11,3,0,17
48,12,3,0,3
48,13,3,0,0
48,14,3,0,4
48,15,3,0,2
48,16,3,0,20
48,17,3,0,15
48,18,3,0,10
48,19,3,0,22
48,20,3,0,0
48,21,3,0,21
48,22,3,0,19
48,23,2,3,9
48,24,2,0,17
48,25,2,0,6
48,26,2,0,18
48,27,2,0,10
48,28,2,0,19
48,29,2,0,2
48,30,2,0,9
48,31,2,0,24
48,32,2,0,18
48,33,2,3,18
48,34,3,0,7
48,35,2,3,9
48,36,2,3,4
48,37,2,3,4
48,38,2,0,0
48,39,2,0,9
48,40,2,0,8
48,41,2,0,10
48,42,2,3,17
48,43,3,0,4
48,44,3,0,1
48,45,3,0,22
48,46,3,0,16
48,47,3,0,22
48,48,3,0,19
48,49,2,3,24
48,50,2,0,5
48,51,2,0,18
48,52,3,0,18
48,53,3,0,1
48,54,3,0,24
48,55,3,0,16
48,56,3,0,14
48,57,3,0,18
48,58,3,0,12
48,59,3,0,21
48,60,3,0,14
48,61,3,0,23
48,62,3,0,22
49,0,3,0,8
49,1,3,0,6
49,2,3,0,21
49,3,3,0,18
49,4,3,0,2
49,5,3,0,6
49,6,3,0,16
49,7,3,0,6
49,8,3,0,23
49,9,3,0,24
49,10,3,0,12
49,11,3,0,8
49,12,3,0,10
49,13,3,0,17
49,14,3,0,21
49,15,3,0,11
49,16,3,0,3
49,17,3,0,9
49,18,3,0,21
49,19,3,0,10
49,20,3,0,17
49,21,3,0,14
49,22,2,3,9
49,23,2,0,11
49,24,2,0,5
49,25,2,0,0
49,26,2,0,0
49,27,2,0,5
49,28,2,0,11
49,29,2,0,0
49,30,2,0,20
49,31,2,0,18
49,32,2,3,0
49,33,3,0,23
49,34,2,3,6
49,35,2,0,14
49,36,2,0,20
49,37,2,0,23
49,38,2,0,17
49,39,2,0,4
49,40,2,0,5
49,41,2,0,1
49,42,2,3,2
49,43,3,0,11
49,44,3,0,10
49,45,3,0,8
49,46,3,0,19
49,47,3,0,18
49,48,2,3,19
49,49,2,0,5
49,50,2,0,12
49,51,2,0,1
49,52,3,0,17
49,53,3,0,18
49,54,3,0,15
49,55,3,0,24
49,56,3,0,16
49,57,3,0,18
49,58,3,0,20
49,59,3,0,21
49,60,3,0,20
49,61,3,0,20
49,62,3,0,18
50,0,3,0,6
50,1,3,0,19
50,2,3,0,0
50,3,3,0,15
50,4,3,0,17
50,5,3,0,22
50,6,3,0,18
50,7,3,0,2
50,8,3,0,18
50,9,3,0,16
50,10,3,0,5
50,11,3,0,20
50,12,3,0,5
50,13,3,0,8
50,14,3,0,1
50,15,3,0,3
50,16,3,0,9
50,17,3,0,1
50,18,3,0,14
50,19,3,0,5
50,20,3,0,15
50,21,2,3,6
50,22,2,0,3
50,23,2,0,19
50,24,2,0,22
50,25,2,0,12
50,26,2,0,20
50,27,2,0,17
50,28,2,0,15
50,29,2,0,4
50,30,2,0,0
50,31,2,0,21
50,32,2,3,18
50,33,3,0,12
50,34,2,3,24
50,35,2,0,16
50,36,2,0,8
50,37,2,0,0
50,38,2,0,24
50,39,2,0,11
50,40,2,0,4
50,41,2,0,9
50,42,2,3,3
50,43,3,0,18
50,44,3,0,19
50,45,3,0,6
50,46,3,0,14
50,47,2,3,6
50,48,2,0,8
50,49,2,0,14
50,50,2,0,18
50,51,2,0,0
50,52,3,0,10
50,53,3,0,21
50,54,3,0,13
50,55,3,0,4
50,56,3,0,22
50,57,3,0,0
50,58,3,0,4
50,59,3,0,18
50,60,3,0,14
50,61,3,0,19
50,62,3,0,15
51,0,3,0,2
51,1,3,0,23
51,2,3,0,6
51,3,3,0,9
51,4,3,0,0
51,5,3,0,12
51,6,3,0,11
51,7,3,0,0
51,8,3,0,7
51,9,3,0,1
51,10,3,0,21
51,11,3,0,13
51,12,3,0,13
51,13,3,0,23
51,14,3,0,4
51,15,3,0,7
51,16,3,0,12
51,17,3,0,21
51,18,3,0,0
51,19,3,0,18
51,20,3,0,23
51,21,2,3,24
51,22,2,0,11
51,23,2,0,5
51,24,2,0,23
51,25,2,0,24
51,26,2,0,8
51,27,2,0,24
51,28,2,0,2
51,29,2,0,22
51,30,2,0,24
51,31,2,3,0
51,32,3,0,1
51,33,2,3,6
51,34,2,0,14
51,35,2,0,24
51,36,2,0,11
51,37,2,0,24
51,38,2,0,18
51,39,2,0,6
51,40,2,0,18
51,41,2,0,16
51,42,2,3,18
51,43,3,0,20
51,44,3,0,11
51,45,3,0,16
51,46,3,0,14
51,47,2,3,24
51,48,2,0,0
51,49,2,0,3
51,50,2,0,12
51,51,2,0,20
51,52,3,0,11
51,53,3,0,14
51,54,3,0,22
51,55,3,0,19
51,56,3,0,14
51,57,2,3,16
51,58,3,0,5
51,59,3,0,0
51,60,3,0,21
51,61,3,0,22
51,62,3,0,5
52,0,3,0,21
52,1,3,0,13
52,2,3,0,1
52,3,3,0,3
52,4,3,0,21
52,5,3,0,12
52,6,3,0,16
52,7,3,0,10
52,8,3,0,4
52,9,3,0,1
52,10,3,0,11
52,11,3,0,13
52,12,3,0,8
52,13,3,0,20
52,14,3,0,23
52,15,3,0,6
52,16,3,0,13
52,17,3,0,16
52,18,3,0,17
52,19,3,0,9
52,20,2,3,14
52,21,2,0,20
52,22,2,0,20
52,23,2,0,9
52,24,2,0,24
52,25,2,0,23
52,26,2,0,23
52,27,2,0,16
52,28,2,0,18
52,29,2,0,11
52,30,2,0,24
52,31,2,3,18
52,32,3,0,1
52,33,2,3,24
52,34,2,0,18
52,35,2,0,1
52,36,2,0,15
52,37,2,0,16
52,38,2,0,2
52,39,2,0,17
52,40,2,0,1
52,41,2,3,0
52,42,3,0,6
52,43,3,0,10
52,44,3,0,6
52,45,3,0,19
52,46,2,3,6
52,47,2,0,22
52,48,2,0,12
52,49,2,0,19
52,50,2,0,18
52,51,2,0,11
52,52,3,0,11
52,53,3,0,9
52,54,2,3,16
52,55,2,3,16
52,56,2,3,4
52,57,2,3,3
52,58,3,0,22
52,59,3,0,2
52,60,3,0,14
52,61,3,0,15
52,62,3,0,20
53,0,3,0,0
53,1,3,0,15
53,2,3,0,6
53,3,3,0,2
53,4,3,0,20
53,5,3,0,11
53,6,3,0,2
53,7,3,0,22
53,8,3,0,0
53,9,3,0,19
53,10,3,0,10
53,11,3,0,16
53,12,3,0,14
53,13,3,0,2
53,14,3,0,10
53,15,3,0,23
53,16,3,0,16
53,17,3,0,10
53,18,3,0,1
53,19,2,3,11
53,20,2,0,11
53,21,2,0,11
53,22,2,0,23
53,23,2,0,3
53,24,2,0,1
53,25,2,0,7
53,26,2,0,22
53,27,2,0,20
53,28,2,0,21
53,29,2,0,10
53,30,2,3,10
53,31,3,0,22
53,32,2,3,19
53,33,2,0,8
53,34,2,0,22
53,35,2,0,2
53,36,2,0,18
53,37,2,0,12
53,38,2,0,6
53,39,2,0,9
53,40,2,0,3
53,41,2,3,18
53,42,3,0,5
53,43,3,0,17
53,44,3,0,23
53,45,3,0,13
53,46,2,3,21
53,47,2,0,5
53,48,2,0,8
53,49,2,0,0
53,50,2,0,23
53,51,2,0,10
53,52,3,0,4
53,53,2,3,19
53,54,2,3,4
53,55,2,0,15
53,56,2,0,4
53,57,2,3,18
53,58,3,0,12
53,59,3,0,24
53,60,3,0,6
53,61,3,0,19
53,62,3,0,4
54,0,3,0,21
54,1,3,0,12
54,2,3,0,14
54,3,3,0,0
54,4,3,0,6
54,5,3,0,10
54,6,3,0,13
54,7,3,0,6
54,8,3,0,9
54,9,3,0,6
54,10,3,0,3
54,11,3,0,2
54,12,3,0,15
54,13,3,0,1
54,14,3,0,10
54,15,3,0,15
54,16,3,0,15
54,17,3,0,1
54,18,2,3,6
54,19,2,0,22
54,20,2,0,24
54,21,2,0,15
54,22,2,0,19
54,23,2,0,6
54,24,2,0,20
54,25,2,0,22
54,26,2,0,10
54,27,2,0,18
54,28,2,0,1
54,29,2,3,0
54,30,3,0,24
54,31,2,3,14
54,32,2,0,17
54,33,2,0,0
54,34,2,0,19
54,35,2,3,20
54,36,2,3,20
54,37,2,0,13
54,38,2,0,24
54,39,2,0,7
54,40,2,3,0
54,41,3,0,21
54,42,3,0,8
54,43,3,0,15
54,44,3,0,5
54,45,3,0,8
54,46,2,3,22
54,47,2,0,19
54,48,2,0,10
54,49,2,0,23
54,50,2,0,20
54,51,2,0,21
54,52,2,3,19
54,53,2,0,18
54,54,2,0,7
54,55,2,0,20
54,56,2,3,0
54,57,2,3,16
54,58,3,0,9
54,59,3,0,18
54,60,3,0,11
54,61,3,0,22
54,62,3,0,9
55,0,3,0,21
55,1,3,0,15
55,2,3,0,14
55,3,3,0,20
55,4,3,0,11
55,5,3,0,9
55,6,3,0,8
55,7,3,0,24
55,8,3,0,1
55,9,3,0,3
55,10,3,0,21
55,11,3,0,7
55,12,3,0,4
55,13,3,0,5
55,14,3,0,2
55,15,3,0,3
55,16,3,0,9
55,17,3,0,1
55,18,2,3,24
55,19,2,0,4
55,20,2,0,12
55,21,2,0,4
55,22,2,0,3
55,23,2,0,9
55,24,2,0,18
55,25,2,0,22
55,26,2,3,20
55,27,2,0,19
55,28,2,0,14
55,29,2,3,2
55,30,2,3,14
55,31,2,0,14
55,32,2,0,12
55,33,2,0,24
55,34,2,3,10
55,35,2,3,8
55,36,2,3,22
55,37,2,0,4
55,38,2,0,2
55,39,2,0,2
55,40,2,3,1
55,41,2,3,16
55,42,2,3,16
55,43,3,0,2
55,44,3,0,23
55,45,3,0,19
55,46,2,3,22
55,47,2,3,20
55,48,2,0,13
55,49,2,0,23
55,50,2,0,24
55,51,2,0,16
55,52,2,0,5
55,53,2,0,14
55,54,2,0,6
55,55,2,0,14
55,56,2,3,4
55,57,2,3,17
55,58,3,0,13
55,59,3,0,18
55,60,3,0,4
55,61,3,0,9
55,62,3,0,5
56,0,3,0,11
56,1,3,0,3
56,2,3,0,0
56,3,3,0,5
56,4,3,0,19
56,5,3,0,21
56,6,3,0,12
56,7,3,0,23
56,8,3,0,24
56,9,3,0,12
56,10,3,0,23
56,11,3,0,22
56,12,3,0,17
56,13,3,0,16
56,14,3,0,19
56,15,3,0,3
56,16,3,0,2
56,17,2,3,14
56,18,2,0,23
56,19,2,0,16
56,20,2,0,16
56,21,2,0,5
56,22,2,0,18
56,23,2,0,11
56,24,2,0,13
56,25,2,3,5
56,26,2,3,24
56,27,2,0,15
56,28,2,0,24
56,29,2,3,4
56,30,2,0,18
56,31,2,0,9
56,32,2,0,24
56,33,2,3,10
56,34,3,0,8
56,35,3,0,10
56,36,2,3,7
56,37,2,0,1
56,38,2,0,6
56,39,2,0,1
56,40,2,3,4
56,41,2,3,4
56,42,2,3,3
56,43,3,0,7
56,44,3,0,7
56,45,3,0,14
56,46,2,3,8
56,47,2,3,23
56,48,2,0,3
56,49,2,0,3
56,50,2,0,6
56,51,2,0,7
56,52,2,0,20
56,53,2,0,1
56,54,2,0,12
56,55,2,0,12
56,56,2,0,11
56,57,2,3,1
56,58,3,0,9
56,59,3,0,1
56,60,3,0,7
56,61,3,0,17
56,62,3,0,5
57,0,3,0,6
57,1,3,0,14
57,2,3,0,20
57,3,3,0,0
57,4,3,0,9
57,5,3,0,16
57,6,3,0,23
57,7,3,0,23
57,8,3,0,13
57,9,3,0,8
57,10,3,0,7
57,11,3,0,3
57,12,3,0,20
57,13,3,0,10
57,14,3,0,8
57,15,3,0,7
57,16,2,3,19
57,17,2,0,24
57,18,2,0,3
57,19,2,0,14
57,20,2,0,2
57,21,2,0,19
57,22,2,0,2
57,23,2,0,17
57,24,2,3,13
57,25,2,3,6
57,26,2,0,17
57,27,2,0,14
57,28,2,0,19
57,29,2,0,2
57,30,2,0,18
57,31,2,0,3
57,32,2,3,0
57,33,3,0,4
57,34,3,0,4
57,35,3,0,11
57,36,2,3,23
57,37,2,0,22
57,38,2,0,18
57,39,2,0,4
57,40,2,0,11
57,41,2,0,16
57,42,2,3,1
57,43,3,0,9
57,44,3,0,1
57,45,3,0,19
57,46,3,0,20
57,47,2,3,24
57,48,2,0,20
57,49,2,0,12
57,50,2,0,2
57,51,2,0,6
57,52,2,0,21
57,53,2,0,24
57,54,2,0,6
57,55,2,0,18
57,56,2,0,12
57,57,2,3,17
57,58,3,0,16
57,59,3,0,10
57,60,3,0,1
57,61,3,0,10
57,62,3,0,4
58,0,3,0,10
58,1,3,0,7
58,2,3,0,10
58,3,3,0,10
58,4,3,0,7
58,5,3,0,3
58,6,3,0,8
58,7,3,0,13
58,8,3,0,8
58,9,3,0,9
58,10,3,0,22
58,11,3,0,5
58,12,3,0,19
58,13,3,0,3
58,14,3,0,24
58,15,2,3,9
58,16,2,0,3
58,17,2,0,0
58,18,2,0,5
58,19,2,0,7
58,20,2,0,6
58,21,2,0,19
58,22,2,0,15
58,23,2,3,0
58,24,3,0,5
58,25,2,3,24
58,26,2,0,14
58,27,2,0,5
58,28,2,0,9
58,29,2,0,16
58,30,2,0,17
58,31,2,0,5
58,32,2,3,2
58,33,3,0,22
58,34,3,0,6
58,35,3,0,19
58,36,2,3,23
58,37,2,0,13
58,38,2,0,13
58,39,2,0,21
58,40,2,0,23
58,41,2,0,7
58,42,2,3,1
58,43,3,0,16
58,44,3,0,24
58,45,3,0,14
58,46,2,3,6
58,47,2,0,16
58,48,2,0,2
58,49,2,0,16
58,50,2,0,6
58,51,2,0,4
58,52,2,0,19
58,53,2,0,14
58,54,2,0,7
58,55,2,0,19
58,56,2,0,1
58,57,2,3,17
58,58,3,0,3
58,59,3,0,23
58,60,3,0,18
58,61,3,0,1
58,62,3,0,6
59,0,3,0,17
59,1,3,0,7
59,2,3,0,14
59,3,3,0,6
59,4,3,0,14
59,5,3,0,12
59,6,3,0,1
59,7,3,0,18
59,8,3,0,5
59,9,3,0,5
59,10,3,0,9
59,11,3,0,17
59,12,3,0,12
59,13,3,0,10
59,14,2,3,6
59,15,2,0,5
59,16,2,0,8
59,17,2,0,21
59,18,2,0,9
59,19,2,0,24
59,20,2,0,13
59,21,2,0,16
59,22,2,0,9
59,23,2,3,18
59,24,2,3,6
59,25,2,0,9
59,26,2,0,5
59,27,2,0,11
59,28,2,0,4
59,29,2,0,1
59,30,2,0,1
59,31,2,0,15
59,32,2,3,2
59,33,3,0,20
59,34,3,0,16
59,35,3,0,19
59,36,2,3,24
59,37,2,0,15
59,38,2,0,14
59,39,2,0,16
59,40,2,0,2
59,41,2,0,12
59,42,2,3,3
59,43,3,0,9
59,44,3,0,5
59,45,3,0,2
59,46,2,3,7
59,47,2,0,23
59,48,2,0,0
59,49,2,0,3
59,50,2,0,14
59,51,2,0,19
59,52,2,0,10
59,53,2,0,10
59,54,2,0,17
59,55,2,0,17
59,56,2,0,5
59,57,2,3,2
59,58,3,0,20
59,59,3,0,24
59,60,3,0,6
59,61,3,0,17
59,62,3,0,13
60,0,3,0,23
60,1,3,0,10
60,2,3,0,8
60,3,3,0,8
60,4,3,0,17
60,5,3,0,16
60,6,3,0,9
60,7,3,0,22
60,8,3,0,12
60,9,3,0,21
60,10,3,0,0
60,11,3,0,13
60,12,3,0,24
60,13,3,0,13
60,14,2,3,24
60,15,2,0,5
60,16,2,0,21
60,17,2,0,24
60,18,2,0,19
60,19,2,0,10
60,20,2,0,3
60,21,2,0,1
60,22,2,3,0
60,23,3,0,2
60,24,2,3,21
60,25,2,3,20
60,26,2,3,20
60,27,2,0,8
60,28,2,0,12
60,29,2,0,1
60,30,2,0,20
60,31,2,0,10
60,32,2,3,2
60,33,2,3,16
60,34,3,0,17
60,35,2,3,19
60,36,2,0,17
60,37,2,0,5
60,38,2,0,15
60,39,2,0,21
60,40,2,0,3
60,41,2,0,12
60,42,2,3,3
60,43,3,0,18
60,44,3,0,15
60,45,3,0,23
60,46,2,3,23
60,47,2,0,7
60,48,2,0,5
60,49,2,0,15
60,50,2,0,17
60,51,2,0,22
60,52,2,0,11
60,53,2,0,18
60,54,2,0,24
60,55,2,0,7
60,56,2,0,9
60,57,2,3,1
60,58,3,0,23
60,59,3,0,22
60,60,3,0,23
60,61,3,0,7
60,62,3,0,0
61,0,3,0,12
61,1,3,0,7
61,2,3,0,11
61,3,3,0,8
61,4,3,0,23
61,5,3,0,0
61,6,3,0,12
61,7,3,0,24
61,8,3,0,6
61,9,3,0,13
61,10,3,0,8
61,11,3,0,22
61,12,3,0,13
61,13,2,3,14
61,14,2,0,16
61,15,2,0,12
61,16,2,0,14
61,17,2,0,12
61,18,2,0,12
61,19,2,0,8
61,20,2,0,4
61,21,2,0,7
61,22,2,3,18
61,23,3,0,13
61,24,2,3,8
61,25,2,3,8
61,26,2,3,24
61,27,2,0,7
61,28,2,0,17
61,29,2,0,3
61,30,2,0,8
61,31,2,0,18
61,32,2,3,4
61,33,2,3,1
61,34,2,3,9
61,35,2,0,3
61,36,2,0,7
61,37,2,0,15
61,38,2,0,15
61,39,2,0,14
61,40,2,0,21
61,41,2,0,2
61,42,2,3,1
61,43,3,0,19
61,44,3,0,13
61,45,3,0,12
61,46,2,3,21
61,47,2,0,19
61,48,2,0,21
61,49,2,0,11
61,50,2,0,1
61,51,2,0,16
61,52,2,0,14
61,53,2,0,17
61,54,2,0,7
61,55,2,0,14
61,56,2,0,23
61,57,2,3,1
61,58,3,0,0
61,59,3,0,7
61,60,3,0,6
61,61,3,0,6
61,62,3,0,17
62,0,3,0,1
62,1,3,0,0
62,2,3,0,15
62,3,3,0,11
62,4,3,0,12
62,5,3,0,0
62,6,3,0,0
62,7,3,0,1
62,8,3,0,1
62,9,3,0,22
62,10,3,0,14
62,11,3,0,21
62,12,2,3,6
62,13,2,0,18
62,14,2,0,3
62,15,2,0,18
62,16,2,0,22
62,17,2,0,20
62,18,2,0,15
62,19,2,0,7
62,20,2,0,0
62,21,2,0,13
62,22,3,0,13
62,23,3,0,11
62,24,3,0,10
62,25,2,3,6
62,26,2,0,19
62,27,2,0,13
62,28,2,0,7
62,29,2,0,12
62,30,2,0,16
62,31,2,0,3
62,32,2,0,10
62,33,2,3,4
62,34,2,0,5
62,35,2,0,10
62,36,2,0,12
62,37,2,0,11
62,38,2,0,4
62,39,2,0,15
62,40,2,0,0
62,41,2,0,20
62,42,2,3,3
62,43,3,0,12
62,44,3,0,21
62,45,3,0,17
62,46,2,3,7
62,47,2,0,22
62,48,2,0,19
62,49,2,0,0
62,50,2,0,9
62,51,2,0,16
62,52,2,0,16
62,53,2,0,7
62,54,2,0,14
62,55,2,0,7
62,56,2,0,7
62,57,2,3,2
62,58,3,0,1
62,59,3,0,0
62,60,3,0,3
62,61,3,0,18
62,62,3,0,7
63,0,3,0,1
63,1,3,0,23
63,2,3,0,18
63,3,3,0,16
63,4,3,0,14
63,5,3,0,22
63,6,3,0,22
63,7,3,0,9
63,8,3,0,7
63,9,3,0,6
63,10,3,0,1
63,11,3,0,8
63,12,2,3,24
63,13,2,0,0
63,14,2,0,2
63,15,2,0,20
63,16,2,0,12
63,17,2,0,5
63,18,2,0,24
63,19,2,0,7
63,20,2,0,10
63,21,2,3,18
63,22,3,0,13
63,23,3,0,17
63,24,3,0,11
63,25,2,3,21
63,26,2,0,5
63,27,2,0,4
63,28,2,0,22
63,29,2,0,17
63,30,2,0,2
63,31,2,0,22
63,32,2,0,17
63,33,2,0,7
63,34,2,0,3
63,35,2,0,1
63,36,2,0,11
63,37,2,0,4
63,38,2,0,7
63,39,2,0,10
63,40,2,0,11
63,41,2,0,2
63,42,2,3,1
63,43,3,0,17
63,44,3,0,0
63,45,3,0,14
63,46,2,3,24
63,47,2,0,13
63,48,2,0,18
63,49,2,0,23
63,50,2,0,16
63,51,2,0,17
63,52,2,0,10
63,53,2,0,16
63,54,2,0,23
63,55,2,0,8
63,56,2,0,21
63,57,2,3,18
63,58,3,0,2
63,59,3,0,11
63,60,3,0,23
63,61,3,0,5
63,62,3,0,9
64,0,3,0,13
64,1,3,0,8
64,2,3,0,7
64,3,3,0,5
64,4,3,0,23
64,5,3,0,8
64,6,3,0,9
64,7,3,0,16
64,8,3,0,6
64,9,3,0,18
64,10,3,0,8
64,11,2,3,11
64,12,2,0,12
64,13,2,0,3
64,14,2,0,1
64,15,2,0,13
64,16,2,0,12
64,17,2,0,18
64,18,2,0,23
64,19,2,0,20
64,20,2,3,0
64,21,3,0,24
64,22,3,0,19
64,23,3,0,22
64,24,3,0,3
64,25,2,3,24
64,26,2,0,14
64,27,2,0,15
64,28,2,0,2
64,29,2,0,18
64,30,2,0,13
64,31,2,0,15
64,32,2,0,15
64,33,2,0,24
64,34,2,0,2
64,35,2,0,15
64,36,2,0,24
64,37,2,0,13
64,38,2,0,2
64,39,2,0,6
64,40,2,0,23
64,41,2,0,21
64,42,2,3,18
64,43,3,0,10
64,44,3,0,12
64,45,2,3,6
64,46,2,0,13
64,47,2,0,8
64,48,2,0,15
64,49,2,0,0
64,50,2,0,15
64,51,2,0,15
64,52,2,0,4
64,53,2,0,10
64,54,2,0,8
64,55,2,0,18
64,56,2,3,0
64,57,3,0,3
64,58,3,0,3
64,59,3,0,7
64,60,3,0,22
64,61,3,0,14
64,62,3,0,16
